30
red1
more
('7_7___1__', 17, 0, [], [0, 1, 0, 0, 1, 0, 1, 1, 0, 0, 1, 3, 1, 2, 0, 1, 0]) (2, 2)
('7_6___1__', 16, 0, [], [0, 1, 0, 2, 0, 1, 1, 0, 0, 1, 3, 1, 0, 1, 0, 2]) (1, 2)
('10_9___1__', 16, 1, [], [1, 0, 2, 0, 1, 1, 0, 0, 0, 0, 4, 0, 2, 0, 1, 0]) (2, 3)
('16_7___1__', 16, 0, [], [0, 1, 0, 2, 0, 3, 0, 0, 0, 0, 3, 1, 2, 0, 0, 1]) (2, 7)
('18_6___1__', 16, 0, [], [0, 1, 1, 1, 0, 1, 0, 0, 0, 0, 1, 3, 1, 2, 0, 2]) (2, 2)
('20_6___1__', 16, 0, [], [0, 1, 0, 0, 1, 0, 3, 0, 0, 0, 0, 3, 1, 2, 0, 2]) (2, 2)
('10_6___1__', 15, 0, [], [0, 1, 0, 0, 0, 1, 1, 2, 0, 0, 0, 5, 2, 0, 2]) (0, 2)
('10_10___1__', 15, 1, [], [1, 3, 0, 1, 1, 0, 0, 0, 0, 3, 0, 0, 3, 1, 0]) (2, 2)
('12_2___1__', 15, 1, [], [1, 2, 1, 1, 1, 0, 0, 0, 0, 3, 0, 0, 2, 0, 2]) (2, 2)
('12_6___1__', 15, 0, [], [0, 1, 2, 1, 1, 1, 0, 0, 0, 0, 3, 1, 2, 0, 2]) (2, 3)
('16_6___1__', 15, 0, [], [0, 1, 0, 2, 0, 1, 1, 0, 0, 0, 0, 5, 2, 0, 2]) (2, 4)
('18_10___1__', 15, 3, [], [3, 0, 1, 0, 0, 0, 0, 1, 3, 1, 2, 0, 0, 0, 0]) (2, 2)
('19_6___1__', 15, 0, [], [0, 1, 0, 0, 1, 0, 3, 0, 0, 0, 0, 8, 0, 0, 1]) (2, 3)
('19_8___1__', 15, 1, [], [3, 1, 0, 1, 1, 0, 0, 0, 0, 3, 0, 0, 2, 0, 2]) (2, 5)
('20_8___1__', 15, 1, [], [1, 0, 0, 1, 0, 1, 1, 0, 0, 0, 0, 3, 1, 3, 2]) (2, 4)
('20_9___1__', 15, 1, [], [1, 1, 1, 0, 1, 1, 0, 0, 0, 0, 3, 1, 3, 1, 0]) (2, 4)
('4_1___1__', 14, 1, [], [1, 2, 0, 0, 0, 0, 1, 0, 0, 1, 4, 3, 0, 2]) (2, 3)
('6_7___1__', 14, 0, [], [0, 3, 1, 0, 3, 0, 0, 0, 0, 5, 0, 1, 0, 2]) (2, 7)
('7_1___1__', 14, 1, [], [1, 3, 0, 3, 0, 0, 1, 1, 0, 0, 0, 3, 0, 2]) (2, 4)
('7_9___1__', 14, 1, [], [2, 0, 1, 0, 1, 1, 0, 0, 1, 5, 2, 0, 1, 0]) (2, 3)
less
('13_1___1__', 7, 3, [], [4, 4, 0, 1, 8, 0, 2]) (2, 3)
('11_10___1__', 8, 1, [], [1, 4, 3, 0, 0, 1, 5, 6]) (2, 4)
('13_3___1__', 8, 3, [], [4, 3, 0, 0, 1, 3, 5, 2]) (2, 3)
('3_8___1__', 9, 3, [], [4, 1, 1, 0, 0, 1, 5, 3, 2]) (2, 6)
('5_1___1__', 9, 3, [], [4, 0, 2, 0, 0, 1, 8, 0, 2]) (2, 3)
('6_2___1__', 9, 3, [], [2, 1, 1, 2, 0, 1, 8, 0, 2]) (2, 3)
('6_8___1__', 9, 1, [], [3, 2, 3, 0, 0, 1, 5, 3, 2]) (2, 5)
('9_2___1__', 9, 3, [], [2, 1, 3, 0, 0, 1, 5, 3, 2]) (2, 4)
('14_9___1__', 9, 3, [], [1, 2, 3, 0, 0, 1, 5, 3, 2]) (2, 4)
('18_2___1__', 9, 3, [], [2, 1, 4, 0, 1, 5, 2, 0, 2]) (2, 4)
('18_3___1__', 9, 3, [], [2, 1, 1, 1, 0, 0, 1, 9, 2]) (2, 4)
('20_3___1__', 9, 3, [], [4, 1, 1, 0, 0, 1, 4, 4, 2]) (2, 3)
('2_2___1__', 10, 3, [], [2, 1, 1, 2, 0, 1, 5, 2, 0, 2]) (2, 6)
('2_3___1__', 10, 3, [], [4, 1, 1, 0, 0, 1, 3, 4, 0, 2]) (2, 2)
('2_6___1__', 10, 1, [], [6, 1, 1, 0, 0, 1, 5, 2, 0, 2]) (1, 2)
('3_1___1__', 10, 1, [], [1, 4, 3, 0, 0, 1, 3, 4, 0, 2]) (2, 5)
('3_2___1__', 10, 3, [], [2, 1, 1, 1, 0, 0, 1, 5, 2, 3]) (2, 5)
('5_3___1__', 10, 3, [], [4, 1, 1, 0, 0, 0, 0, 8, 0, 2]) (2, 2)
('5_7___1__', 10, 1, [], [6, 4, 0, 0, 0, 4, 0, 2, 0, 2]) (2, 6)
('5_8___1__', 10, 1, [], [1, 4, 4, 0, 0, 0, 5, 2, 0, 2]) (2, 6)
part_in:(0, 7), all_in:(2, 2), all_out:(0, 7)
red2
more
('4_10___2__', 15, 3, [], [0, 0, 0, 0, 0, 0, 1, 0, 1, 1, 7, 0, 0, 0, 1]) (6, 8)
('7_1___2__', 15, 1, [], [2, 0, 0, 0, 0, 0, 2, 1, 1, 1, 1, 2, 1, 1, 1]) (6, 7)
('7_6___2__', 14, 0, [], [0, 3, 1, 0, 0, 2, 1, 1, 3, 1, 0, 1, 1, 1]) (6, 6)
('3_1___2__', 13, 1, [], [1, 0, 0, 0, 1, 0, 2, 3, 6, 1, 0, 0, 1]) (6, 11)
('7_10___2__', 13, 1, [], [1, 1, 1, 0, 0, 1, 0, 1, 1, 5, 2, 1, 1]) (6, 7)
('8_7___2__', 13, 0, [], [0, 1, 1, 2, 0, 1, 0, 1, 1, 6, 1, 1, 1]) (6, 9)
('12_1___2__', 13, 1, [], [2, 0, 0, 0, 0, 0, 2, 1, 1, 8, 0, 0, 1]) (6, 8)
('13_1___2__', 13, 1, [], [2, 0, 0, 1, 0, 2, 1, 1, 6, 1, 0, 0, 1]) (4, 6)
('16_9___2__', 13, 1, [], [1, 3, 0, 0, 1, 0, 1, 1, 6, 1, 1, 0, 0]) (6, 8)
('18_6___2__', 13, 0, [], [0, 4, 0, 0, 0, 1, 0, 1, 1, 5, 2, 1, 1]) (6, 6)
('18_10___2__', 13, 3, [], [2, 0, 0, 0, 1, 0, 1, 1, 5, 2, 1, 0, 0]) (6, 7)
('2_9___2__', 12, 3, [], [3, 0, 0, 2, 1, 7, 0, 1, 0, 0, 0, 0]) (6, 8)
('3_6___2__', 12, 1, [], [3, 1, 0, 0, 2, 1, 1, 5, 0, 1, 1, 1]) (6, 9)
('4_9___2__', 12, 3, [], [3, 0, 0, 2, 1, 1, 7, 0, 0, 0, 0, 0]) (6, 9)
('5_6___2__', 12, 1, [], [3, 0, 1, 0, 2, 1, 1, 8, 0, 0, 0, 0]) (6, 11)
('8_9___2__', 12, 3, [], [3, 0, 0, 1, 0, 1, 1, 6, 1, 0, 1, 0]) (6, 8)
('8_10___2__', 12, 5, [], [0, 0, 0, 0, 1, 0, 1, 1, 8, 1, 0, 0]) (6, 7)
('9_1___2__', 12, 1, [], [2, 0, 0, 0, 0, 0, 4, 1, 6, 1, 1, 1]) (6, 8)
('11_1___2__', 12, 4, [], [0, 1, 0, 0, 2, 1, 1, 1, 4, 1, 1, 1]) (6, 7)
('11_10___2__', 12, 4, [], [0, 0, 1, 0, 1, 0, 1, 1, 8, 0, 0, 1]) (6, 9)
less
('1_7___2__', 6, 8, [], [0, 2, 1, 7, 4, 1]) (6, 13)
('1_6___2__', 7, 1, [], [6, 0, 2, 3, 8, 1, 1]) (6, 11)
('2_2___2__', 7, 5, [], [1, 0, 0, 4, 1, 10, 1]) (6, 12)
('2_3___2__', 7, 3, [], [4, 0, 2, 1, 1, 10, 1]) (6, 7)
('6_3___2__', 7, 3, [], [4, 0, 2, 1, 1, 10, 1]) (5, 6)
('6_8___2__', 7, 1, [], [2, 0, 2, 0, 4, 1, 12]) (6, 11)
('7_3___2__', 7, 8, [], [0, 2, 1, 1, 8, 1, 1]) (6, 8)
('14_3___2__', 7, 8, [], [0, 2, 1, 1, 8, 1, 1]) (6, 6)
('19_3___2__', 7, 3, [], [4, 0, 2, 1, 1, 10, 1]) (6, 6)
('19_8___2__', 7, 3, [], [2, 1, 0, 2, 1, 8, 5]) (6, 10)
('20_2___2__', 7, 5, [], [1, 0, 0, 4, 1, 10, 1]) (6, 8)
('20_6___2__', 7, 1, [], [6, 0, 2, 3, 8, 1, 1]) (6, 6)
('20_7___2__', 7, 1, [], [6, 0, 2, 1, 10, 1, 1]) (6, 8)
('1_3___2__', 8, 3, [], [4, 0, 2, 1, 1, 9, 0, 1]) (5, 6)
('1_8___2__', 8, 1, [], [1, 4, 0, 2, 1, 1, 8, 3]) (6, 11)
('1_10___2__', 8, 5, [], [2, 0, 2, 1, 1, 8, 1, 1]) (6, 7)
('2_7___2__', 8, 3, [], [4, 0, 2, 1, 7, 2, 1, 1]) (6, 8)
('2_8___2__', 8, 3, [], [4, 0, 2, 1, 1, 8, 1, 1]) (6, 7)
('4_3___2__', 8, 5, [], [2, 0, 2, 1, 1, 9, 0, 1]) (6, 7)
('5_2___2__', 8, 5, [], [1, 0, 0, 2, 1, 1, 10, 1]) (6, 8)
part_in:(4, 13), all_in:(6, 6), all_out:(4, 13)
red3
more
('4_7___3__', 18, 0, [], [0, 0, 0, 2, 0, 0, 0, 0, 1, 0, 0, 1, 0, 3, 1, 2, 0, 1]) (13, 16)
('13_6___3__', 18, 0, [], [0, 0, 0, 2, 0, 0, 0, 0, 1, 0, 0, 1, 2, 1, 0, 0, 2, 2]) (13, 16)
('14_6___3__', 18, 0, [], [0, 0, 0, 2, 0, 0, 0, 0, 2, 0, 1, 0, 1, 1, 1, 2, 0, 1]) (13, 15)
('15_6___3__', 18, 0, [], [0, 0, 0, 2, 0, 0, 0, 0, 1, 0, 0, 1, 0, 3, 1, 2, 0, 1]) (6, 13)
('3_1___3__', 17, 1, [], [0, 0, 0, 2, 0, 0, 0, 1, 0, 0, 1, 4, 0, 0, 2, 0, 1]) (12, 13)
('4_6___3__', 17, 0, [], [0, 0, 0, 2, 0, 0, 0, 0, 2, 0, 1, 0, 3, 1, 2, 0, 1]) (13, 15)
('11_3___3__', 17, 1, [], [0, 0, 1, 0, 0, 0, 0, 0, 2, 0, 1, 4, 1, 1, 0, 0, 1]) (11, 13)
('13_7___3__', 17, 0, [], [0, 0, 0, 2, 0, 0, 0, 0, 2, 0, 1, 2, 1, 1, 2, 0, 1]) (13, 16)
('14_7___3__', 17, 0, [], [0, 0, 0, 2, 0, 0, 0, 0, 1, 0, 0, 4, 1, 1, 2, 0, 1]) (13, 15)
('14_8___3__', 17, 0, [], [0, 0, 0, 1, 0, 0, 0, 0, 0, 2, 0, 1, 2, 1, 4, 0, 1]) (13, 13)
('15_3___3__', 17, 0, [], [0, 0, 0, 2, 0, 0, 0, 0, 1, 0, 0, 1, 4, 1, 2, 0, 1]) (12, 13)
('20_6___3__', 17, 0, [], [0, 0, 0, 2, 0, 0, 0, 0, 2, 0, 1, 4, 1, 2, 0, 0, 0]) (11, 13)
('1_1___3__', 16, 1, [], [0, 0, 3, 0, 0, 0, 0, 0, 0, 0, 1, 4, 1, 2, 0, 1]) (13, 13)
('1_3___3__', 16, 1, [], [0, 0, 2, 0, 0, 0, 0, 1, 0, 0, 1, 4, 1, 2, 0, 1]) (11, 13)
('1_10___3__', 16, 0, [], [0, 0, 0, 2, 0, 0, 0, 0, 1, 0, 0, 1, 4, 4, 0, 1]) (11, 13)
('2_1___3__', 16, 1, [], [0, 0, 3, 0, 0, 0, 1, 0, 0, 0, 0, 4, 1, 2, 0, 1]) (10, 13)
('2_2___3__', 16, 1, [], [0, 0, 2, 0, 0, 0, 0, 1, 0, 0, 1, 4, 0, 3, 0, 1]) (13, 17)
('3_2___3__', 16, 0, [], [0, 0, 0, 2, 0, 0, 0, 0, 1, 0, 0, 1, 4, 4, 0, 1]) (13, 17)
('4_2___3__', 16, 0, [], [0, 0, 0, 2, 0, 0, 0, 0, 1, 0, 0, 1, 4, 4, 0, 1]) (13, 14)
('5_2___3__', 16, 0, [], [0, 0, 0, 2, 0, 0, 0, 0, 1, 0, 0, 1, 4, 4, 0, 1]) (13, 13)
less
('2_9___3__', 11, 1, [], [0, 0, 3, 1, 0, 2, 0, 6, 4, 0, 1]) (11, 13)
('5_8___3__', 11, 1, [], [0, 0, 3, 1, 0, 2, 0, 1, 4, 4, 2]) (13, 20)
('1_7___3__', 12, 0, [], [0, 0, 0, 2, 0, 0, 0, 3, 0, 6, 4, 2]) (13, 15)
('1_8___3__', 12, 1, [], [0, 0, 2, 0, 0, 0, 0, 2, 0, 6, 4, 2]) (12, 13)
('5_7___3__', 12, 0, [], [0, 0, 0, 3, 1, 0, 2, 0, 6, 1, 2, 2]) (13, 22)
('5_9___3__', 12, 1, [], [0, 0, 3, 1, 0, 2, 0, 1, 4, 4, 0, 1]) (13, 19)
('11_9___3__', 12, 0, [], [0, 0, 0, 3, 1, 0, 2, 0, 1, 4, 4, 2]) (13, 16)
('12_1___3__', 12, 1, [], [0, 0, 3, 1, 0, 2, 0, 1, 4, 4, 0, 1]) (11, 13)
('13_9___3__', 12, 0, [], [0, 0, 0, 3, 1, 0, 2, 0, 1, 4, 4, 2]) (10, 13)
('18_8___3__', 12, 1, [], [0, 0, 3, 1, 0, 1, 0, 0, 1, 4, 4, 2]) (10, 13)
('19_8___3__', 12, 1, [], [0, 0, 1, 1, 1, 0, 2, 0, 6, 1, 2, 2]) (11, 13)
('2_6___3__', 13, 1, [], [0, 0, 2, 0, 1, 0, 2, 0, 1, 4, 4, 0, 1]) (7, 13)
('2_7___3__', 13, 0, [], [0, 0, 0, 2, 0, 1, 0, 2, 0, 6, 4, 0, 1]) (10, 13)
('2_8___3__', 13, 1, [], [0, 0, 2, 0, 1, 0, 2, 0, 1, 4, 4, 0, 1]) (9, 13)
('2_10___3__', 13, 1, [], [0, 0, 2, 0, 1, 0, 2, 0, 1, 4, 4, 0, 1]) (12, 13)
('3_7___3__', 13, 1, [], [0, 0, 2, 0, 0, 0, 0, 2, 0, 6, 1, 2, 2]) (13, 17)
('3_9___3__', 13, 0, [], [0, 0, 0, 2, 0, 0, 0, 0, 2, 0, 6, 4, 2]) (13, 15)
('5_6___3__', 13, 0, [], [0, 0, 0, 3, 1, 0, 1, 0, 0, 6, 1, 2, 2]) (13, 17)
('9_8___3__', 13, 0, [], [0, 0, 0, 2, 0, 1, 0, 1, 0, 0, 6, 4, 2]) (10, 13)
('9_9___3__', 13, 0, [], [0, 0, 0, 2, 0, 1, 0, 1, 0, 0, 6, 4, 2]) (12, 13)
part_in:(6, 22), all_in:(13, 13), all_out:(6, 22)
red4
more
('15_1___4__', 16, 1, [], [0, 0, 0, 1, 2, 0, 0, 0, 2, 0, 4, 0, 0, 1, 1, 1]) (17, 27)
('4_9___4__', 15, 1, [], [0, 0, 2, 1, 1, 0, 1, 3, 1, 1, 0, 0, 3, 0, 0]) (16, 27)
('1_10___4__', 14, 1, [], [0, 0, 2, 1, 1, 2, 1, 0, 2, 1, 0, 0, 3, 1]) (18, 27)
('10_6___4__', 14, 1, [], [0, 0, 2, 1, 1, 1, 0, 2, 0, 1, 1, 0, 0, 5]) (13, 27)
('10_7___4__', 14, 1, [], [0, 0, 2, 1, 1, 0, 0, 0, 3, 1, 2, 0, 4, 0]) (13, 27)
('10_9___4__', 14, 1, [], [0, 0, 2, 1, 1, 1, 0, 1, 1, 1, 1, 0, 0, 5]) (15, 27)
('17_1___4__', 14, 1, [], [0, 0, 0, 1, 1, 1, 0, 0, 2, 0, 0, 5, 3, 1]) (21, 27)
('2_2___4__', 13, 2, [], [0, 2, 1, 1, 0, 3, 0, 4, 0, 0, 1, 1, 1]) (22, 27)
('4_8___4__', 13, 1, [], [0, 0, 2, 3, 2, 3, 1, 1, 0, 0, 3, 0, 0]) (15, 27)
('8_10___4__', 13, 1, [], [0, 0, 2, 1, 1, 0, 1, 1, 0, 0, 5, 3, 1]) (13, 27)
('10_8___4__', 13, 1, [], [0, 0, 2, 3, 0, 0, 0, 3, 1, 2, 0, 4, 0]) (14, 27)
('12_9___4__', 13, 1, [], [0, 0, 2, 1, 1, 2, 1, 1, 3, 1, 3, 0, 0]) (16, 27)
('19_1___4__', 13, 1, [], [0, 0, 2, 1, 2, 2, 0, 0, 0, 3, 1, 3, 1]) (17, 27)
('1_3___4__', 12, 1, [], [0, 0, 2, 1, 1, 4, 0, 4, 1, 1, 1, 1]) (15, 27)
('2_8___4__', 12, 1, [], [0, 0, 2, 3, 0, 3, 0, 0, 4, 0, 3, 1]) (15, 27)
('4_6___4__', 12, 1, [], [0, 0, 2, 1, 1, 6, 1, 1, 0, 0, 3, 1]) (18, 27)
('4_7___4__', 12, 1, [], [0, 0, 2, 1, 1, 2, 3, 1, 3, 3, 0, 0]) (17, 27)
('5_1___4__', 12, 1, [], [0, 0, 6, 3, 0, 0, 2, 1, 0, 0, 3, 1]) (15, 27)
('6_2___4__', 12, 2, [], [0, 0, 1, 1, 1, 4, 0, 4, 0, 2, 1, 1]) (21, 27)
('6_6___4__', 12, 1, [], [0, 0, 2, 1, 1, 2, 3, 1, 1, 0, 0, 5]) (18, 27)
less
('1_6___4__', 6, 3, [], [2, 1, 1, 2, 9, 5]) (21, 27)
('11_6___4__', 6, 1, [], [1, 2, 10, 1, 3, 5]) (13, 27)
('16_6___4__', 6, 1, [], [0, 0, 2, 12, 3, 5]) (16, 27)
('5_8___4__', 7, 1, [], [0, 0, 2, 3, 8, 3, 5]) (20, 27)
('7_8___4__', 7, 1, [], [0, 0, 2, 3, 6, 5, 5]) (10, 27)
('9_10___4__', 7, 1, [], [0, 0, 2, 1, 1, 12, 5]) (17, 27)
('11_9___4__', 7, 1, [], [0, 0, 2, 3, 0, 5, 11]) (18, 27)
('16_7___4__', 7, 1, [], [0, 0, 2, 12, 3, 2, 2]) (15, 27)
('2_1___4__', 8, 2, [], [0, 11, 0, 4, 0, 0, 3, 1]) (16, 27)
('5_6___4__', 8, 2, [], [0, 2, 3, 6, 1, 2, 0, 5]) (19, 27)
('6_9___4__', 8, 1, [], [0, 0, 2, 1, 4, 3, 7, 3]) (22, 27)
('7_1___4__', 8, 1, [], [0, 0, 11, 0, 0, 5, 3, 1]) (19, 27)
('9_1___4__', 8, 2, [], [0, 2, 3, 4, 0, 5, 4, 1]) (19, 27)
('9_9___4__', 8, 1, [], [0, 0, 2, 1, 1, 6, 5, 5]) (16, 27)
('10_1___4__', 8, 2, [], [0, 2, 4, 3, 0, 6, 3, 1]) (17, 27)
('11_7___4__', 8, 1, [], [0, 0, 2, 8, 1, 1, 3, 5]) (13, 27)
('11_8___4__', 8, 1, [], [0, 0, 2, 3, 2, 3, 5, 5]) (16, 27)
('13_2___4__', 8, 2, [], [0, 2, 1, 1, 4, 0, 4, 7]) (20, 27)
('13_7___4__', 8, 1, [], [0, 3, 3, 2, 5, 2, 0, 5]) (19, 27)
('15_8___4__', 8, 1, [], [0, 0, 2, 1, 1, 6, 3, 7]) (16, 27)
part_in:(10, 21), all_in:(22, 27), all_out:(10, 27)
red5
more
('13_2___5__', 15, 2, [], [0, 2, 0, 0, 1, 2, 0, 0, 1, 2, 0, 0, 0, 3, 1]) (24, 28)
('14_7___5__', 15, 1, [], [0, 0, 2, 0, 2, 2, 0, 1, 0, 1, 1, 0, 3, 0, 1]) (26, 28)
('10_6___5__', 14, 1, [], [0, 0, 2, 0, 0, 1, 2, 3, 1, 1, 0, 4, 0, 0]) (23, 28)
('8_8___5__', 13, 2, [], [0, 2, 0, 2, 2, 0, 2, 1, 1, 0, 3, 0, 1]) (22, 28)
('10_8___5__', 13, 1, [], [0, 0, 2, 0, 2, 2, 3, 3, 0, 3, 0, 0, 0]) (21, 28)
('12_2___5__', 13, 2, [], [0, 0, 1, 0, 2, 2, 1, 1, 2, 0, 0, 4, 1]) (26, 28)
('16_8___5__', 13, 1, [], [0, 0, 2, 0, 2, 2, 2, 0, 3, 0, 3, 0, 1]) (23, 28)
('4_1___5__', 12, 0, [], [1, 0, 0, 1, 0, 7, 0, 0, 3, 0, 4, 1]) (25, 28)
('6_2___5__', 12, 2, [], [0, 0, 1, 0, 2, 2, 0, 0, 1, 4, 4, 1]) (27, 28)
('10_2___5__', 12, 2, [], [0, 2, 0, 2, 2, 0, 0, 1, 3, 0, 0, 5]) (26, 28)
('10_7___5__', 12, 1, [], [0, 3, 0, 2, 2, 2, 0, 3, 0, 4, 0, 0]) (21, 28)
('11_8___5__', 12, 1, [], [0, 0, 2, 0, 2, 2, 3, 1, 1, 0, 4, 1]) (23, 28)
('12_6___5__', 12, 2, [], [0, 0, 1, 0, 1, 0, 2, 3, 1, 2, 5, 0]) (26, 28)
('12_8___5__', 12, 2, [], [0, 2, 0, 2, 2, 3, 4, 0, 2, 0, 0, 0]) (24, 28)
('14_1___5__', 12, 0, [], [0, 0, 0, 0, 2, 2, 4, 1, 3, 0, 4, 1]) (26, 28)
('14_6___5__', 12, 1, [], [1, 2, 0, 2, 2, 0, 2, 1, 1, 0, 5, 0]) (24, 28)
('15_2___5__', 12, 0, [], [1, 0, 2, 0, 2, 2, 1, 1, 3, 0, 4, 1]) (25, 28)
('16_1___5__', 12, 1, [], [0, 0, 0, 2, 2, 4, 1, 2, 0, 0, 4, 1]) (26, 28)
('17_1___5__', 12, 0, [], [1, 0, 0, 2, 2, 2, 0, 0, 1, 3, 5, 1]) (23, 28)
('17_2___5__', 12, 0, [], [1, 0, 2, 0, 2, 2, 0, 0, 1, 4, 4, 1]) (25, 28)
less
('15_7___5__', 6, 1, [], [0, 0, 2, 0, 9, 11]) (24, 28)
('16_3___5__', 6, 3, [], [2, 0, 2, 4, 1, 11]) (25, 28)
('20_7___5__', 6, 2, [], [0, 2, 0, 5, 3, 11]) (26, 28)
('1_9___5__', 7, 2, [], [0, 3, 5, 3, 1, 7, 1]) (26, 28)
('2_1___5__', 7, 2, [], [0, 3, 7, 1, 4, 4, 1]) (23, 28)
('8_6___5__', 7, 3, [], [2, 0, 2, 2, 3, 1, 9]) (20, 28)
('13_6___5__', 7, 2, [], [3, 0, 2, 2, 3, 4, 6]) (23, 28)
('15_6___5__', 7, 2, [], [0, 2, 0, 5, 3, 4, 6]) (22, 28)
('2_3___5__', 8, 3, [], [2, 0, 2, 4, 1, 4, 4, 1]) (23, 28)
('3_7___5__', 8, 1, [], [0, 0, 2, 0, 5, 3, 3, 7]) (22, 28)
('4_6___5__', 8, 2, [], [0, 2, 0, 2, 6, 4, 4, 1]) (22, 28)
('5_3___5__', 8, 3, [], [2, 0, 2, 4, 1, 4, 4, 1]) (22, 28)
('8_3___5__', 8, 3, [], [2, 0, 2, 2, 1, 1, 9, 1]) (23, 28)
('9_10___5__', 8, 2, [], [0, 2, 0, 2, 2, 3, 3, 7]) (24, 28)
('12_9___5__', 8, 2, [], [0, 2, 0, 2, 2, 3, 9, 1]) (24, 28)
('14_3___5__', 8, 3, [], [2, 0, 2, 2, 1, 1, 9, 1]) (26, 28)
('15_3___5__', 8, 2, [], [0, 2, 0, 2, 4, 1, 4, 6]) (25, 28)
('18_7___5__', 8, 2, [], [0, 2, 0, 2, 2, 5, 7, 1]) (24, 28)
('18_10___5__', 8, 2, [], [0, 2, 0, 2, 2, 3, 9, 1]) (24, 28)
('20_3___5__', 8, 3, [], [2, 0, 2, 2, 1, 1, 9, 1]) (24, 28)
part_in:(20, 26), all_in:(27, 28), all_out:(20, 28)
red6
more
('2_6___6__', 15, 0, [], [2, 1, 1, 1, 0, 1, 0, 1, 0, 0, 1, 1, 5, 0, 0]) (32, 32)
('17_8___6__', 15, 0, [], [2, 1, 3, 0, 2, 2, 0, 1, 1, 0, 0, 2, 0, 0, 0]) (29, 32)
('2_7___6__', 14, 0, [], [2, 1, 3, 0, 1, 0, 1, 0, 0, 1, 1, 5, 0, 0]) (30, 32)
('2_8___6__', 14, 0, [], [2, 1, 3, 0, 2, 1, 0, 0, 1, 1, 0, 4, 0, 0]) (31, 32)
('4_7___6__', 14, 0, [], [2, 1, 3, 0, 1, 0, 1, 0, 0, 1, 1, 5, 0, 0]) (29, 32)
('7_8___6__', 14, 3, [], [1, 3, 0, 1, 0, 1, 0, 0, 1, 1, 0, 4, 0, 0]) (31, 32)
('9_8___6__', 14, 3, [], [0, 0, 3, 0, 1, 0, 1, 0, 0, 1, 1, 0, 5, 0]) (32, 32)
('13_8___6__', 14, 3, [], [1, 1, 1, 0, 1, 0, 1, 0, 0, 1, 1, 4, 1, 0]) (32, 32)
('17_9___6__', 14, 0, [], [2, 1, 3, 0, 2, 2, 0, 1, 1, 0, 3, 0, 0, 0]) (30, 32)
('1_7___6__', 13, 0, [], [2, 1, 3, 0, 1, 0, 1, 0, 0, 1, 1, 6, 0]) (30, 32)
('4_6___6__', 13, 0, [], [2, 1, 3, 0, 2, 2, 0, 1, 1, 2, 2, 0, 0]) (31, 32)
('7_7___6__', 13, 3, [], [1, 3, 0, 1, 0, 1, 0, 0, 1, 1, 5, 0, 0]) (31, 32)
('7_9___6__', 13, 3, [], [1, 3, 0, 1, 0, 1, 0, 0, 3, 0, 4, 0, 0]) (32, 32)
('8_10___6__', 13, 3, [], [1, 3, 0, 1, 0, 1, 0, 0, 1, 1, 5, 0, 0]) (29, 32)
('9_6___6__', 13, 3, [], [0, 0, 1, 1, 0, 1, 0, 3, 1, 1, 0, 5, 0]) (32, 32)
('11_1___6__', 13, 0, [], [2, 1, 3, 0, 0, 1, 1, 1, 3, 0, 4, 0, 0]) (29, 32)
('11_6___6__', 13, 1, [], [0, 0, 1, 3, 0, 2, 2, 0, 1, 1, 5, 0, 0]) (32, 33)
('12_8___6__', 13, 3, [], [1, 3, 0, 2, 1, 0, 0, 1, 1, 0, 4, 0, 0]) (29, 32)
('13_9___6__', 13, 3, [], [1, 3, 0, 1, 0, 1, 0, 0, 1, 1, 4, 1, 0]) (31, 32)
('1_1___6__', 12, 0, [], [2, 1, 3, 0, 0, 0, 0, 1, 1, 3, 6, 0]) (29, 32)
less
('4_3___6__', 8, 5, [], [3, 0, 1, 0, 3, 3, 6, 0]) (27, 32)
('6_10___6__', 8, 3, [], [1, 1, 2, 2, 3, 3, 6, 0]) (29, 32)
('7_10___6__', 8, 3, [], [1, 3, 0, 2, 3, 3, 6, 0]) (30, 32)
('11_9___6__', 8, 3, [], [1, 4, 2, 3, 1, 1, 6, 0]) (32, 32)
('13_1___6__', 8, 3, [], [1, 3, 0, 2, 3, 3, 6, 0]) (26, 32)
('18_10___6__', 8, 3, [], [1, 3, 0, 2, 3, 3, 6, 0]) (31, 32)
('1_3___6__', 9, 3, [], [1, 4, 1, 0, 1, 1, 3, 6, 0]) (28, 32)
('3_1___6__', 9, 3, [], [1, 3, 0, 1, 0, 3, 3, 6, 0]) (28, 32)
('3_3___6__', 9, 3, [], [1, 4, 1, 0, 1, 1, 3, 6, 0]) (29, 32)
('3_10___6__', 9, 3, [], [1, 4, 1, 0, 2, 0, 3, 6, 0]) (30, 32)
('6_9___6__', 9, 3, [], [1, 4, 2, 3, 1, 1, 1, 4, 0]) (30, 32)
('8_3___6__', 9, 3, [], [1, 3, 0, 1, 0, 3, 3, 6, 0]) (27, 32)
('9_2___6__', 9, 3, [], [1, 3, 0, 1, 0, 3, 3, 6, 0]) (29, 32)
('9_3___6__', 9, 3, [], [1, 3, 0, 1, 0, 3, 3, 6, 0]) (26, 32)
('9_10___6__', 9, 3, [], [1, 3, 0, 2, 3, 1, 1, 6, 0]) (32, 32)
('11_2___6__', 9, 3, [], [1, 3, 0, 2, 1, 1, 3, 6, 0]) (29, 32)
('11_8___6__', 9, 3, [], [1, 4, 2, 2, 0, 1, 1, 6, 0]) (32, 32)
('11_10___6__', 9, 3, [], [1, 4, 1, 0, 2, 0, 3, 6, 0]) (31, 32)
('12_6___6__', 9, 3, [], [1, 4, 2, 2, 0, 1, 1, 6, 0]) (31, 32)
('12_10___6__', 9, 3, [], [1, 3, 0, 2, 2, 0, 3, 6, 0]) (31, 32)
part_in:(26, 33), all_in:(32, 32), all_out:(26, 33)
red_sum_all
more
('3_3___7__', 15, 0, [], [0, 1, 2, 0, 0, 1, 1, 0, 1, 0, 5, 0, 0, 2, 1]) (108, 109)
('19_1___7__', 15, 0, [], [2, 2, 0, 0, 1, 1, 0, 1, 0, 0, 4, 0, 0, 2, 1]) (103, 108)
('3_1___7__', 14, 0, [], [0, 1, 0, 2, 0, 1, 1, 0, 2, 5, 0, 0, 2, 1]) (103, 108)
('4_6___7__', 14, 1, [], [1, 2, 0, 0, 1, 1, 0, 2, 0, 4, 0, 0, 2, 1]) (103, 108)
('7_1___7__', 14, 0, [], [0, 1, 3, 2, 1, 0, 1, 0, 4, 0, 0, 0, 2, 1]) (96, 108)
('11_1___7__', 14, 0, [], [2, 0, 1, 0, 2, 1, 0, 1, 0, 5, 0, 0, 2, 1]) (101, 108)
('11_2___7__', 14, 0, [], [2, 0, 1, 0, 0, 1, 1, 0, 1, 0, 5, 1, 2, 1]) (100, 108)
('20_1___7__', 14, 0, [], [0, 1, 2, 0, 0, 1, 1, 0, 1, 0, 6, 0, 2, 1]) (99, 108)
('1_3___7__', 13, 0, [], [0, 1, 2, 0, 0, 1, 1, 0, 2, 6, 0, 2, 1]) (92, 108)
('2_2___7__', 13, 0, [], [2, 2, 0, 0, 1, 1, 0, 1, 0, 5, 1, 2, 1]) (108, 120)
('2_3___7__', 13, 0, [], [2, 2, 0, 0, 1, 1, 0, 1, 0, 6, 0, 2, 1]) (91, 108)
('4_7___7__', 13, 1, [], [1, 2, 0, 2, 1, 0, 2, 0, 5, 0, 1, 0, 1]) (97, 108)
('4_8___7__', 13, 0, [], [0, 1, 2, 0, 2, 1, 0, 2, 5, 0, 0, 2, 1]) (90, 108)
('4_9___7__', 13, 0, [], [2, 2, 0, 2, 1, 0, 2, 0, 4, 0, 0, 2, 1]) (94, 108)
('5_3___7__', 13, 0, [], [0, 1, 2, 0, 2, 1, 0, 1, 0, 6, 0, 2, 1]) (87, 108)
('8_1___7__', 13, 0, [], [2, 0, 2, 2, 1, 0, 1, 0, 5, 0, 0, 2, 1]) (91, 108)
('9_1___7__', 13, 0, [], [2, 2, 0, 2, 1, 0, 1, 0, 5, 0, 0, 2, 1]) (108, 108)
('9_7___7__', 13, 1, [], [1, 2, 0, 0, 1, 1, 0, 2, 6, 0, 1, 0, 1]) (107, 108)
('10_6___7__', 13, 1, [], [1, 2, 0, 0, 1, 2, 2, 0, 4, 0, 0, 2, 1]) (81, 108)
('11_3___7__', 13, 0, [], [0, 1, 2, 0, 2, 1, 0, 1, 0, 6, 0, 2, 1]) (98, 108)
less
('1_9___7__', 8, 3, [], [2, 0, 2, 1, 0, 2, 10, 1]) (97, 108)
('11_9___7__', 8, 3, [], [2, 0, 2, 1, 0, 2, 7, 4]) (108, 108)
('18_10___7__', 8, 3, [], [6, 1, 0, 2, 6, 0, 2, 1]) (91, 108)
('19_9___7__', 8, 3, [], [3, 2, 1, 0, 9, 0, 2, 1]) (97, 108)
('1_10___7__', 9, 3, [], [2, 0, 2, 1, 0, 2, 7, 2, 1]) (97, 108)
('3_2___7__', 9, 3, [], [2, 1, 1, 1, 0, 1, 0, 10, 1]) (108, 116)
('3_7___7__', 9, 1, [], [1, 2, 0, 2, 1, 0, 9, 0, 4]) (108, 116)
('3_8___7__', 9, 3, [], [2, 0, 2, 1, 0, 2, 7, 1, 2]) (106, 108)
('3_9___7__', 9, 3, [], [2, 0, 2, 1, 0, 2, 6, 0, 4]) (108, 108)
('6_8___7__', 9, 1, [], [1, 2, 0, 2, 1, 0, 2, 7, 4]) (108, 111)
('9_2___7__', 9, 3, [], [2, 0, 2, 1, 0, 2, 7, 2, 1]) (103, 108)
('9_10___7__', 9, 1, [], [1, 2, 0, 2, 1, 0, 2, 7, 4]) (99, 108)
('11_8___7__', 9, 3, [], [2, 0, 2, 1, 0, 2, 7, 1, 2]) (100, 108)
('11_10___7__', 9, 3, [], [2, 0, 2, 1, 0, 2, 7, 2, 1]) (101, 108)
('12_2___7__', 9, 3, [], [2, 1, 1, 1, 0, 2, 7, 2, 1]) (104, 108)
('13_2___7__', 9, 3, [], [2, 0, 0, 1, 1, 0, 2, 7, 4]) (105, 108)
('15_3___7__', 9, 3, [], [2, 0, 2, 1, 0, 2, 6, 0, 4]) (103, 108)
('17_2___7__', 9, 3, [], [2, 1, 1, 1, 0, 2, 7, 2, 1]) (108, 111)
('17_9___7__', 9, 3, [], [2, 3, 1, 0, 2, 6, 0, 2, 1]) (97, 108)
('17_10___7__', 9, 1, [], [1, 2, 3, 1, 0, 2, 7, 2, 1]) (94, 108)
part_in:(81, 120), all_in:(108, 108), all_out:(81, 120)
red_sum16
more
('7_1___8__', 15, 0, [], [2, 0, 0, 0, 2, 0, 1, 0, 1, 5, 0, 0, 0, 1, 2]) (31, 34)
('12_1___8__', 14, 0, [], [2, 0, 0, 0, 2, 2, 0, 1, 1, 1, 3, 0, 2, 1]) (31, 34)
('2_1___8__', 13, 0, [], [2, 0, 0, 0, 0, 1, 3, 1, 1, 4, 0, 0, 4]) (29, 34)
('2_6___8__', 13, 0, [], [0, 1, 1, 1, 1, 0, 1, 0, 5, 3, 0, 2, 1]) (33, 34)
('3_1___8__', 13, 0, [], [2, 0, 0, 0, 0, 1, 0, 1, 0, 3, 4, 0, 5]) (33, 34)
('4_1___8__', 13, 0, [], [2, 0, 0, 3, 0, 1, 0, 1, 5, 0, 0, 0, 4]) (31, 34)
('6_7___8__', 13, 1, [], [1, 0, 0, 1, 1, 0, 1, 0, 3, 5, 0, 1, 2]) (34, 39)
('12_8___8__', 13, 0, [], [0, 1, 1, 3, 0, 1, 0, 1, 1, 4, 1, 1, 2]) (32, 34)
('17_7___8__', 13, 1, [], [1, 0, 0, 3, 0, 1, 0, 3, 1, 3, 0, 1, 2]) (33, 34)
('3_3___8__', 12, 0, [], [2, 0, 0, 1, 1, 0, 1, 0, 1, 7, 0, 4]) (34, 34)
('5_6___8__', 12, 0, [], [0, 1, 1, 1, 1, 0, 2, 1, 1, 5, 0, 4]) (34, 39)
('6_6___8__', 12, 1, [], [1, 0, 0, 3, 0, 1, 0, 3, 5, 0, 1, 2]) (34, 36)
('8_7___8__', 12, 1, [], [1, 1, 1, 1, 0, 2, 3, 1, 3, 0, 1, 2]) (33, 34)
('9_1___8__', 12, 0, [], [2, 0, 0, 1, 1, 2, 0, 1, 1, 5, 0, 4]) (31, 34)
('10_7___8__', 12, 0, [], [0, 1, 1, 3, 0, 2, 3, 3, 1, 0, 1, 2]) (33, 34)
('11_3___8__', 12, 0, [], [2, 0, 0, 1, 1, 0, 1, 0, 1, 7, 0, 4]) (32, 34)
('12_7___8__', 12, 0, [], [2, 0, 0, 3, 0, 1, 0, 5, 3, 0, 1, 2]) (32, 34)
('12_9___8__', 12, 0, [], [2, 1, 3, 0, 1, 0, 1, 1, 5, 2, 1, 0]) (33, 34)
('13_6___8__', 12, 1, [], [1, 0, 0, 3, 0, 1, 0, 1, 1, 5, 0, 4]) (34, 34)
('19_10___8__', 12, 0, [], [2, 1, 3, 0, 1, 0, 3, 5, 0, 2, 0, 0]) (34, 34)
less
('3_10___8__', 6, 3, [], [1, 3, 0, 1, 0, 15]) (34, 35)
('5_10___8__', 6, 0, [], [2, 1, 3, 2, 0, 15]) (34, 37)
('6_9___8__', 6, 1, [], [1, 1, 3, 0, 2, 15]) (34, 36)
('6_10___8__', 6, 3, [], [1, 3, 0, 2, 10, 4]) (31, 34)
('11_9___8__', 7, 3, [], [1, 1, 1, 0, 2, 10, 4]) (34, 36)
('13_2___8__', 7, 3, [], [0, 0, 3, 0, 1, 0, 15]) (31, 34)
('16_9___8__', 7, 3, [], [1, 3, 0, 1, 0, 9, 5]) (34, 35)
('19_8___8__', 7, 0, [], [2, 1, 3, 0, 2, 9, 5]) (34, 35)
('20_10___8__', 7, 3, [], [1, 3, 0, 1, 0, 10, 4]) (33, 34)
('1_8___8__', 8, 0, [], [2, 1, 3, 0, 1, 0, 12, 2]) (34, 35)
('2_8___8__', 8, 0, [], [2, 1, 1, 1, 0, 1, 0, 15]) (34, 34)
('3_8___8__', 8, 0, [], [2, 1, 3, 0, 2, 10, 1, 2]) (34, 37)
('4_9___8__', 8, 0, [], [2, 1, 3, 0, 2, 3, 5, 5]) (33, 34)
('7_9___8__', 8, 0, [], [2, 1, 3, 0, 1, 0, 14, 0]) (34, 35)
('9_10___8__', 8, 3, [], [1, 3, 0, 1, 0, 5, 4, 4]) (34, 36)
('10_6___8__', 8, 1, [], [1, 1, 3, 0, 2, 9, 0, 4]) (30, 34)
('11_10___8__', 8, 0, [], [2, 1, 3, 0, 1, 0, 10, 4]) (34, 35)
('12_10___8__', 8, 3, [], [1, 3, 0, 2, 3, 6, 3, 0]) (34, 34)
('13_8___8__', 8, 3, [], [1, 3, 0, 1, 0, 10, 1, 2]) (34, 35)
('14_6___8__', 8, 1, [], [1, 0, 0, 3, 0, 2, 10, 4]) (34, 34)
part_in:(29, 39), all_in:(34, 34), all_out:(29, 39)
red_gap16
more
('4_6___9__', 14, 0, [], [1, 0, 1, 5, 1, 0, 0, 0, 1, 0, 1, 3, 2, 0]) (27, 30)
('5_7___9__', 13, 2, [], [0, 1, 5, 0, 0, 0, 0, 0, 1, 0, 1, 0, 6]) (26, 30)
('5_8___9__', 13, 2, [], [0, 1, 5, 0, 0, 1, 0, 1, 0, 1, 0, 5, 0]) (26, 30)
('6_9___9__', 13, 3, [], [1, 1, 3, 1, 1, 0, 1, 0, 1, 0, 0, 4, 0]) (24, 30)
('10_9___9__', 13, 3, [], [1, 4, 0, 1, 0, 0, 0, 1, 0, 1, 0, 5, 0]) (28, 30)
('13_1___9__', 13, 2, [], [0, 1, 3, 2, 0, 1, 0, 1, 0, 1, 5, 0, 0]) (23, 30)
('13_10___9__', 13, 2, [], [0, 1, 5, 1, 0, 0, 0, 1, 0, 1, 5, 0, 0]) (28, 30)
('15_7___9__', 13, 2, [], [0, 1, 3, 1, 1, 0, 0, 0, 1, 0, 1, 0, 6]) (29, 30)
('17_9___9__', 13, 0, [], [2, 1, 3, 1, 1, 0, 0, 0, 1, 0, 2, 5, 0]) (26, 30)
('6_10___9__', 12, 3, [], [1, 1, 3, 1, 1, 0, 1, 0, 1, 0, 5, 0]) (27, 30)
('7_7___9__', 12, 3, [], [1, 3, 1, 0, 0, 2, 1, 0, 2, 2, 2, 0]) (29, 30)
('7_9___9__', 12, 2, [], [0, 1, 3, 1, 0, 0, 2, 1, 0, 2, 5, 0]) (29, 30)
('7_10___9__', 12, 2, [], [0, 1, 5, 1, 1, 0, 1, 0, 2, 4, 0, 0]) (28, 30)
('9_6___9__', 12, 3, [], [0, 0, 1, 4, 0, 1, 0, 1, 0, 2, 5, 0]) (30, 30)
('9_9___9__', 12, 2, [], [0, 1, 4, 0, 1, 0, 1, 1, 0, 1, 6, 0]) (28, 30)
('10_8___9__', 12, 3, [], [1, 4, 0, 0, 0, 0, 0, 0, 1, 0, 1, 7]) (27, 30)
('11_10___9__', 12, 2, [], [0, 1, 5, 1, 1, 0, 1, 0, 1, 5, 0, 0]) (27, 30)
('12_6___9__', 12, 3, [], [1, 5, 1, 1, 0, 1, 0, 1, 0, 2, 1, 1]) (28, 30)
('13_7___9__', 12, 2, [], [0, 1, 1, 4, 0, 1, 0, 1, 0, 2, 5, 0]) (30, 30)
('13_9___9__', 12, 3, [], [1, 1, 2, 0, 1, 2, 1, 0, 1, 0, 5, 0]) (28, 30)
less
('1_6___9__', 7, 3, [], [1, 5, 1, 2, 1, 0, 9]) (27, 30)
('8_6___9__', 7, 5, [], [7, 0, 1, 1, 0, 5, 3]) (28, 30)
('9_1___9__', 7, 2, [], [0, 1, 3, 3, 4, 9, 0]) (27, 30)
('11_6___9__', 7, 3, [], [9, 1, 0, 1, 0, 5, 3]) (29, 30)
('11_7___9__', 7, 3, [], [1, 7, 1, 0, 1, 0, 9]) (29, 30)
('11_8___9__', 7, 2, [], [2, 7, 1, 0, 1, 0, 9]) (28, 30)
('14_8___9__', 7, 3, [], [1, 7, 2, 1, 0, 8, 0]) (27, 30)
('15_2___9__', 7, 3, [], [5, 3, 1, 0, 1, 0, 9]) (25, 30)
('16_2___9__', 7, 3, [], [8, 0, 2, 1, 0, 1, 7]) (26, 30)
('18_8___9__', 7, 3, [], [1, 5, 1, 2, 1, 0, 9]) (29, 30)
('19_2___9__', 7, 3, [], [8, 0, 2, 1, 0, 1, 7]) (24, 30)
('1_2___9__', 8, 3, [], [8, 0, 2, 1, 0, 1, 0, 6]) (24, 30)
('2_1___9__', 8, 2, [], [0, 5, 3, 0, 1, 1, 2, 7]) (23, 30)
('2_2___9__', 8, 3, [], [8, 0, 2, 1, 2, 0, 5, 0]) (23, 30)
('2_6___9__', 8, 3, [], [1, 6, 0, 2, 1, 0, 8, 0]) (30, 31)
('4_2___9__', 8, 3, [], [8, 0, 2, 1, 0, 1, 6, 0]) (24, 30)
('4_7___9__', 8, 3, [], [1, 7, 0, 1, 1, 0, 5, 3]) (26, 30)
('6_1___9__', 8, 3, [], [1, 3, 2, 0, 2, 1, 0, 9]) (26, 30)
('7_2___9__', 8, 3, [], [7, 1, 2, 1, 0, 1, 0, 6]) (25, 30)
('7_3___9__', 8, 3, [], [1, 5, 1, 2, 1, 0, 1, 7]) (25, 30)
part_in:(23, 31), all_in:(30, 30), all_out:(23, 31)
red_sum25
more
('12_2___10__', 15, 0, [], [2, 0, 1, 0, 0, 1, 1, 1, 0, 0, 5, 0, 2, 0, 1]) (33, 34)
('1_2___10__', 13, 0, [], [2, 2, 0, 0, 1, 1, 1, 0, 0, 6, 2, 0, 1]) (28, 34)
('1_9___10__', 13, 0, [], [2, 2, 1, 1, 1, 1, 1, 0, 4, 0, 2, 0, 1]) (34, 35)
('2_1___10__', 13, 0, [], [3, 3, 1, 1, 0, 0, 0, 0, 0, 6, 1, 0, 1]) (30, 34)
('4_2___10__', 13, 0, [], [5, 3, 1, 0, 0, 0, 0, 0, 5, 0, 1, 0, 1]) (34, 37)
('6_2___10__', 13, 0, [], [2, 0, 1, 1, 1, 1, 1, 0, 0, 6, 2, 0, 1]) (34, 36)
('9_2___10__', 13, 0, [], [2, 2, 3, 1, 1, 0, 0, 5, 0, 1, 0, 0, 1]) (32, 34)
('15_8___10__', 13, 0, [], [0, 1, 2, 1, 1, 1, 1, 1, 0, 5, 0, 1, 2]) (31, 34)
('16_1___10__', 13, 0, [], [0, 1, 0, 2, 2, 1, 1, 1, 0, 2, 5, 0, 1]) (31, 34)
('16_2___10__', 13, 0, [], [2, 2, 1, 1, 1, 1, 1, 3, 2, 1, 0, 0, 1]) (34, 35)
('19_2___10__', 13, 0, [], [2, 2, 1, 1, 1, 1, 0, 0, 6, 0, 1, 0, 1]) (31, 34)
('20_1___10__', 13, 0, [], [0, 4, 0, 0, 1, 1, 1, 0, 0, 7, 1, 0, 1]) (31, 34)
('20_2___10__', 13, 0, [], [2, 2, 1, 1, 1, 1, 0, 0, 6, 0, 1, 0, 1]) (34, 34)
('1_8___10__', 12, 0, [], [0, 1, 2, 1, 1, 1, 1, 1, 0, 5, 3, 1]) (34, 36)
('1_10___10__', 12, 0, [], [2, 2, 1, 1, 1, 1, 1, 0, 5, 2, 0, 1]) (32, 34)
('3_1___10__', 12, 0, [], [0, 1, 0, 3, 1, 1, 1, 1, 7, 1, 0, 1]) (34, 35)
('3_2___10__', 12, 0, [], [2, 2, 1, 1, 1, 1, 0, 0, 6, 2, 0, 1]) (34, 37)
('4_1___10__', 12, 0, [], [3, 1, 3, 1, 0, 0, 0, 0, 7, 1, 0, 1]) (33, 34)
('4_6___10__', 12, 1, [], [1, 2, 1, 1, 1, 1, 1, 0, 6, 1, 0, 1]) (34, 34)
('5_2___10__', 12, 0, [], [2, 2, 1, 1, 1, 1, 0, 0, 6, 2, 0, 1]) (33, 34)
less
('3_8___10__', 7, 3, [], [2, 1, 1, 1, 1, 1, 12]) (33, 34)
('3_10___10__', 7, 3, [], [2, 3, 1, 1, 1, 10, 1]) (32, 34)
('5_1___10__', 7, 0, [], [7, 1, 1, 3, 9, 0, 1]) (28, 34)
('10_8___10__', 7, 1, [], [4, 3, 1, 1, 1, 10, 1]) (30, 34)
('10_9___10__', 7, 6, [], [1, 1, 1, 1, 1, 10, 1]) (31, 34)
('1_1___10__', 8, 0, [], [2, 6, 1, 1, 0, 0, 10, 1]) (31, 34)
('1_6___10__', 8, 3, [], [2, 1, 1, 1, 3, 7, 2, 1]) (34, 36)
('2_7___10__', 8, 3, [], [2, 3, 1, 1, 1, 5, 4, 1]) (31, 34)
('4_3___10__', 8, 0, [], [5, 3, 1, 1, 1, 9, 0, 1]) (32, 34)
('4_7___10__', 8, 3, [], [2, 3, 1, 1, 1, 0, 9, 1]) (31, 34)
('7_7___10__', 8, 6, [], [1, 1, 1, 1, 1, 5, 4, 1]) (24, 34)
('8_9___10__', 8, 3, [], [2, 3, 1, 1, 1, 0, 8, 2]) (30, 34)
('8_10___10__', 8, 3, [], [2, 3, 1, 1, 1, 9, 0, 1]) (28, 34)
('10_10___10__', 8, 0, [], [2, 2, 3, 1, 1, 1, 10, 1]) (28, 34)
('11_8___10__', 8, 3, [], [2, 3, 1, 1, 1, 6, 0, 4]) (32, 34)
('13_7___10__', 8, 1, [], [4, 3, 1, 1, 1, 7, 2, 1]) (34, 34)
('15_3___10__', 8, 0, [], [5, 3, 1, 1, 1, 9, 0, 1]) (33, 34)
('15_10___10__', 8, 3, [], [2, 3, 1, 1, 1, 9, 0, 1]) (32, 34)
('19_8___10__', 8, 3, [], [1, 0, 3, 1, 1, 1, 10, 1]) (29, 34)
('3_7___10__', 9, 1, [], [1, 2, 1, 1, 1, 1, 1, 5, 6]) (34, 37)
part_in:(24, 37), all_in:(34, 34), all_out:(24, 37)
red_gap25
more
('5_8___11__', 12, 1, [], [2, 1, 0, 1, 1, 2, 1, 1, 1, 6, 0, 0]) (15, 22)
('15_8___11__', 12, 1, [], [1, 0, 1, 0, 1, 1, 2, 0, 0, 3, 4, 3]) (19, 22)
('5_6___11__', 11, 1, [], [2, 1, 0, 1, 1, 2, 1, 3, 4, 2, 0]) (16, 22)
('7_6___11__', 11, 1, [], [2, 1, 0, 1, 1, 4, 1, 1, 4, 2, 0]) (17, 22)
('7_7___11__', 11, 1, [], [1, 0, 1, 0, 1, 6, 1, 1, 4, 2, 0]) (12, 22)
('8_8___11__', 11, 1, [], [2, 1, 0, 1, 4, 1, 1, 1, 1, 4, 1]) (14, 22)
('10_10___11__', 11, 1, [], [4, 0, 1, 5, 0, 1, 1, 1, 2, 2, 0]) (16, 22)
('12_6___11__', 11, 1, [], [4, 0, 1, 1, 0, 2, 0, 1, 1, 4, 3]) (19, 22)
('12_9___11__', 11, 1, [], [4, 0, 1, 4, 1, 1, 1, 2, 3, 0, 0]) (16, 22)
('17_10___11__', 11, 1, [], [4, 0, 1, 2, 1, 0, 2, 1, 4, 2, 0]) (17, 22)
('19_8___11__', 11, 1, [], [4, 0, 1, 1, 2, 0, 2, 1, 6, 0, 0]) (9, 22)
('2_8___11__', 10, 1, [], [4, 0, 1, 1, 2, 1, 1, 8, 0, 0]) (16, 22)
('5_10___11__', 10, 1, [], [4, 0, 1, 2, 1, 1, 1, 1, 7, 0]) (16, 22)
('6_8___11__', 10, 4, [], [1, 0, 1, 4, 1, 1, 1, 1, 4, 1]) (14, 22)
('6_9___11__', 10, 1, [], [4, 0, 1, 4, 1, 1, 3, 4, 0, 0]) (14, 22)
('10_6___11__', 10, 4, [], [1, 0, 1, 1, 0, 3, 1, 1, 4, 3]) (20, 22)
('12_7___11__', 10, 1, [], [4, 0, 1, 1, 0, 0, 1, 2, 1, 8]) (17, 22)
('14_8___11__', 10, 1, [], [2, 1, 0, 1, 1, 2, 1, 1, 1, 8]) (16, 22)
('15_9___11__', 10, 1, [], [4, 0, 1, 4, 1, 1, 1, 1, 4, 1]) (17, 22)
('17_8___11__', 10, 1, [], [4, 0, 1, 1, 2, 1, 1, 1, 7, 0]) (11, 22)
less
('3_2___11__', 4, 1, [], [2, 2, 1, 19]) (15, 22)
('5_2___11__', 4, 1, [], [5, 1, 8, 10]) (17, 22)
('8_2___11__', 4, 1, [], [5, 1, 8, 10]) (16, 22)
('3_1___11__', 5, 1, [], [0, 4, 1, 18, 0]) (13, 22)
('5_1___11__', 5, 4, [], [2, 1, 4, 5, 8]) (16, 22)
('11_10___11__', 5, 6, [], [0, 1, 8, 9, 0]) (15, 22)
('13_1___11__', 5, 1, [], [5, 1, 4, 1, 12]) (16, 22)
('13_2___11__', 5, 1, [], [5, 1, 4, 13, 0]) (16, 22)
('13_10___11__', 5, 1, [], [4, 0, 1, 8, 10]) (17, 22)
('14_1___11__', 5, 1, [], [5, 1, 8, 1, 8]) (18, 22)
('16_2___11__', 5, 1, [], [5, 1, 6, 1, 10]) (17, 22)
('18_1___11__', 5, 4, [], [2, 1, 8, 1, 8]) (18, 22)
('4_2___11__', 6, 1, [], [4, 0, 1, 6, 1, 10]) (15, 22)
('4_8___11__', 6, 6, [], [0, 1, 6, 10, 0, 0]) (11, 22)
('6_1___11__', 6, 7, [], [1, 1, 2, 3, 1, 8]) (18, 22)
('6_3___11__', 6, 1, [], [4, 0, 1, 8, 1, 8]) (20, 22)
('7_3___11__', 6, 1, [], [2, 2, 1, 8, 1, 8]) (19, 22)
('8_1___11__', 6, 1, [], [0, 4, 1, 8, 1, 8]) (17, 22)
('8_3___11__', 6, 1, [], [5, 1, 8, 1, 7, 0]) (19, 22)
('9_1___11__', 6, 1, [], [4, 0, 6, 3, 1, 8]) (19, 22)
part_in:(9, 19), all_in:(20, 22), all_out:(9, 22)
red_sum34
more
('4_6___12__', 15, 1, [], [0, 0, 2, 1, 1, 1, 0, 2, 0, 1, 1, 0, 0, 3, 1]) (33, 40)
('4_8___12__', 15, 1, [], [0, 0, 2, 3, 1, 0, 2, 2, 1, 0, 0, 1, 1, 0, 0]) (28, 40)
('4_7___12__', 14, 1, [], [0, 0, 2, 1, 1, 1, 0, 3, 1, 1, 1, 2, 0, 1]) (33, 40)
('11_2___12__', 14, 0, [], [0, 0, 0, 2, 1, 1, 0, 0, 0, 1, 0, 4, 5, 1]) (31, 40)
('2_3___12__', 13, 1, [], [0, 0, 2, 1, 1, 1, 0, 1, 0, 4, 1, 3, 1]) (25, 40)
('3_1___12__', 13, 0, [], [0, 0, 0, 4, 1, 1, 0, 2, 4, 0, 0, 3, 1]) (30, 40)
('3_2___12__', 13, 1, [], [0, 0, 2, 0, 0, 1, 1, 0, 1, 0, 4, 5, 1]) (38, 40)
('3_3___12__', 13, 1, [], [0, 0, 2, 1, 1, 1, 0, 1, 0, 4, 1, 3, 1]) (34, 40)
('4_9___12__', 13, 1, [], [0, 0, 2, 1, 1, 1, 0, 3, 3, 0, 0, 3, 1]) (29, 40)
('5_1___12__', 13, 0, [], [0, 0, 0, 4, 1, 1, 1, 0, 0, 4, 1, 3, 1]) (23, 40)
('5_3___12__', 13, 1, [], [0, 0, 2, 1, 1, 1, 0, 1, 0, 4, 1, 3, 1]) (24, 40)
('6_6___12__', 13, 1, [], [0, 0, 2, 1, 1, 1, 0, 3, 1, 1, 1, 2, 2]) (32, 40)
('8_3___12__', 13, 1, [], [0, 0, 2, 1, 1, 1, 0, 1, 0, 4, 1, 3, 1]) (25, 40)
('8_6___12__', 13, 1, [], [0, 0, 2, 1, 1, 1, 0, 2, 0, 1, 1, 1, 5]) (21, 40)
('8_7___12__', 13, 1, [], [0, 0, 2, 3, 1, 0, 2, 0, 1, 1, 1, 2, 2]) (22, 40)
('13_6___12__', 13, 1, [], [0, 0, 2, 1, 1, 1, 0, 2, 2, 1, 0, 0, 5]) (35, 40)
('14_9___12__', 13, 1, [], [0, 0, 2, 1, 1, 1, 0, 2, 2, 1, 1, 3, 1]) (30, 40)
('15_6___12__', 13, 1, [], [0, 0, 2, 1, 1, 1, 0, 2, 0, 3, 1, 3, 1]) (18, 40)
('16_1___12__', 13, 0, [], [0, 0, 0, 0, 2, 2, 1, 2, 0, 4, 1, 3, 1]) (26, 40)
('16_2___12__', 13, 1, [], [0, 0, 2, 0, 0, 1, 1, 0, 1, 0, 8, 1, 1]) (34, 40)
less
('5_8___12__', 5, 1, [], [0, 0, 6, 2, 15]) (40, 40)
('11_9___12__', 6, 1, [], [0, 0, 6, 2, 2, 12]) (34, 40)
('9_10___12__', 7, 1, [], [0, 0, 2, 3, 1, 8, 7]) (29, 40)
('11_7___12__', 7, 1, [], [0, 0, 2, 6, 2, 6, 5]) (26, 40)
('1_6___12__', 8, 1, [], [0, 0, 2, 1, 1, 1, 8, 7]) (32, 40)
('5_6___12__', 8, 1, [], [0, 0, 6, 1, 6, 1, 1, 5]) (36, 40)
('5_7___12__', 8, 1, [], [0, 0, 6, 1, 0, 5, 3, 5]) (40, 44)
('5_9___12__', 8, 1, [], [0, 0, 6, 1, 0, 2, 10, 1]) (40, 40)
('9_8___12__', 8, 1, [], [0, 0, 2, 1, 1, 1, 8, 7]) (25, 40)
('11_6___12__', 8, 1, [], [0, 0, 2, 5, 0, 7, 1, 5]) (25, 40)
('11_8___12__', 8, 1, [], [0, 0, 2, 3, 1, 0, 2, 12]) (29, 40)
('19_10___12__', 8, 1, [], [0, 0, 6, 1, 0, 7, 5, 1]) (24, 40)
('1_7___12__', 9, 1, [], [0, 0, 2, 1, 3, 0, 7, 3, 3]) (35, 40)
('2_6___12__', 9, 1, [], [0, 0, 2, 3, 1, 3, 4, 5, 1]) (23, 40)
('2_7___12__', 9, 1, [], [0, 0, 2, 3, 1, 8, 1, 3, 1]) (23, 40)
('5_10___12__', 9, 1, [], [0, 0, 2, 3, 1, 0, 2, 10, 1]) (37, 40)
('6_9___12__', 9, 1, [], [0, 0, 2, 1, 1, 2, 2, 0, 11]) (37, 40)
('7_9___12__', 9, 1, [], [0, 0, 2, 3, 1, 0, 7, 5, 1]) (24, 40)
('7_10___12__', 9, 1, [], [0, 0, 2, 3, 1, 0, 7, 5, 1]) (27, 40)
('8_9___12__', 9, 1, [], [0, 0, 6, 0, 0, 0, 7, 1, 5]) (23, 40)
part_in:(18, 44), all_in:(40, 40), all_out:(18, 44)
red_gap12
more
('4_1___13__', 16, 0, [], [2, 1, 1, 0, 0, 1, 0, 4, 0, 1, 2, 0, 0, 0, 1, 0]) (4, 5)
('7_1___13__', 16, 0, [], [0, 1, 1, 0, 0, 0, 0, 1, 0, 1, 1, 1, 4, 0, 3, 0]) (3, 4)
('7_3___13__', 16, 0, [], [0, 1, 3, 0, 0, 1, 0, 3, 0, 0, 4, 0, 0, 0, 1, 0]) (3, 4)
('9_1___13__', 16, 0, [], [0, 1, 1, 0, 0, 0, 0, 1, 4, 1, 4, 0, 0, 0, 1, 0]) (4, 6)
('10_1___13__', 16, 0, [], [2, 1, 0, 0, 0, 0, 1, 0, 1, 3, 4, 0, 0, 0, 1, 0]) (4, 5)
('14_3___13__', 16, 0, [], [0, 0, 0, 4, 0, 1, 0, 1, 1, 0, 5, 0, 0, 0, 1, 0]) (3, 4)
('19_1___13__', 16, 0, [], [0, 1, 2, 0, 0, 0, 1, 0, 3, 0, 0, 4, 1, 0, 1, 0]) (4, 4)
('2_3___13__', 15, 0, [], [0, 1, 3, 0, 0, 1, 0, 1, 1, 0, 5, 0, 1, 1, 0]) (4, 5)
('3_1___13__', 15, 0, [], [0, 1, 1, 0, 0, 0, 0, 1, 4, 0, 5, 1, 0, 1, 0]) (4, 6)
('3_3___13__', 15, 0, [], [0, 1, 3, 0, 0, 1, 0, 1, 1, 6, 0, 0, 0, 1, 0]) (4, 5)
('6_1___13__', 15, 0, [], [2, 1, 1, 0, 0, 1, 1, 0, 1, 0, 5, 0, 1, 1, 0]) (4, 5)
('10_6___13__', 15, 0, [], [0, 5, 0, 0, 1, 0, 1, 2, 1, 0, 2, 0, 1, 1, 0]) (3, 4)
('11_1___13__', 15, 0, [], [2, 0, 0, 1, 0, 0, 1, 5, 0, 4, 0, 0, 0, 1, 0]) (3, 4)
('12_1___13__', 15, 0, [], [2, 0, 0, 1, 0, 0, 1, 4, 0, 3, 1, 1, 0, 1, 0]) (4, 6)
('16_1___13__', 15, 0, [], [0, 1, 1, 1, 0, 0, 1, 0, 3, 0, 5, 1, 0, 1, 0]) (3, 4)
('16_3___13__', 15, 0, [], [2, 3, 0, 0, 1, 0, 1, 1, 0, 5, 0, 0, 0, 1, 0]) (2, 4)
('17_1___13__', 15, 0, [], [2, 2, 0, 0, 0, 1, 0, 2, 0, 0, 5, 1, 0, 1, 0]) (4, 8)
('18_3___13__', 15, 0, [], [0, 1, 3, 0, 0, 1, 0, 1, 1, 0, 5, 1, 0, 1, 0]) (3, 4)
('18_10___13__', 15, 1, [], [0, 0, 3, 0, 0, 1, 0, 1, 2, 0, 4, 0, 0, 2, 0]) (4, 5)
('1_1___13__', 14, 0, [], [0, 1, 2, 1, 0, 1, 2, 0, 0, 6, 1, 0, 1, 0]) (4, 5)
less
('4_7___13__', 8, 0, [], [6, 0, 0, 1, 5, 5, 4, 0]) (4, 7)
('6_7___13__', 8, 0, [], [7, 0, 1, 2, 8, 1, 2, 0]) (4, 7)
('13_8___13__', 8, 8, [], [0, 1, 0, 4, 0, 4, 4, 0]) (4, 4)
('15_7___13__', 8, 0, [], [2, 4, 0, 1, 2, 8, 1, 3]) (4, 4)
('19_7___13__', 8, 8, [], [0, 1, 0, 1, 2, 5, 1, 3]) (4, 6)
('1_7___13__', 9, 0, [], [0, 6, 0, 1, 6, 4, 0, 0, 3]) (4, 6)
('2_7___13__', 9, 0, [], [2, 3, 0, 0, 1, 5, 5, 0, 4]) (4, 6)
('2_8___13__', 9, 0, [], [2, 4, 0, 1, 2, 0, 7, 1, 3]) (4, 4)
('5_7___13__', 9, 0, [], [0, 1, 4, 0, 1, 2, 8, 1, 3]) (4, 5)
('9_10___13__', 9, 0, [], [7, 0, 1, 0, 1, 8, 0, 3, 0]) (3, 4)
('11_8___13__', 9, 0, [], [2, 1, 1, 0, 0, 1, 5, 5, 5]) (4, 5)
('13_6___13__', 9, 7, [], [0, 0, 1, 5, 0, 4, 1, 2, 0]) (4, 6)
('19_6___13__', 9, 7, [], [0, 0, 1, 0, 1, 2, 5, 0, 4]) (4, 7)
('19_8___13__', 9, 8, [], [0, 1, 0, 1, 2, 0, 4, 4, 0]) (4, 5)
('4_8___13__', 10, 0, [], [4, 1, 0, 0, 1, 0, 4, 5, 2, 2]) (4, 6)
('5_8___13__', 10, 0, [], [2, 4, 0, 1, 0, 1, 8, 1, 2, 0]) (4, 5)
('6_6___13__', 10, 0, [], [7, 0, 1, 2, 4, 3, 1, 0, 1, 0]) (4, 7)
('6_9___13__', 10, 0, [], [7, 0, 1, 2, 2, 1, 3, 1, 0, 2]) (4, 6)
('9_9___13__', 10, 0, [], [0, 6, 0, 1, 0, 4, 5, 1, 2, 0]) (4, 4)
('11_7___13__', 10, 0, [], [2, 1, 1, 0, 0, 1, 5, 5, 1, 3]) (4, 5)
part_in:(2, 8), all_in:(4, 4), all_out:(2, 8)
red_gap23
more
('11_6___14__', 17, 0, [], [1, 1, 2, 1, 1, 1, 1, 0, 0, 0, 0, 3, 0, 0, 0, 1, 0]) (3, 7)
('4_8___14__', 16, 0, [], [1, 3, 0, 1, 1, 1, 1, 0, 0, 0, 0, 3, 0, 0, 2, 0]) (4, 7)
('5_1___14__', 16, 0, [], [1, 3, 0, 1, 2, 0, 0, 0, 0, 1, 0, 1, 1, 0, 3, 0]) (2, 7)
('12_6___14__', 16, 0, [], [0, 4, 0, 1, 1, 1, 1, 0, 0, 0, 0, 3, 0, 0, 2, 0]) (1, 7)
('15_7___14__', 16, 0, [], [1, 3, 0, 1, 1, 1, 1, 0, 0, 0, 0, 3, 0, 0, 2, 0]) (2, 7)
('20_6___14__', 16, 0, [], [1, 3, 0, 1, 1, 1, 1, 0, 0, 0, 0, 1, 1, 0, 0, 3]) (5, 7)
('1_10___14__', 15, 0, [], [1, 3, 0, 1, 1, 0, 1, 0, 0, 1, 0, 3, 0, 3, 0]) (4, 7)
('3_6___14__', 15, 0, [], [1, 1, 1, 0, 1, 1, 3, 0, 0, 0, 0, 3, 0, 3, 0]) (0, 7)
('16_6___14__', 15, 0, [], [1, 3, 0, 1, 1, 2, 0, 0, 0, 0, 0, 3, 2, 1, 0]) (2, 7)
('17_9___14__', 15, 0, [], [1, 3, 0, 1, 1, 1, 1, 0, 0, 0, 0, 3, 0, 3, 0]) (3, 7)
('18_1___14__', 15, 0, [], [1, 4, 1, 1, 0, 0, 1, 0, 0, 0, 0, 3, 0, 3, 0]) (2, 7)
('18_9___14__', 15, 0, [], [1, 4, 1, 1, 0, 2, 0, 0, 0, 0, 3, 0, 2, 0, 0]) (3, 7)
('1_8___14__', 14, 0, [], [1, 3, 0, 1, 1, 3, 0, 0, 0, 0, 3, 0, 3, 0]) (1, 7)
('2_6___14__', 14, 0, [], [1, 4, 1, 1, 2, 0, 0, 0, 0, 0, 4, 0, 2, 0]) (0, 7)
('2_7___14__', 14, 0, [], [1, 4, 1, 1, 2, 0, 0, 0, 0, 0, 4, 0, 2, 0]) (2, 7)
('3_1___14__', 14, 0, [], [1, 2, 1, 1, 2, 2, 0, 0, 0, 0, 3, 0, 3, 0]) (1, 7)
('3_7___14__', 14, 0, [], [1, 3, 0, 1, 1, 3, 0, 0, 0, 0, 3, 0, 3, 0]) (2, 7)
('4_7___14__', 14, 0, [], [6, 1, 1, 0, 0, 1, 0, 0, 0, 0, 3, 0, 3, 0]) (6, 7)
('4_10___14__', 14, 0, [], [1, 4, 1, 1, 0, 2, 0, 0, 0, 0, 3, 0, 3, 0]) (4, 7)
('5_7___14__', 14, 0, [], [1, 4, 1, 1, 0, 2, 0, 0, 0, 0, 3, 0, 3, 0]) (7, 11)
less
('1_6___14__', 7, 9, [], [1, 3, 0, 1, 0, 4, 4]) (0, 7)
('16_2___14__', 9, 0, [], [6, 1, 1, 3, 0, 2, 4, 3, 0]) (6, 7)
('3_2___14__', 10, 0, [], [6, 1, 2, 2, 0, 0, 1, 4, 3, 0]) (6, 7)
('4_6___14__', 10, 0, [], [6, 1, 1, 3, 0, 0, 0, 0, 4, 4]) (3, 7)
('9_2___14__', 10, 0, [], [8, 1, 0, 2, 0, 0, 0, 0, 8, 0]) (5, 7)
('12_2___14__', 10, 0, [], [6, 1, 1, 3, 0, 0, 1, 4, 3, 0]) (6, 7)
('14_2___14__', 10, 0, [], [6, 1, 1, 3, 0, 0, 1, 4, 3, 0]) (4, 7)
('1_1___14__', 11, 0, [], [1, 6, 2, 0, 0, 0, 0, 2, 3, 4, 0]) (4, 7)
('2_2___14__', 11, 0, [], [6, 1, 1, 0, 2, 0, 0, 1, 4, 3, 0]) (5, 7)
('2_3___14__', 11, 0, [], [6, 1, 1, 3, 0, 1, 0, 3, 0, 3, 0]) (3, 7)
('2_8___14__', 11, 0, [], [1, 4, 1, 1, 3, 0, 0, 1, 4, 3, 0]) (2, 7)
('2_9___14__', 11, 0, [], [1, 4, 1, 5, 0, 0, 0, 0, 7, 0, 0]) (3, 7)
('2_10___14__', 11, 0, [], [1, 4, 1, 5, 0, 0, 0, 0, 4, 3, 0]) (3, 7)
('5_9___14__', 11, 0, [], [1, 4, 1, 5, 0, 0, 0, 0, 4, 3, 0]) (7, 7)
('5_10___14__', 11, 0, [], [1, 4, 1, 1, 3, 0, 1, 0, 4, 3, 0]) (7, 7)
('6_7___14__', 11, 0, [], [1, 4, 1, 1, 3, 0, 0, 0, 0, 4, 4]) (4, 7)
('6_8___14__', 11, 0, [], [1, 4, 1, 1, 3, 0, 0, 0, 0, 4, 4]) (4, 7)
('7_2___14__', 11, 0, [], [6, 1, 1, 0, 2, 0, 2, 3, 0, 3, 0]) (6, 7)
('7_9___14__', 11, 0, [], [1, 4, 1, 5, 0, 0, 1, 3, 0, 3, 0]) (4, 7)
('10_7___14__', 11, 0, [], [6, 1, 1, 3, 0, 0, 0, 0, 3, 0, 4]) (5, 7)
part_in:(0, 11), all_in:(7, 7), all_out:(0, 11)
red_gap34
more
('14_7___15__', 18, 1, [], [1, 0, 0, 0, 1, 0, 1, 2, 1, 0, 0, 0, 0, 1, 1, 0, 1, 1]) (4, 14)
('3_2___15__', 17, 1, [], [1, 0, 0, 2, 0, 1, 2, 1, 0, 0, 0, 0, 1, 1, 0, 1, 1]) (4, 14)
('5_6___15__', 17, 1, [], [1, 0, 0, 1, 0, 1, 0, 2, 1, 1, 0, 0, 1, 1, 0, 1, 1]) (2, 14)
('16_10___15__', 17, 1, [], [1, 0, 0, 1, 0, 2, 0, 1, 1, 1, 0, 0, 1, 1, 0, 1, 1]) (3, 14)
('5_8___15__', 16, 1, [], [1, 0, 0, 1, 0, 2, 2, 1, 1, 0, 0, 1, 1, 0, 1, 1]) (0, 14)
('10_8___15__', 16, 1, [], [1, 0, 0, 1, 0, 2, 2, 1, 1, 0, 0, 1, 1, 0, 1, 1]) (1, 14)
('10_9___15__', 16, 1, [], [1, 0, 0, 1, 0, 2, 2, 1, 1, 0, 0, 1, 1, 0, 1, 1]) (2, 14)
('10_10___15__', 16, 1, [], [1, 0, 0, 1, 0, 2, 2, 1, 1, 0, 0, 1, 1, 0, 1, 1]) (3, 14)
('13_8___15__', 16, 1, [], [1, 0, 0, 1, 0, 2, 4, 1, 0, 0, 1, 1, 0, 1, 0, 0]) (6, 14)
('1_7___15__', 15, 1, [], [1, 0, 0, 1, 2, 0, 1, 0, 1, 1, 0, 0, 1, 2, 3]) (5, 14)
('1_8___15__', 15, 1, [], [1, 0, 0, 0, 4, 2, 1, 1, 0, 0, 1, 1, 0, 0, 2]) (6, 14)
('1_9___15__', 15, 1, [], [1, 0, 0, 5, 2, 1, 1, 0, 0, 1, 1, 0, 0, 1, 0]) (8, 14)
('2_6___15__', 15, 1, [], [1, 0, 0, 2, 2, 4, 1, 0, 0, 1, 1, 0, 1, 0, 0]) (9, 14)
('5_1___15__', 15, 1, [], [1, 0, 0, 3, 1, 0, 1, 3, 0, 0, 1, 1, 0, 1, 1]) (7, 14)
('5_7___15__', 15, 1, [], [1, 0, 0, 2, 1, 0, 2, 3, 0, 0, 1, 1, 0, 1, 1]) (0, 14)
('6_1___15__', 15, 1, [], [1, 0, 0, 3, 1, 2, 3, 0, 0, 1, 0, 0, 0, 1, 1]) (3, 14)
('6_3___15__', 15, 1, [], [1, 0, 0, 1, 0, 2, 2, 1, 1, 0, 0, 1, 1, 2, 1]) (5, 14)
('6_6___15__', 15, 1, [], [1, 0, 0, 1, 0, 2, 2, 1, 1, 0, 0, 1, 2, 1, 1]) (4, 14)
('6_9___15__', 15, 1, [], [1, 0, 0, 1, 0, 2, 2, 1, 1, 0, 0, 1, 0, 1, 3]) (7, 14)
('7_1___15__', 15, 1, [], [1, 0, 0, 1, 1, 1, 2, 3, 0, 0, 1, 1, 0, 1, 1]) (8, 14)
less
('10_1___15__', 9, 1, [], [1, 0, 0, 5, 7, 0, 3, 0, 3]) (5, 14)
('5_2___15__', 10, 1, [], [1, 0, 0, 5, 6, 0, 0, 1, 2, 3]) (4, 14)
('8_10___15__', 10, 1, [], [1, 0, 6, 6, 0, 0, 1, 2, 1, 1]) (4, 14)
('11_6___15__', 10, 1, [], [1, 0, 11, 2, 0, 1, 1, 0, 1, 1]) (1, 14)
('16_3___15__', 10, 1, [], [1, 0, 0, 5, 6, 0, 0, 1, 4, 1]) (7, 14)
('18_10___15__', 10, 1, [], [1, 0, 0, 2, 2, 6, 1, 1, 4, 1]) (4, 14)
('20_3___15__', 10, 1, [], [1, 0, 0, 5, 6, 0, 0, 1, 1, 4]) (5, 14)
('2_8___15__', 11, 1, [], [1, 0, 0, 5, 4, 1, 0, 0, 1, 1, 4]) (6, 14)
('2_10___15__', 11, 1, [], [1, 0, 0, 5, 4, 1, 0, 0, 1, 4, 1]) (5, 14)
('4_8___15__', 11, 1, [], [1, 0, 0, 5, 2, 1, 1, 0, 0, 1, 6]) (2, 14)
('12_2___15__', 11, 1, [], [1, 0, 0, 5, 0, 1, 3, 0, 0, 1, 6]) (9, 14)
('12_8___15__', 11, 1, [], [1, 0, 6, 4, 1, 0, 0, 1, 1, 2, 1]) (4, 14)
('13_3___15__', 11, 1, [], [1, 0, 0, 5, 2, 1, 2, 0, 1, 4, 1]) (3, 14)
('14_3___15__', 11, 1, [], [1, 0, 0, 2, 2, 6, 0, 0, 1, 1, 4]) (7, 14)
('15_3___15__', 11, 1, [], [1, 0, 0, 2, 7, 1, 0, 0, 1, 1, 4]) (6, 14)
('18_3___15__', 11, 1, [], [1, 0, 0, 2, 2, 6, 0, 0, 1, 2, 3]) (5, 14)
('1_1___15__', 12, 1, [], [1, 0, 0, 3, 1, 2, 3, 0, 0, 1, 2, 3]) (4, 14)
('2_1___15__', 12, 1, [], [1, 0, 0, 3, 1, 6, 1, 1, 1, 0, 1, 1]) (6, 14)
('2_2___15__', 12, 1, [], [1, 0, 4, 1, 2, 3, 0, 0, 1, 1, 0, 3]) (5, 14)
('2_9___15__', 12, 1, [], [1, 0, 0, 5, 2, 1, 1, 0, 0, 1, 4, 1]) (5, 14)
part_in:(0, 8), all_in:(9, 14), all_out:(0, 14)
red_gap45
more
('4_7___16__', 16, 0, [], [1, 2, 0, 0, 1, 0, 0, 0, 0, 1, 1, 1, 1, 1, 1, 3]) (1, 4)
('8_1___16__', 16, 0, [], [3, 0, 1, 0, 0, 0, 1, 1, 0, 2, 0, 1, 3, 1, 0, 0]) (1, 6)
('3_3___16__', 15, 0, [], [1, 0, 1, 0, 0, 2, 1, 2, 3, 1, 1, 1, 1, 0, 0]) (1, 7)
('12_7___16__', 15, 0, [], [1, 0, 1, 1, 3, 0, 5, 0, 1, 0, 0, 1, 0, 1, 0]) (1, 9)
('1_1___16__', 14, 0, [], [3, 0, 1, 1, 0, 1, 3, 1, 0, 3, 1, 1, 0, 0]) (1, 5)
('7_2___16__', 14, 0, [], [2, 0, 0, 1, 1, 0, 1, 0, 2, 4, 3, 1, 0, 0]) (1, 5)
('11_2___16__', 14, 0, [], [1, 1, 2, 1, 0, 1, 0, 1, 3, 1, 3, 1, 0, 0]) (1, 8)
('11_6___16__', 14, 0, [], [1, 4, 2, 0, 0, 1, 0, 3, 2, 0, 1, 0, 1, 0]) (1, 10)
('13_9___16__', 14, 0, [], [1, 1, 1, 0, 2, 1, 0, 1, 3, 2, 0, 1, 2, 0]) (1, 8)
('19_8___16__', 14, 0, [], [1, 3, 0, 2, 0, 0, 0, 4, 0, 3, 1, 0, 1, 0]) (1, 5)
('20_2___16__', 14, 0, [], [2, 0, 1, 0, 1, 0, 1, 2, 0, 4, 3, 1, 0, 0]) (1, 6)
('3_9___16__', 13, 0, [], [1, 1, 0, 0, 0, 2, 1, 0, 1, 3, 3, 1, 3]) (1, 4)
('6_6___16__', 13, 0, [], [1, 0, 1, 1, 2, 1, 0, 0, 0, 3, 3, 2, 2]) (1, 6)
('6_7___16__', 13, 0, [], [1, 3, 0, 2, 1, 0, 0, 0, 3, 3, 2, 1, 0]) (1, 6)
('7_10___16__', 13, 0, [], [1, 1, 1, 0, 2, 1, 2, 2, 0, 1, 0, 2, 3]) (1, 5)
('8_3___16__', 13, 0, [], [1, 4, 2, 1, 1, 0, 2, 2, 1, 1, 1, 0, 0]) (1, 8)
('9_2___16__', 13, 0, [], [2, 1, 0, 0, 1, 0, 1, 2, 3, 5, 1, 0, 0]) (1, 7)
('11_9___16__', 13, 0, [], [1, 1, 0, 0, 0, 1, 2, 1, 0, 2, 0, 5, 3]) (1, 6)
('13_1___16__', 13, 0, [], [1, 2, 0, 0, 1, 2, 3, 2, 1, 3, 1, 0, 0]) (1, 6)
('13_7___16__', 13, 0, [], [1, 0, 3, 4, 2, 0, 2, 2, 0, 1, 0, 1, 0]) (1, 6)
less
('1_6___16__', 7, 0, [], [7, 1, 1, 2, 6, 2, 3]) (1, 4)
('8_8___16__', 7, 0, [], [1, 3, 0, 4, 2, 5, 7]) (1, 9)
('9_7___16__', 7, 0, [], [1, 4, 2, 1, 6, 5, 3]) (1, 10)
('15_6___16__', 7, 0, [], [5, 0, 4, 10, 3, 0, 0]) (1, 10)
('2_7___16__', 8, 0, [], [1, 2, 1, 2, 1, 2, 12, 0]) (1, 10)
('7_6___16__', 8, 0, [], [1, 4, 3, 0, 2, 5, 4, 2]) (1, 6)
('9_9___16__', 8, 0, [], [1, 4, 2, 1, 2, 5, 3, 3]) (1, 7)
('10_7___16__', 8, 0, [], [6, 4, 0, 0, 4, 3, 1, 3]) (1, 8)
('13_2___16__', 8, 0, [], [1, 0, 3, 4, 3, 4, 3, 3]) (1, 4)
('20_7___16__', 8, 0, [], [1, 4, 4, 2, 7, 1, 0, 2]) (1, 13)
('1_8___16__', 9, 0, [], [1, 6, 2, 0, 5, 5, 0, 1, 0]) (1, 7)
('2_6___16__', 9, 0, [], [1, 4, 2, 1, 2, 3, 5, 2, 0]) (1, 6)
('2_9___16__', 9, 0, [], [1, 2, 0, 0, 2, 1, 5, 6, 3]) (1, 7)
('2_10___16__', 9, 0, [], [1, 2, 1, 2, 1, 6, 2, 2, 3]) (1, 5)
('3_6___16__', 9, 0, [], [1, 1, 2, 2, 1, 6, 5, 2, 0]) (1, 9)
('3_8___16__', 9, 0, [], [1, 7, 1, 2, 3, 3, 1, 2, 0]) (1, 4)
('5_8___16__', 9, 0, [], [1, 3, 0, 2, 1, 6, 3, 1, 3]) (1, 6)
('5_10___16__', 9, 0, [], [1, 4, 4, 2, 3, 2, 0, 1, 3]) (1, 6)
('6_9___16__', 9, 0, [], [1, 2, 1, 2, 1, 2, 1, 7, 3]) (1, 4)
('7_9___16__', 9, 0, [], [1, 3, 0, 2, 1, 2, 3, 1, 7]) (1, 6)
part_in:(5, 13), all_in:(1, 4), all_out:(1, 13)
red_gap56
more
('17_8___17__', 17, 1, [], [0, 0, 4, 2, 2, 0, 0, 1, 0, 1, 0, 0, 0, 1, 0, 0, 0]) (4, 9)
('2_2___17__', 16, 0, [], [0, 0, 0, 0, 3, 1, 3, 0, 0, 1, 0, 0, 0, 2, 1, 2]) (1, 4)
('8_2___17__', 15, 0, [], [0, 1, 0, 3, 6, 0, 1, 0, 1, 1, 0, 1, 0, 0, 0]) (3, 4)
('12_2___17__', 15, 0, [], [0, 0, 0, 0, 3, 2, 3, 0, 1, 0, 1, 1, 0, 1, 2]) (3, 4)
('12_8___17__', 15, 0, [], [0, 1, 0, 1, 1, 1, 0, 4, 1, 0, 1, 1, 0, 3, 0]) (4, 5)
('17_10___17__', 15, 1, [], [1, 0, 3, 5, 0, 0, 1, 0, 1, 0, 0, 0, 1, 1, 0]) (4, 7)
('19_2___17__', 15, 0, [], [0, 1, 0, 3, 6, 0, 1, 0, 0, 0, 1, 0, 1, 1, 0]) (4, 4)
('2_8___17__', 14, 2, [], [0, 2, 1, 1, 4, 0, 1, 0, 1, 1, 0, 1, 1, 0]) (4, 8)
('4_2___17__', 14, 0, [], [0, 0, 0, 0, 3, 6, 0, 1, 0, 1, 1, 0, 1, 2]) (2, 4)
('5_1___17__', 14, 0, [], [2, 0, 3, 0, 4, 0, 0, 1, 1, 0, 1, 0, 1, 2]) (4, 4)
('5_6___17__', 14, 1, [], [1, 0, 3, 5, 1, 1, 0, 1, 0, 1, 0, 1, 0, 0]) (4, 7)
('5_8___17__', 14, 1, [], [0, 0, 0, 3, 1, 0, 4, 2, 1, 0, 0, 0, 1, 2]) (4, 6)
('5_9___17__', 14, 1, [], [0, 0, 0, 3, 1, 5, 2, 0, 0, 1, 0, 1, 0, 1]) (4, 6)
('7_10___17__', 14, 3, [], [4, 1, 0, 2, 0, 0, 2, 1, 0, 0, 0, 0, 0, 2]) (4, 10)
('10_1___17__', 14, 0, [], [1, 0, 0, 3, 6, 0, 0, 0, 0, 1, 0, 1, 1, 2]) (4, 5)
('11_7___17__', 14, 0, [], [2, 0, 3, 5, 0, 0, 1, 0, 1, 0, 1, 2, 0, 0]) (4, 10)
('12_1___17__', 14, 0, [], [1, 0, 0, 1, 1, 6, 0, 1, 0, 1, 0, 1, 1, 2]) (2, 4)
('13_8___17__', 14, 0, [], [1, 0, 4, 1, 3, 0, 0, 0, 0, 0, 1, 2, 1, 2]) (4, 8)
('14_1___17__', 14, 0, [], [1, 0, 0, 1, 1, 1, 3, 0, 0, 2, 1, 2, 1, 2]) (3, 4)
('14_2___17__', 14, 0, [], [0, 0, 0, 0, 3, 6, 0, 1, 0, 1, 1, 0, 1, 2]) (3, 4)
less
('1_8___17__', 7, 3, [], [4, 7, 1, 0, 3, 0, 4]) (4, 5)
('3_6___17__', 7, 3, [], [0, 3, 7, 2, 1, 2, 4]) (4, 9)
('6_6___17__', 8, 0, [], [2, 0, 3, 10, 1, 2, 3, 0]) (4, 8)
('8_10___17__', 8, 3, [], [4, 7, 2, 1, 1, 0, 1, 2]) (4, 8)
('9_7___17__', 8, 2, [], [0, 4, 7, 2, 1, 2, 3, 0]) (4, 4)
('9_8___17__', 8, 3, [], [4, 5, 1, 2, 1, 0, 1, 4]) (4, 8)
('12_3___17__', 8, 0, [], [2, 4, 6, 0, 2, 1, 2, 4]) (4, 5)
('1_7___17__', 9, 3, [], [0, 3, 4, 2, 1, 0, 4, 3, 0]) (4, 6)
('1_9___17__', 9, 3, [], [4, 7, 0, 0, 0, 3, 0, 1, 2]) (3, 4)
('3_7___17__', 9, 2, [], [0, 4, 7, 2, 1, 0, 1, 3, 0]) (4, 10)
('4_8___17__', 9, 3, [], [0, 3, 1, 5, 2, 1, 2, 3, 0]) (4, 9)
('6_8___17__', 9, 3, [], [0, 3, 7, 1, 0, 1, 1, 0, 4]) (4, 6)
('7_6___17__', 9, 1, [], [1, 4, 7, 1, 0, 1, 2, 1, 2]) (4, 8)
('9_3___17__', 9, 0, [], [2, 4, 6, 0, 2, 1, 2, 1, 2]) (4, 6)
('10_3___17__', 9, 0, [], [0, 1, 4, 6, 0, 2, 1, 2, 4]) (2, 4)
('11_3___17__', 9, 0, [], [2, 4, 6, 0, 1, 0, 1, 2, 4]) (3, 4)
('13_3___17__', 9, 3, [], [4, 6, 0, 1, 0, 1, 2, 1, 2]) (4, 4)
('13_6___17__', 9, 3, [], [4, 5, 1, 0, 0, 0, 4, 2, 1]) (4, 9)
('14_3___17__', 9, 0, [], [2, 4, 6, 0, 1, 0, 1, 2, 4]) (3, 4)
('16_7___17__', 9, 3, [], [4, 5, 1, 1, 0, 1, 0, 1, 4]) (4, 7)
part_in:(1, 10), all_in:(4, 4), all_out:(1, 10)
red_blue
more
('5_6___18__', 17, 1, [], [1, 1, 1, 0, 1, 0, 2, 0, 0, 1, 0, 1, 0, 0, 1, 1, 1]) (8, 13)
('16_6___18__', 16, 1, [], [1, 1, 1, 2, 0, 2, 0, 0, 0, 1, 1, 1, 1, 1, 0, 0]) (2, 13)
('3_7___18__', 15, 3, [], [1, 1, 0, 1, 0, 2, 0, 0, 2, 1, 1, 1, 1, 0, 0]) (4, 13)
('10_6___18__', 15, 3, [], [1, 1, 0, 1, 0, 2, 1, 2, 1, 0, 0, 1, 1, 0, 0]) (4, 13)
('10_9___18__', 15, 1, [], [1, 1, 1, 0, 1, 0, 2, 1, 2, 1, 1, 1, 1, 0, 0]) (3, 13)
('10_10___18__', 15, 1, [], [1, 1, 1, 0, 1, 0, 2, 1, 2, 1, 1, 1, 1, 0, 0]) (4, 13)
('14_9___18__', 15, 1, [], [1, 1, 1, 0, 1, 0, 2, 1, 2, 1, 1, 1, 1, 0, 0]) (2, 13)
('17_9___18__', 15, 1, [], [1, 1, 1, 0, 1, 0, 2, 1, 2, 1, 1, 1, 1, 0, 0]) (3, 13)
('18_6___18__', 15, 1, [], [1, 1, 1, 0, 1, 0, 2, 0, 0, 2, 3, 1, 1, 0, 0]) (5, 13)
('18_7___18__', 15, 1, [], [1, 1, 1, 0, 1, 0, 2, 1, 2, 1, 1, 1, 1, 0, 0]) (3, 13)
('3_6___18__', 14, 3, [], [3, 0, 1, 0, 2, 0, 0, 2, 1, 0, 2, 1, 0, 0]) (7, 13)
('3_8___18__', 14, 3, [], [1, 1, 0, 1, 0, 2, 1, 2, 1, 1, 1, 1, 0, 0]) (5, 13)
('3_9___18__', 14, 1, [], [1, 1, 1, 0, 1, 0, 2, 1, 2, 1, 1, 1, 1, 1]) (1, 13)
('4_6___18__', 14, 1, [], [1, 1, 1, 0, 1, 0, 4, 2, 1, 1, 1, 1, 0, 0]) (1, 13)
('4_9___18__', 14, 1, [], [1, 1, 1, 0, 1, 3, 1, 2, 1, 1, 1, 1, 0, 0]) (2, 13)
('5_7___18__', 14, 1, [], [1, 1, 1, 0, 1, 0, 2, 1, 0, 3, 1, 1, 1, 1]) (6, 13)
('5_8___18__', 14, 3, [], [1, 1, 2, 0, 2, 0, 0, 2, 1, 0, 0, 1, 1, 1]) (4, 13)
('6_9___18__', 14, 1, [], [1, 1, 1, 0, 1, 0, 4, 2, 1, 1, 1, 1, 0, 0]) (4, 13)
('7_7___18__', 14, 1, [], [1, 1, 1, 0, 1, 3, 1, 2, 1, 1, 1, 1, 0, 0]) (6, 13)
('8_7___18__', 14, 1, [], [1, 1, 1, 2, 0, 4, 2, 1, 1, 0, 0, 1, 0, 0]) (7, 13)
less
('1_1___18__', 9, 3, [], [2, 0, 2, 5, 2, 1, 1, 3, 1]) (6, 13)
('1_3___18__', 9, 3, [], [3, 2, 5, 2, 1, 1, 1, 1, 1]) (7, 13)
('1_7___18__', 9, 3, [], [3, 0, 1, 5, 2, 3, 1, 1, 1]) (9, 13)
('5_2___18__', 9, 1, [], [1, 3, 2, 5, 2, 1, 1, 3, 1]) (5, 13)
('5_3___18__', 9, 3, [], [1, 1, 2, 5, 2, 1, 1, 3, 1]) (7, 13)
('7_1___18__', 9, 3, [], [3, 0, 1, 2, 2, 4, 1, 3, 1]) (5, 13)
('7_3___18__', 9, 3, [], [3, 2, 5, 2, 1, 1, 1, 1, 1]) (3, 13)
('8_3___18__', 9, 3, [], [3, 2, 5, 2, 1, 1, 1, 1, 1]) (7, 13)
('10_3___18__', 9, 3, [], [3, 2, 5, 2, 1, 1, 1, 1, 1]) (6, 13)
('12_3___18__', 9, 3, [], [3, 2, 5, 2, 1, 1, 1, 1, 1]) (4, 13)
('13_1___18__', 9, 3, [], [3, 2, 5, 2, 1, 1, 1, 1, 1]) (8, 13)
('20_3___18__', 9, 3, [], [1, 1, 2, 5, 2, 1, 1, 3, 1]) (5, 13)
('1_8___18__', 10, 3, [], [1, 1, 0, 1, 3, 1, 2, 3, 3, 1]) (7, 13)
('1_9___18__', 10, 3, [], [3, 0, 1, 5, 2, 3, 1, 1, 0, 0]) (2, 13)
('1_10___18__', 10, 3, [], [1, 1, 0, 1, 5, 2, 3, 1, 1, 1]) (5, 13)
('3_3___18__', 10, 3, [], [1, 1, 2, 5, 2, 1, 1, 1, 1, 1]) (5, 13)
('4_1___18__', 10, 3, [], [2, 0, 2, 2, 2, 2, 1, 1, 3, 1]) (8, 13)
('4_3___18__', 10, 3, [], [1, 1, 0, 1, 5, 2, 1, 1, 3, 1]) (7, 13)
('6_3___18__', 10, 1, [], [1, 3, 2, 5, 2, 1, 1, 1, 1, 1]) (7, 13)
('7_10___18__', 10, 3, [], [1, 1, 0, 1, 5, 2, 3, 1, 1, 1]) (5, 13)
part_in:(1, 8), all_in:(9, 13), all_out:(1, 13)
