Red2
('0_Red2_Top1_UnHit_1', 26) [2, 3, 4, 5, 7, 8, 9, 10, 11, 12, 13, 14]
('0_Red2_Top2_UnHit_1', 25) [2, 3, 4, 5, 7, 8, 9, 10, 11, 12, 13, 14]
('1_Red2_Top2_UnHit_1', 25) [6, 7, 8, 9, 10, 11, 12]
('1_Red2_Top1_UnHit_1', 23) [2, 3, 4, 5, 7, 8, 9, 10, 11, 12, 13, 14]
('1_Red2_Top2_Hit_1', 23) [2, 3, 4, 5, 11, 12, 13, 14]
('1_Red2_Top3_Hit_1', 22) [2, 3, 4, 5, 10, 11, 12, 13, 14]
('0_Red2_Top3_Hit_1', 21) [2, 3, 4, 5, 10, 11, 12, 13, 14]
('0_Red2_Top3_UnHit_1', 21) [7, 8, 9, 10, 11, 12]
('1_Red2_Top3_UnHit_1', 21) [6, 7, 8, 9, 10, 11]
('0_Red2_Top2_Hit_1', 20) [2, 3, 4, 5, 8, 9, 10, 11, 12, 13, 14]
('0_Red2_Top2_Hit_0', 7) [6, 7]
('0_Red2_Top3_Hit_0', 6) [6, 7, 8, 9]
('0_Red2_Top3_UnHit_0', 6) [2, 3, 4, 5, 6, 13, 14]
('1_Red2_Top3_UnHit_0', 4) [2, 3, 4, 5, 12, 13, 14]
('1_Red2_Top3_Hit_0', 3) [6, 7, 8, 9]
('1_Red2_Top1_UnHit_0', 2) [6]
('1_Red2_Top2_Hit_0', 2) [6, 7, 8, 9, 10]
('0_Red2_Top2_UnHit_0', 2) [6]
('0_Red2_Top1_UnHit_0', 1) [6]
('1_Red2_Top2_UnHit_0', 0) [2, 3, 4, 5, 13, 14]
RedGap23
('0_RedGap23_Top2_UnHit_1', 26) [1, 2, 3, 4, 5, 6, 7, 8]
('1_RedGap23_Top2_Hit_1', 22) [0, 7, 8, 9, 10]
('0_RedGap23_Top3_Hit_1', 19) [6, 7, 8]
('1_RedGap23_Top3_Hit_1', 19) [0, 7, 8, 9, 10]
('1_RedGap23_Top3_UnHit_1', 18) [4, 5, 6, 7, 8]
('0_RedGap23_Top3_UnHit_1', 16) [4, 5, 6, 7]
('0_RedGap23_Top3_UnHit_0', 11) [0, 1, 2, 3, 8, 9, 10]
('0_RedGap23_Top3_Hit_0', 8) [0, 1, 2, 3, 4, 5, 9, 10]
('1_RedGap23_Top3_UnHit_0', 7) [0, 1, 2, 3, 9, 10]
('1_RedGap23_Top3_Hit_0', 6) [1, 2, 3, 4, 5, 6]
('1_RedGap23_Top2_Hit_0', 3) [1, 2, 3, 4, 5, 6]
('0_RedGap23_Top2_UnHit_0', 1) [0, 9, 10]
Red1
('0_Red1_Top3_Hit_1', 24) [-1, 0, 1, 2, 3, 5, 6, 7, 8, 9]
('1_Red1_Top3_Hit_1', 22) [-1, 0, 1, 2, 3, 5, 6, 7, 8, 9]
('1_Red1_Top2_Hit_1', 21) [-1, 0, 1, 2, 3, 5, 6, 7, 8, 9]
('0_Red1_Top3_UnHit_1', 20) [-1, 0, 1, 2, 3, 5, 6, 7, 8, 9]
('0_Red1_Top2_UnHit_1', 16) [-1, 0, 1, 2, 3, 5, 6, 7, 8, 9]
('1_Red1_Top3_UnHit_1', 16) [2, 3, 4, 5, 6]
('0_Red1_Top1_UnHit_1', 15) [-1, 0, 1, 2, 3, 5, 6, 7, 8, 9]
('1_Red1_Top1_UnHit_1', 14) [-1, 0, 1, 2, 3, 5, 6, 7, 8, 9]
('0_Red1_Top1_UnHit_0', 12) [4]
('1_Red1_Top1_UnHit_0', 11) [4]
('0_Red1_Top2_UnHit_0', 11) [4]
('1_Red1_Top3_UnHit_0', 9) [-1, 0, 1, 7, 8, 9]
('0_Red1_Top3_UnHit_0', 7) [4]
('1_Red1_Top2_Hit_0', 4) [4]
('0_Red1_Top3_Hit_0', 3) [4]
('1_Red1_Top3_Hit_0', 3) [4]
Red5
('0_Red5_Top3_UnHit_1', 24) [14, 25, 26, 27, 28, 29]
('0_Red5_Top1_Hit_1', 23) [14, 26, 27, 28, 29]
('1_Red5_Top1_Hit_1', 22) [14, 26, 27, 28, 29]
('0_Red5_Top2_Hit_1', 21) [14, 26, 27, 28, 29]
('1_Red5_Top2_Hit_1', 21) [14, 26, 27, 28, 29]
('0_Red5_Top3_Hit_1', 21) [14, 25, 26, 27, 28, 29]
('0_Red5_Top2_UnHit_1', 19) [24, 25]
('1_Red5_Top3_UnHit_1', 19) [15, 16, 17, 18, 19, 20, 21, 22, 23, 24]
('0_Red5_Top1_UnHit_1', 17) [25, 26]
('1_Red5_Top1_UnHit_1', 16) [25]
('1_Red5_Top2_UnHit_1', 16) [15, 16, 17, 18, 19, 20, 21, 22, 23, 24, 25]
('0_Red5_Top1_UnHit_0', 10) [14, 15, 16, 17, 18, 19, 20, 21, 22, 23, 24, 27, 28, 29]
('1_Red5_Top1_UnHit_0', 9) [14, 15, 16, 17, 18, 19, 20, 21, 22, 23, 24, 26, 27, 28, 29]
('1_Red5_Top2_UnHit_0', 9) [14, 26, 27, 28, 29]
('0_Red5_Top2_UnHit_0', 8) [14, 15, 16, 17, 18, 19, 20, 21, 22, 23, 26, 27, 28, 29]
('0_Red5_Top2_Hit_0', 6) [15, 16, 17, 18, 19, 20, 21, 22, 23, 24, 25]
('0_Red5_Top3_Hit_0', 6) [15, 16, 17, 18, 19, 20, 21, 22, 23, 24]
('1_Red5_Top3_UnHit_0', 6) [14, 25, 26, 27, 28, 29]
('0_Red5_Top1_Hit_0', 4) [15, 16, 17, 18, 19, 20, 21, 22, 23, 24, 25]
('1_Red5_Top2_Hit_0', 4) [15, 16, 17, 18, 19, 20, 21, 22, 23, 24, 25]
('1_Red5_Top1_Hit_0', 3) [15, 16, 17, 18, 19, 20, 21, 22, 23, 24, 25]
('0_Red5_Top3_UnHit_0', 3) [15, 16, 17, 18, 19, 20, 21, 22, 23, 24]
RedGap16
('0_RedGap16_Top3_Hit_1', 24) [19, 26, 27, 28, 29, 30, 31]
('1_RedGap16_Top3_Hit_1', 24) [19, 26, 27, 28, 29, 30, 31]
('1_RedGap16_Top2_Hit_1', 20) [19, 23, 24, 25, 26, 27, 28, 29, 30, 31]
('0_RedGap16_Top2_UnHit_1', 20) [19, 25, 26, 27, 28, 29, 30, 31]
('1_RedGap16_Top3_UnHit_1', 17) [19, 24, 25, 26, 27, 28, 29, 30, 31]
('0_RedGap16_Top3_UnHit_1', 16) [19, 25, 26, 27, 28, 29, 30, 31]
('0_RedGap16_Top3_UnHit_0', 11) [20, 21, 22, 23, 24]
('1_RedGap16_Top3_UnHit_0', 8) [20, 21, 22, 23]
('0_RedGap16_Top2_UnHit_0', 7) [20, 21, 22, 23, 24]
('1_RedGap16_Top2_Hit_0', 5) [20, 21, 22]
('0_RedGap16_Top3_Hit_0', 3) [20, 21, 22, 23, 24, 25]
('1_RedGap16_Top3_Hit_0', 1) [20, 21, 22, 23, 24, 25]
RedSum25
('0_RedSum25_Top1_Hit_1', 24) [20, 33, 34, 35, 36, 37, 38]
('1_RedSum25_Top1_Hit_1', 24) [20, 32, 33, 34, 35, 36, 37, 38]
('0_RedSum25_Top3_Hit_1', 22) [20, 32, 33, 34, 35, 36, 37, 38]
('1_RedSum25_Top3_Hit_1', 20) [20, 33, 34, 35, 36, 37, 38]
('1_RedSum25_Top3_UnHit_1', 19) [20, 33, 34, 35, 36, 37, 38]
('0_RedSum25_Top3_UnHit_1', 17) [20, 34, 35, 36, 37, 38]
('0_RedSum25_Top3_UnHit_0', 10) [21, 22, 23, 24, 25, 26, 27, 28, 29, 30, 31, 32, 33]
('1_RedSum25_Top3_UnHit_0', 6) [21, 22, 23, 24, 25, 26, 27, 28, 29, 30, 31, 32]
('0_RedSum25_Top3_Hit_0', 5) [21, 22, 23, 24, 25, 26, 27, 28, 29, 30, 31]
('1_RedSum25_Top3_Hit_0', 5) [21, 22, 23, 24, 25, 26, 27, 28, 29, 30, 31, 32]
('0_RedSum25_Top1_Hit_0', 3) [21, 22, 23, 24, 25, 26, 27, 28, 29, 30, 31, 32]
('0_RedSum25_Top2_UnHit_0', 2) [20, 21, 22, 23, 24, 25, 26, 27, 28, 29, 30, 31, 32, 33, 34, 35, 36, 37, 38]
('1_RedSum25_Top1_Hit_0', 1) [21, 22, 23, 24, 25, 26, 27, 28, 29, 30, 31]
RedGap45
('0_RedGap45_Top1_Hit_1', 24) [0, 6, 7, 8, 9, 10, 11]
('0_RedGap45_Top2_Hit_1', 24) [0, 6, 7, 8, 9, 10, 11]
('1_RedGap45_Top1_Hit_1', 23) [0, 6, 7, 8, 9, 10, 11]
('1_RedGap45_Top2_Hit_1', 19) [0, 7, 8, 9, 10, 11]
('1_RedGap45_Top2_UnHit_1', 17) [1, 2, 3, 4, 5]
('0_RedGap45_Top2_UnHit_1', 16) [4, 5, 6]
('0_RedGap45_Top3_UnHit_1', 16) [0, 6, 7, 8, 9, 10, 11]
('0_RedGap45_Top1_UnHit_1', 14) [4, 5]
('1_RedGap45_Top1_UnHit_1', 14) [4, 5]
('0_RedGap45_Top1_UnHit_0', 13) [0, 1, 2, 3, 6, 7, 8, 9, 10, 11]
('1_RedGap45_Top1_UnHit_0', 11) [0, 1, 2, 3, 6, 7, 8, 9, 10, 11]
('0_RedGap45_Top2_UnHit_0', 11) [0, 1, 2, 3, 7, 8, 9, 10, 11]
('0_RedGap45_Top3_UnHit_0', 11) [1, 2, 3, 4, 5]
('1_RedGap45_Top3_UnHit_0', 10) [0, 1, 2, 3, 4, 5, 6, 7, 8, 9, 10, 11]
('1_RedGap45_Top2_UnHit_0', 8) [0, 6, 7, 8, 9, 10, 11]
('1_RedGap45_Top2_Hit_0', 6) [1, 2, 3, 4, 5, 6]
('0_RedGap45_Top1_Hit_0', 3) [1, 2, 3, 4, 5]
('0_RedGap45_Top2_Hit_0', 3) [1, 2, 3, 4, 5]
('1_RedGap45_Top1_Hit_0', 2) [1, 2, 3, 4, 5]
RedSum16
('0_RedSum16_Top3_Hit_1', 23) [27, 34, 35, 36, 37, 38]
('1_RedSum16_Top3_Hit_1', 23) [27, 34, 35, 36, 37, 38]
('0_RedSum16_Top1_UnHit_1', 21) [27, 30, 31, 32, 33, 34, 35, 36, 37, 38]
('0_RedSum16_Top2_UnHit_1', 21) [27, 33, 34, 35, 36, 37, 38]
('1_RedSum16_Top3_UnHit_1', 21) [28, 29, 30, 31, 32, 33, 34, 35, 36, 37]
('0_RedSum16_Top3_UnHit_1', 15) [27, 34, 35, 36, 37, 38]
('0_RedSum16_Top3_UnHit_0', 12) [28, 29, 30, 31, 32, 33]
('0_RedSum16_Top1_UnHit_0', 6) [28, 29]
('0_RedSum16_Top2_UnHit_0', 6) [28, 29, 30, 31, 32]
('0_RedSum16_Top3_Hit_0', 4) [28, 29, 30, 31, 32, 33]
('1_RedSum16_Top3_UnHit_0', 4) [27, 38]
('1_RedSum16_Top3_Hit_0', 2) [28, 29, 30, 31, 32, 33]
RedGap25
('0_RedGap25_Top1_Hit_1', 23) [8, 16, 17, 18, 19, 20, 21, 22, 23]
('1_RedGap25_Top1_Hit_1', 22) [16, 17, 18, 19, 20, 21, 22]
('0_RedGap25_Top2_Hit_1', 21) [8, 17, 18, 19, 20, 21, 22, 23]
('0_RedGap25_Top2_UnHit_1', 20) [9, 10, 11, 12, 13, 14, 15, 16]
('0_RedGap25_Top3_Hit_1', 20) [8, 15, 16, 17, 18, 19, 20, 21, 22, 23]
('1_RedGap25_Top2_Hit_1', 19) [8, 17, 18, 19, 20, 21, 22, 23]
('0_RedGap25_Top1_UnHit_1', 18) [9, 10, 11, 12, 13, 14, 15, 16]
('1_RedGap25_Top1_UnHit_1', 17) [9, 10, 11, 12, 13, 14, 15, 16]
('1_RedGap25_Top2_UnHit_1', 17) [9, 10, 11, 12, 13, 14, 15, 16]
('0_RedGap25_Top3_UnHit_1', 17) [12, 13, 14, 15, 16, 17, 18, 19, 20, 21, 22]
('1_RedGap25_Top3_UnHit_1', 17) [8, 9, 10, 11, 12, 13, 14, 15, 16, 19, 23]
('0_RedGap25_Top3_UnHit_0', 10) [8, 9, 10, 11, 23]
('0_RedGap25_Top1_UnHit_0', 9) [8, 17, 18, 19, 20, 21, 22, 23]
('1_RedGap25_Top1_UnHit_0', 8) [8, 17, 18, 19, 20, 21, 22, 23]
('1_RedGap25_Top2_UnHit_0', 8) [8, 17, 18, 19, 20, 21, 22, 23]
('1_RedGap25_Top3_UnHit_0', 8) [17, 18, 20, 21, 22]
('0_RedGap25_Top2_UnHit_0', 7) [8, 17, 18, 19, 20, 21, 22, 23]
('0_RedGap25_Top3_Hit_0', 7) [9, 10, 11, 12, 13, 14]
('0_RedGap25_Top2_Hit_0', 6) [9, 10, 11, 12, 13, 14, 15, 16]
('1_RedGap25_Top2_Hit_0', 6) [9, 10, 11, 12, 13, 14, 15, 16]
('0_RedGap25_Top1_Hit_0', 4) [9, 10, 11, 12, 13, 14, 15]
('1_RedGap25_Top1_Hit_0', 3) [8, 9, 10, 11, 12, 13, 14, 15, 23]
RedSum34
('0_RedSum34_Top1_UnHit_1', 23) [20, 34, 35, 36, 37, 38, 39, 40, 41, 42, 43, 44, 45, 46, 47]
('1_RedSum34_Top2_UnHit_1', 22) [21, 22, 23, 24, 25, 26, 27, 28, 29, 30, 31, 32, 33, 34, 35, 36, 37, 38, 39, 40, 41, 42, 43, 44, 45, 46]
('0_RedSum34_Top3_Hit_1', 21) [20, 36, 37, 38, 39, 40, 41, 42, 43, 44, 45, 46, 47]
('1_RedSum34_Top1_UnHit_1', 20) [20, 26, 27, 28, 29, 30, 31, 32, 33, 34, 35, 36, 37, 38, 39, 40, 41, 42, 43, 44, 45, 46, 47]
('0_RedSum34_Top2_Hit_1', 20) [20, 35, 36, 37, 38, 39, 40, 41, 42, 43, 44, 45, 46, 47]
('1_RedSum34_Top2_Hit_1', 20) [20, 35, 36, 37, 38, 39, 40, 41, 42, 43, 44, 45, 46, 47]
('0_RedSum34_Top2_UnHit_1', 19) [20, 31, 32, 33, 34, 35, 36, 37, 38, 39, 40, 41, 42, 43, 44, 45, 46, 47]
('1_RedSum34_Top3_Hit_1', 18) [20, 36, 37, 38, 39, 40, 41, 42, 43, 44, 45, 46, 47]
('1_RedSum34_Top3_UnHit_1', 18) [20, 26, 27, 28, 29, 30, 31, 32, 33, 34, 35, 36, 37, 38, 39, 40, 41, 42, 43, 44, 45, 46, 47]
('0_RedSum34_Top3_UnHit_1', 17) [20, 31, 32, 33, 34, 35, 36, 37, 38, 39, 40, 41, 42, 43, 44, 45, 46, 47]
('0_RedSum34_Top3_UnHit_0', 10) [21, 22, 23, 24, 25, 26, 27, 28, 29, 30]
('0_RedSum34_Top2_UnHit_0', 8) [21, 22, 23, 24, 25, 26, 27, 28, 29, 30]
('0_RedSum34_Top2_Hit_0', 7) [21, 22, 23, 24, 25, 26, 27, 28, 29, 30, 31, 32, 33, 34]
('1_RedSum34_Top3_Hit_0', 7) [21, 22, 23, 24, 25, 26, 27, 28, 29, 30, 31, 32, 33, 34, 35]
('1_RedSum34_Top3_UnHit_0', 7) [21, 22, 23, 24, 25]
('0_RedSum34_Top3_Hit_0', 6) [21, 22, 23, 24, 25, 26, 27, 28, 29, 30, 31, 32, 33, 34, 35]
('1_RedSum34_Top1_UnHit_0', 5) [21, 22, 23, 24, 25]
('1_RedSum34_Top2_Hit_0', 5) [21, 22, 23, 24, 25, 26, 27, 28, 29, 30, 31, 32, 33, 34]
('0_RedSum34_Top1_UnHit_0', 4) [21, 22, 23, 24, 25, 26, 27, 28, 29, 30, 31, 32, 33]
('1_RedSum34_Top2_UnHit_0', 3) [20, 47]
RedGap34
('0_RedGap34_Top2_Hit_1', 23) [2, 3, 4, 5, 6, 7, 8]
('1_RedGap34_Top2_UnHit_1', 23) [4, 5, 6, 7]
('0_RedGap34_Top1_Hit_1', 22) [2, 3, 4, 5, 6, 7, 8]
('1_RedGap34_Top1_Hit_1', 20) [3, 4, 5, 6, 7]
('0_RedGap34_Top2_UnHit_1', 20) [2, 3, 4, 5, 6, 7, 8]
('1_RedGap34_Top3_Hit_1', 18) [2, 3, 4, 5, 6, 8]
('0_RedGap34_Top3_UnHit_1', 18) [4, 5, 6, 7]
('0_RedGap34_Top3_Hit_1', 17) [2, 3, 4, 5, 6, 7]
('1_RedGap34_Top3_UnHit_1', 17) [4, 5, 6, 7]
('0_RedGap34_Top3_Hit_0', 10) [-3, -2, -1, 0, 1, 8, 9, 10, 11]
('0_RedGap34_Top3_UnHit_0', 9) [-3, -2, -1, 0, 1, 2, 3, 8, 9, 10, 11]
('1_RedGap34_Top3_UnHit_0', 8) [-3, -2, -1, 0, 1, 2, 3, 8, 9, 10, 11]
('0_RedGap34_Top2_UnHit_0', 7) [-3, -2, -1, 0, 1, 9, 10, 11]
('1_RedGap34_Top3_Hit_0', 7) [-3, -2, -1, 0, 1, 7, 9, 10, 11]
('0_RedGap34_Top1_Hit_0', 5) [-3, -2, -1, 0, 1, 9, 10, 11]
('1_RedGap34_Top1_Hit_0', 5) [-3, -2, -1, 0, 1, 2, 8, 9, 10, 11]
('0_RedGap34_Top2_Hit_0', 4) [-3, -2, -1, 0, 1, 9, 10, 11]
('1_RedGap34_Top2_UnHit_0', 2) [-3, -2, -1, 0, 1, 2, 3, 8, 9, 10, 11]
RedBlue
('0_RedBlue_Top2_Hit_1', 23) [3, 4, 5, 6, 7, 9, 10, 11, 12, 13, 14, 15]
('1_RedBlue_Top2_Hit_1', 21) [3, 4, 5, 9, 10, 11, 12, 13, 14, 15]
('0_RedBlue_Top3_Hit_1', 21) [3, 4, 5, 6, 7, 9, 10, 11, 12, 13, 14, 15]
('1_RedBlue_Top3_Hit_1', 20) [3, 4, 5, 6, 9, 10, 11, 12, 13, 14, 15]
('0_RedBlue_Top3_UnHit_1', 19) [5, 6, 7, 8, 9, 10]
('0_RedBlue_Top2_UnHit_1', 17) [3, 4, 5, 6, 7, 9, 10, 11, 12, 13, 14, 15]
('1_RedBlue_Top2_UnHit_1', 17) [7, 8]
('1_RedBlue_Top3_UnHit_1', 17) [6, 7, 8, 9]
('0_RedBlue_Top2_UnHit_0', 10) [8]
('1_RedBlue_Top2_UnHit_0', 8) [3, 4, 5, 6, 9, 10, 11, 12, 13, 14, 15]
('0_RedBlue_Top3_UnHit_0', 8) [3, 4, 11, 12, 13, 14, 15]
('1_RedBlue_Top3_UnHit_0', 8) [3, 4, 5, 10, 11, 12, 13, 14, 15]
('0_RedBlue_Top3_Hit_0', 6) [8]
('1_RedBlue_Top3_Hit_0', 5) [7, 8]
('0_RedBlue_Top2_Hit_0', 4) [8]
('1_RedBlue_Top2_Hit_0', 4) [6, 7, 8]
Red3
('0_Red3_Top2_UnHit_1', 22) [6, 9, 10, 11, 12, 13, 14, 15, 16, 17, 18, 19, 20, 21]
('1_Red3_Top2_UnHit_1', 21) [7, 8, 9, 10, 11, 12, 13, 14, 15, 16]
('1_Red3_Top3_UnHit_1', 21) [7, 8, 9, 10, 11, 12, 13, 14, 15, 16, 17, 18]
('0_Red3_Top1_UnHit_1', 20) [6, 15, 16, 17, 18, 19, 20, 21]
('1_Red3_Top1_UnHit_1', 19) [6, 9, 10, 11, 12, 13, 14, 15, 16, 17, 18, 19, 20, 21]
('0_Red3_Top2_Hit_1', 19) [6, 14, 15, 16, 17, 18, 19, 20, 21]
('0_Red3_Top3_UnHit_1', 19) [7, 8, 9, 10, 11, 12, 13, 14, 15, 16, 17, 18]
('0_Red3_Top3_Hit_1', 18) [6, 16, 17, 18, 19, 20, 21]
('1_Red3_Top3_Hit_1', 17) [6, 16, 17, 18, 19, 20, 21]
('1_Red3_Top2_Hit_1', 16) [6, 16, 17, 18, 19, 20, 21]
('1_Red3_Top2_Hit_0', 9) [7, 8, 9, 10, 11, 12, 13, 14, 15]
('0_Red3_Top3_Hit_0', 9) [7, 8, 9, 10, 11, 12, 13, 14, 15]
('0_Red3_Top2_Hit_0', 8) [7, 8, 9, 10, 11, 12, 13]
('1_Red3_Top3_Hit_0', 8) [7, 8, 9, 10, 11, 12, 13, 14, 15]
('0_Red3_Top3_UnHit_0', 8) [6, 19, 20, 21]
('0_Red3_Top1_UnHit_0', 7) [7, 8, 9, 10, 11, 12, 13, 14]
('1_Red3_Top1_UnHit_0', 6) [7, 8]
('0_Red3_Top2_UnHit_0', 5) [7, 8]
('1_Red3_Top2_UnHit_0', 4) [6, 17, 18, 19, 20, 21]
('1_Red3_Top3_UnHit_0', 4) [6, 19, 20, 21]
Red6
('1_Red6_Top2_Hit_1', 22) [23, 31, 32, 33]
('0_Red6_Top3_Hit_1', 22) [23, 30, 31, 32, 33]
('1_Red6_Top3_Hit_1', 21) [23, 31, 32, 33]
('0_Red6_Top3_UnHit_1', 17) [23, 29, 30, 31, 32, 33]
('1_Red6_Top3_UnHit_1', 17) [23, 29, 30, 31, 32, 33]
('0_Red6_Top3_UnHit_0', 10) [24, 25, 26, 27, 28]
('1_Red6_Top3_UnHit_0', 8) [24, 25, 26, 27, 28]
('0_Red6_Top3_Hit_0', 5) [24, 25, 26, 27, 28, 29]
('1_Red6_Top3_Hit_0', 4) [24, 25, 26, 27, 28, 29, 30]
('1_Red6_Top2_Hit_0', 3) [24, 25, 26, 27, 28, 29, 30]
RedGap56
('0_RedGap56_Top2_UnHit_1', 22) [0, 1, 2, 3, 4, 5, 10]
('0_RedGap56_Top3_Hit_1', 21) [0, 1, 2, 3, 4, 5, 10]
('1_RedGap56_Top3_Hit_1', 20) [0, 1, 2, 3, 4, 5, 10]
('0_RedGap56_Top3_UnHit_1', 15) [0, 1, 2, 3, 4, 5, 10]
('0_RedGap56_Top3_UnHit_0', 12) [6, 7, 8, 9]
('0_RedGap56_Top3_Hit_0', 6) [6, 7, 8, 9]
('0_RedGap56_Top2_UnHit_0', 5) [6, 7, 8, 9]
('1_RedGap56_Top3_Hit_0', 5) [6, 7, 8, 9]
Red4
('0_Red4_Top3_Hit_1', 21) [13, 20, 21, 22, 23, 24, 25, 26, 27, 28, 29]
('1_Red4_Top3_Hit_1', 21) [13, 21, 22, 23, 24, 25, 26, 27, 28, 29]
('1_Red4_Top3_UnHit_1', 20) [14, 15, 16, 17, 18, 19, 20, 21]
('1_Red4_Top2_Hit_1', 18) [13, 21, 22, 23, 24, 25, 26, 27, 28, 29]
('1_Red4_Top2_UnHit_1', 17) [14, 15, 16, 17, 18, 19]
('0_Red4_Top3_UnHit_1', 17) [17, 18, 19, 20, 21, 22]
('0_Red4_Top2_UnHit_1', 16) [13, 19, 20, 21, 22, 23, 24, 25, 26, 27, 28, 29]
('0_Red4_Top1_UnHit_0', 14) [14, 15, 16, 17, 18, 19, 20, 21, 22]
('0_Red4_Top1_UnHit_1', 13) [13, 23, 24, 25, 26, 27, 28, 29]
('1_Red4_Top1_UnHit_1', 13) [13, 23, 24, 25, 26, 27, 28, 29]
('1_Red4_Top1_UnHit_0', 12) [14, 15, 16, 17, 18, 19, 20, 21, 22]
('0_Red4_Top2_UnHit_0', 11) [14, 15, 16, 17, 18]
('0_Red4_Top3_UnHit_0', 10) [13, 14, 15, 16, 23, 24, 25, 26, 27, 28, 29]
('1_Red4_Top2_UnHit_0', 8) [13, 20, 21, 22, 23, 24, 25, 26, 27, 28, 29]
('1_Red4_Top2_Hit_0', 7) [14, 15, 16, 17, 18, 19, 20]
('0_Red4_Top3_Hit_0', 6) [14, 15, 16, 17, 18, 19]
('1_Red4_Top3_UnHit_0', 5) [13, 22, 23, 24, 25, 26, 27, 28, 29]
('1_Red4_Top3_Hit_0', 4) [14, 15, 16, 17, 18, 19, 20]
RedSum_
('0_RedSum_Top3_Hit_1', 21) [69, 109, 110, 111, 112, 113, 114, 115, 116, 117, 118, 119, 120, 121, 122]
('1_RedSum_Top3_Hit_1', 21) [69, 109, 110, 111, 112, 113, 114, 115, 116, 117, 118, 119, 120, 121, 122]
('0_RedSum_Top3_UnHit_1', 20) [69, 108, 109, 110, 111, 112, 113, 114, 115, 116, 117, 118, 119, 120, 121, 122]
('0_RedSum_Top1_UnHit_1', 18) [69, 108, 109, 110, 111, 112, 113, 114, 115, 116, 117, 118, 119, 120, 121, 122]
('1_RedSum_Top1_UnHit_1', 17) [69, 108, 109, 110, 111, 112, 113, 114, 115, 116, 117, 118, 119, 120, 121, 122]
('0_RedSum_Top2_UnHit_1', 17) [69, 110, 111, 112, 113, 114, 115, 116, 117, 118, 119, 120, 121, 122]
('1_RedSum_Top3_UnHit_1', 17) [69, 104, 105, 106, 107, 108, 109, 110, 111, 112, 113, 114, 115, 116, 117, 118, 119, 120, 121, 122]
('0_RedSum_Top2_UnHit_0', 10) [70, 71, 72, 73, 74, 75, 76, 77, 78, 79, 80, 81, 82, 83, 84, 85, 86, 87, 88, 89, 90, 91, 92, 93, 94, 95, 96, 97, 98, 99, 100, 101, 102, 103, 104, 105, 106, 107, 108, 109]
('0_RedSum_Top1_UnHit_0', 9) [70, 71, 72, 73, 74, 75, 76, 77, 78, 79, 80, 81, 82, 83, 84, 85, 86, 87, 88, 89, 90, 91, 92, 93, 94, 95, 96, 97, 98, 99, 100, 101, 102, 103, 104, 105, 106, 107]
('1_RedSum_Top1_UnHit_0', 8) [70, 71, 72, 73, 74, 75, 76, 77, 78, 79, 80, 81, 82, 83, 84, 85, 86, 87, 88, 89, 90, 91, 92, 93, 94, 95, 96, 97, 98, 99, 100, 101, 102, 103, 104, 105, 106, 107]
('1_RedSum_Top3_UnHit_0', 8) [70, 71, 72, 73, 74, 75, 76, 77, 78, 79, 80, 81, 82, 83, 84, 85, 86, 87, 88, 89, 90, 91, 92, 93, 94, 95, 96, 97, 98, 99, 100, 101, 102, 103]
('0_RedSum_Top3_UnHit_0', 7) [70, 71, 72, 73, 74, 75, 76, 77, 78, 79, 80, 81, 82, 83, 84, 85, 86, 87, 88, 89, 90, 91, 92, 93, 94, 95, 96, 97, 98, 99, 100, 101, 102, 103, 104, 105, 106, 107]
('0_RedSum_Top3_Hit_0', 6) [70, 71, 72, 73, 74, 75, 76, 77, 78, 79, 80, 81, 82, 83, 84, 85, 86, 87, 88, 89, 90, 91, 92, 93, 94, 95, 96, 97, 98, 99, 100, 101, 102, 103, 104, 105, 106, 107, 108]
('1_RedSum_Top3_Hit_0', 4) [70, 71, 72, 73, 74, 75, 76, 77, 78, 79, 80, 81, 82, 83, 84, 85, 86, 87, 88, 89, 90, 91, 92, 93, 94, 95, 96, 97, 98, 99, 100, 101, 102, 103, 104, 105, 106, 107, 108]
RedGap12
('1_RedGap12_Top2_UnHit_1', 21) [2, 3, 4]
('0_RedGap12_Top2_Hit_1', 20) [1, 4, 5, 6, 7, 8, 9, 10, 11, 12]
('1_RedGap12_Top2_Hit_1', 20) [1, 6, 7, 8, 9, 10, 11, 12]
('0_RedGap12_Top2_UnHit_1', 20) [1, 5, 6, 7, 8, 9, 10, 11, 12]
('0_RedGap12_Top3_Hit_1', 20) [1, 5, 6, 7, 8, 9, 10, 11, 12]
('0_RedGap12_Top3_UnHit_1', 20) [3, 4, 5, 6, 7]
('1_RedGap12_Top3_UnHit_1', 20) [2, 3, 4, 5, 6]
('1_RedGap12_Top3_Hit_1', 19) [1, 6, 7, 8, 9, 10, 11, 12]
('0_RedGap12_Top1_UnHit_0', 8) [1, 2, 3, 4, 5, 6, 7, 8, 9, 10, 11, 12]
('0_RedGap12_Top2_Hit_0', 7) [2, 3]
('0_RedGap12_Top2_UnHit_0', 7) [2, 3, 4]
('0_RedGap12_Top3_Hit_0', 7) [2, 3, 4]
('0_RedGap12_Top3_UnHit_0', 7) [1, 2, 8, 9, 10, 11, 12]
('1_RedGap12_Top1_UnHit_0', 6) [1, 2, 3, 4, 5, 6, 7, 8, 9, 10, 11, 12]
('1_RedGap12_Top3_Hit_0', 6) [2, 3, 4, 5]
('1_RedGap12_Top2_Hit_0', 5) [2, 3, 4, 5]
('1_RedGap12_Top3_UnHit_0', 5) [1, 7, 8, 9, 10, 11, 12]
('1_RedGap12_Top2_UnHit_0', 4) [1, 5, 6, 7, 8, 9, 10, 11, 12]
