30
red1
more
('18_9___1__', 14, 1, [2, 0, 1, 3, 0, 1, 0, 4, 0, 1, 0, 1, 1, 0]) (1, 6)
('23_8___1__', 14, 1, [2, 0, 5, 0, 1, 0, 1, 2, 0, 0, 1, 1, 1, 0]) (2, 6)
('37_1___1__', 14, 1, [3, 1, 2, 1, 0, 0, 0, 1, 0, 0, 0, 3, 3, 0]) (2, 6)
('40_6___1__', 14, 1, [2, 0, 1, 3, 0, 1, 0, 2, 1, 0, 1, 0, 3, 0]) (2, 6)
('4_2___1__', 13, 1, [3, 1, 2, 0, 0, 1, 0, 1, 2, 1, 1, 3, 0]) (3, 6)
('6_6___1__', 13, 1, [2, 0, 5, 0, 1, 0, 1, 0, 1, 0, 1, 0, 4]) (1, 6)
('10_9___1__', 13, 1, [2, 0, 1, 3, 0, 1, 0, 0, 3, 3, 1, 1, 0]) (2, 6)
('14_6___1__', 13, 1, [2, 0, 1, 3, 0, 1, 0, 4, 0, 1, 0, 1, 2]) (1, 6)
('18_8___1__', 13, 1, [2, 0, 1, 3, 0, 1, 0, 4, 0, 1, 0, 3, 0]) (2, 6)
('23_9___1__', 13, 1, [2, 0, 5, 0, 1, 0, 1, 0, 1, 3, 1, 1, 0]) (3, 6)
less
('4_5___1__', 5, 5, [5, 0, 1, 0, 13]) (5, 6)
('5_4___1__', 5, 1, [3, 6, 1, 0, 13]) (6, 6)
('5_5___1__', 5, 5, [5, 0, 1, 0, 13]) (5, 6)
('7_5___1__', 5, 5, [5, 0, 1, 0, 13]) (4, 6)
('8_5___1__', 5, 5, [5, 0, 1, 0, 13]) (5, 6)
('9_5___1__', 5, 5, [5, 0, 1, 0, 13]) (5, 6)
('10_5___1__', 5, 5, [5, 0, 1, 0, 13]) (5, 6)
('11_4___1__', 5, 1, [3, 6, 1, 0, 13]) (5, 6)
('11_5___1__', 5, 5, [5, 0, 1, 0, 13]) (5, 6)
('14_5___1__', 5, 5, [5, 0, 1, 0, 13]) (5, 6)
part_in:(1, 4), all_in:(5, 6), all_out:(1, 6)
red2
more
('22_6___2__', 17, 0, [1, 1, 2, 1, 0, 0, 0, 2, 0, 0, 1, 0, 0, 0, 1, 0, 3]) (4, 7)
('6_6___2__', 16, 0, [1, 1, 4, 0, 0, 0, 1, 0, 1, 1, 0, 0, 0, 1, 0, 3]) (7, 7)
('6_7___2__', 16, 0, [1, 1, 4, 0, 0, 0, 1, 0, 1, 1, 0, 0, 0, 1, 0, 3]) (7, 7)
('36_6___2__', 16, 0, [1, 1, 2, 1, 0, 0, 0, 2, 0, 0, 2, 0, 0, 2, 2, 0]) (3, 7)
('17_6___2__', 15, 0, [1, 1, 4, 0, 0, 0, 1, 0, 1, 2, 0, 0, 1, 3, 0]) (3, 7)
('24_6___2__', 15, 0, [1, 1, 4, 0, 0, 0, 2, 1, 1, 0, 0, 0, 1, 0, 3]) (6, 7)
('27_6___2__', 15, 0, [0, 0, 1, 4, 0, 0, 0, 1, 0, 1, 2, 1, 1, 0, 3]) (7, 7)
('27_7___2__', 15, 0, [0, 0, 1, 4, 0, 0, 0, 1, 0, 1, 2, 1, 1, 3, 0]) (7, 7)
('5_6___2__', 14, 2, [1, 2, 1, 0, 0, 0, 2, 0, 0, 2, 3, 0, 2, 0]) (4, 7)
('10_7___2__', 14, 0, [1, 1, 4, 1, 0, 1, 0, 0, 0, 1, 0, 2, 0, 4]) (7, 7)
less
('28_1___2__', 5, 2, [9, 4, 1, 0, 8]) (5, 7)
('19_1___2__', 6, 0, [1, 9, 4, 1, 0, 8]) (7, 8)
('35_1___2__', 6, 0, [1, 6, 2, 4, 2, 8]) (7, 7)
('1_10___2__', 7, 0, [1, 6, 2, 2, 4, 1, 6]) (7, 8)
('3_6___2__', 7, 2, [1, 4, 1, 0, 7, 1, 6]) (6, 7)
('5_10___2__', 7, 2, [6, 1, 0, 7, 1, 1, 4]) (7, 8)
('7_1___2__', 7, 0, [1, 4, 1, 2, 4, 2, 8]) (7, 7)
('13_1___2__', 7, 0, [1, 9, 1, 2, 2, 4, 3]) (7, 8)
('16_3___2__', 7, 0, [1, 1, 4, 1, 0, 7, 8]) (7, 9)
('27_3___2__', 7, 2, [1, 4, 1, 0, 2, 4, 8]) (7, 10)
part_in:(3, 8), all_in:(7, 7), all_out:(3, 8)
red3
more
('3_1___3__', 16, 0, [0, 0, 1, 1, 2, 1, 2, 0, 0, 1, 0, 2, 1, 0, 2, 0]) (12, 14)
('5_1___3__', 16, 0, [0, 0, 1, 1, 2, 0, 0, 2, 0, 2, 0, 2, 1, 0, 2, 0]) (12, 14)
('19_1___3__', 16, 0, [0, 0, 1, 1, 2, 1, 2, 0, 2, 0, 0, 1, 1, 0, 2, 0]) (13, 14)
('36_6___3__', 16, 0, [1, 1, 1, 2, 0, 0, 2, 2, 0, 0, 0, 1, 1, 0, 2, 0]) (13, 14)
('39_1___3__', 16, 0, [1, 1, 1, 1, 0, 1, 2, 0, 1, 0, 0, 2, 1, 0, 2, 0]) (12, 14)
('43_6___3__', 16, 0, [1, 1, 1, 2, 0, 0, 1, 0, 0, 2, 0, 0, 1, 2, 2, 0]) (9, 14)
('4_1___3__', 15, 0, [0, 0, 1, 1, 2, 0, 0, 2, 0, 2, 0, 4, 0, 2, 0]) (13, 14)
('6_1___3__', 15, 0, [0, 0, 1, 1, 2, 1, 2, 0, 2, 0, 0, 1, 2, 2, 0]) (10, 14)
('6_7___3__', 15, 0, [1, 1, 1, 2, 0, 0, 2, 1, 0, 0, 0, 2, 2, 2, 0]) (9, 14)
('7_7___3__', 15, 0, [1, 1, 1, 2, 0, 0, 2, 1, 0, 0, 1, 1, 2, 2, 0]) (8, 14)
less
('20_2___3__', 8, 0, [3, 4, 1, 6, 3, 2, 2, 0]) (12, 14)
('43_2___3__', 8, 0, [1, 1, 6, 6, 0, 5, 2, 0]) (14, 15)
('21_2___3__', 9, 0, [1, 1, 4, 1, 6, 0, 5, 2, 0]) (14, 17)
('1_2___3__', 10, 0, [3, 1, 2, 1, 2, 2, 0, 3, 2, 3]) (14, 15)
('1_4___3__', 10, 0, [3, 1, 2, 1, 2, 3, 3, 2, 2, 0]) (14, 17)
('1_8___3__', 10, 0, [1, 1, 1, 2, 0, 3, 3, 3, 5, 0]) (14, 16)
('1_10___3__', 10, 0, [1, 1, 1, 2, 4, 3, 3, 2, 2, 0]) (14, 17)
('3_9___3__', 10, 0, [1, 1, 1, 2, 4, 3, 3, 2, 2, 0]) (14, 14)
('5_4___3__', 10, 0, [3, 1, 2, 4, 3, 0, 2, 2, 2, 0]) (14, 15)
('12_10___3__', 10, 0, [1, 1, 1, 2, 4, 3, 3, 2, 2, 0]) (14, 14)
part_in:(8, 17), all_in:(14, 14), all_out:(8, 17)
red4
more
('9_9___4__', 16, 0, [1, 0, 0, 2, 1, 2, 0, 0, 1, 0, 0, 1, 1, 2, 2, 0]) (19, 20)
('33_6___4__', 16, 0, [1, 0, 0, 2, 1, 2, 0, 0, 1, 0, 0, 1, 1, 2, 1, 1]) (14, 20)
('33_7___4__', 16, 0, [1, 0, 0, 2, 1, 1, 0, 0, 0, 1, 0, 0, 1, 1, 2, 3]) (13, 20)
('37_8___4__', 16, 0, [1, 0, 0, 2, 1, 2, 0, 0, 1, 1, 1, 1, 2, 1, 0, 0]) (16, 20)
('49_6___4__', 16, 0, [1, 0, 0, 2, 1, 0, 1, 0, 0, 2, 0, 1, 1, 2, 2, 0]) (18, 20)
('2_1___4__', 15, 0, [0, 0, 0, 0, 2, 1, 2, 0, 0, 2, 0, 0, 2, 2, 3]) (16, 20)
('3_1___4__', 15, 0, [0, 0, 0, 0, 2, 1, 2, 0, 0, 0, 3, 2, 2, 2, 0]) (17, 20)
('3_7___4__', 15, 0, [1, 0, 0, 2, 1, 2, 0, 0, 1, 0, 0, 1, 1, 5, 0]) (15, 20)
('6_1___4__', 15, 0, [0, 0, 0, 0, 2, 1, 2, 0, 0, 0, 1, 0, 3, 2, 3]) (14, 20)
('7_7___4__', 15, 0, [1, 0, 0, 2, 1, 1, 0, 0, 0, 1, 1, 1, 1, 2, 3]) (13, 20)
less
('23_5___4__', 8, 0, [2, 0, 7, 0, 0, 7, 2, 3]) (19, 20)
('42_2___4__', 8, 0, [2, 0, 7, 1, 3, 3, 2, 3]) (16, 20)
('2_5___4__', 9, 0, [2, 0, 7, 0, 0, 3, 3, 2, 3]) (19, 20)
('3_5___4__', 9, 0, [2, 0, 7, 0, 0, 3, 3, 2, 3]) (19, 20)
('15_2___4__', 9, 0, [2, 0, 7, 0, 0, 3, 3, 2, 3]) (17, 20)
('18_5___4__', 9, 0, [2, 0, 7, 0, 0, 3, 3, 2, 3]) (19, 20)
('19_5___4__', 9, 0, [2, 0, 7, 0, 0, 3, 3, 2, 3]) (19, 20)
('24_5___4__', 9, 0, [2, 0, 7, 0, 0, 3, 3, 2, 3]) (19, 20)
('28_5___4__', 9, 0, [1, 0, 0, 7, 0, 0, 7, 2, 3]) (19, 20)
('30_2___4__', 9, 0, [2, 0, 2, 4, 1, 3, 3, 2, 3]) (18, 20)
part_in:(13, 18), all_in:(19, 20), all_out:(13, 20)
red5
more
('19_9___5__', 16, 1, [2, 0, 1, 1, 3, 1, 0, 1, 0, 0, 0, 1, 1, 0, 1, 0]) (20, 26)
('16_9___5__', 15, 1, [2, 0, 1, 1, 1, 1, 1, 0, 1, 0, 0, 2, 2, 1, 0]) (19, 26)
('33_9___5__', 15, 1, [2, 0, 1, 1, 3, 1, 0, 1, 0, 1, 1, 1, 0, 1, 0]) (19, 26)
('47_6___5__', 15, 1, [2, 0, 1, 1, 1, 1, 2, 1, 0, 0, 2, 2, 0, 0, 0]) (22, 26)
('3_10___5__', 14, 1, [2, 0, 1, 1, 1, 1, 1, 0, 1, 0, 3, 2, 1, 0]) (21, 26)
('4_9___5__', 14, 1, [2, 0, 1, 1, 3, 2, 1, 0, 0, 2, 1, 0, 1, 0]) (23, 26)
('9_9___5__', 14, 1, [2, 0, 1, 1, 3, 1, 0, 1, 0, 3, 1, 0, 1, 0]) (20, 26)
('10_9___5__', 14, 1, [2, 0, 1, 1, 1, 1, 2, 1, 0, 3, 1, 0, 1, 0]) (20, 26)
('11_6___5__', 14, 1, [2, 0, 1, 1, 2, 0, 2, 1, 0, 1, 1, 1, 0, 2]) (21, 26)
('11_8___5__', 14, 1, [2, 0, 1, 1, 1, 1, 1, 0, 1, 0, 2, 3, 1, 0]) (19, 26)
less
('1_1___5__', 5, 4, [0, 4, 2, 12, 2]) (20, 26)
('2_5___5__', 5, 4, [0, 1, 7, 10, 2]) (24, 26)
('5_5___5__', 5, 4, [0, 1, 7, 10, 2]) (24, 26)
('7_5___5__', 5, 4, [0, 1, 7, 10, 2]) (24, 26)
('11_5___5__', 5, 4, [0, 1, 7, 10, 2]) (24, 26)
('16_2___5__', 5, 1, [2, 0, 7, 12, 2]) (26, 26)
('20_5___5__', 5, 4, [0, 1, 7, 10, 2]) (24, 26)
('26_5___5__', 5, 4, [0, 1, 7, 10, 2]) (24, 26)
('33_4___5__', 5, 4, [0, 1, 11, 6, 2]) (24, 26)
('40_5___5__', 5, 4, [0, 1, 7, 10, 2]) (24, 26)
part_in:(19, 23), all_in:(24, 26), all_out:(19, 26)
red6
more
('24_2___6__', 20, 0, [0, 0, 2, 1, 1, 0, 0, 0, 0, 0, 0, 0, 1, 0, 0, 1, 0, 3, 0, 0]) (27, 32)
('2_1___6__', 19, 0, [0, 0, 2, 1, 1, 0, 0, 1, 0, 0, 0, 1, 0, 0, 1, 0, 3, 0, 0]) (28, 32)
('11_2___6__', 19, 0, [0, 0, 2, 1, 1, 0, 0, 1, 0, 0, 0, 1, 0, 0, 1, 0, 3, 0, 0]) (29, 32)
('20_6___6__', 19, 0, [0, 0, 2, 1, 1, 0, 0, 0, 0, 0, 0, 0, 0, 0, 0, 0, 2, 4, 0]) (24, 32)
('45_2___6__', 19, 0, [0, 0, 2, 1, 1, 1, 0, 0, 0, 0, 0, 1, 0, 0, 1, 0, 3, 0, 0]) (26, 32)
('46_2___6__', 19, 0, [0, 0, 2, 1, 1, 0, 0, 0, 0, 0, 0, 0, 1, 0, 0, 1, 4, 0, 0]) (28, 32)
('1_2___6__', 18, 0, [0, 0, 2, 1, 1, 1, 0, 0, 0, 0, 0, 1, 0, 0, 1, 4, 0, 0]) (30, 32)
('2_2___6__', 18, 0, [0, 0, 1, 0, 1, 1, 0, 0, 1, 0, 0, 0, 1, 0, 0, 6, 0, 0]) (26, 32)
('5_2___6__', 18, 0, [0, 0, 2, 1, 1, 1, 1, 0, 0, 0, 1, 0, 0, 1, 0, 3, 0, 0]) (26, 32)
('12_1___6__', 18, 0, [0, 0, 2, 1, 1, 0, 2, 0, 0, 0, 0, 0, 0, 0, 1, 4, 0, 0]) (30, 32)
less
('22_9___6__', 10, 0, [0, 0, 2, 1, 1, 4, 0, 4, 7, 0]) (28, 32)
('15_8___6__', 11, 0, [0, 0, 2, 1, 1, 1, 1, 1, 0, 3, 8]) (29, 32)
('50_10___6__', 11, 0, [0, 0, 2, 1, 1, 3, 0, 0, 3, 0, 8]) (28, 32)
('1_7___6__', 12, 0, [0, 0, 2, 1, 1, 1, 0, 1, 0, 0, 3, 8]) (28, 32)
('1_8___6__', 12, 0, [0, 0, 2, 1, 1, 1, 0, 2, 0, 3, 2, 5]) (28, 32)
('2_7___6__', 12, 0, [0, 0, 2, 1, 1, 2, 1, 0, 0, 2, 0, 8]) (27, 32)
('4_7___6__', 12, 0, [0, 0, 2, 1, 1, 4, 0, 0, 2, 0, 6, 1]) (29, 32)
('5_5___6__', 12, 0, [0, 0, 2, 1, 1, 4, 0, 0, 2, 0, 1, 6]) (29, 32)
('6_10___6__', 12, 0, [0, 0, 2, 1, 1, 4, 0, 0, 2, 0, 1, 6]) (27, 32)
('8_8___6__', 12, 0, [0, 0, 2, 1, 1, 1, 2, 0, 0, 2, 0, 8]) (27, 32)
part_in:(24, 29), all_in:(30, 32), all_out:(24, 32)
