30
less5
100_5___1__    14   1  [1, 0, 1, 1, 3, 0, 4, 1, 0, 0, 0, 2, 1, 0]  (0, 2)
100_4___1__    12   1  [1, 0, 1, 1, 3, 5, 0, 0, 0, 0, 3, 2]  (0, 3)
200_5___1__    11   3  [0, 1, 1, 5, 3, 1, 0, 0, 0, 2, 2]  (0, 2)
300_5___1__    11   1  [1, 0, 1, 11, 1, 0, 0, 0, 2, 1, 0]  (0, 2)
100_1___1__    10   1  [1, 0, 1, 6, 5, 0, 0, 0, 3, 2]  (0, 1)
100_3___1__    10   1  [1, 0, 1, 4, 0, 6, 0, 1, 3, 2]  (0, 2)
300_4___1__    10   1  [1, 0, 1, 11, 1, 0, 0, 0, 2, 2]  (0, 4)
200_1___1__    9   3  [2, 4, 0, 6, 0, 0, 4, 1, 0]  (0, 1)
200_3___1__    9   2  [0, 0, 1, 1, 2, 6, 1, 5, 2]  (0, 2)
200_4___1__    9   2  [0, 0, 1, 7, 3, 1, 2, 2, 2]  (0, 3)
100_2___1__    8   1  [1, 2, 5, 6, 0, 0, 4, 2]  (0, 2)
300_1___1__    8   3  [2, 12, 0, 0, 0, 3, 1, 0]  (0, 3)
300_2___1__    8   3  [2, 12, 0, 0, 1, 2, 1, 0]  (0, 4)
200_2___1__    7   3  [2, 11, 1, 0, 1, 2, 2]  (0, 5)
300_3___1__    7   3  [0, 1, 13, 0, 1, 2, 2]  (0, 3)
part_in:(2, 4), all_in:(0, 1), all_out:(0, 4)
less8
100_2___2__    12   0  [0, 1, 2, 1, 7, 1, 0, 0, 0, 4, 1, 0]  (4, 9)
200_5___2__    12   0  [0, 1, 2, 6, 0, 1, 1, 1, 0, 4, 1, 0]  (2, 9)
100_3___2__    11   0  [0, 1, 2, 4, 4, 1, 0, 0, 5, 1, 0]  (3, 9)
200_1___2__    11   0  [0, 1, 2, 8, 0, 1, 1, 0, 4, 1, 0]  (5, 9)
200_4___2__    11   0  [0, 1, 0, 1, 7, 1, 1, 1, 5, 1, 0]  (2, 9)
300_2___2__    11   0  [5, 3, 5, 0, 0, 0, 0, 0, 4, 1, 0]  (3, 9)
300_3___2__    11   0  [5, 4, 4, 0, 0, 0, 0, 0, 4, 1, 0]  (4, 9)
300_4___2__    11   0  [0, 1, 7, 4, 1, 1, 0, 2, 1, 1, 0]  (2, 9)
300_5___2__    11   1  [1, 9, 2, 0, 0, 1, 0, 2, 1, 1, 0]  (2, 9)
100_1___2__    10   0  [0, 1, 12, 1, 0, 0, 0, 4, 1, 0]  (6, 9)
100_4___2__    10   0  [0, 1, 2, 9, 1, 0, 0, 5, 1, 0]  (3, 9)
200_3___2__    10   0  [0, 1, 0, 1, 9, 1, 1, 5, 1, 0]  (3, 9)
300_1___2__    10   3  [2, 4, 4, 1, 0, 0, 0, 4, 1, 0]  (5, 9)
200_2___2__    9   0  [0, 4, 9, 1, 1, 0, 4, 1, 0]  (2, 9)
100_5___2__    8   0  [0, 1, 12, 1, 1, 5, 1, 0]  (3, 9)
part_in:(2, 5), all_in:(6, 9), all_out:(2, 9)
less9
200_5___3__    14   4  [1, 2, 2, 0, 0, 4, 1, 0, 0, 0, 1, 0, 0, 0]  (2, 3)
200_4___3__    13   11  [0, 0, 0, 3, 0, 1, 0, 0, 0, 1, 0, 0, 0]  (2, 2)
300_5___3__    13   4  [1, 2, 3, 0, 1, 1, 0, 1, 1, 0, 1, 1, 0]  (2, 3)
100_5___3__    12   4  [0, 0, 1, 3, 0, 5, 1, 1, 0, 2, 0, 0]  (2, 4)
200_3___3__    12   6  [4, 0, 1, 3, 0, 1, 0, 0, 0, 1, 1, 0]  (2, 2)
100_3___3__    11   5  [0, 4, 0, 0, 5, 1, 1, 0, 2, 0, 0]  (2, 3)
200_1___3__    11   6  [4, 0, 0, 2, 2, 1, 0, 0, 0, 3, 0]  (1, 2)
300_1___3__    11   6  [2, 3, 0, 1, 1, 0, 1, 0, 1, 3, 0]  (1, 2)
300_3___3__    11   6  [2, 2, 0, 0, 3, 0, 1, 1, 0, 3, 0]  (2, 2)
100_4___3__    10   4  [1, 5, 1, 3, 0, 1, 2, 2, 0, 0]  (2, 3)
100_1___3__    9   5  [0, 4, 1, 5, 1, 0, 1, 3, 0]  (2, 4)
100_2___3__    9   5  [0, 5, 0, 5, 1, 1, 0, 3, 0]  (2, 3)
200_2___3__    9   11  [0, 0, 5, 1, 0, 0, 0, 3, 0]  (1, 2)
300_2___3__    9   6  [5, 0, 4, 0, 1, 1, 0, 3, 0]  (2, 2)
300_4___3__    9   6  [7, 3, 0, 1, 1, 0, 2, 0, 0]  (2, 3)
part_in:(1, 4), all_in:(2, 2), all_out:(1, 4)
less10
100_4___4__    17   0  [2, 0, 0, 0, 0, 3, 1, 0, 0, 2, 1, 0, 0, 3, 0, 0, 0]  (1, 3)
300_4___4__    17   2  [0, 1, 0, 0, 2, 0, 2, 2, 0, 1, 0, 0, 1, 1, 0, 0, 0]  (0, 3)
100_5___4__    16   2  [0, 0, 0, 0, 0, 5, 0, 3, 1, 0, 0, 2, 0, 0, 0, 0]  (0, 3)
300_2___4__    16   2  [0, 1, 0, 0, 2, 0, 1, 0, 1, 1, 2, 0, 1, 2, 0, 0]  (0, 3)
300_3___4__    16   0  [1, 0, 1, 0, 0, 2, 0, 2, 1, 0, 0, 2, 0, 4, 0, 0]  (0, 3)
300_5___4__    16   2  [0, 0, 0, 0, 0, 2, 3, 2, 0, 2, 0, 1, 1, 0, 0, 0]  (0, 3)
100_3___4__    15   0  [2, 0, 0, 0, 0, 3, 1, 1, 2, 2, 0, 3, 0, 0, 0]  (0, 3)
200_1___4__    15   0  [1, 0, 1, 0, 0, 3, 1, 1, 1, 2, 0, 0, 4, 0, 0]  (1, 3)
100_1___4__    14   3  [0, 0, 0, 4, 1, 0, 0, 2, 2, 0, 3, 0, 0, 0]  (1, 3)
200_2___4__    14   0  [2, 1, 0, 3, 0, 1, 4, 1, 0, 0, 2, 1, 0, 0]  (0, 3)
200_5___4__    14   0  [2, 1, 0, 2, 1, 2, 1, 1, 2, 0, 3, 0, 0, 0]  (0, 3)
300_1___4__    14   2  [0, 1, 0, 0, 2, 2, 0, 0, 0, 0, 0, 8, 0, 0]  (1, 3)
100_2___4__    13   3  [1, 0, 0, 3, 1, 1, 2, 2, 3, 0, 0, 0, 0]  (0, 3)
200_4___4__    13   0  [2, 0, 0, 0, 4, 2, 0, 2, 2, 0, 4, 0, 0]  (0, 3)
200_3___4__    12   0  [2, 0, 0, 0, 4, 2, 3, 2, 0, 4, 0, 0]  (0, 3)
part_in:(0, 0), all_in:(1, 3), all_out:(0, 3)
row1
300_5___5__    21   0  [0, 0, 0, 0, 1, 0, 0, 0, 1, 0, 0, 0, 3, 0, 0, 0, 0, 1, 0, 2, 0]  (0, 0)
100_4___5__    20   0  [0, 0, 0, 0, 2, 0, 0, 1, 0, 1, 3, 0, 0, 0, 0, 0, 0, 0, 2, 0]  (0, 1)
100_2___5__    19   0  [0, 0, 0, 2, 2, 1, 0, 0, 0, 3, 0, 0, 0, 0, 0, 0, 0, 2, 0]  (0, 0)
100_3___5__    19   0  [0, 0, 0, 0, 2, 0, 0, 1, 0, 0, 4, 0, 0, 0, 0, 1, 0, 2, 0]  (0, 0)
100_5___5__    19   0  [0, 0, 0, 0, 3, 0, 1, 0, 1, 3, 0, 0, 0, 0, 0, 0, 0, 2, 0]  (0, 0)
200_5___5__    19   0  [0, 0, 0, 0, 1, 0, 0, 0, 1, 2, 3, 0, 0, 0, 0, 1, 0, 2, 0]  (0, 1)
300_2___5__    19   0  [0, 0, 0, 2, 0, 0, 0, 1, 2, 3, 0, 0, 0, 0, 0, 0, 0, 2, 0]  (0, 2)
300_3___5__    19   0  [0, 0, 0, 2, 0, 0, 0, 1, 0, 1, 3, 0, 0, 0, 0, 1, 0, 2, 0]  (0, 1)
100_1___5__    18   0  [0, 0, 0, 0, 1, 2, 1, 0, 0, 4, 0, 0, 0, 0, 1, 0, 2, 0]  (0, 0)
200_2___5__    18   0  [0, 0, 0, 2, 1, 0, 1, 3, 2, 0, 0, 0, 0, 0, 0, 0, 2, 0]  (0, 2)
200_1___5__    17   0  [0, 0, 0, 2, 2, 1, 0, 1, 3, 0, 0, 0, 0, 1, 0, 2, 0]  (0, 0)
200_3___5__    17   0  [0, 0, 0, 2, 1, 0, 1, 3, 2, 0, 0, 0, 0, 1, 0, 2, 0]  (0, 1)
200_4___5__    17   0  [0, 0, 0, 2, 0, 1, 1, 3, 2, 0, 0, 0, 0, 1, 0, 2, 0]  (0, 2)
300_1___5__    17   0  [0, 0, 0, 2, 2, 1, 2, 3, 0, 0, 0, 0, 0, 0, 0, 2, 0]  (0, 0)
300_4___5__    17   0  [0, 0, 0, 4, 0, 1, 0, 1, 3, 0, 0, 0, 0, 1, 0, 2, 0]  (0, 2)
part_in:(2, 2), all_in:(0, 1), all_out:(0, 2)
row2
200_2___6__    13   2  [0, 1, 2, 0, 1, 3, 1, 1, 0, 2, 1, 1, 1]  (10, 11)
200_3___6__    12   2  [0, 1, 0, 1, 0, 1, 5, 0, 0, 0, 2, 5]  (10, 10)
300_4___6__    12   1  [0, 0, 2, 2, 1, 3, 2, 0, 0, 2, 1, 3]  (10, 11)
300_5___6__    12   2  [0, 2, 1, 0, 1, 2, 3, 1, 2, 1, 2, 0]  (9, 10)
100_2___6__    11   2  [0, 2, 1, 0, 0, 0, 3, 1, 0, 4, 5]  (10, 10)
100_4___6__    11   2  [0, 2, 1, 0, 1, 3, 3, 0, 2, 1, 3]  (10, 11)
100_3___6__    10   2  [0, 1, 0, 1, 0, 1, 3, 1, 2, 8]  (9, 10)
100_5___6__    10   2  [0, 2, 1, 0, 1, 3, 3, 0, 2, 5]  (10, 12)
200_1___6__    10   2  [2, 0, 2, 1, 3, 1, 1, 0, 2, 5]  (10, 11)
200_4___6__    10   2  [0, 2, 2, 1, 3, 1, 0, 1, 2, 5]  (10, 11)
200_5___6__    10   3  [1, 0, 2, 1, 3, 1, 0, 1, 2, 5]  (10, 11)
300_1___6__    10   2  [0, 2, 2, 1, 0, 2, 2, 4, 1, 3]  (10, 11)
300_2___6__    10   2  [0, 2, 2, 1, 3, 2, 1, 2, 1, 3]  (10, 10)
300_3___6__    10   2  [0, 2, 2, 1, 3, 2, 1, 2, 1, 3]  (10, 11)
100_1___6__    8   2  [0, 1, 2, 0, 1, 5, 5, 5]  (8, 10)
part_in:(9, 12), all_in:(10, 10), all_out:(9, 12)
row3
200_2___7__    11   2  [2, 2, 0, 1, 3, 2, 1, 2, 3, 0, 0]  (5, 9)
100_1___7__    10   1  [0, 2, 2, 0, 3, 1, 0, 1, 9, 0]  (8, 9)
100_5___7__    10   1  [0, 0, 4, 0, 1, 1, 1, 2, 9, 0]  (4, 9)
300_4___7__    10   1  [0, 0, 5, 5, 2, 1, 2, 1, 2, 0]  (5, 9)
100_2___7__    9   1  [0, 0, 4, 0, 3, 1, 2, 9, 0]  (5, 9)
200_5___7__    9   1  [0, 0, 1, 3, 5, 2, 4, 4, 0]  (6, 9)
300_5___7__    9   1  [0, 5, 0, 1, 3, 2, 4, 1, 3]  (9, 9)
100_3___7__    8   1  [0, 2, 2, 0, 3, 1, 2, 10]  (6, 9)
100_4___7__    8   1  [0, 0, 4, 0, 5, 2, 9, 0]  (4, 9)
200_3___7__    8   2  [2, 3, 5, 2, 4, 3, 0, 0]  (7, 9)
200_4___7__    8   1  [0, 0, 1, 3, 5, 2, 4, 5]  (5, 9)
300_1___7__    8   1  [0, 12, 2, 2, 1, 1, 2, 0]  (6, 9)
300_3___7__    8   1  [0, 6, 5, 2, 4, 1, 2, 0]  (6, 9)
200_1___7__    7   2  [2, 3, 5, 2, 8, 0, 0]  (7, 9)
300_2___7__    7   2  [6, 5, 2, 4, 1, 2, 0]  (6, 9)
part_in:(4, 7), all_in:(8, 9), all_out:(4, 9)
row4
100_1___8__    21   0  [0, 0, 0, 1, 0, 0, 2, 0, 1, 0, 0, 1, 1, 0, 1, 0, 0, 0, 0, 0, 1]  (1, 1)
200_4___8__    21   0  [0, 0, 0, 0, 0, 0, 0, 2, 0, 1, 0, 0, 1, 0, 0, 0, 1, 1, 0, 0, 2]  (0, 1)
200_5___8__    21   0  [0, 0, 0, 0, 0, 0, 0, 2, 0, 1, 0, 0, 1, 0, 0, 0, 1, 1, 0, 0, 2]  (1, 1)
100_3___8__    20   0  [0, 0, 2, 0, 0, 0, 1, 0, 1, 0, 2, 1, 0, 1, 0, 0, 0, 0, 0, 1]  (1, 1)
100_4___8__    20   0  [0, 0, 2, 0, 0, 0, 1, 0, 1, 0, 0, 1, 1, 0, 1, 0, 0, 0, 0, 2]  (1, 1)
200_3___8__    20   0  [1, 0, 0, 0, 0, 0, 2, 0, 1, 0, 0, 1, 0, 0, 0, 1, 1, 0, 0, 2]  (0, 1)
100_2___8__    19   0  [0, 0, 2, 0, 0, 2, 0, 1, 0, 0, 1, 1, 0, 1, 0, 0, 0, 0, 2]  (1, 1)
100_5___8__    19   0  [0, 3, 0, 0, 0, 1, 0, 1, 0, 0, 1, 1, 0, 1, 0, 0, 0, 0, 2]  (1, 1)
200_1___8__    19   0  [0, 0, 0, 1, 0, 0, 2, 0, 1, 0, 0, 1, 1, 0, 1, 1, 0, 0, 2]  (0, 1)
200_2___8__    19   0  [1, 0, 1, 0, 0, 2, 0, 1, 0, 0, 1, 0, 0, 0, 1, 1, 0, 0, 2]  (0, 1)
300_3___8__    18   0  [0, 0, 0, 1, 0, 0, 2, 2, 0, 2, 1, 0, 1, 1, 0, 0, 0, 1]  (0, 1)
300_2___8__    17   0  [0, 0, 0, 1, 0, 0, 2, 2, 0, 2, 1, 0, 1, 2, 0, 0, 1]  (0, 1)
300_4___8__    17   0  [0, 0, 0, 1, 0, 0, 2, 0, 1, 0, 2, 1, 2, 0, 1, 0, 2]  (0, 1)
300_1___8__    16   0  [0, 0, 0, 1, 0, 0, 2, 2, 0, 2, 1, 2, 2, 0, 0, 1]  (0, 1)
300_5___8__    16   0  [0, 1, 1, 0, 0, 2, 2, 0, 0, 1, 1, 2, 2, 0, 0, 1]  (1, 1)
part_in:(0, -1), all_in:(0, 1), all_out:(0, 1)
sum_all
200_5___9__    14   0  [1, 2, 0, 0, 2, 0, 2, 2, 1, 0, 3, 0, 0, 2]  (77, 111)
100_4___9__    13   2  [3, 0, 2, 3, 2, 1, 0, 1, 0, 0, 0, 0, 2]  (91, 111)
100_3___9__    12   2  [4, 1, 0, 4, 1, 1, 0, 1, 1, 0, 0, 2]  (99, 111)
100_5___9__    12   2  [3, 0, 2, 3, 2, 1, 0, 1, 0, 1, 0, 2]  (81, 111)
200_3___9__    11   0  [1, 1, 1, 0, 2, 8, 0, 2, 1, 0, 2]  (95, 111)
100_1___9__    10   2  [4, 2, 2, 2, 2, 0, 2, 1, 0, 2]  (99, 111)
100_2___9__    10   2  [4, 2, 4, 3, 0, 1, 0, 1, 0, 2]  (88, 111)
200_1___9__    10   0  [4, 1, 2, 5, 2, 0, 2, 1, 0, 2]  (103, 111)
200_2___9__    10   0  [1, 2, 0, 0, 2, 8, 0, 4, 0, 2]  (91, 111)
200_4___9__    10   0  [1, 3, 0, 2, 6, 1, 0, 4, 0, 2]  (98, 111)
300_4___9__    9   0  [1, 7, 6, 1, 0, 1, 2, 0, 2]  (93, 111)
300_2___9__    8   0  [6, 2, 8, 0, 2, 1, 0, 2]  (99, 111)
300_3___9__    8   0  [1, 4, 2, 8, 0, 4, 0, 2]  (103, 111)
300_1___9__    7   0  [6, 2, 8, 3, 1, 0, 2]  (110, 111)
300_5___9__    6   2  [7, 8, 0, 4, 0, 2]  (80, 111)
part_in:(77, 102), all_in:(103, 111), all_out:(77, 111)
sum16
100_4___10__    12   2  [3, 3, 3, 1, 0, 0, 4, 0, 0, 0, 1, 0]  (31, 37)
200_3___10__    12   2  [1, 1, 0, 2, 5, 1, 3, 0, 1, 0, 1, 0]  (31, 37)
200_4___10__    12   2  [1, 1, 0, 2, 5, 1, 3, 0, 0, 0, 0, 2]  (32, 37)
100_3___10__    11   2  [3, 0, 1, 0, 5, 0, 0, 6, 0, 1, 0]  (31, 37)
100_5___10__    11   2  [3, 3, 3, 1, 0, 0, 1, 2, 1, 0, 2]  (25, 37)
200_2___10__    10   2  [1, 1, 0, 2, 5, 1, 3, 0, 2, 2]  (30, 37)
200_5___10__    10   2  [3, 0, 3, 4, 1, 1, 1, 2, 0, 2]  (27, 37)
200_1___10__    9   4  [2, 2, 5, 1, 1, 1, 0, 2, 2]  (36, 37)
300_3___10__    9   2  [1, 2, 8, 0, 0, 4, 1, 0, 2]  (33, 37)
100_2___10__    8   2  [4, 2, 5, 0, 0, 6, 0, 2]  (29, 37)
300_1___10__    8   4  [2, 2, 5, 1, 4, 1, 0, 2]  (36, 37)
300_4___10__    8   2  [1, 8, 2, 0, 0, 6, 0, 2]  (30, 37)
300_2___10__    7   4  [2, 8, 1, 4, 1, 0, 2]  (30, 37)
300_5___10__    7   2  [13, 0, 0, 3, 2, 0, 2]  (27, 37)
100_1___10__    6   7  [2, 5, 1, 3, 3, 2]  (32, 37)
part_in:(25, 35), all_in:(36, 37), all_out:(25, 37)
gap16
100_3___11__    9   5  [5, 4, 1, 3, 0, 0, 1, 0, 1]  (15, 21)
100_4___11__    9   5  [5, 6, 3, 0, 0, 0, 0, 0, 1]  (15, 20)
100_5___11__    9   5  [9, 0, 1, 3, 0, 0, 0, 0, 2]  (15, 18)
200_5___11__    9   5  [1, 1, 6, 1, 3, 1, 1, 0, 1]  (15, 18)
100_2___11__    8   5  [5, 6, 3, 0, 0, 1, 0, 1]  (15, 21)
300_2___11__    8   5  [10, 1, 3, 1, 1, 0, 0, 0]  (15, 22)
300_3___11__    8   2  [2, 5, 4, 1, 5, 1, 0, 1]  (15, 21)
300_5___11__    8   5  [10, 1, 3, 1, 1, 0, 0, 0]  (15, 22)
100_1___11__    7   5  [5, 4, 6, 0, 1, 0, 1]  (15, 17)
200_1___11__    7   5  [5, 4, 6, 0, 1, 0, 1]  (15, 17)
200_3___11__    7   5  [3, 5, 6, 1, 1, 0, 1]  (15, 19)
200_4___11__    7   5  [3, 5, 2, 5, 1, 0, 1]  (15, 21)
300_1___11__    7   5  [5, 4, 5, 1, 1, 0, 1]  (15, 18)
300_4___11__    7   5  [10, 1, 3, 1, 1, 0, 1]  (15, 23)
200_2___11__    5   5  [9, 8, 1, 0, 1]  (15, 21)
part_in:(18, 22), all_in:(15, 17), all_out:(15, 22)
sum25
100_4___12__    14   2  [1, 0, 0, 0, 2, 4, 1, 1, 2, 0, 0, 0, 1, 1]  (29, 37)
200_2___12__    13   0  [1, 1, 1, 0, 2, 4, 3, 1, 1, 1, 1, 0, 0]  (31, 37)
300_4___12__    13   0  [1, 1, 0, 0, 0, 2, 0, 1, 3, 1, 5, 1, 1]  (30, 37)
200_4___12__    12   2  [1, 0, 0, 0, 2, 6, 1, 1, 1, 1, 1, 1]  (33, 37)
300_1___12__    12   0  [3, 0, 0, 0, 2, 4, 1, 1, 3, 1, 1, 1]  (35, 37)
300_2___12__    12   0  [1, 1, 0, 0, 0, 7, 1, 1, 3, 1, 1, 1]  (32, 37)
300_5___12__    12   2  [1, 0, 0, 0, 2, 2, 3, 1, 3, 1, 1, 1]  (25, 37)
100_1___12__    11   2  [1, 1, 0, 2, 2, 2, 2, 3, 1, 1, 1]  (30, 37)
100_3___12__    11   2  [1, 1, 0, 2, 4, 1, 1, 3, 1, 1, 1]  (30, 37)
100_5___12__    11   2  [1, 1, 0, 2, 6, 1, 2, 0, 1, 1, 1]  (25, 37)
200_1___12__    11   0  [1, 1, 1, 0, 2, 4, 3, 3, 1, 1, 1]  (34, 37)
200_3___12__    11   2  [1, 1, 0, 2, 8, 1, 1, 1, 1, 0, 0]  (33, 37)
300_3___12__    11   0  [1, 1, 0, 0, 0, 9, 1, 3, 1, 1, 1]  (33, 37)
100_2___12__    10   2  [1, 1, 0, 2, 4, 3, 3, 1, 1, 1]  (27, 37)
200_5___12__    10   2  [1, 1, 0, 2, 0, 5, 1, 5, 1, 1]  (26, 37)
part_in:(25, 34), all_in:(35, 37), all_out:(25, 37)
gap25
100_5___13__    13   2  [1, 0, 0, 0, 1, 1, 1, 0, 2, 1, 0, 4, 3]  (9, 12)
100_2___13__    12   5  [0, 0, 1, 1, 2, 2, 1, 0, 0, 5, 0, 0]  (9, 12)
100_4___13__    11   4  [0, 0, 0, 1, 1, 2, 2, 1, 0, 6, 1]  (9, 11)
200_5___13__    10   5  [0, 0, 1, 1, 2, 4, 0, 4, 1, 1]  (9, 14)
100_3___13__    9   4  [0, 1, 1, 4, 2, 1, 0, 6, 1]  (9, 13)
200_3___13__    9   5  [0, 0, 1, 4, 1, 2, 0, 6, 1]  (9, 13)
200_4___13__    9   5  [1, 1, 4, 4, 0, 2, 1, 1, 1]  (9, 14)
100_1___13__    8   4  [1, 0, 6, 4, 0, 0, 5, 1]  (8, 9)
200_1___13__    8   5  [0, 0, 1, 4, 5, 1, 4, 1]  (9, 9)
300_3___13__    8   2  [3, 0, 6, 2, 1, 0, 6, 1]  (9, 14)
300_4___13__    8   2  [3, 0, 3, 2, 2, 2, 4, 3]  (9, 16)
200_2___13__    7   5  [0, 0, 1, 10, 1, 4, 1]  (9, 14)
300_2___13__    7   6  [0, 3, 2, 5, 6, 0, 0]  (9, 14)
300_1___13__    6   6  [0, 3, 2, 5, 6, 1]  (9, 10)
300_5___13__    6   6  [0, 6, 2, 2, 4, 3]  (9, 17)
part_in:(8, 16), all_in:(9, 9), all_out:(8, 16)
sum34
100_2___14__    16   1  [0, 2, 0, 0, 2, 3, 0, 0, 2, 2, 0, 0, 0, 0, 1, 0]  (26, 37)
100_3___14__    16   0  [0, 0, 2, 0, 0, 2, 3, 1, 0, 1, 2, 1, 0, 0, 1, 0]  (31, 37)
100_4___14__    16   1  [0, 2, 1, 1, 0, 3, 0, 0, 0, 1, 2, 0, 0, 0, 0, 2]  (27, 37)
100_5___14__    16   1  [0, 2, 1, 1, 0, 3, 0, 0, 0, 1, 2, 0, 0, 0, 0, 2]  (24, 37)
100_1___14__    15   1  [3, 0, 0, 1, 0, 2, 0, 0, 0, 2, 3, 0, 0, 0, 2]  (32, 37)
200_5___14__    14   1  [0, 2, 1, 1, 0, 0, 2, 0, 1, 1, 4, 0, 0, 2]  (24, 37)
200_1___14__    13   1  [3, 0, 0, 1, 0, 3, 0, 0, 2, 3, 1, 0, 2]  (33, 37)
300_1___14__    13   1  [3, 0, 0, 1, 0, 3, 0, 0, 2, 3, 1, 0, 2]  (37, 38)
300_3___14__    13   1  [0, 2, 0, 0, 1, 0, 3, 0, 3, 4, 0, 0, 2]  (35, 37)
200_3___14__    12   1  [0, 2, 1, 2, 4, 0, 2, 1, 1, 1, 0, 2]  (31, 37)
200_4___14__    12   1  [0, 2, 1, 2, 3, 0, 1, 1, 1, 3, 0, 2]  (32, 37)
300_2___14__    12   1  [3, 0, 0, 1, 0, 3, 0, 0, 2, 5, 0, 2]  (36, 37)
300_4___14__    12   1  [0, 2, 0, 2, 0, 3, 0, 3, 2, 2, 0, 2]  (32, 37)
200_2___14__    11   1  [0, 2, 1, 1, 0, 4, 0, 2, 5, 0, 2]  (30, 37)
300_5___14__    11   1  [0, 2, 0, 2, 0, 3, 0, 3, 5, 0, 2]  (28, 37)
part_in:(24, 38), all_in:(37, 37), all_out:(24, 38)
gap12
200_5___15__    13   0  [0, 5, 0, 3, 0, 3, 2, 0, 0, 1, 0, 2, 0]  (1, 3)
300_3___15__    12   0  [0, 0, 4, 0, 0, 0, 0, 0, 2, 6, 1, 4]  (3, 3)
100_1___15__    11   7  [0, 0, 1, 0, 0, 1, 0, 3, 1, 1, 4]  (3, 4)
200_1___15__    11   8  [2, 0, 0, 1, 0, 3, 1, 1, 0, 2, 0]  (2, 3)
200_3___15__    11   1  [0, 4, 4, 0, 6, 0, 0, 1, 1, 1, 0]  (3, 3)
200_4___15__    11   0  [6, 0, 3, 4, 2, 0, 0, 1, 0, 2, 0]  (3, 3)
300_1___15__    11   1  [5, 0, 0, 1, 0, 7, 0, 0, 1, 2, 1]  (3, 3)
300_2___15__    11   1  [5, 0, 0, 1, 0, 2, 5, 0, 1, 3, 0]  (3, 5)
300_4___15__    11   2  [0, 4, 0, 1, 0, 2, 2, 3, 1, 0, 3]  (3, 3)
300_5___15__    11   0  [6, 1, 2, 0, 0, 3, 2, 0, 1, 0, 3]  (2, 3)
100_3___15__    10   0  [5, 0, 1, 1, 0, 2, 3, 2, 1, 4]  (3, 4)
100_4___15__    10   7  [1, 1, 0, 2, 2, 0, 1, 2, 0, 3]  (3, 3)
200_2___15__    10   1  [0, 4, 4, 0, 6, 1, 1, 0, 2, 0]  (3, 4)
100_2___15__    9   7  [1, 1, 0, 0, 1, 6, 1, 3, 0]  (3, 4)
100_5___15__    8   7  [1, 1, 0, 5, 1, 3, 0, 3]  (2, 3)
part_in:(1, 5), all_in:(3, 3), all_out:(1, 5)
gap23
100_3___16__    15   0  [0, 1, 2, 0, 5, 1, 1, 1, 0, 1, 1, 0, 0, 1, 0]  (2, 4)
100_4___16__    15   0  [0, 1, 2, 0, 4, 0, 1, 3, 0, 1, 1, 0, 0, 1, 0]  (1, 4)
100_5___16__    15   0  [0, 1, 2, 0, 4, 0, 1, 3, 0, 1, 1, 0, 0, 1, 0]  (1, 4)
100_2___16__    13   1  [1, 2, 0, 4, 2, 1, 1, 1, 0, 2, 0, 1, 0]  (2, 4)
200_3___16__    12   1  [1, 3, 4, 0, 1, 3, 0, 1, 2, 0, 1, 0]  (3, 4)
200_4___16__    12   1  [1, 3, 4, 0, 1, 3, 0, 1, 1, 0, 2, 0]  (4, 4)
300_3___16__    11   3  [2, 0, 5, 1, 4, 1, 1, 0, 0, 1, 0]  (4, 6)
300_4___16__    11   3  [2, 0, 4, 0, 1, 4, 1, 1, 1, 1, 0]  (4, 6)
200_5___16__    10   1  [1, 3, 4, 0, 1, 4, 1, 2, 2, 0]  (4, 4)
300_1___16__    10   3  [2, 0, 1, 5, 4, 1, 1, 0, 2, 0]  (4, 5)
300_2___16__    10   3  [2, 0, 7, 4, 1, 1, 0, 0, 1, 0]  (4, 6)
100_1___16__    9   3  [2, 0, 7, 3, 1, 0, 2, 2, 0]  (3, 4)
300_5___16__    9   3  [2, 0, 5, 1, 4, 1, 1, 3, 0]  (4, 7)
200_2___16__    8   3  [3, 4, 2, 3, 2, 3, 1, 0]  (4, 4)
200_1___16__    7   1  [1, 3, 7, 6, 4, 0, 0]  (3, 4)
part_in:(1, 7), all_in:(4, 4), all_out:(1, 7)
gap34
300_4___17__    15   2  [1, 0, 0, 0, 0, 0, 0, 3, 1, 0, 0, 2, 1, 3, 1]  (1, 4)
300_3___17__    14   2  [1, 0, 0, 0, 0, 1, 3, 1, 0, 0, 2, 1, 3, 1]  (1, 2)
300_5___17__    14   2  [1, 0, 0, 0, 0, 1, 3, 1, 0, 0, 2, 1, 3, 1]  (1, 4)
100_1___17__    13   4  [0, 0, 0, 0, 0, 0, 3, 1, 0, 0, 2, 5, 1]  (1, 3)
100_2___17__    13   4  [0, 0, 0, 0, 0, 0, 3, 1, 0, 0, 2, 5, 1]  (1, 8)
100_4___17__    13   2  [1, 0, 0, 0, 0, 1, 3, 1, 0, 0, 2, 5, 1]  (1, 7)
100_5___17__    13   2  [1, 0, 0, 0, 0, 1, 2, 0, 1, 0, 0, 8, 1]  (1, 8)
200_1___17__    13   2  [1, 1, 0, 0, 0, 0, 3, 1, 0, 0, 2, 5, 1]  (1, 1)
200_2___17__    13   2  [1, 1, 0, 0, 1, 3, 1, 0, 0, 2, 0, 4, 1]  (1, 2)
200_3___17__    13   2  [1, 1, 0, 0, 1, 3, 1, 0, 0, 2, 1, 3, 1]  (1, 3)
200_4___17__    13   2  [1, 1, 0, 0, 1, 3, 1, 0, 0, 2, 1, 3, 1]  (1, 4)
100_3___17__    12   4  [0, 0, 0, 0, 1, 3, 1, 0, 0, 2, 5, 1]  (1, 9)
200_5___17__    12   4  [1, 0, 0, 1, 3, 1, 0, 0, 2, 3, 1, 1]  (1, 3)
300_2___17__    12   2  [1, 1, 0, 0, 0, 0, 3, 1, 0, 0, 8, 1]  (1, 4)
300_1___17__    11   4  [1, 0, 0, 0, 0, 3, 1, 0, 3, 5, 1]  (1, 2)
part_in:(3, 9), all_in:(1, 2), all_out:(1, 9)
gap45
200_5___18__    18   2  [0, 1, 0, 0, 3, 0, 0, 1, 0, 0, 0, 1, 0, 0, 0, 1, 2, 0]  (4, 5)
100_4___18__    17   2  [0, 1, 0, 0, 2, 0, 0, 0, 1, 1, 0, 1, 1, 0, 1, 0, 2]  (4, 5)
200_3___18__    17   2  [0, 0, 0, 0, 0, 2, 0, 0, 0, 1, 1, 0, 1, 2, 1, 2, 0]  (4, 5)
100_3___18__    16   0  [1, 0, 1, 0, 0, 2, 2, 1, 1, 0, 1, 1, 0, 1, 0, 2]  (4, 4)
300_3___18__    16   2  [0, 1, 0, 0, 1, 1, 0, 0, 1, 0, 0, 0, 1, 4, 0, 2]  (4, 5)
100_2___18__    15   2  [0, 1, 0, 0, 2, 0, 1, 1, 1, 0, 1, 1, 2, 0, 2]  (4, 5)
100_5___18__    15   3  [1, 0, 0, 2, 0, 1, 1, 1, 0, 1, 1, 0, 1, 0, 2]  (4, 5)
200_1___18__    15   2  [0, 1, 0, 0, 2, 0, 1, 1, 1, 0, 1, 0, 3, 2, 0]  (3, 4)
200_2___18__    15   2  [0, 1, 0, 0, 2, 1, 0, 1, 1, 0, 1, 2, 1, 2, 0]  (4, 6)
300_4___18__    15   2  [0, 1, 0, 0, 1, 1, 1, 1, 0, 0, 0, 3, 2, 0, 2]  (4, 5)
300_5___18__    15   2  [0, 1, 0, 0, 1, 1, 1, 1, 0, 1, 3, 0, 1, 0, 2]  (4, 5)
100_1___18__    14   2  [0, 1, 0, 2, 0, 0, 1, 1, 1, 0, 3, 2, 0, 2]  (4, 4)
200_4___18__    14   2  [0, 1, 0, 0, 3, 0, 0, 3, 0, 1, 2, 1, 2, 0]  (4, 5)
300_2___18__    14   2  [2, 0, 0, 3, 1, 1, 0, 0, 0, 1, 1, 2, 0, 2]  (4, 4)
300_1___18__    13   5  [0, 0, 1, 0, 0, 1, 1, 0, 0, 0, 3, 2, 3]  (2, 4)
part_in:(3, 6), all_in:(4, 4), all_out:(3, 6)
gap56
200_3___19__    14   0  [0, 2, 0, 0, 3, 2, 0, 1, 0, 1, 1, 1, 3, 1]  (3, 3)
200_4___19__    14   0  [0, 1, 0, 0, 0, 3, 2, 0, 1, 0, 1, 1, 5, 1]  (3, 3)
200_5___19__    14   0  [0, 2, 0, 0, 1, 1, 2, 0, 1, 0, 1, 1, 5, 1]  (3, 3)
200_1___19__    13   1  [1, 0, 0, 0, 3, 2, 0, 1, 0, 3, 5, 0, 0]  (3, 5)
200_2___19__    13   0  [0, 2, 0, 0, 3, 2, 0, 1, 0, 3, 5, 0, 0]  (3, 4)
300_5___19__    13   1  [2, 0, 0, 1, 4, 0, 1, 0, 1, 1, 5, 0, 0]  (3, 3)
300_2___19__    12   1  [2, 0, 0, 3, 2, 0, 1, 0, 1, 1, 6, 0]  (2, 3)
300_3___19__    12   1  [2, 0, 0, 2, 3, 0, 1, 0, 1, 1, 5, 1]  (3, 3)
100_4___19__    11   1  [2, 0, 0, 6, 0, 1, 0, 3, 1, 4, 0]  (3, 5)
100_5___19__    11   1  [2, 0, 0, 3, 2, 0, 1, 0, 1, 3, 5]  (2, 3)
300_4___19__    11   3  [0, 0, 0, 6, 0, 1, 0, 1, 1, 5, 1]  (3, 3)
100_2___19__    10   0  [0, 2, 0, 0, 3, 3, 1, 4, 1, 5]  (3, 4)
300_1___19__    10   4  [0, 0, 3, 0, 2, 1, 0, 1, 1, 7]  (3, 4)
100_1___19__    9   2  [1, 0, 0, 3, 3, 1, 2, 1, 7]  (3, 5)
100_3___19__    8   4  [0, 0, 7, 1, 0, 3, 1, 5]  (3, 4)
part_in:(2, 5), all_in:(3, 3), all_out:(2, 5)
ball
300_2___20__    21   0  [0, 1, 0, 0, 1, 0, 0, 0, 0, 1, 0, 0, 1, 0, 1, 0, 1, 2, 0, 0, 0]  (2, 2)
100_5___20__    19   0  [0, 1, 0, 0, 1, 0, 0, 1, 1, 0, 0, 0, 1, 1, 0, 1, 2, 1, 0]  (1, 2)
200_3___20__    19   0  [0, 0, 0, 0, 0, 1, 0, 2, 1, 0, 0, 0, 1, 1, 0, 4, 0, 0, 0]  (1, 2)
200_4___20__    19   0  [0, 0, 0, 0, 0, 1, 0, 2, 1, 0, 0, 0, 1, 1, 0, 4, 0, 0, 0]  (1, 2)
100_1___20__    18   0  [0, 1, 0, 0, 1, 0, 0, 1, 1, 0, 0, 2, 1, 0, 1, 2, 1, 0]  (1, 2)
100_2___20__    18   0  [0, 1, 0, 0, 1, 0, 0, 1, 1, 0, 0, 2, 1, 0, 1, 2, 1, 0]  (1, 2)
100_4___20__    18   0  [0, 1, 0, 0, 1, 0, 0, 1, 1, 0, 0, 0, 1, 1, 0, 4, 1, 0]  (1, 2)
200_5___20__    18   0  [0, 0, 0, 0, 0, 1, 0, 0, 1, 1, 0, 0, 2, 1, 0, 4, 1, 0]  (1, 2)
300_3___20__    18   0  [0, 2, 0, 1, 0, 2, 1, 0, 0, 1, 0, 1, 0, 1, 2, 0, 0, 0]  (2, 2)
300_4___20__    18   0  [0, 2, 0, 1, 0, 2, 1, 0, 0, 0, 0, 0, 1, 0, 1, 2, 1, 0]  (2, 2)
100_3___20__    17   0  [0, 1, 0, 0, 1, 0, 0, 1, 1, 0, 0, 2, 1, 0, 4, 1, 0]  (1, 2)
200_1___20__    17   0  [0, 1, 0, 0, 1, 0, 1, 0, 1, 1, 0, 1, 2, 4, 0, 0, 0]  (1, 2)
200_2___20__    17   0  [0, 1, 0, 0, 1, 0, 2, 1, 1, 0, 1, 1, 0, 1, 2, 0, 1]  (0, 2)
300_1___20__    16   0  [0, 1, 0, 0, 1, 0, 2, 1, 0, 0, 1, 0, 1, 0, 6, 0]  (1, 2)
300_5___20__    16   0  [0, 2, 0, 1, 0, 0, 1, 1, 0, 0, 1, 0, 1, 0, 6, 0]  (2, 2)
part_in:(0, 0), all_in:(1, 2), all_out:(0, 2)
ball_column
100_2___21__    15   0  [0, 3, 1, 1, 0, 0, 0, 0, 0, 0, 3, 5, 0, 0, 1]  (3, 6)
100_1___21__    14   0  [0, 3, 1, 1, 0, 0, 1, 0, 0, 2, 0, 6, 0, 1]  (3, 6)
100_3___21__    14   1  [3, 1, 1, 0, 0, 0, 1, 0, 3, 1, 3, 0, 0, 1]  (3, 6)
200_5___21__    14   1  [2, 0, 1, 1, 0, 0, 0, 1, 0, 3, 5, 0, 0, 1]  (1, 6)
300_3___21__    13   4  [0, 1, 2, 0, 0, 1, 0, 2, 0, 5, 0, 0, 1]  (5, 6)
100_4___21__    12   1  [3, 1, 1, 0, 1, 1, 0, 3, 5, 0, 0, 1]  (3, 6)
200_2___21__    12   1  [1, 0, 0, 1, 2, 0, 0, 1, 0, 10, 0, 1]  (0, 6)
300_1___21__    12   1  [2, 2, 2, 2, 0, 0, 2, 0, 5, 0, 0, 1]  (5, 6)
300_2___21__    12   4  [2, 2, 1, 0, 0, 0, 2, 0, 5, 0, 0, 1]  (4, 6)
300_4___21__    12   1  [2, 2, 2, 0, 2, 0, 2, 0, 5, 0, 0, 1]  (5, 6)
300_5___21__    12   5  [0, 0, 1, 0, 3, 0, 2, 0, 5, 0, 0, 1]  (6, 6)
100_5___21__    11   1  [3, 3, 0, 1, 1, 0, 3, 5, 0, 0, 1]  (3, 6)
200_3___21__    11   1  [1, 1, 1, 2, 0, 0, 1, 0, 10, 0, 1]  (1, 6)
200_1___21__    10   1  [3, 1, 2, 0, 0, 1, 0, 10, 0, 1]  (2, 6)
200_4___21__    10   1  [3, 1, 2, 0, 0, 1, 0, 10, 0, 1]  (1, 6)
part_in:(0, 4), all_in:(5, 6), all_out:(0, 6)
blue
100_3___22__    10   3  [1, 1, 4, 2, 0, 3, 2, 0, 2, 1]  (2, 9)
100_4___22__    10   3  [1, 0, 0, 4, 2, 0, 3, 2, 3, 1]  (2, 9)
100_5___22__    10   3  [1, 1, 4, 1, 1, 1, 1, 2, 3, 1]  (2, 9)
200_5___22__    10   5  [1, 4, 1, 1, 0, 1, 0, 2, 3, 1]  (2, 9)
100_2___22__    9   3  [0, 0, 6, 2, 0, 3, 2, 3, 1]  (2, 8)
200_2___22__    9   6  [0, 3, 0, 3, 1, 1, 2, 3, 1]  (2, 8)
200_4___22__    9   7  [2, 0, 0, 3, 0, 2, 2, 3, 1]  (2, 10)
300_3___22__    8   7  [4, 3, 0, 1, 0, 2, 3, 1]  (2, 11)
300_4___22__    8   5  [6, 3, 0, 1, 0, 2, 3, 1]  (2, 10)
300_5___22__    8   5  [6, 3, 0, 1, 0, 2, 3, 1]  (2, 9)
100_1___22__    7   5  [9, 0, 1, 1, 2, 3, 1]  (2, 8)
200_1___22__    7   11  [4, 1, 0, 0, 2, 3, 1]  (2, 7)
200_3___22__    7   7  [3, 4, 0, 2, 2, 3, 1]  (2, 11)
300_1___22__    7   7  [8, 1, 0, 0, 2, 3, 1]  (2, 9)
300_2___22__    7   7  [4, 3, 2, 0, 2, 3, 1]  (2, 10)
part_in:(8, 11), all_in:(2, 7), all_out:(2, 11)
blue_sort
300_5___23__    11   5  [0, 0, 0, 1, 0, 5, 1, 4, 1, 1, 0]  (4, 15)
100_3___23__    9   5  [1, 1, 0, 0, 3, 3, 4, 3, 0]  (7, 15)
200_2___23__    8   5  [1, 2, 0, 5, 1, 4, 1, 2]  (1, 15)
200_5___23__    8   5  [1, 2, 0, 5, 1, 6, 1, 0]  (3, 15)
300_2___23__    8   5  [1, 1, 0, 0, 7, 4, 3, 0]  (4, 15)
300_3___23__    8   5  [1, 1, 0, 0, 3, 1, 1, 9]  (5, 15)
100_5___23__    7   6  [3, 0, 5, 1, 5, 2, 0]  (5, 15)
200_1___23__    7   5  [4, 0, 4, 0, 1, 4, 4]  (8, 15)
200_4___23__    7   5  [4, 0, 5, 1, 6, 1, 0]  (3, 15)
300_1___23__    7   5  [1, 1, 0, 0, 7, 4, 4]  (8, 15)
300_4___23__    7   5  [1, 2, 0, 5, 1, 4, 4]  (3, 15)
100_2___23__    6   7  [2, 0, 7, 4, 1, 2]  (8, 15)
100_1___23__    5   10  [0, 7, 4, 1, 2]  (10, 15)
100_4___23__    5   10  [0, 1, 5, 8, 0]  (4, 15)
200_3___23__    5   5  [4, 0, 5, 1, 9]  (3, 15)
part_in:(1, 9), all_in:(10, 15), all_out:(1, 15)
