predict number: 1
('10_7&0%12_10&0%3_6&0%7_7&0%11_8&0%2_6&0%5_10&0%6_1&0%3_2&0', 5)
len:22 predict: {5, 6, 8, 9, 10, 11, 12, 13, 14, 15, 16, 17, 18, 19, 20, 21, 22, 23, 24, 25, 26, 31}:
predict number: 2
('10_7&0%12_10&0%14_2&0%3_6&0%7_7&0%11_8&0%2_6&0%5_10&0%18_6&0', 4)
len:20 predict: {3, 5, 6, 8, 9, 11, 13, 14, 15, 16, 17, 18, 19, 20, 21, 22, 23, 25, 26, 31}:
predict number: 3
('10_7&0%12_10&0%14_2&0%3_6&0%7_7&0%11_8&0%2_6&0%5_10&0%3_2&0', 4)
len:20 predict: {5, 6, 8, 9, 10, 11, 13, 14, 15, 16, 17, 18, 19, 20, 21, 22, 23, 25, 26, 31}:
predict number: 4
('10_7&0%12_10&0%14_2&0%3_6&0%7_7&0%11_8&0%2_6&0%18_6&0%3_2&0', 4)
len:20 predict: {3, 5, 6, 8, 9, 10, 11, 13, 15, 16, 17, 18, 19, 20, 21, 22, 23, 25, 26, 31}:
predict number: 5
('10_7&0%12_10&0%14_2&0%3_6&0%7_7&0%11_8&0%5_10&0%18_6&0%3_2&0', 4)
len:20 predict: {3, 6, 8, 9, 10, 11, 13, 14, 15, 16, 17, 18, 19, 20, 21, 22, 23, 25, 26, 31}:

len:17 intersection:{6, 8, 9, 11, 13, 15, 16, 17, 18, 19, 20, 21, 22, 23, 25, 26, 31}
