continues1
18_3: 16: [5, 9, 13, 17, 21, 26]: [1, 1, 1, 3, 1, 1, 1, 2, 1, 1, 1, 1, 1, 1, 1, 1]: 0
3_3: 15: [5, 9, 14, 19, 24, 29]: [1, 1, 2, 3, 1, 1, 1, 2, 1, 1, 1, 2, 1, 1, 1]: 0
4_2: 11: [4, 10, 13, 18, 21, 26]: [1, 2, 2, 3, 1, 1, 1, 1, 1, 1, 1]: 1
4_8: 11: [3, 5, 7, 10, 14, 24]: [1, 1, 1, 2, 1, 1, 1, 4, 1, 2, 3]: 0
11_7: 10: [2, 3, 8, 9, 16, 26]: [2, 1, 1, 2, 1, 1, 1, 1, 2, 1]: 0
6_10: 10: [3, 13, 15, 21, 27, 32]: [2, 1, 1, 3, 1, 1, 1, 1, 1, 2]: 0
20_2: 9: [3, 9, 11, 17, 25, 26]: [2, 1, 1, 2, 1, 1, 1, 1, 2]: 1
20_3: 9: [4, 8, 12, 18, 23, 28]: [1, 1, 2, 4, 1, 1, 1, 1, 3]: 3
10_10: 8: [4, 11, 13, 16, 23, 28]: [2, 1, 2, 2, 1, 1, 1, 1]: 1
4_1: 7: [2, 9, 11, 17, 22, 24]: [1, 1, 1, 2, 1, 1, 2]: 0
5_2: 7: [5, 9, 11, 16, 20, 23]: [2, 2, 3, 1, 1, 2, 2]: 0
6_2: 7: [3, 8, 11, 18, 21, 26]: [2, 1, 1, 2, 1, 2, 1]: 1
9_1: 7: [3, 5, 9, 14, 19, 25]: [1, 1, 1, 1, 1, 2, 1]: 1
10_6: 7: [3, 10, 11, 16, 23, 28]: [2, 1, 1, 3, 2, 2, 1]: 1
10_9: 7: [3, 6, 10, 13, 18, 27]: [1, 4, 1, 2, 1, 1, 1]: 2
11_3: 7: [4, 8, 13, 17, 21, 27]: [3, 1, 3, 2, 1, 2, 1]: 0
13_1: 7: [2, 6, 10, 14, 20, 27]: [2, 1, 2, 2, 2, 1, 1]: 1
20_8: 7: [2, 6, 8, 10, 20, 30]: [1, 1, 1, 1, 3, 1, 1]: 1
13_10: 7: [2, 10, 14, 19, 25, 28]: [1, 1, 2, 2, 1, 2, 2]: 2
3_6: 6: [6, 11, 13, 20, 24, 28]: [2, 1, 2, 1, 1, 1]: 2
continues0
7_7: 5: [5, 8, 13, 15, 19, 26]: [0, 0, 0, 0, 0, 3, 1, 0, 3, 1, 2]: 0
11_1: 5: [5, 7, 10, 16, 23, 27]: [0, 0, 0, 0, 0, 2, 1, 2, 1, 2, 0]: 0
20_6: 4: [2, 2, 8, 13, 22, 29]: [0, 0, 0, 0, 2, 1, 1, 1, 1, 0, 1]: 0
4_6: 2: [4, 6, 13, 16, 21, 27]: [0, 0, 2, 0, 1, 2, 2, 1, 2, 0, 2]: 1
9_8: 2: [3, 6, 8, 8, 13, 27]: [0, 0, 2, 3, 0, 0, 2, 0, 0, 1, 2]: 1
10_2: 2: [5, 9, 10, 15, 20, 23]: [0, 0, 2, 0, 1, 1, 1, 1, 1, 1, 1]: 0
12_2: 2: [2, 8, 11, 14, 18, 23]: [0, 0, 2, 1, 1, 2, 2, 0, 1, 1, 1]: 1
13_7: 2: [3, 5, 8, 12, 18, 25]: [0, 0, 2, 0, 0, 1, 2, 1, 0, 1, 1]: 3
19_2: 2: [2, 6, 10, 15, 19, 24]: [0, 0, 1, 0, 0, 1, 0, 1, 1, 1, 1]: 1
11_10: 2: [3, 13, 15, 18, 24, 28]: [0, 0, 1, 0, 1, 1, 2, 2, 0, 1, 0]: 2
4_9: 1: [3, 5, 8, 10, 17, 27]: [0, 2, 1, 2, 0, 1, 2, 2, 0, 1, 2]: 0
5_6: 1: [3, 8, 12, 18, 25, 31]: [0, 1, 0, 2, 2, 3, 1, 1, 1, 3, 0]: 4
5_7: 1: [1, 5, 9, 13, 19, 26]: [0, 2, 0, 2, 1, 0, 2, 3, 1, 0, 1]: 0
5_9: 1: [2, 8, 10, 15, 21, 28]: [0, 2, 3, 1, 0, 1, 1, 1, 1, 1, 0]: 1
6_1: 1: [3, 4, 9, 10, 19, 27]: [0, 2, 0, 2, 1, 0, 1, 0, 0, 2, 0]: 0
6_9: 1: [6, 8, 11, 13, 18, 30]: [0, 1, 3, 1, 2, 0, 1, 1, 2, 1, 0]: 2
7_2: 1: [3, 6, 11, 15, 22, 26]: [0, 2, 1, 0, 2, 2, 1, 1, 1, 0, 1]: 1
8_8: 1: [3, 5, 4, 8, 11, 24]: [0, 3, 1, 2, 1, 2, 1, 1, 2, 0, 2]: 0
10_1: 1: [4, 13, 20, 24, 28, 30]: [0, 2, 0, 1, 2, 1, 2, 1, 0, 0, 1]: 1
11_8: 1: [1, 4, 8, 9, 19, 29]: [0, 2, 2, 2, 1, 2, 2, 1, 1, 1, 1]: 0
