30
less5
400_5___1__    16   0  [0, 1, 1, 0, 0, 4, 1, 0, 2, 1, 1, 0, 0, 2, 0, 0]  (4, 5)
400_4___1__    15   0  [0, 3, 0, 0, 4, 1, 0, 2, 1, 1, 0, 0, 2, 0, 0]  (5, 5)
1000_5___1__    15   0  [0, 1, 1, 0, 0, 4, 1, 0, 2, 3, 0, 0, 2, 0, 0]  (5, 8)
600_4___1__    14   0  [0, 3, 0, 0, 4, 2, 2, 1, 1, 0, 0, 2, 0, 0]  (5, 10)
600_5___1__    14   0  [0, 3, 0, 0, 4, 2, 2, 1, 1, 0, 0, 2, 0, 0]  (5, 13)
1000_4___1__    14   0  [0, 3, 0, 0, 4, 1, 0, 2, 3, 0, 0, 2, 0, 0]  (5, 9)
400_3___1__    13   1  [3, 0, 0, 4, 1, 3, 1, 1, 0, 0, 2, 0, 0]  (5, 8)
1000_3___1__    12   0  [0, 3, 1, 4, 1, 3, 3, 0, 0, 2, 0, 0]  (5, 7)
400_2___1__    11   1  [4, 0, 6, 3, 1, 1, 0, 0, 2, 0, 0]  (1, 5)
600_3___1__    10   1  [5, 4, 5, 1, 1, 0, 0, 2, 0, 0]  (5, 11)
1000_2___1__    10   0  [0, 5, 6, 3, 3, 0, 0, 2, 0, 0]  (3, 5)
400_1___1__    9   0  [0, 5, 6, 3, 3, 1, 2, 0, 0]  (0, 5)
1000_1___1__    9   0  [0, 3, 1, 10, 3, 1, 2, 0, 0]  (3, 5)
600_1___1__    8   0  [0, 5, 10, 3, 1, 2, 0, 0]  (5, 6)
600_2___1__    7   1  [5, 10, 1, 1, 4, 0, 0]  (5, 7)
part_in:(0, 13), all_in:(5, 5), all_out:(0, 13)
less8
400_2___2__    15   4  [0, 1, 0, 0, 0, 1, 0, 0, 2, 0, 1, 0, 1, 4, 0]  (18, 20)
400_5___2__    13   4  [0, 3, 0, 1, 0, 0, 0, 1, 0, 1, 2, 4, 0]  (14, 20)
400_3___2__    12   4  [0, 2, 0, 0, 1, 0, 0, 2, 0, 1, 2, 5]  (15, 20)
400_4___2__    12   4  [0, 3, 0, 1, 0, 0, 2, 0, 1, 1, 0, 5]  (14, 20)
600_4___2__    12   4  [0, 3, 0, 1, 0, 3, 0, 1, 0, 0, 0, 5]  (11, 20)
400_1___2__    11   7  [0, 0, 0, 1, 0, 0, 2, 0, 1, 2, 5]  (18, 20)
600_2___2__    11   4  [2, 1, 0, 1, 0, 4, 1, 0, 1, 4, 0]  (15, 20)
600_3___2__    11   4  [0, 3, 0, 1, 0, 3, 0, 1, 2, 2, 2]  (12, 20)
1000_2___2__    11   5  [2, 0, 0, 1, 0, 3, 0, 1, 1, 0, 5]  (17, 20)
600_5___2__    10   4  [0, 3, 0, 1, 0, 3, 0, 1, 2, 5]  (9, 20)
1000_3___2__    10   4  [0, 2, 0, 0, 1, 0, 3, 0, 4, 5]  (13, 20)
1000_5___2__    9   4  [0, 2, 0, 0, 1, 0, 4, 4, 5]  (14, 20)
600_1___2__    8   4  [4, 0, 1, 0, 4, 1, 2, 5]  (15, 20)
1000_1___2__    8   5  [2, 0, 0, 1, 5, 3, 0, 5]  (16, 20)
1000_4___2__    8   5  [2, 0, 0, 1, 5, 3, 0, 5]  (12, 20)
part_in:(9, 17), all_in:(18, 20), all_out:(9, 20)
less9
400_5___3__    12   0  [2, 0, 1, 0, 1, 2, 5, 4, 0, 2, 0, 0]  (5, 12)
400_4___3__    11   0  [3, 1, 0, 1, 2, 5, 4, 0, 2, 0, 0]  (5, 10)
600_3___3__    11   4  [1, 0, 1, 2, 1, 3, 5, 1, 0, 0, 0]  (5, 5)
600_5___3__    11   4  [1, 0, 1, 2, 1, 3, 5, 1, 0, 0, 0]  (5, 5)
1000_4___3__    11   4  [1, 0, 1, 2, 5, 3, 0, 0, 1, 0, 1]  (4, 5)
400_1___3__    10   0  [3, 1, 0, 1, 8, 1, 3, 2, 0, 0]  (5, 15)
600_4___3__    10   4  [1, 0, 1, 4, 3, 5, 1, 0, 0, 0]  (5, 8)
1000_3___3__    10   4  [1, 0, 1, 8, 1, 2, 0, 1, 0, 1]  (4, 5)
1000_5___3__    10   4  [1, 0, 1, 2, 5, 4, 0, 2, 0, 0]  (4, 5)
400_2___3__    9   3  [0, 1, 0, 1, 8, 5, 2, 0, 0]  (5, 13)
400_3___3__    9   4  [1, 0, 1, 8, 4, 0, 2, 0, 0]  (5, 7)
600_1___3__    9   4  [1, 0, 1, 8, 2, 2, 2, 0, 0]  (5, 9)
600_2___3__    9   4  [1, 0, 1, 8, 2, 2, 2, 0, 0]  (5, 8)
1000_1___3__    9   0  [3, 1, 0, 1, 8, 1, 3, 2, 1]  (5, 9)
1000_2___3__    8   0  [3, 1, 0, 1, 8, 5, 2, 1]  (5, 10)
part_in:(4, 15), all_in:(5, 5), all_out:(4, 15)
less10
400_5___4__    16   0  [5, 0, 1, 2, 0, 0, 0, 0, 0, 0, 2, 1, 0, 2, 0, 0]  (0, 2)
1000_2___4__    16   0  [6, 1, 0, 1, 0, 2, 0, 0, 2, 1, 0, 0, 0, 0, 0, 0]  (0, 4)
400_4___4__    15   0  [5, 0, 1, 2, 0, 0, 0, 0, 0, 0, 2, 1, 0, 2, 1]  (0, 2)
600_5___4__    15   2  [3, 0, 1, 2, 0, 1, 0, 0, 0, 1, 0, 2, 2, 0, 0]  (0, 0)
400_3___4__    14   3  [2, 0, 1, 2, 0, 1, 0, 0, 0, 2, 1, 0, 2, 1]  (0, 1)
1000_3___4__    14   6  [0, 1, 0, 1, 0, 2, 0, 0, 2, 1, 0, 0, 1, 1]  (0, 1)
400_2___4__    13   3  [3, 1, 2, 0, 1, 0, 0, 0, 2, 2, 1, 0, 1]  (0, 4)
600_1___4__    13   7  [1, 1, 0, 0, 2, 0, 0, 2, 2, 1, 0, 0, 0]  (0, 1)
600_2___4__    13   7  [1, 1, 0, 0, 1, 0, 0, 0, 2, 2, 1, 0, 1]  (0, 1)
600_4___4__    13   7  [1, 1, 0, 0, 1, 0, 0, 0, 1, 0, 2, 2, 1]  (0, 1)
1000_4___4__    13   6  [0, 1, 0, 1, 2, 0, 0, 0, 2, 1, 0, 2, 1]  (0, 1)
600_3___4__    12   7  [1, 1, 0, 0, 1, 0, 0, 0, 2, 2, 2, 1]  (0, 1)
1000_1___4__    12   0  [6, 1, 0, 2, 2, 0, 0, 2, 2, 1, 0, 1]  (0, 4)
1000_5___4__    12   6  [0, 1, 3, 1, 0, 0, 0, 2, 1, 0, 2, 1]  (0, 0)
400_1___4__    11   7  [1, 2, 0, 2, 0, 0, 2, 2, 2, 0, 0]  (0, 5)
part_in:(2, 4), all_in:(0, 1), all_out:(0, 4)
row1
400_5___5__    18   0  [1, 0, 0, 0, 0, 0, 1, 0, 1, 1, 0, 0, 0, 3, 2, 0, 1, 1]  (0, 0)
400_4___5__    17   0  [1, 1, 0, 0, 0, 0, 0, 0, 1, 1, 0, 0, 0, 3, 3, 1, 1]  (0, 0)
1000_5___5__    17   0  [1, 1, 0, 0, 0, 1, 0, 3, 0, 0, 0, 2, 2, 0, 0, 1, 1]  (0, 2)
400_2___5__    16   0  [1, 1, 0, 0, 0, 0, 1, 3, 0, 0, 0, 3, 2, 0, 2, 0]  (0, 0)
400_3___5__    16   0  [3, 0, 0, 0, 0, 0, 0, 3, 0, 0, 0, 3, 2, 0, 2, 0]  (0, 0)
1000_3___5__    16   0  [1, 1, 0, 0, 0, 0, 1, 3, 0, 0, 0, 2, 2, 1, 1, 1]  (0, 1)
1000_1___5__    15   0  [1, 1, 0, 0, 0, 0, 1, 3, 0, 1, 2, 3, 0, 1, 1]  (0, 1)
1000_4___5__    15   0  [1, 1, 0, 0, 0, 1, 0, 3, 0, 0, 0, 2, 4, 1, 1]  (0, 2)
400_1___5__    14   0  [1, 1, 0, 0, 0, 0, 1, 3, 0, 0, 0, 6, 0, 3]  (0, 0)
600_4___5__    14   0  [1, 1, 0, 0, 0, 2, 3, 0, 0, 0, 5, 1, 1, 1]  (0, 2)
1000_2___5__    14   0  [3, 0, 0, 0, 2, 3, 0, 0, 0, 2, 2, 1, 2, 0]  (0, 0)
600_2___5__    13   0  [1, 1, 0, 0, 0, 2, 3, 0, 0, 0, 2, 4, 3]  (0, 0)
600_5___5__    13   0  [1, 1, 0, 0, 0, 2, 3, 0, 0, 0, 7, 1, 1]  (0, 4)
600_1___5__    12   0  [1, 1, 0, 0, 0, 2, 3, 0, 1, 6, 0, 3]  (0, 0)
600_3___5__    12   0  [3, 0, 0, 0, 2, 3, 0, 0, 0, 7, 1, 1]  (0, 1)
part_in:(2, 4), all_in:(0, 1), all_out:(0, 4)
row2
400_4___6__    14   0  [1, 0, 1, 0, 0, 2, 2, 0, 0, 1, 4, 0, 2, 2]  (21, 24)
600_4___6__    14   0  [2, 1, 1, 2, 2, 0, 0, 1, 1, 0, 3, 0, 0, 2]  (21, 29)
1000_5___6__    14   0  [1, 0, 1, 0, 0, 2, 2, 0, 0, 1, 4, 0, 0, 4]  (21, 30)
400_3___6__    13   0  [2, 2, 0, 2, 2, 0, 0, 4, 1, 0, 2, 0, 1]  (21, 22)
400_5___6__    13   0  [2, 1, 0, 0, 2, 2, 0, 0, 1, 4, 0, 2, 2]  (21, 29)
600_2___6__    13   0  [1, 0, 3, 2, 2, 0, 5, 1, 0, 0, 1, 0, 1]  (21, 26)
400_2___6__    12   0  [1, 0, 2, 3, 2, 0, 5, 1, 0, 0, 2, 1]  (20, 21)
600_5___6__    12   0  [2, 2, 0, 2, 2, 0, 0, 1, 2, 3, 1, 2]  (21, 32)
1000_3___6__    11   0  [1, 0, 1, 1, 2, 2, 0, 0, 7, 2, 2]  (21, 26)
1000_4___6__    11   0  [1, 0, 1, 1, 2, 2, 0, 0, 1, 5, 5]  (21, 28)
600_1___6__    10   0  [2, 3, 2, 2, 0, 5, 1, 1, 0, 3]  (21, 29)
600_3___6__    10   0  [2, 3, 2, 2, 0, 0, 1, 2, 5, 2]  (21, 25)
1000_2___6__    10   0  [2, 1, 1, 2, 2, 0, 0, 1, 5, 5]  (20, 21)
1000_1___6__    9   0  [1, 0, 3, 2, 2, 0, 2, 4, 6]  (21, 21)
400_1___6__    8   0  [6, 2, 2, 0, 5, 1, 1, 4]  (19, 21)
part_in:(20, 32), all_in:(21, 21), all_out:(20, 32)
row3
600_5___7__    13   0  [1, 0, 1, 0, 0, 2, 4, 1, 2, 1, 1, 0, 3]  (11, 24)
400_3___7__    12   0  [1, 2, 0, 0, 2, 4, 1, 2, 1, 0, 3, 1]  (23, 24)
400_4___7__    11   0  [2, 1, 0, 0, 2, 4, 1, 2, 1, 0, 5]  (22, 24)
400_5___7__    11   0  [1, 0, 1, 0, 0, 2, 4, 1, 2, 1, 6]  (18, 24)
600_4___7__    11   0  [1, 2, 1, 2, 4, 1, 2, 1, 1, 0, 3]  (15, 24)
600_3___7__    10   0  [1, 0, 1, 1, 2, 4, 1, 2, 1, 6]  (19, 24)
1000_3___7__    9   0  [2, 1, 0, 0, 2, 6, 4, 0, 5]  (20, 24)
1000_4___7__    9   0  [2, 1, 0, 0, 2, 4, 1, 4, 6]  (16, 24)
1000_5___7__    9   0  [2, 1, 0, 0, 2, 4, 1, 4, 6]  (14, 24)
600_1___7__    8   0  [1, 4, 2, 9, 1, 1, 0, 3]  (16, 24)
600_2___7__    8   0  [1, 2, 1, 2, 9, 1, 1, 4]  (19, 24)
1000_2___7__    8   0  [1, 2, 1, 2, 6, 4, 1, 4]  (24, 25)
400_1___7__    7   0  [1, 4, 2, 9, 1, 1, 4]  (24, 28)
400_2___7__    7   0  [2, 2, 0, 2, 9, 1, 6]  (24, 27)
1000_1___7__    6   0  [4, 1, 2, 6, 4, 6]  (24, 24)
part_in:(11, 28), all_in:(24, 24), all_out:(11, 28)
row4
400_3___8__    15   1  [0, 0, 2, 0, 0, 0, 0, 5, 1, 1, 1, 3, 0, 0, 0]  (3, 5)
400_4___8__    13   1  [0, 0, 2, 0, 0, 1, 5, 0, 0, 3, 3, 1, 0]  (3, 5)
600_3___8__    13   1  [0, 0, 1, 1, 2, 5, 1, 1, 1, 3, 0, 0, 0]  (3, 5)
400_2___8__    12   1  [0, 0, 2, 0, 2, 5, 1, 1, 1, 3, 1, 0]  (3, 5)
600_1___8__    12   1  [0, 0, 1, 1, 2, 5, 3, 0, 0, 4, 0, 0]  (3, 5)
600_5___8__    12   1  [0, 0, 2, 0, 2, 5, 1, 1, 1, 3, 1, 0]  (2, 5)
1000_2___8__    12   1  [0, 0, 3, 2, 5, 1, 3, 0, 2, 0, 0, 0]  (2, 5)
1000_3___8__    12   1  [0, 0, 3, 0, 1, 5, 1, 3, 2, 1, 0, 0]  (1, 5)
1000_5___8__    12   1  [0, 0, 2, 0, 2, 3, 1, 1, 2, 0, 5, 0]  (2, 5)
400_1___8__    11   1  [0, 0, 2, 0, 0, 1, 5, 3, 0, 4, 2]  (2, 5)
400_5___8__    11   1  [0, 0, 2, 0, 2, 5, 0, 0, 2, 4, 2]  (1, 5)
600_2___8__    11   1  [0, 0, 1, 1, 2, 5, 1, 1, 1, 5, 0]  (3, 5)
1000_1___8__    11   1  [0, 0, 3, 2, 5, 4, 0, 3, 0, 0, 0]  (2, 5)
600_4___8__    10   1  [0, 0, 3, 2, 5, 1, 3, 3, 1, 0]  (2, 5)
1000_4___8__    10   1  [0, 0, 2, 0, 2, 5, 1, 7, 1, 0]  (1, 5)
part_in:(1, 2), all_in:(3, 5), all_out:(1, 5)
sum16
600_2___9__    11   0  [1, 0, 6, 2, 2, 1, 1, 2, 2, 1, 0]  (37, 38)
400_5___9__    10   0  [1, 0, 2, 5, 0, 0, 1, 7, 3, 0]  (37, 41)
600_1___9__    10   1  [0, 0, 6, 2, 0, 1, 1, 1, 7, 0]  (34, 37)
600_3___9__    10   0  [1, 0, 9, 2, 0, 0, 1, 5, 1, 0]  (37, 38)
600_5___9__    10   0  [0, 0, 0, 6, 0, 1, 2, 1, 9, 0]  (34, 37)
1000_2___9__    10   2  [0, 3, 2, 2, 2, 1, 1, 2, 4, 0]  (37, 38)
1000_5___9__    10   0  [0, 0, 0, 9, 0, 1, 1, 5, 3, 0]  (37, 37)
1000_1___9__    9   1  [0, 0, 3, 2, 2, 2, 1, 9, 0]  (34, 37)
400_2___9__    8   2  [7, 0, 1, 0, 1, 1, 5, 4]  (35, 37)
400_3___9__    8   0  [1, 0, 2, 3, 2, 0, 1, 12]  (36, 37)
400_4___9__    8   0  [1, 3, 3, 0, 1, 0, 1, 12]  (37, 40)
600_4___9__    8   0  [0, 0, 0, 9, 2, 1, 9, 0]  (34, 37)
1000_4___9__    8   0  [0, 0, 0, 3, 5, 2, 1, 10]  (37, 39)
1000_3___9__    7   2  [0, 3, 5, 2, 1, 9, 0]  (37, 40)
400_1___9__    4   2  [7, 5, 7, 4]  (33, 37)
part_in:(34, 41), all_in:(37, 37), all_out:(34, 41)
gap16
400_5___10__    13   0  [1, 2, 0, 0, 2, 1, 2, 1, 2, 0, 3, 1, 1]  (22, 23)
400_3___10__    11   0  [1, 3, 0, 2, 4, 1, 2, 0, 3, 1, 1]  (19, 23)
400_4___10__    11   0  [0, 0, 3, 0, 2, 6, 2, 0, 3, 1, 1]  (21, 23)
600_5___10__    11   0  [1, 2, 0, 0, 2, 6, 2, 0, 0, 4, 1]  (23, 24)
1000_5___10__    11   2  [2, 0, 0, 2, 4, 1, 2, 0, 0, 4, 1]  (23, 24)
600_3___10__    10   0  [1, 3, 0, 2, 6, 2, 0, 0, 4, 1]  (18, 23)
400_2___10__    9   2  [3, 0, 2, 6, 2, 0, 3, 1, 1]  (23, 24)
600_2___10__    9   0  [1, 3, 0, 2, 6, 2, 0, 5, 1]  (21, 23)
600_4___10__    9   0  [1, 3, 0, 2, 6, 2, 0, 0, 6]  (21, 23)
1000_2___10__    9   2  [3, 0, 2, 6, 2, 0, 0, 4, 1]  (18, 23)
1000_3___10__    9   2  [2, 0, 0, 2, 6, 2, 1, 4, 1]  (18, 23)
1000_4___10__    9   2  [2, 0, 0, 2, 6, 2, 0, 0, 6]  (20, 23)
400_1___10__    8   2  [3, 0, 2, 6, 2, 0, 5, 1]  (23, 24)
600_1___10__    7   2  [3, 0, 2, 6, 2, 0, 7]  (23, 23)
1000_1___10__    7   2  [3, 0, 2, 6, 2, 0, 7]  (20, 23)
part_in:(18, 24), all_in:(23, 23), all_out:(18, 24)
sum25
1000_5___11__    8   2  [0, 2, 5, 1, 3, 5, 3, 0]  (27, 35)
1000_2___11__    5   3  [8, 3, 3, 7, 0]  (27, 41)
1000_4___11__    5   2  [0, 2, 5, 11, 4]  (27, 39)
400_5___11__    4   2  [0, 8, 15, 0]  (27, 41)
600_1___11__    4   3  [10, 5, 7, 0]  (27, 38)
600_2___11__    4   3  [16, 2, 4, 0]  (27, 39)
1000_1___11__    4   0  [2, 8, 15, 0]  (27, 36)
400_1___11__    3   2  [0, 20, 4]  (27, 40)
400_2___11__    3   3  [20, 3, 0]  (27, 42)
400_3___11__    3   3  [9, 14, 0]  (27, 36)
600_3___11__    3   3  [16, 7, 0]  (27, 37)
1000_3___11__    3   3  [8, 3, 12]  (27, 39)
400_4___11__    2   3  [8, 16]  (27, 41)
600_4___11__    2   3  [24, 0]  (27, 34)
600_5___11__    2   3  [24, 0]  (27, 33)
part_in:(35, 42), all_in:(27, 34), all_out:(27, 42)
gap25
600_4___12__    8   2  [1, 1, 0, 7, 2, 4, 1, 3]  (7, 15)
400_3___12__    7   6  [0, 7, 2, 0, 0, 2, 5]  (7, 12)
400_5___12__    7   6  [0, 4, 2, 2, 1, 2, 5]  (7, 15)
600_2___12__    7   4  [1, 0, 0, 9, 1, 2, 5]  (7, 10)
600_5___12__    7   2  [1, 1, 0, 7, 2, 4, 5]  (7, 15)
400_2___12__    6   6  [0, 7, 2, 0, 0, 8]  (7, 11)
1000_3___12__    6   6  [0, 0, 6, 2, 4, 5]  (7, 11)
1000_4___12__    6   7  [0, 2, 3, 2, 4, 5]  (7, 14)
1000_5___12__    6   7  [0, 6, 2, 1, 2, 5]  (7, 17)
400_1___12__    5   6  [0, 7, 2, 1, 8]  (7, 13)
400_4___12__    5   6  [0, 7, 2, 4, 5]  (7, 15)
600_1___12__    5   4  [1, 0, 0, 9, 10]  (7, 11)
600_3___12__    5   4  [1, 0, 10, 4, 5]  (7, 11)
1000_1___12__    5   7  [0, 9, 1, 2, 5]  (7, 8)
1000_2___12__    5   7  [0, 9, 1, 2, 5]  (7, 8)
part_in:(9, 17), all_in:(7, 8), all_out:(7, 17)
sum34
400_5___13__    11   2  [2, 1, 3, 0, 1, 0, 0, 3, 3, 2, 1]  (28, 45)
1000_5___13__    11   2  [2, 0, 0, 3, 0, 1, 1, 1, 1, 3, 4]  (28, 39)
400_4___13__    10   5  [1, 3, 0, 1, 0, 0, 3, 3, 2, 1]  (28, 44)
600_5___13__    10   1  [0, 2, 5, 0, 1, 0, 0, 3, 3, 4]  (28, 36)
1000_4___13__    10   2  [2, 0, 0, 3, 0, 1, 3, 1, 3, 4]  (28, 42)
600_3___13__    9   5  [5, 0, 1, 0, 0, 1, 1, 5, 2]  (28, 43)
600_4___13__    9   5  [1, 3, 0, 1, 0, 0, 3, 3, 4]  (28, 40)
1000_1___13__    9   0  [1, 3, 0, 3, 2, 3, 1, 3, 4]  (28, 36)
400_2___13__    8   5  [1, 2, 0, 2, 5, 3, 2, 1]  (28, 44)
600_2___13__    8   5  [5, 0, 1, 1, 1, 1, 2, 5]  (28, 43)
1000_2___13__    8   5  [0, 0, 3, 0, 1, 3, 1, 8]  (28, 41)
1000_3___13__    8   5  [1, 3, 0, 1, 3, 1, 6, 1]  (28, 42)
400_1___13__    7   2  [4, 3, 2, 1, 3, 3, 4]  (28, 40)
400_3___13__    7   5  [1, 3, 2, 5, 3, 2, 1]  (28, 42)
600_1___13__    7   7  [3, 0, 3, 3, 2, 0, 4]  (28, 40)
part_in:(37, 45), all_in:(28, 36), all_out:(28, 45)
gap12
400_2___14__    13   3  [1, 6, 0, 0, 0, 0, 2, 0, 1, 0, 0, 3, 0]  (3, 10)
400_3___14__    11   3  [1, 0, 6, 0, 1, 2, 2, 0, 0, 3, 0]  (2, 3)
600_3___14__    11   0  [2, 1, 0, 6, 0, 4, 0, 2, 2, 1, 0]  (3, 3)
600_4___14__    11   0  [2, 1, 0, 2, 3, 0, 4, 5, 0, 1, 0]  (3, 3)
600_5___14__    11   0  [2, 1, 0, 6, 0, 4, 2, 0, 1, 2, 0]  (3, 4)
1000_1___14__    11   3  [0, 0, 0, 6, 1, 0, 3, 1, 1, 3, 0]  (3, 6)
1000_4___14__    11   3  [1, 0, 4, 1, 0, 2, 1, 3, 0, 3, 0]  (3, 3)
1000_5___14__    11   0  [2, 1, 0, 4, 1, 0, 2, 5, 0, 3, 0]  (2, 3)
400_4___14__    10   3  [1, 0, 6, 0, 1, 0, 5, 0, 3, 0]  (3, 3)
1000_2___14__    10   3  [1, 0, 6, 0, 0, 4, 2, 2, 1, 0]  (3, 6)
1000_3___14__    10   3  [1, 0, 4, 1, 0, 0, 3, 3, 4, 0]  (2, 3)
400_5___14__    9   3  [1, 0, 6, 0, 2, 4, 1, 3, 0]  (3, 4)
600_1___14__    9   3  [1, 0, 5, 0, 1, 4, 1, 5, 0]  (3, 7)
600_2___14__    9   0  [2, 1, 0, 6, 0, 5, 5, 1, 0]  (3, 6)
400_1___14__    8   3  [1, 6, 0, 0, 7, 1, 3, 0]  (3, 9)
part_in:(2, 10), all_in:(3, 3), all_out:(2, 10)
gap23
600_5___15__    12   0  [3, 1, 2, 2, 1, 2, 0, 0, 2, 0, 1, 3]  (2, 5)
1000_4___15__    10   0  [5, 2, 2, 1, 3, 0, 2, 0, 1, 3]  (2, 4)
400_5___15__    9   0  [5, 7, 0, 2, 0, 2, 0, 1, 3]  (2, 6)
600_3___15__    9   0  [3, 7, 1, 2, 0, 0, 3, 1, 3]  (2, 7)
600_4___15__    9   0  [11, 1, 2, 0, 0, 2, 0, 1, 3]  (2, 8)
400_4___15__    8   0  [5, 7, 3, 0, 2, 0, 1, 3]  (2, 6)
600_1___15__    8   0  [3, 7, 1, 3, 0, 3, 1, 3]  (2, 5)
600_2___15__    8   0  [11, 1, 3, 0, 2, 0, 1, 3]  (2, 5)
1000_2___15__    8   0  [1, 11, 3, 2, 0, 0, 1, 3]  (2, 2)
1000_3___15__    8   0  [1, 6, 2, 1, 4, 3, 1, 3]  (2, 4)
1000_5___15__    8   0  [5, 5, 1, 3, 0, 3, 1, 3]  (2, 7)
400_3___15__    7   6  [7, 3, 0, 2, 0, 1, 3]  (2, 7)
400_2___15__    6   0  [5, 7, 3, 4, 1, 3]  (2, 4)
400_1___15__    5   0  [13, 3, 4, 1, 3]  (2, 3)
1000_1___15__    5   0  [1, 11, 8, 1, 3]  (2, 2)
part_in:(4, 8), all_in:(2, 3), all_out:(2, 8)
gap34
1000_4___16__    14   0  [0, 1, 0, 0, 0, 2, 1, 1, 0, 3, 3, 4, 0, 0]  (4, 7)
400_5___16__    11   0  [0, 1, 2, 5, 0, 0, 1, 1, 3, 4, 1]  (4, 6)
600_5___16__    11   0  [2, 2, 6, 0, 3, 1, 1, 2, 1, 0, 0]  (4, 7)
400_2___16__    10   0  [2, 2, 5, 0, 0, 3, 0, 2, 4, 1]  (4, 4)
400_4___16__    10   0  [2, 2, 1, 3, 0, 0, 3, 3, 4, 1]  (4, 5)
600_1___16__    10   0  [7, 5, 1, 0, 0, 1, 1, 4, 0, 0]  (2, 4)
600_4___16__    10   0  [3, 8, 0, 3, 1, 1, 2, 1, 0, 0]  (4, 4)
1000_2___16__    10   0  [2, 5, 3, 0, 3, 1, 1, 4, 0, 0]  (3, 4)
1000_3___16__    9   4  [4, 3, 0, 3, 1, 1, 4, 0, 0]  (4, 5)
1000_5___16__    9   1  [2, 1, 2, 4, 3, 3, 4, 0, 0]  (4, 7)
600_2___16__    8   0  [3, 9, 3, 1, 1, 4, 0, 0]  (2, 4)
600_3___16__    8   0  [12, 0, 3, 1, 1, 4, 0, 0]  (3, 4)
1000_1___16__    8   0  [8, 4, 1, 1, 1, 1, 4, 1]  (3, 4)
400_3___16__    7   0  [5, 6, 0, 3, 3, 4, 1]  (3, 4)
400_1___16__    6   0  [11, 1, 3, 1, 6, 1]  (4, 6)
part_in:(2, 7), all_in:(4, 4), all_out:(2, 7)
gap45
1000_3___17__    18   0  [0, 0, 1, 1, 0, 0, 3, 0, 0, 1, 2, 0, 0, 2, 1, 0, 0, 0]  (1, 1)
1000_4___17__    16   0  [0, 0, 1, 1, 1, 3, 0, 0, 1, 2, 0, 0, 2, 2, 0, 0]  (1, 2)
1000_5___17__    16   0  [0, 0, 1, 1, 1, 3, 0, 0, 1, 2, 0, 0, 2, 2, 0, 0]  (1, 3)
600_5___17__    15   0  [0, 0, 1, 1, 5, 0, 2, 1, 0, 0, 0, 2, 2, 0, 0]  (1, 2)
400_5___17__    14   1  [0, 1, 1, 6, 0, 1, 1, 1, 0, 1, 2, 0, 0, 0]  (1, 2)
600_1___17__    14   2  [1, 1, 1, 3, 0, 2, 2, 0, 0, 2, 0, 0, 1, 0]  (1, 3)
600_4___17__    14   0  [1, 1, 1, 1, 3, 0, 2, 2, 0, 0, 2, 1, 1, 0]  (1, 2)
600_2___17__    13   4  [1, 1, 3, 0, 2, 2, 0, 0, 2, 0, 0, 1, 0]  (1, 2)
600_3___17__    13   4  [1, 1, 3, 0, 2, 2, 0, 0, 2, 0, 0, 1, 0]  (0, 1)
400_3___17__    12   2  [3, 1, 3, 0, 2, 1, 1, 0, 1, 0, 3, 0]  (1, 1)
1000_2___17__    12   0  [1, 3, 1, 3, 0, 2, 3, 0, 2, 2, 0, 0]  (1, 2)
400_4___17__    11   1  [4, 1, 4, 0, 1, 3, 0, 2, 2, 0, 0]  (1, 3)
1000_1___17__    11   2  [1, 3, 4, 2, 3, 0, 2, 0, 1, 0, 0]  (1, 2)
400_1___17__    10   2  [3, 1, 3, 0, 2, 1, 1, 0, 6, 0]  (1, 2)
400_2___17__    9   4  [1, 5, 0, 2, 1, 1, 0, 6, 0]  (1, 2)
part_in:(0, 3), all_in:(1, 1), all_out:(0, 3)
gap56
600_1___18__    15   3  [0, 0, 0, 0, 2, 1, 1, 0, 0, 0, 3, 2, 1, 1, 0]  (3, 13)
400_3___18__    13   3  [0, 0, 2, 0, 0, 1, 2, 1, 2, 0, 2, 1, 2]  (3, 13)
600_5___18__    13   2  [0, 0, 0, 1, 1, 0, 4, 1, 0, 2, 4, 1, 0]  (4, 13)
600_2___18__    12   2  [0, 0, 0, 1, 2, 4, 0, 0, 3, 4, 1, 0]  (4, 13)
1000_5___18__    12   3  [0, 0, 0, 3, 1, 1, 0, 1, 3, 2, 1, 2]  (4, 13)
400_1___18__    11   4  [0, 1, 1, 0, 1, 2, 1, 2, 0, 2, 4]  (2, 13)
400_4___18__    11   3  [0, 0, 3, 0, 1, 2, 4, 0, 2, 1, 2]  (2, 13)
1000_1___18__    11   2  [1, 0, 2, 1, 1, 2, 1, 2, 3, 1, 2]  (5, 13)
1000_2___18__    11   4  [0, 0, 1, 0, 0, 4, 1, 2, 0, 4, 2]  (4, 13)
1000_3___18__    11   2  [1, 0, 2, 1, 1, 2, 1, 3, 3, 0, 2]  (3, 13)
1000_4___18__    11   4  [0, 0, 3, 1, 2, 1, 3, 2, 0, 0, 2]  (2, 13)
400_2___18__    10   4  [0, 3, 0, 1, 2, 1, 2, 0, 4, 2]  (2, 13)
400_5___18__    10   3  [0, 0, 3, 0, 1, 2, 4, 0, 4, 2]  (3, 13)
600_3___18__    10   2  [0, 0, 0, 1, 2, 4, 5, 4, 1, 0]  (3, 13)
600_4___18__    10   2  [1, 0, 1, 2, 4, 1, 3, 2, 1, 2]  (2, 13)
part_in:(2, 4), all_in:(5, 13), all_out:(2, 13)
ball
400_4___19__    17   0  [0, 1, 1, 0, 3, 2, 0, 0, 0, 0, 2, 0, 0, 0, 2, 1, 0]  (2, 3)
400_5___19__    17   0  [0, 1, 1, 0, 3, 1, 0, 0, 0, 0, 0, 2, 0, 0, 0, 2, 2]  (2, 3)
1000_5___19__    16   1  [1, 1, 0, 3, 2, 0, 0, 0, 0, 0, 1, 1, 0, 0, 1, 2]  (2, 3)
400_3___19__    15   1  [1, 1, 0, 3, 2, 0, 0, 0, 0, 2, 0, 0, 0, 2, 2]  (2, 2)
1000_4___19__    15   1  [1, 2, 3, 0, 1, 0, 0, 1, 0, 1, 1, 0, 0, 1, 2]  (2, 2)
600_3___19__    14   1  [1, 2, 3, 2, 0, 0, 0, 0, 0, 1, 1, 0, 2, 2]  (1, 2)
600_4___19__    14   1  [1, 2, 3, 2, 0, 0, 0, 0, 2, 1, 0, 0, 1, 2]  (2, 2)
1000_1___19__    14   0  [0, 1, 2, 3, 2, 0, 0, 1, 0, 1, 1, 0, 2, 2]  (2, 2)
1000_2___19__    14   0  [0, 1, 2, 3, 2, 0, 0, 1, 0, 1, 1, 0, 2, 2]  (2, 2)
600_5___19__    13   1  [1, 1, 0, 3, 2, 0, 0, 0, 0, 4, 0, 2, 2]  (2, 2)
1000_3___19__    13   1  [1, 2, 3, 2, 0, 0, 1, 0, 1, 1, 0, 2, 2]  (1, 2)
400_1___19__    12   1  [1, 2, 3, 2, 0, 0, 1, 3, 0, 0, 2, 2]  (2, 4)
400_2___19__    12   1  [1, 2, 3, 2, 0, 0, 1, 3, 0, 0, 2, 2]  (2, 3)
600_1___19__    12   1  [1, 2, 3, 2, 0, 0, 1, 2, 1, 0, 2, 2]  (1, 2)
600_2___19__    12   1  [1, 2, 3, 2, 0, 0, 1, 2, 1, 0, 2, 2]  (1, 2)
part_in:(1, 4), all_in:(2, 2), all_out:(1, 4)
ball_column
1000_4___20__    13   2  [0, 2, 3, 2, 0, 0, 0, 1, 1, 3, 1, 1, 0]  (4, 6)
400_5___20__    12   2  [0, 2, 3, 1, 0, 1, 0, 1, 5, 1, 1, 0]  (4, 13)
1000_5___20__    12   2  [0, 2, 3, 2, 1, 0, 1, 1, 3, 1, 1, 0]  (4, 8)
600_2___20__    9   2  [7, 3, 1, 1, 1, 1, 3, 1, 0]  (4, 6)
600_3___20__    9   2  [7, 3, 0, 0, 1, 1, 5, 1, 0]  (4, 4)
1000_1___20__    9   0  [1, 7, 5, 1, 1, 1, 1, 3, 0]  (4, 8)
1000_3___20__    9   2  [0, 6, 2, 0, 1, 1, 1, 5, 2]  (4, 4)
400_3___20__    8   2  [3, 3, 5, 1, 1, 1, 1, 4]  (4, 7)
400_4___20__    8   2  [3, 3, 5, 1, 5, 1, 1, 0]  (4, 11)
600_4___20__    8   2  [7, 3, 1, 1, 1, 5, 1, 0]  (4, 7)
600_5___20__    8   3  [2, 3, 4, 0, 1, 7, 1, 0]  (4, 7)
400_2___20__    7   2  [0, 6, 5, 1, 1, 1, 6]  (4, 13)
600_1___20__    7   2  [7, 7, 1, 1, 1, 3, 0]  (4, 7)
400_1___20__    5   2  [7, 5, 1, 1, 8]  (4, 15)
1000_2___20__    5   2  [0, 6, 7, 7, 2]  (4, 6)
part_in:(7, 13), all_in:(4, 6), all_out:(4, 13)
blue_sort
400_4___21__    11   0  [3, 4, 1, 1, 2, 2, 0, 0, 3, 1, 1]  (7, 10)
400_5___21__    11   0  [3, 4, 1, 1, 5, 0, 0, 3, 0, 0, 1]  (8, 10)
600_1___21__    11   0  [3, 2, 5, 0, 1, 2, 0, 0, 3, 2, 0]  (10, 10)
600_5___21__    11   0  [3, 2, 1, 2, 0, 5, 0, 0, 3, 2, 0]  (3, 10)
1000_5___21__    11   0  [1, 1, 6, 1, 1, 3, 0, 0, 3, 2, 0]  (5, 10)
400_3___21__    10   0  [3, 6, 1, 5, 0, 0, 2, 0, 1, 1]  (8, 10)
600_4___21__    10   0  [3, 2, 1, 3, 5, 0, 0, 3, 2, 0]  (7, 10)
1000_4___21__    10   0  [3, 6, 1, 5, 0, 0, 2, 0, 2, 0]  (8, 10)
600_3___21__    9   0  [3, 2, 5, 5, 0, 0, 3, 2, 0]  (9, 10)
1000_1___21__    9   0  [3, 5, 0, 1, 6, 0, 3, 2, 0]  (10, 12)
400_2___21__    8   0  [3, 8, 5, 0, 0, 3, 1, 1]  (8, 10)
600_2___21__    8   0  [3, 8, 5, 0, 0, 3, 2, 0]  (8, 10)
400_1___21__    7   0  [3, 8, 5, 0, 0, 2, 4]  (10, 10)
1000_2___21__    7   0  [3, 5, 2, 6, 0, 3, 3]  (10, 10)
1000_3___21__    6   0  [3, 8, 6, 0, 6, 0]  (7, 10)
part_in:(3, 12), all_in:(10, 10), all_out:(3, 12)
