30
less5
400_5___1__    11   2  [1, 0, 4, 1, 0, 1, 0, 1, 0, 8, 0]  (6, 8)
400_3___1__    10   0  [1, 1, 0, 6, 2, 0, 2, 0, 7, 0]  (6, 8)
600_3___1__    10   0  [1, 1, 0, 6, 2, 0, 2, 0, 7, 0]  (6, 8)
600_4___1__    9   0  [1, 1, 0, 6, 2, 0, 2, 8, 0]  (6, 8)
600_5___1__    9   2  [1, 0, 6, 2, 0, 1, 0, 8, 0]  (6, 7)
400_4___1__    8   2  [2, 6, 2, 0, 1, 0, 8, 0]  (6, 9)
1000_1___1__    8   4  [0, 6, 2, 0, 2, 5, 2, 0]  (6, 9)
1000_4___1__    8   2  [2, 6, 2, 0, 2, 7, 0, 0]  (6, 10)
1000_5___1__    8   4  [0, 6, 2, 2, 0, 7, 0, 0]  (6, 10)
400_1___1__    7   2  [2, 6, 2, 0, 2, 8, 0]  (6, 8)
600_2___1__    7   0  [4, 6, 2, 0, 2, 8, 0]  (5, 6)
1000_3___1__    7   4  [0, 6, 2, 0, 10, 0, 0]  (6, 7)
400_2___1__    6   2  [2, 6, 2, 0, 11, 0]  (6, 9)
600_1___1__    6   5  [6, 2, 0, 2, 8, 0]  (6, 6)
1000_2___1__    5   5  [6, 2, 0, 11, 0]  (6, 9)
part_in:(5, 10), all_in:(6, 6), all_out:(5, 10)
less8
400_5___2__    10   3  [0, 0, 2, 1, 0, 3, 2, 1, 7, 0]  (10, 12)
600_5___2__    10   3  [0, 0, 1, 2, 0, 3, 2, 1, 7, 0]  (9, 12)
1000_5___2__    10   3  [0, 0, 4, 0, 2, 0, 2, 8, 0, 0]  (9, 12)
600_4___2__    9   4  [0, 3, 0, 0, 2, 0, 4, 7, 0]  (9, 12)
400_4___2__    8   5  [2, 1, 0, 3, 2, 1, 7, 0]  (9, 12)
600_3___2__    8   1  [1, 1, 3, 0, 0, 8, 0, 7]  (8, 12)
400_1___2__    7   0  [2, 1, 4, 0, 1, 14, 0]  (9, 12)
400_3___2__    7   3  [0, 0, 4, 0, 8, 7, 0]  (9, 12)
600_1___2__    7   5  [4, 0, 1, 0, 2, 3, 7]  (9, 12)
600_2___2__    6   5  [3, 0, 0, 5, 2, 8]  (9, 12)
1000_1___2__    6   5  [4, 0, 1, 3, 3, 7]  (9, 12)
1000_4___2__    6   5  [4, 0, 2, 0, 12, 0]  (9, 12)
400_2___2__    5   3  [1, 4, 0, 8, 8]  (8, 12)
1000_2___2__    4   5  [4, 0, 5, 11]  (9, 12)
1000_3___2__    4   4  [0, 4, 0, 17]  (11, 12)
part_in:(8, 9), all_in:(10, 12), all_out:(8, 12)
less9
400_5___3__    12   2  [2, 2, 2, 0, 0, 0, 1, 2, 2, 0, 4, 0]  (6, 7)
400_2___3__    11   0  [0, 0, 2, 2, 3, 0, 0, 1, 6, 4, 0]  (6, 7)
1000_3___3__    11   0  [0, 3, 2, 3, 1, 1, 1, 4, 1, 2, 0]  (5, 7)
400_3___3__    10   0  [0, 0, 5, 3, 0, 0, 1, 6, 4, 0]  (6, 7)
400_4___3__    10   2  [2, 2, 3, 0, 0, 1, 1, 4, 4, 0]  (6, 7)
600_1___3__    10   0  [1, 5, 3, 1, 1, 2, 1, 1, 4, 0]  (7, 8)
600_3___3__    10   0  [1, 5, 3, 1, 1, 2, 1, 1, 4, 0]  (6, 7)
600_5___3__    10   1  [0, 2, 2, 3, 1, 1, 2, 3, 4, 0]  (7, 8)
400_1___3__    9   0  [4, 2, 3, 0, 0, 1, 6, 4, 0]  (5, 7)
600_2___3__    9   0  [1, 5, 3, 1, 1, 1, 4, 4, 0]  (7, 9)
1000_5___3__    9   1  [3, 2, 3, 1, 4, 3, 1, 2, 0]  (3, 7)
600_4___3__    8   2  [5, 3, 1, 1, 2, 3, 4, 0]  (5, 7)
1000_2___3__    8   0  [4, 2, 3, 1, 1, 6, 4, 0]  (5, 7)
1000_4___3__    8   5  [2, 3, 1, 1, 6, 1, 2, 0]  (3, 7)
1000_1___3__    6   8  [3, 3, 4, 1, 4, 0]  (5, 7)
part_in:(3, 9), all_in:(7, 7), all_out:(3, 9)
less10
600_1___4__    13   2  [1, 6, 0, 0, 1, 0, 2, 1, 1, 0, 2, 0, 0]  (3, 3)
600_5___4__    13   2  [1, 4, 2, 0, 1, 0, 2, 1, 1, 0, 1, 1, 0]  (3, 3)
400_3___4__    11   2  [1, 7, 0, 0, 0, 0, 2, 3, 0, 3, 0]  (1, 3)
400_4___4__    11   2  [1, 7, 0, 1, 2, 0, 3, 0, 1, 1, 0]  (1, 3)
600_2___4__    11   1  [0, 1, 7, 2, 0, 4, 1, 0, 1, 1, 0]  (3, 4)
600_4___4__    11   2  [1, 6, 0, 2, 0, 2, 3, 0, 1, 1, 0]  (1, 3)
400_1___4__    10   2  [1, 7, 0, 1, 0, 6, 0, 0, 2, 0]  (1, 3)
400_5___4__    10   2  [1, 7, 0, 1, 2, 0, 3, 0, 3, 0]  (1, 3)
600_3___4__    10   1  [0, 1, 7, 2, 0, 4, 1, 0, 3, 0]  (3, 3)
1000_1___4__    10   2  [1, 7, 2, 0, 4, 1, 0, 0, 2, 0]  (2, 3)
1000_2___4__    10   2  [1, 1, 5, 2, 0, 4, 1, 0, 3, 0]  (2, 3)
1000_4___4__    10   4  [0, 3, 2, 2, 7, 0, 0, 1, 0, 0]  (1, 3)
400_2___4__    9   1  [0, 1, 7, 2, 0, 6, 0, 3, 0]  (1, 3)
1000_3___4__    9   2  [1, 7, 2, 0, 6, 0, 0, 2, 0]  (1, 3)
1000_5___4__    9   2  [2, 6, 2, 3, 1, 1, 0, 3, 0]  (1, 3)
part_in:(1, 4), all_in:(3, 3), all_out:(1, 4)
row1
400_1___5__    16   0  [1, 0, 1, 0, 0, 1, 0, 2, 1, 0, 0, 1, 4, 2, 0, 0]  (1, 2)
400_4___5__    16   2  [2, 0, 2, 0, 1, 0, 1, 0, 0, 0, 0, 0, 3, 2, 0, 0]  (1, 3)
600_2___5__    16   0  [1, 2, 0, 2, 0, 0, 0, 0, 1, 0, 0, 1, 4, 2, 0, 0]  (1, 2)
600_3___5__    16   0  [1, 2, 0, 2, 0, 0, 0, 0, 1, 0, 0, 1, 0, 3, 3, 0]  (1, 1)
600_4___5__    16   2  [2, 0, 2, 0, 0, 0, 0, 1, 0, 0, 1, 4, 1, 0, 0, 0]  (1, 2)
400_2___5__    15   0  [1, 0, 1, 0, 2, 0, 2, 1, 0, 0, 1, 4, 2, 0, 0]  (1, 2)
400_5___5__    15   2  [1, 0, 0, 2, 0, 2, 1, 0, 0, 0, 0, 4, 2, 0, 0]  (1, 1)
600_1___5__    15   2  [2, 0, 2, 0, 0, 0, 0, 1, 0, 0, 1, 4, 2, 0, 0]  (1, 2)
600_5___5__    15   2  [3, 2, 0, 1, 0, 1, 0, 0, 0, 0, 4, 1, 0, 0, 0]  (1, 2)
400_3___5__    14   0  [1, 2, 0, 2, 0, 2, 1, 0, 0, 1, 4, 2, 0, 0]  (1, 2)
1000_3___5__    14   2  [2, 0, 2, 0, 2, 1, 0, 0, 1, 0, 3, 2, 0, 0]  (1, 3)
1000_4___5__    14   2  [2, 0, 1, 0, 0, 2, 1, 0, 0, 1, 4, 2, 0, 0]  (1, 3)
1000_5___5__    14   2  [2, 0, 1, 0, 0, 2, 1, 0, 0, 1, 4, 2, 0, 0]  (1, 4)
1000_1___5__    13   2  [2, 0, 2, 0, 2, 1, 0, 0, 1, 4, 2, 0, 0]  (1, 2)
1000_2___5__    13   2  [2, 0, 2, 0, 2, 1, 0, 0, 1, 4, 2, 0, 0]  (1, 2)
part_in:(3, 4), all_in:(1, 2), all_out:(1, 4)
row2
400_2___6__    11   0  [1, 0, 3, 1, 0, 2, 2, 1, 5, 2, 1]  (27, 28)
600_1___6__    11   0  [5, 2, 0, 2, 1, 0, 1, 5, 0, 1, 1]  (28, 29)
600_3___6__    11   0  [0, 4, 2, 0, 2, 2, 1, 2, 3, 1, 1]  (28, 33)
600_4___6__    11   0  [3, 1, 2, 0, 1, 0, 2, 1, 6, 1, 1]  (28, 33)
1000_4___6__    11   0  [0, 4, 0, 1, 0, 2, 2, 1, 6, 1, 1]  (28, 30)
1000_5___6__    11   0  [0, 4, 0, 1, 0, 2, 2, 1, 6, 1, 1]  (28, 31)
400_4___6__    10   0  [3, 5, 2, 2, 1, 4, 0, 0, 1, 1]  (26, 28)
1000_3___6__    10   0  [1, 3, 0, 1, 0, 2, 2, 1, 8, 1]  (28, 30)
400_1___6__    9   0  [5, 0, 2, 2, 2, 1, 5, 2, 1]  (26, 28)
400_5___6__    9   0  [9, 2, 2, 1, 2, 1, 1, 1, 1]  (28, 31)
600_2___6__    9   0  [5, 2, 0, 2, 1, 0, 8, 1, 1]  (28, 32)
600_5___6__    9   0  [5, 3, 2, 2, 4, 2, 0, 1, 1]  (28, 33)
1000_1___6__    9   0  [5, 2, 0, 2, 1, 0, 1, 8, 1]  (27, 28)
400_3___6__    8   0  [9, 2, 2, 1, 5, 0, 1, 1]  (27, 28)
1000_2___6__    8   0  [1, 3, 2, 0, 2, 4, 8, 1]  (27, 28)
part_in:(26, 33), all_in:(28, 28), all_out:(26, 33)
row3
600_5___7__    13   0  [2, 0, 1, 2, 0, 1, 0, 2, 1, 5, 0, 1, 1]  (14, 15)
600_3___7__    12   0  [2, 2, 2, 0, 1, 0, 2, 3, 3, 0, 1, 1]  (15, 15)
600_4___7__    12   0  [3, 4, 0, 1, 0, 2, 1, 1, 3, 0, 1, 1]  (14, 15)
1000_5___7__    12   3  [5, 0, 2, 1, 0, 1, 1, 2, 0, 0, 1, 1]  (13, 15)
600_2___7__    11   0  [8, 0, 1, 0, 1, 0, 3, 3, 0, 1, 1]  (14, 15)
400_4___7__    10   0  [3, 1, 3, 2, 4, 1, 3, 0, 1, 1]  (15, 18)
400_5___7__    10   0  [2, 2, 3, 2, 2, 1, 1, 4, 1, 1]  (15, 17)
1000_4___7__    10   4  [4, 0, 2, 1, 2, 1, 2, 1, 1, 1]  (14, 15)
400_2___7__    9   0  [5, 2, 0, 2, 6, 3, 0, 1, 1]  (15, 17)
400_3___7__    9   0  [2, 2, 3, 2, 6, 3, 0, 1, 1]  (15, 18)
1000_2___7__    9   9  [0, 2, 1, 2, 1, 2, 0, 2, 1]  (15, 17)
1000_3___7__    9   3  [5, 0, 2, 1, 2, 1, 2, 3, 1]  (14, 15)
600_1___7__    8   0  [8, 0, 2, 1, 8, 0, 1, 1]  (15, 18)
1000_1___7__    8   9  [0, 2, 1, 2, 1, 2, 3, 1]  (15, 17)
400_1___7__    6   0  [9, 2, 6, 3, 2, 1]  (15, 18)
part_in:(13, 18), all_in:(15, 15), all_out:(13, 18)
row4
1000_2___8__    17   1  [3, 1, 0, 0, 0, 0, 1, 0, 0, 0, 2, 0, 0, 0, 3, 1, 0]  (2, 6)
1000_4___8__    17   1  [1, 1, 1, 0, 1, 0, 1, 1, 0, 3, 0, 0, 1, 0, 0, 1, 0]  (1, 6)
1000_5___8__    17   1  [1, 1, 1, 0, 0, 0, 2, 1, 0, 3, 0, 0, 1, 0, 0, 1, 0]  (0, 6)
400_2___8__    15   1  [2, 0, 1, 1, 3, 0, 1, 0, 2, 0, 0, 2, 0, 1, 0]  (1, 6)
1000_3___8__    15   1  [3, 1, 2, 0, 1, 0, 0, 0, 3, 0, 0, 2, 0, 1, 0]  (1, 6)
400_1___8__    14   4  [0, 1, 5, 0, 1, 1, 1, 0, 0, 0, 1, 0, 1, 0]  (1, 6)
400_3___8__    14   4  [2, 0, 1, 2, 2, 0, 0, 1, 0, 0, 2, 0, 1, 0]  (2, 6)
400_4___8__    14   4  [0, 1, 0, 4, 1, 0, 0, 0, 1, 0, 0, 3, 1, 0]  (1, 6)
400_5___8__    14   3  [3, 1, 3, 1, 0, 0, 0, 1, 0, 0, 2, 0, 1, 0]  (0, 6)
1000_1___8__    14   1  [3, 1, 2, 2, 0, 0, 0, 3, 0, 0, 1, 1, 1, 0]  (1, 6)
600_3___8__    13   1  [5, 0, 0, 3, 2, 1, 1, 0, 0, 0, 2, 1, 0]  (0, 6)
600_4___8__    13   1  [2, 0, 1, 1, 3, 1, 0, 3, 0, 0, 3, 1, 0]  (0, 6)
600_2___8__    12   5  [1, 5, 0, 1, 1, 1, 0, 0, 0, 2, 1, 0]  (0, 6)
600_5___8__    12   1  [5, 0, 4, 1, 0, 3, 0, 0, 0, 2, 1, 0]  (0, 6)
600_1___8__    11   7  [1, 3, 2, 1, 1, 0, 0, 0, 2, 1, 0]  (0, 6)
part_in:(0, 1), all_in:(2, 6), all_out:(0, 6)
sum16
600_5___9__    14   0  [0, 0, 1, 1, 0, 0, 0, 0, 8, 0, 0, 1, 2, 2]  (33, 40)
400_4___9__    12   0  [0, 0, 3, 0, 0, 0, 0, 5, 2, 0, 5, 2]  (33, 40)
400_5___9__    12   0  [0, 0, 1, 1, 0, 0, 0, 0, 8, 0, 5, 2]  (33, 44)
600_1___9__    12   0  [1, 3, 0, 1, 0, 3, 4, 0, 0, 1, 0, 4]  (33, 45)
400_3___9__    11   0  [0, 0, 1, 1, 0, 1, 0, 5, 2, 6, 2]  (33, 40)
600_2___9__    11   0  [0, 0, 4, 1, 0, 1, 1, 5, 0, 1, 5]  (33, 43)
600_4___9__    11   0  [0, 0, 3, 0, 0, 0, 0, 9, 0, 4, 2]  (33, 38)
1000_5___9__    11   0  [1, 1, 2, 1, 0, 3, 1, 3, 0, 4, 2]  (33, 39)
400_1___9__    10   0  [1, 3, 0, 1, 0, 5, 2, 0, 5, 2]  (33, 42)
400_2___9__    10   0  [0, 0, 4, 1, 0, 5, 2, 0, 5, 2]  (33, 40)
600_3___9__    10   0  [0, 0, 4, 1, 0, 1, 7, 0, 4, 2]  (33, 39)
1000_2___9__    10   0  [1, 4, 1, 0, 3, 1, 2, 0, 0, 7]  (33, 43)
1000_4___9__    10   0  [0, 0, 4, 1, 0, 3, 1, 3, 5, 2]  (33, 41)
1000_1___9__    9   0  [1, 4, 1, 0, 3, 4, 0, 0, 7]  (33, 43)
1000_3___9__    8   0  [0, 0, 4, 2, 3, 4, 0, 8]  (33, 41)
part_in:(39, 45), all_in:(33, 38), all_out:(33, 45)
gap16
400_4___10__    13   0  [1, 3, 0, 0, 0, 0, 0, 1, 1, 0, 7, 3, 0]  (26, 27)
400_5___10__    11   0  [1, 3, 1, 1, 0, 1, 1, 0, 7, 3, 0]  (21, 27)
600_2___10__    11   0  [1, 3, 1, 1, 0, 1, 1, 0, 1, 9, 0]  (22, 27)
600_3___10__    11   0  [5, 1, 1, 0, 1, 1, 0, 1, 5, 3, 0]  (23, 27)
600_4___10__    11   0  [1, 3, 1, 1, 0, 1, 1, 0, 1, 9, 0]  (24, 27)
1000_3___10__    11   0  [5, 1, 1, 0, 1, 1, 0, 1, 5, 3, 0]  (24, 27)
1000_4___10__    11   0  [5, 1, 1, 0, 3, 0, 1, 4, 0, 3, 0]  (23, 27)
1000_5___10__    11   0  [5, 1, 1, 0, 1, 1, 3, 3, 0, 3, 0]  (25, 27)
400_3___10__    10   0  [5, 1, 1, 0, 1, 1, 0, 7, 3, 0]  (26, 27)
600_5___10__    10   0  [5, 1, 1, 0, 1, 1, 0, 7, 3, 0]  (20, 27)
1000_1___10__    10   0  [5, 1, 1, 0, 3, 0, 1, 5, 3, 0]  (24, 27)
1000_2___10__    10   0  [5, 1, 1, 0, 3, 0, 7, 0, 2, 0]  (23, 27)
400_2___10__    9   0  [5, 1, 1, 0, 1, 1, 0, 11, 0]  (26, 27)
600_1___10__    9   0  [7, 1, 2, 1, 0, 1, 6, 2, 0]  (20, 27)
400_1___10__    8   0  [7, 1, 0, 1, 1, 0, 11, 0]  (25, 27)
part_in:(20, 25), all_in:(26, 27), all_out:(20, 27)
sum25
600_4___11__    13   1  [1, 3, 0, 0, 1, 0, 0, 7, 1, 0, 1, 1, 0]  (33, 41)
1000_1___11__    12   3  [1, 0, 0, 1, 1, 1, 7, 1, 0, 1, 1, 0]  (33, 41)
1000_3___11__    12   1  [1, 1, 1, 1, 1, 1, 7, 1, 0, 1, 1, 0]  (33, 41)
600_3___11__    11   1  [1, 3, 1, 1, 1, 7, 1, 0, 1, 1, 0]  (33, 41)
600_5___11__    11   1  [1, 3, 0, 0, 1, 1, 7, 2, 1, 1, 0]  (33, 42)
1000_2___11__    11   3  [0, 1, 0, 1, 1, 1, 9, 0, 1, 1, 0]  (33, 42)
1000_5___11__    11   3  [3, 1, 1, 1, 5, 1, 1, 0, 1, 1, 0]  (33, 41)
600_2___11__    10   1  [1, 3, 1, 1, 1, 0, 6, 2, 3, 0]  (33, 44)
1000_4___11__    10   3  [3, 1, 1, 1, 5, 3, 0, 1, 1, 0]  (33, 41)
400_3___11__    9   3  [3, 0, 0, 1, 1, 10, 1, 1, 0]  (33, 45)
400_2___11__    8   3  [2, 0, 1, 1, 1, 10, 3, 0]  (33, 44)
400_4___11__    8   3  [3, 1, 1, 1, 9, 0, 3, 0]  (33, 45)
400_5___11__    8   3  [3, 1, 1, 1, 10, 1, 1, 0]  (33, 49)
600_1___11__    8   3  [3, 1, 1, 1, 7, 2, 3, 0]  (33, 47)
400_1___11__    7   3  [3, 1, 1, 1, 10, 3, 0]  (33, 45)
part_in:(42, 49), all_in:(33, 41), all_out:(33, 49)
gap25
600_2___12__    8   3  [0, 4, 5, 9, 0, 0, 0, 0]  (17, 19)
600_5___12__    8   3  [0, 4, 5, 1, 8, 0, 0, 0]  (15, 19)
1000_2___12__    8   4  [4, 1, 3, 1, 7, 1, 0, 0]  (15, 19)
400_1___12__    7   4  [6, 2, 0, 1, 9, 0, 0]  (17, 19)
400_2___12__    7   4  [6, 3, 1, 7, 1, 0, 0]  (18, 19)
400_4___12__    7   1  [1, 0, 6, 3, 1, 9, 1]  (18, 19)
400_5___12__    7   3  [0, 6, 3, 1, 9, 0, 0]  (14, 19)
600_3___12__    7   3  [0, 1, 8, 1, 2, 6, 1]  (17, 19)
1000_3___12__    7   4  [0, 5, 3, 1, 9, 0, 0]  (18, 19)
1000_5___12__    7   4  [4, 1, 3, 1, 9, 0, 0]  (18, 19)
400_3___12__    6   1  [9, 3, 1, 9, 0, 0]  (18, 19)
1000_4___12__    6   4  [6, 3, 1, 9, 0, 0]  (18, 19)
600_1___12__    5   4  [10, 10, 0, 0, 0]  (13, 19)
600_4___12__    5   3  [0, 10, 1, 8, 2]  (17, 19)
1000_1___12__    5   4  [6, 3, 11, 0, 0]  (15, 19)
part_in:(13, 17), all_in:(18, 19), all_out:(13, 19)
sum34
400_1___13__    14   0  [2, 1, 1, 0, 0, 0, 2, 2, 1, 1, 2, 0, 3, 0]  (45, 47)
600_3___13__    14   0  [0, 1, 2, 0, 0, 0, 0, 2, 2, 3, 1, 1, 3, 0]  (41, 45)
600_5___13__    14   0  [0, 1, 3, 0, 0, 0, 2, 4, 0, 0, 1, 1, 3, 0]  (38, 45)
600_4___13__    13   0  [0, 1, 3, 0, 0, 0, 2, 2, 1, 1, 3, 3, 0]  (40, 45)
1000_4___13__    13   0  [2, 2, 0, 1, 0, 2, 2, 1, 1, 3, 1, 1, 0]  (45, 45)
400_2___13__    12   0  [2, 2, 0, 1, 0, 2, 2, 1, 0, 0, 7, 0]  (45, 46)
1000_3___13__    12   3  [1, 1, 1, 0, 2, 4, 1, 1, 1, 1, 1, 0]  (43, 45)
400_3___13__    11   3  [3, 0, 0, 0, 2, 2, 1, 1, 1, 5, 0]  (45, 47)
400_4___13__    11   0  [2, 2, 0, 1, 0, 2, 2, 1, 1, 7, 0]  (45, 47)
400_5___13__    11   0  [2, 3, 1, 0, 2, 4, 1, 1, 1, 3, 0]  (45, 48)
600_1___13__    11   0  [2, 3, 1, 0, 2, 4, 1, 2, 0, 3, 0]  (42, 45)
600_2___13__    11   0  [2, 3, 1, 0, 2, 0, 1, 1, 1, 7, 0]  (42, 45)
1000_2___13__    11   3  [1, 0, 0, 1, 0, 2, 2, 1, 1, 7, 0]  (43, 45)
1000_5___13__    11   3  [3, 2, 2, 2, 1, 1, 1, 1, 1, 1, 0]  (37, 45)
1000_1___13__    10   3  [1, 0, 0, 1, 3, 4, 1, 3, 3, 0]  (40, 45)
part_in:(37, 48), all_in:(45, 45), all_out:(37, 48)
gap12
600_5___14__    14   3  [0, 0, 0, 1, 0, 3, 0, 0, 4, 2, 1, 1, 0, 0]  (3, 4)
1000_4___14__    14   3  [0, 0, 0, 1, 0, 3, 6, 0, 0, 0, 1, 1, 0, 0]  (2, 4)
400_2___14__    13   0  [2, 2, 1, 0, 2, 0, 0, 5, 1, 2, 1, 0, 0]  (4, 5)
600_4___14__    13   0  [2, 1, 2, 3, 0, 0, 0, 4, 2, 1, 1, 0, 0]  (4, 4)
1000_2___14__    13   0  [3, 0, 0, 1, 0, 3, 1, 4, 0, 0, 4, 0, 0]  (3, 4)
400_3___14__    12   3  [1, 0, 1, 3, 0, 6, 0, 0, 2, 1, 0, 0]  (4, 6)
400_4___14__    12   0  [2, 2, 1, 0, 2, 0, 6, 1, 2, 1, 0, 0]  (4, 6)
600_3___14__    12   0  [2, 1, 0, 1, 5, 0, 4, 2, 1, 1, 0, 0]  (3, 4)
600_1___14__    11   0  [4, 0, 1, 6, 4, 0, 1, 1, 1, 0, 0]  (3, 4)
1000_1___14__    11   4  [0, 0, 1, 4, 1, 4, 1, 2, 1, 0, 0]  (3, 4)
1000_3___14__    11   0  [3, 0, 0, 1, 4, 6, 4, 0, 0, 0, 0]  (3, 4)
400_1___14__    10   0  [4, 2, 3, 7, 0, 0, 2, 1, 0, 0]  (4, 5)
600_2___14__    10   0  [4, 0, 1, 4, 0, 0, 4, 6, 0, 0]  (3, 4)
400_5___14__    9   4  [1, 1, 3, 0, 1, 4, 6, 0, 0]  (4, 6)
1000_5___14__    9   4  [1, 1, 4, 6, 2, 1, 1, 0, 0]  (3, 4)
part_in:(2, 6), all_in:(4, 4), all_out:(2, 6)
gap23
400_3___15__    15   3  [0, 0, 0, 1, 0, 0, 1, 0, 0, 0, 0, 3, 1, 2, 3]  (5, 14)
400_4___15__    14   3  [0, 0, 0, 1, 3, 0, 0, 0, 0, 3, 1, 2, 1, 1]  (5, 14)
1000_4___15__    14   3  [0, 0, 0, 1, 1, 1, 0, 1, 0, 1, 1, 0, 3, 3]  (5, 14)
1000_5___15__    14   4  [1, 1, 1, 1, 0, 1, 0, 1, 1, 0, 0, 1, 0, 3]  (0, 14)
600_1___15__    13   4  [0, 0, 1, 3, 0, 0, 0, 0, 1, 2, 3, 1, 1]  (0, 14)
600_4___15__    13   3  [0, 1, 0, 0, 3, 0, 1, 0, 1, 1, 4, 1, 1]  (3, 14)
600_5___15__    13   3  [0, 0, 0, 0, 0, 3, 0, 1, 0, 3, 0, 3, 3]  (0, 14)
1000_3___15__    13   4  [0, 0, 1, 1, 1, 0, 1, 0, 1, 2, 0, 2, 3]  (4, 14)
400_2___15__    12   4  [0, 0, 1, 0, 2, 0, 1, 0, 3, 1, 2, 3]  (5, 14)
400_5___15__    12   3  [0, 1, 1, 3, 0, 0, 0, 0, 3, 1, 2, 3]  (2, 14)
600_2___15__    12   3  [0, 1, 0, 0, 3, 0, 1, 0, 4, 3, 1, 1]  (1, 14)
1000_1___15__    12   4  [0, 0, 1, 3, 0, 0, 0, 0, 1, 2, 3, 3]  (4, 14)
1000_2___15__    12   4  [0, 0, 1, 2, 0, 0, 1, 0, 1, 2, 3, 3]  (4, 14)
400_1___15__    11   4  [0, 0, 1, 3, 0, 1, 0, 3, 0, 3, 3]  (5, 14)
600_3___15__    11   3  [0, 1, 0, 0, 3, 0, 1, 0, 4, 3, 3]  (4, 14)
part_in:(0, 4), all_in:(5, 14), all_out:(0, 14)
gap34
1000_4___16__    15   0  [0, 0, 0, 0, 0, 5, 3, 0, 0, 1, 1, 2, 1, 0, 1]  (3, 11)
600_1___16__    14   0  [0, 0, 2, 0, 4, 2, 0, 0, 0, 1, 2, 1, 2, 1]  (3, 7)
400_3___16__    13   0  [0, 0, 1, 2, 3, 3, 0, 0, 1, 4, 1, 0, 1]  (3, 9)
600_2___16__    13   0  [0, 0, 1, 0, 5, 3, 0, 0, 1, 4, 1, 0, 1]  (3, 12)
600_3___16__    13   0  [0, 0, 1, 0, 5, 3, 0, 0, 1, 2, 1, 2, 1]  (3, 8)
600_4___16__    13   0  [0, 0, 1, 0, 5, 3, 0, 0, 1, 4, 1, 0, 1]  (3, 10)
600_5___16__    13   0  [0, 0, 1, 0, 5, 3, 0, 0, 1, 4, 1, 0, 1]  (3, 11)
1000_5___16__    13   0  [0, 0, 2, 5, 1, 1, 1, 1, 1, 2, 1, 0, 1]  (3, 14)
400_4___16__    12   0  [0, 0, 1, 6, 3, 0, 0, 1, 4, 1, 0, 1]  (3, 10)
1000_2___16__    12   0  [0, 0, 1, 0, 7, 1, 0, 0, 3, 2, 2, 1]  (3, 7)
400_2___16__    11   0  [0, 0, 1, 2, 7, 0, 0, 1, 1, 5, 1]  (3, 10)
1000_1___16__    11   0  [0, 0, 2, 7, 1, 0, 0, 6, 1, 0, 1]  (3, 7)
400_5___16__    10   0  [0, 0, 8, 3, 0, 0, 1, 6, 0, 1]  (3, 7)
1000_3___16__    10   0  [0, 0, 2, 9, 0, 0, 6, 1, 0, 1]  (3, 11)
400_1___16__    9   0  [0, 0, 12, 0, 0, 1, 0, 6, 1]  (3, 9)
part_in:(8, 14), all_in:(3, 7), all_out:(3, 14)
gap45
1000_4___17__    17   1  [0, 1, 0, 0, 0, 1, 4, 1, 1, 0, 0, 1, 1, 0, 0, 1, 0]  (1, 2)
1000_5___17__    16   1  [0, 1, 1, 0, 1, 2, 1, 1, 1, 1, 1, 1, 0, 0, 1, 0]  (2, 4)
1000_3___17__    15   0  [0, 0, 3, 0, 1, 4, 1, 1, 0, 0, 1, 1, 0, 2, 0]  (2, 2)
400_5___17__    14   1  [0, 3, 0, 1, 0, 1, 1, 1, 1, 1, 1, 1, 3, 0]  (2, 3)
600_5___17__    14   1  [0, 1, 1, 0, 1, 2, 3, 1, 0, 0, 1, 1, 3, 0]  (2, 4)
1000_2___17__    14   0  [0, 0, 3, 2, 2, 3, 1, 0, 2, 1, 0, 0, 1, 0]  (2, 3)
400_4___17__    13   2  [3, 2, 0, 1, 1, 1, 1, 0, 0, 1, 1, 3, 0]  (2, 2)
600_4___17__    13   1  [0, 3, 0, 1, 2, 3, 1, 0, 0, 1, 1, 3, 0]  (2, 4)
1000_1___17__    13   1  [0, 1, 1, 2, 4, 1, 1, 0, 2, 1, 0, 2, 0]  (2, 4)
400_3___17__    12   2  [3, 2, 0, 1, 1, 1, 2, 0, 1, 1, 3, 0]  (2, 3)
600_1___17__    12   1  [0, 1, 1, 2, 6, 2, 0, 1, 1, 0, 2, 0]  (2, 5)
600_2___17__    12   1  [0, 1, 1, 2, 2, 1, 1, 2, 0, 1, 5, 0]  (2, 3)
400_1___17__    11   1  [0, 3, 2, 4, 1, 2, 0, 1, 1, 3, 0]  (2, 2)
400_2___17__    11   1  [0, 3, 2, 2, 1, 1, 2, 0, 1, 5, 0]  (2, 2)
600_3___17__    11   1  [0, 3, 2, 4, 1, 2, 0, 1, 1, 3, 0]  (2, 5)
part_in:(1, 5), all_in:(2, 2), all_out:(1, 5)
gap56
400_4___18__    12   0  [0, 3, 1, 4, 0, 2, 0, 0, 2, 1, 1, 3]  (1, 4)
400_5___18__    11   0  [0, 3, 1, 2, 0, 1, 2, 1, 2, 3, 3]  (0, 4)
600_5___18__    11   0  [0, 3, 1, 3, 0, 0, 2, 1, 2, 2, 4]  (1, 4)
1000_3___18__    11   0  [0, 3, 5, 1, 2, 1, 2, 1, 1, 1, 1]  (3, 4)
1000_4___18__    11   0  [0, 3, 5, 1, 2, 1, 0, 1, 1, 1, 3]  (2, 4)
600_2___18__    10   0  [0, 3, 5, 0, 0, 1, 0, 1, 2, 7]  (1, 4)
600_3___18__    10   0  [0, 3, 5, 0, 0, 1, 0, 1, 2, 7]  (1, 4)
600_4___18__    10   0  [0, 3, 1, 3, 0, 0, 2, 1, 2, 7]  (1, 4)
400_1___18__    9   0  [0, 3, 5, 1, 2, 4, 3, 0, 2]  (2, 4)
600_1___18__    9   0  [0, 3, 5, 0, 0, 2, 1, 2, 7]  (2, 4)
1000_2___18__    9   0  [0, 3, 5, 1, 2, 1, 2, 3, 3]  (4, 4)
1000_5___18__    9   0  [0, 3, 7, 2, 1, 2, 1, 1, 3]  (2, 4)
400_2___18__    8   0  [0, 3, 5, 0, 0, 2, 4, 7]  (1, 4)
400_3___18__    8   0  [0, 3, 1, 5, 2, 4, 3, 3]  (1, 4)
1000_1___18__    8   0  [4, 5, 1, 2, 1, 2, 3, 3]  (4, 5)
part_in:(0, 2), all_in:(3, 4), all_out:(0, 4)
ball
1000_5___19__    18   2  [0, 1, 1, 0, 0, 1, 0, 1, 0, 0, 1, 1, 0, 1, 0, 0, 0, 2]  (1, 3)
400_5___19__    15   2  [2, 1, 0, 0, 1, 0, 1, 0, 0, 1, 4, 0, 0, 0, 2]  (2, 3)
600_5___19__    15   2  [2, 0, 0, 1, 2, 0, 0, 0, 0, 1, 2, 1, 1, 0, 2]  (2, 3)
400_4___19__    13   2  [2, 1, 1, 1, 0, 1, 0, 2, 1, 0, 3, 0, 2]  (2, 3)
600_1___19__    13   2  [2, 1, 1, 2, 1, 1, 1, 1, 0, 1, 1, 0, 2]  (2, 3)
600_2___19__    13   2  [2, 1, 1, 2, 1, 1, 1, 1, 0, 1, 1, 0, 2]  (2, 3)
600_3___19__    13   2  [2, 1, 1, 2, 0, 0, 1, 1, 2, 1, 1, 0, 2]  (2, 3)
1000_2___19__    13   2  [2, 1, 1, 1, 0, 1, 1, 1, 1, 0, 3, 0, 2]  (3, 3)
1000_4___19__    13   2  [2, 1, 1, 1, 0, 0, 0, 0, 0, 3, 4, 0, 2]  (2, 3)
400_2___19__    12   2  [2, 1, 1, 2, 1, 0, 2, 1, 2, 1, 0, 2]  (2, 3)
600_4___19__    12   2  [2, 1, 1, 2, 1, 1, 1, 1, 0, 3, 0, 2]  (2, 3)
1000_1___19__    12   2  [2, 1, 1, 2, 1, 1, 1, 1, 0, 3, 0, 2]  (2, 3)
1000_3___19__    12   2  [2, 1, 1, 2, 0, 0, 3, 1, 0, 3, 0, 2]  (2, 3)
400_3___19__    10   2  [2, 1, 1, 2, 1, 3, 1, 4, 0, 2]  (2, 3)
400_1___19__    8   2  [2, 1, 4, 1, 8, 1, 0, 2]  (2, 3)
part_in:(1, 1), all_in:(2, 3), all_out:(1, 3)
ball_column
1000_3___20__    11   2  [3, 1, 0, 3, 7, 1, 1, 0, 0, 0, 0]  (4, 6)
1000_5___20__    11   0  [0, 4, 1, 0, 1, 1, 9, 1, 0, 1, 0]  (4, 6)
400_3___20__    10   2  [1, 1, 1, 0, 3, 6, 2, 2, 1, 0]  (4, 4)
400_4___20__    10   2  [1, 1, 1, 0, 1, 1, 4, 1, 2, 5]  (3, 4)
400_5___20__    10   0  [1, 1, 1, 1, 0, 3, 4, 4, 4, 0]  (4, 6)
1000_1___20__    9   0  [4, 0, 1, 0, 3, 7, 1, 1, 3]  (4, 6)
1000_4___20__    9   0  [7, 0, 1, 1, 9, 1, 0, 1, 0]  (3, 4)
400_1___20__    8   1  [0, 5, 0, 3, 9, 1, 0, 2]  (4, 5)
400_2___20__    8   1  [0, 3, 1, 0, 3, 9, 4, 0]  (4, 4)
600_3___20__    8   2  [3, 2, 2, 0, 7, 1, 2, 2]  (3, 4)
600_5___20__    8   0  [3, 1, 2, 3, 4, 4, 4, 0]  (4, 5)
600_2___20__    7   2  [6, 2, 0, 9, 1, 2, 0]  (4, 5)
600_4___20__    7   4  [1, 2, 2, 0, 9, 4, 0]  (3, 4)
600_1___20__    6   2  [6, 2, 0, 7, 1, 5]  (2, 4)
1000_2___20__    6   8  [0, 3, 9, 2, 1, 0]  (4, 6)
part_in:(2, 6), all_in:(4, 4), all_out:(2, 6)
blue_sort
1000_5___21__    12   1  [1, 0, 3, 1, 2, 2, 1, 0, 1, 2, 3, 0]  (6, 7)
400_3___21__    10   1  [1, 0, 2, 0, 5, 0, 0, 1, 0, 9]  (6, 15)
400_5___21__    10   3  [0, 3, 1, 3, 1, 1, 0, 4, 3, 0]  (6, 15)
600_3___21__    10   3  [0, 2, 5, 1, 0, 1, 0, 0, 7, 0]  (6, 10)
400_1___21__    9   3  [0, 2, 0, 1, 5, 1, 0, 8, 0]  (6, 15)
600_1___21__    8   0  [2, 0, 2, 8, 4, 2, 3, 0]  (6, 9)
600_2___21__    8   3  [0, 7, 0, 1, 0, 1, 0, 9]  (6, 8)
400_4___21__    7   1  [1, 0, 9, 1, 1, 0, 9]  (6, 15)
600_4___21__    7   3  [0, 8, 1, 0, 3, 7, 0]  (6, 10)
1000_3___21__    7   3  [0, 3, 4, 2, 1, 2, 7]  (6, 6)
1000_4___21__    7   3  [0, 3, 4, 2, 1, 2, 7]  (6, 8)
600_5___21__    6   3  [0, 7, 3, 3, 7, 0]  (6, 11)
1000_2___21__    6   3  [0, 8, 2, 2, 1, 7]  (6, 6)
400_2___21__    5   3  [0, 3, 7, 2, 9]  (6, 14)
1000_1___21__    5   4  [8, 2, 4, 6, 0]  (6, 7)
part_in:(8, 15), all_in:(6, 7), all_out:(6, 15)
