sorted balls
[33, 20, 1, 9, 26, 22, 25, 21, 6, 30, 3, 14, 23, 18, 32, 17, 29, 7, 27, 13, 10, 16, 8, 2, 4, 24, 5, 11, 12, 31, 15, 28, 19]
[(33, 1), (20, 2), (1, 3), (9, 4), (26, 5), (22, 6), (25, 7), (21, 8), (6, 9), (30, 10), (3, 11), (14, 12), (23, 13), (18, 14), (32, 15), (17, 16), (29, 17), (7, 18), (27, 19), (13, 20), (10, 21), (16, 22), (8, 23), (2, 24), (4, 25), (24, 26), (5, 27), (11, 28), (12, 29), (31, 30), (15, 31), (28, 32), (19, 33)]
[7, 10, 12, 14, 16, 17, 18, 23, 26, 27]
ball:1
average: 7.67
bravos:
bravo2.A1_1    116_[7, 0, 1, 0, 3, 4, 3, 5, 1, 0, 8, 12, 4, 0, 0]    (1)
bravo3.A1_1    115_[7, 0, 1, 0, 3, 4, 3, 5, 1, 0, 8, 12, 4, 0, 0]    (1)
bravo1.A1_1    106_[6, 0, 2, 3, 4, 3, 5, 0, 0, 0, 8, 12, 4, 1, 6]    (1)
bravo2.D1_10    79_[12, 19, 4, 16, 2, 6, 5, 1, 0, 4, 16, 7, 12, 6, 0]    (1)
bravo3.D1_9    77_[4, 3, 2, 6, 1, 0, 2, 7, 4, 16, 6, 2, 0, 2, 23]    (1)
bravo1.D1_13    58_[10, 1, 7, 2, 7, 0, 12, 8, 3, 41, 0, 4, 3, 16, 6]    (1)
ball:7
average: 4.65
bravos:
bravo1.D4_1    119_[5, 6, 0, 2, 0, 3, 2, 1, 13, 0, 6, 1, 1, 0, 0]    (7)
bravo2.D1_1    114_[2, 4, 2, 5, 3, 5, 11, 9, 3, 8, 0, 3, 0, 1, 10]    (7)
bravo3.D2_4    113_[14, 8, 2, 0, 0, 11, 1, 0, 0, 3, 1, 6, 5, 2, 13]    (7)
bravo3.A3_9    113_[2, 0, 2, 3, 0, 10, 1, 5, 1, 4, 11, 2, 9, 6, 3]    (7)
bravo1.A3_7    113_[0, 2, 14, 10, 1, 1, 11, 1, 16, 1, 1, 9, 9, 4, 6]    (7)
bravo3.D1_1    112_[1, 9, 5, 8, 13, 9, 5, 1, 0, 1, 8, 0, 0, 5, 3]    (7)
bravo2.A2_9    105_[1, 0, 1, 6, 1, 20, 0, 10, 2, 9, 1, 4, 0, 8, 4]    (7)
bravo1.A2_5    102_[1, 2, 4, 0, 6, 3, 1, 0, 11, 3, 13, 20, 8, 6, 15]    (7)
bravo2.D3_9    100_[20, 5, 12, 27, 4, 1, 7, 0, 7, 1, 8, 12, 2, 2, 3]    (7)
bravo1.D3_22    98_[0, 2, 14, 10, 1, 1, 2, 8, 22, 2, 6, 22, 5, 0, 1]    (7)
bravo3.A2_9    97_[1, 0, 1, 6, 15, 7, 2, 7, 2, 7, 3, 11, 2, 5, 2]    (7)
bravo3.D3_9    94_[8, 0, 8, 4, 2, 13, 1, 8, 0, 13, 0, 3, 1, 1, 15]    (7)
bravo1.D1_6    93_[5, 3, 11, 2, 8, 4, 0, 5, 2, 4, 0, 0, 0, 1, 5]    (7)
bravo2.A3_11    92_[11, 8, 7, 13, 5, 0, 1, 0, 3, 3, 1, 9, 5, 9, 2]    (7)
bravo2.D2_5    90_[8, 21, 1, 3, 2, 10, 6, 3, 4, 12, 16, 1, 0, 0, 3]    (7)
bravo2.A1_10    87_[11, 1, 13, 3, 3, 2, 15, 4, 3, 0, 2, 0, 18, 0, 7]    (7)
bravo1.D2_16    83_[1, 2, 5, 12, 5, 6, 7, 3, 1, 4, 4, 6, 1, 2, 0]    (7)
bravo1.A4_23    80_[0, 1, 1, 11, 0, 8, 2, 9, 4, 1, 1, 7, 1, 4, 7]    (7)
bravo1.A1_8    76_[2, 1, 21, 2, 5, 12, 0, 0, 3, 0, 0, 15, 11, 9, 3]    (7)
bravo3.A1_9    63_[0, 10, 13, 4, 0, 3, 1, 12, 10, 8, 1, 14, 5, 5, 0]    (7)
ball:5
average: 2.83
bravos:
bravo1.A2_15    117_[5, 3, 3, 7, 4, 8, 2, 0, 5, 3, 3, 5, 0, 1, 8]    (5)
bravo1.D3_2    113_[4, 2, 7, 0, 1, 18, 7, 1, 0, 0, 9, 0, 0, 0, 1]    (5)
bravo1.D1_3    109_[0, 2, 3, 0, 0, 1, 1, 4, 7, 2, 0, 21, 1, 3, 13]    (5)
bravo1.D2_6    104_[4, 2, 8, 9, 2, 0, 7, 12, 5, 0, 4, 5, 5, 0, 3]    (5)
bravo1.A1_11    81_[0, 0, 17, 0, 12, 4, 4, 0, 9, 5, 8, 8, 0, 9, 4]    (5)
bravo1.A3_27    75_[4, 2, 7, 0, 1, 26, 2, 10, 0, 6, 4, 34, 2, 0, 0]    (5)
ball:11
average: 2.75
bravos:
bravo3.A3_5    113_[12, 1, 0, 2, 12, 4, 3, 8, 1, 2, 3, 0, 6, 4, 6]    (11)
bravo3.D4_2    113_[8, 6, 1, 3, 0, 3, 3, 4, 8, 2, 6, 5, 2, 9, 1]    (11)
bravo2.D4_4    110_[12, 4, 0, 6, 2, 0, 0, 1, 1, 4, 7, 4, 3, 20, 15]    (11)
bravo1.A2_4    109_[0, 10, 0, 4, 9, 5, 18, 3, 0, 6, 1, 2, 2, 0, 2]    (11)
bravo3.A1_5    109_[0, 1, 7, 7, 5, 0, 11, 3, 0, 7, 2, 0, 0, 0, 3]    (11)
bravo3.D2_10    107_[0, 0, 6, 2, 1, 11, 8, 7, 5, 13, 4, 3, 1, 0, 1]    (11)
bravo2.D1_6    106_[2, 10, 8, 4, 7, 0, 1, 11, 8, 7, 0, 5, 2, 3, 3]    (11)
bravo1.A1_7    103_[0, 3, 5, 5, 6, 5, 9, 8, 0, 9, 4, 9, 9, 4, 0]    (11)
bravo2.A3_5    101_[2, 5, 3, 5, 4, 3, 3, 2, 2, 16, 2, 1, 6, 5, 1]    (11)
bravo1.D2_17    101_[0, 0, 1, 0, 10, 15, 1, 6, 23, 2, 3, 3, 8, 0, 5]    (11)
bravo2.D2_11    101_[0, 10, 1, 6, 13, 1, 0, 21, 2, 1, 12, 5, 9, 3, 10]    (11)
bravo2.A1_5    100_[0, 3, 5, 7, 5, 0, 11, 3, 0, 10, 0, 0, 0, 14, 1]    (11)
bravo3.A2_3    100_[0, 3, 7, 0, 1, 1, 7, 6, 13, 7, 17, 0, 0, 2, 7]    (11)
bravo3.D1_5    97_[0, 3, 10, 16, 9, 5, 1, 2, 3, 18, 2, 3, 1, 10, 11]    (11)
bravo1.D1_7    96_[0, 3, 5, 2, 9, 2, 10, 21, 3, 1, 8, 19, 1, 4, 0]    (11)
bravo1.A3_4    94_[1, 8, 3, 2, 6, 2, 8, 17, 3, 0, 10, 8, 3, 11, 5]    (11)
bravo1.D3_25    92_[1, 8, 3, 2, 32, 1, 1, 3, 0, 3, 2, 5, 6, 5, 9]    (11)
bravo2.A4_12    91_[15, 13, 4, 7, 11, 2, 1, 11, 3, 3, 0, 11, 9, 1, 0]    (11)
bravo3.D3_13    91_[0, 1, 1, 5, 6, 13, 10, 0, 1, 13, 10, 1, 11, 3, 6]    (11)
bravo1.D4_7    90_[6, 0, 16, 2, 3, 14, 1, 2, 2, 16, 0, 4, 2, 6, 4]    (11)
bravo2.A2_3    89_[4, 7, 4, 7, 6, 13, 7, 3, 1, 10, 0, 4, 7, 13, 7]    (11)
bravo1.A4_17    86_[0, 27, 26, 6, 0, 2, 5, 1, 6, 3, 15, 11, 10, 6, 0]    (11)
bravo3.A4_14    80_[3, 10, 2, 14, 7, 2, 3, 9, 6, 3, 0, 2, 4, 7, 5]    (11)
bravo2.D3_15    79_[0, 1, 9, 2, 0, 0, 7, 8, 0, 19, 0, 2, 7, 4, 0]    (11)
ball:12
average: 2.46
bravos:
bravo3.D1_4    112_[0, 1, 0, 6, 1, 6, 7, 8, 3, 0, 0, 8, 1, 0, 0]    (12)
bravo2.D1_5    108_[0, 0, 1, 6, 0, 2, 0, 4, 4, 1, 10, 2, 12, 1, 0]    (12)
bravo1.A2_3    107_[0, 1, 4, 0, 3, 1, 7, 0, 1, 15, 3, 4, 1, 0, 6]    (12)
bravo2.A1_6    107_[0, 22, 8, 4, 8, 10, 21, 0, 0, 0, 8, 3, 0, 6, 1]    (12)
bravo1.A1_5    106_[0, 2, 1, 3, 2, 4, 22, 0, 2, 0, 6, 6, 3, 2, 8]    (12)
bravo3.A2_2    106_[0, 7, 9, 0, 6, 16, 4, 6, 14, 0, 0, 10, 10, 7, 5]    (12)
bravo3.D4_4    106_[0, 10, 0, 9, 0, 1, 0, 7, 4, 10, 1, 0, 0, 6, 2]    (12)
bravo3.A1_6    105_[0, 2, 0, 8, 1, 1, 5, 3, 4, 2, 6, 3, 8, 17, 0]    (12)
bravo1.D4_9    104_[0, 4, 7, 0, 3, 8, 0, 4, 3, 0, 0, 1, 6, 13, 3]    (12)
bravo2.A2_2    102_[0, 7, 0, 3, 4, 0, 23, 4, 6, 15, 0, 0, 9, 18, 5]    (12)
bravo2.D2_12    101_[1, 10, 1, 0, 9, 6, 10, 1, 7, 0, 11, 6, 7, 3, 5]    (12)
bravo3.A4_12    100_[3, 0, 5, 0, 3, 10, 7, 7, 32, 2, 1, 9, 1, 7, 0]    (12)
bravo2.D4_3    100_[2, 14, 2, 1, 0, 2, 1, 13, 0, 5, 4, 5, 1, 6, 2]    (12)
bravo2.A3_2    99_[0, 0, 13, 6, 2, 9, 2, 3, 2, 0, 6, 3, 3, 5, 1]    (12)
bravo1.A4_15    93_[23, 3, 5, 0, 1, 3, 1, 7, 2, 2, 6, 9, 19, 4, 1]    (12)
bravo3.A3_2    92_[0, 0, 13, 6, 3, 5, 2, 6, 2, 0, 6, 2, 0, 9, 1]    (12)
bravo1.D5_2    91_[14, 9, 0, 6, 4, 0, 1, 15, 0, 4, 1, 2, 12, 13, 0]    (12)
bravo1.A3_3    88_[2, 4, 6, 15, 0, 9, 9, 4, 2, 0, 2, 8, 12, 1, 1]    (12)
bravo1.D2_18    86_[0, 1, 7, 1, 4, 3, 19, 1, 10, 11, 12, 10, 2, 2, 9]    (12)
bravo1.D1_9    85_[0, 1, 8, 6, 7, 4, 8, 4, 2, 0, 0, 9, 2, 15, 24]    (12)
bravo2.A4_13    82_[10, 0, 0, 13, 5, 36, 0, 4, 12, 3, 7, 25, 4, 2, 8]    (12)
bravo3.D2_11    80_[0, 8, 5, 2, 0, 12, 13, 8, 2, 0, 0, 11, 12, 8, 12]    (12)
bravo3.D3_16    71_[0, 11, 4, 5, 10, 6, 12, 1, 0, 0, 0, 25, 6, 15, 3]    (12)
bravo1.D3_26    69_[2, 4, 6, 15, 0, 9, 9, 4, 3, 28, 13, 11, 7, 6, 5]    (12)
bravo2.D3_18    39_[1, 15, 25, 2, 7, 6, 7, 59, 45, 13, 10]    (12)
bravo1.A5_20    29_[6, 1, 12, 18, 54, 7, 3, 17, 35, 35, 1]    (12)
ball:15
average: 2.09
bravos:
bravo1.A3_6    118_[4, 6, 5, 3, 14, 0, 1, 0, 4, 8, 1, 0, 7, 0, 4]    (15)
bravo2.A1_9    117_[0, 0, 0, 1, 6, 1, 6, 4, 1, 12, 0, 1, 4, 3, 6]    (15)
bravo1.A2_12    116_[2, 11, 1, 12, 3, 0, 1, 3, 1, 1, 3, 0, 8, 10, 5]    (15)
bravo3.A2_5    113_[0, 0, 3, 5, 1, 1, 7, 0, 2, 14, 3, 6, 0, 5, 1]    (15)
bravo1.A4_11    110_[10, 0, 1, 2, 2, 3, 14, 1, 2, 0, 1, 4, 1, 12, 1]    (15)
bravo2.D4_5    110_[3, 2, 4, 18, 3, 8, 1, 1, 2, 6, 1, 4, 1, 2, 0]    (15)
bravo1.D2_9    110_[1, 0, 2, 3, 3, 4, 3, 1, 1, 6, 1, 0, 5, 6, 1]    (15)
bravo2.A2_6    102_[0, 0, 8, 0, 3, 4, 3, 7, 22, 3, 1, 2, 2, 5, 0]    (15)
bravo1.D3_23    101_[4, 4, 1, 5, 3, 5, 11, 0, 4, 8, 1, 4, 11, 0, 0]    (15)
bravo2.D2_8    101_[3, 0, 5, 0, 12, 0, 9, 4, 1, 6, 15, 12, 7, 0, 0]    (15)
bravo3.D4_5    100_[3, 0, 1, 4, 8, 2, 4, 5, 5, 2, 1, 8, 11, 4, 1]    (15)
bravo2.A3_4    97_[9, 0, 23, 1, 4, 3, 5, 10, 1, 6, 0, 10, 15, 7, 0]    (15)
bravo1.D4_13    97_[0, 6, 0, 6, 0, 10, 12, 1, 5, 7, 6, 10, 23, 15, 2]    (15)
bravo2.D1_2    96_[1, 15, 7, 4, 11, 8, 4, 9, 9, 2, 2, 5, 15, 4, 16]    (15)
bravo3.D2_8    93_[0, 0, 0, 1, 0, 7, 8, 4, 4, 10, 1, 7, 2, 7, 12]    (15)
bravo3.A3_4    89_[0, 7, 1, 2, 7, 3, 8, 6, 12, 2, 6, 7, 23, 2, 8]    (15)
bravo1.D5_1    88_[0, 5, 0, 13, 3, 0, 1, 5, 1, 0, 4, 2, 6, 7, 5]    (15)
bravo3.D3_14    81_[4, 9, 3, 15, 8, 0, 1, 6, 1, 1, 0, 0, 7, 5, 3]    (15)
bravo2.A4_11    77_[1, 2, 2, 18, 7, 0, 10, 4, 0, 7, 10, 1, 0, 9, 24]    (15)
bravo3.A4_11    73_[1, 24, 7, 0, 5, 1, 15, 0, 10, 1, 0, 4, 8, 10, 5]    (15)
bravo2.D3_16    70_[0, 7, 2, 0, 1, 6, 0, 9, 1, 1, 3, 0, 11, 0, 3]    (15)
bravo1.A5_21    19_[0, 27, 49, 9, 16, 19, 48, 38]    (15)

index begin
index: 1
ball:33
average: 9.0
bravos:
bravo1.A6_1    105_[8, 16, 6, 5, 2, 5, 2, 10, 0, 3, 4, 3, 12, 3, 0]    (33)
bravo2.A6_1    102_[9, 23, 5, 2, 5, 2, 10, 0, 3, 4, 3, 12, 3, 0, 6]    (33)
bravo3.A6_1    102_[9, 23, 5, 2, 5, 2, 10, 0, 3, 4, 3, 12, 3, 0, 6]    (33)
bravo3.D6_7    73_[7, 1, 2, 3, 6, 4, 0, 1, 1, 8, 0, 10, 7, 26, 4]    (33)
bravo1.D6_3    72_[19, 0, 0, 0, 0, 2, 4, 0, 5, 10, 0, 5, 5, 36, 7]    (33)
bravo2.D6_10    45_[2, 2, 17, 24, 5, 7, 28, 1, 7, 2, 10, 10, 12, 11, 34]    (33)

index: 2
ball:20
average: 8.5
bravos:
bravo2.D3_2    110_[6, 1, 3, 3, 0, 1, 10, 1, 7, 0, 3, 2, 4, 10, 4]    (20)
bravo1.D2_2    108_[1, 3, 2, 6, 0, 0, 3, 3, 8, 9, 11, 0, 3, 0, 0]    (20)
bravo1.D4_10    107_[1, 5, 1, 6, 2, 4, 7, 7, 4, 3, 5, 9, 5, 11, 7]    (20)
bravo1.D3_14    105_[9, 3, 2, 0, 1, 4, 14, 6, 2, 2, 2, 2, 1, 1, 0]    (20)
bravo1.A4_14    100_[5, 9, 0, 4, 0, 15, 4, 1, 8, 7, 5, 4, 16, 2, 1]    (20)
bravo1.A3_15    98_[13, 2, 0, 1, 19, 12, 2, 2, 1, 0, 12, 1, 1, 6, 1]    (20)
bravo1.A2_19    93_[5, 0, 12, 2, 17, 5, 4, 7, 14, 1, 17, 4, 5, 5, 12]    (20)
bravo1.A5_9    68_[9, 6, 4, 5, 3, 9, 2, 8, 53, 1, 4, 7, 4, 8, 14]    (20)
bravo1.D5_13    61_[22, 22, 1, 8, 11, 37, 10, 9, 8, 7, 1, 4, 15, 0, 3]    (20)
bravo2.A3_18    56_[14, 4, 10, 9, 0, 22, 4, 23, 8, 36, 0, 0, 0, 1, 3]    (20)

index: 3
ball:1
average: 7.67
bravos:
bravo2.A1_1    116_[7, 0, 1, 0, 3, 4, 3, 5, 1, 0, 8, 12, 4, 0, 0]    (1)
bravo3.A1_1    115_[7, 0, 1, 0, 3, 4, 3, 5, 1, 0, 8, 12, 4, 0, 0]    (1)
bravo1.A1_1    106_[6, 0, 2, 3, 4, 3, 5, 0, 0, 0, 8, 12, 4, 1, 6]    (1)
bravo2.D1_10    79_[12, 19, 4, 16, 2, 6, 5, 1, 0, 4, 16, 7, 12, 6, 0]    (1)
bravo3.D1_9    77_[4, 3, 2, 6, 1, 0, 2, 7, 4, 16, 6, 2, 0, 2, 23]    (1)
bravo1.D1_13    58_[10, 1, 7, 2, 7, 0, 12, 8, 3, 41, 0, 4, 3, 16, 6]    (1)

index: 4
ball:9
average: 7.33
bravos:
bravo1.D2_8    117_[21, 2, 2, 2, 2, 0, 0, 2, 6, 1, 5, 5, 14, 3, 8]    (9)
bravo1.D1_2    108_[10, 0, 9, 11, 3, 2, 3, 4, 2, 4, 12, 1, 5, 0, 4]    (9)
bravo1.D3_7    102_[1, 0, 9, 1, 3, 8, 5, 12, 7, 9, 2, 3, 7, 3, 1]    (9)
bravo1.A2_13    95_[1, 1, 3, 0, 4, 2, 1, 0, 0, 5, 6, 4, 3, 0, 4]    (9)
bravo1.A3_22    90_[1, 0, 2, 6, 1, 3, 14, 2, 17, 8, 3, 3, 7, 13, 5]    (9)
bravo1.A1_12    67_[10, 15, 3, 9, 9, 6, 5, 6, 2, 19, 12, 6, 5, 22, 1]    (9)

index: 5
ball:26
average: 6.67
bravos:
bravo1.D3_11    118_[24, 1, 4, 8, 0, 4, 3, 0, 0, 14, 0, 2, 0, 15, 0]    (26)
bravo3.D3_3    113_[4, 7, 3, 0, 1, 2, 11, 0, 5, 5, 0, 15, 3, 2, 1]    (26)
bravo2.D4_7    113_[0, 3, 1, 8, 9, 4, 3, 5, 4, 2, 2, 0, 4, 1, 0]    (26)
bravo3.D4_7    112_[3, 2, 12, 5, 8, 5, 4, 1, 9, 1, 0, 1, 1, 11, 2]    (26)
bravo3.A4_9    104_[12, 6, 0, 5, 7, 7, 0, 4, 3, 3, 1, 2, 4, 2, 3]    (26)
bravo1.A3_18    103_[31, 4, 3, 0, 8, 0, 13, 1, 0, 17, 2, 8, 0, 5, 4]    (26)
bravo2.A4_9    102_[7, 4, 3, 3, 9, 3, 7, 0, 0, 3, 3, 5, 7, 3, 2]    (26)
bravo1.D4_15    102_[2, 0, 1, 9, 5, 16, 4, 2, 6, 11, 0, 3, 5, 16, 6]    (26)
bravo2.D3_8    98_[2, 1, 6, 13, 4, 9, 1, 7, 1, 11, 2, 5, 1, 21, 3]    (26)
bravo2.D5_2    98_[0, 6, 6, 8, 6, 5, 3, 1, 0, 1, 2, 1, 1, 0, 10]    (26)
bravo2.A3_12    95_[4, 11, 1, 9, 2, 8, 11, 7, 5, 7, 1, 2, 20, 2, 19]    (26)
bravo1.A4_9    90_[1, 0, 7, 0, 1, 1, 4, 0, 5, 1, 5, 3, 0, 6, 13]    (26)
bravo1.A5_8    87_[2, 8, 1, 1, 2, 1, 3, 10, 4, 2, 2, 0, 8, 1, 2]    (26)
bravo3.D5_1    85_[10, 18, 17, 0, 5, 12, 3, 3, 1, 2, 0, 5, 0, 1, 4]    (26)
bravo1.D5_14    84_[2, 3, 12, 11, 6, 1, 5, 4, 6, 3, 11, 1, 8, 12, 3]    (26)
bravo3.A3_15    83_[7, 8, 2, 0, 1, 7, 5, 10, 6, 22, 4, 1, 0, 3, 5]    (26)
bravo2.A5_11    68_[8, 5, 33, 3, 3, 3, 14, 6, 5, 3, 16, 0, 18, 1, 36]    (26)
bravo3.A5_11    61_[1, 2, 2, 6, 16, 22, 14, 5, 0, 0, 3, 9, 1, 5, 10]    (26)

index: 6
ball:22
average: 6.36
bravos:
bravo2.A5_4    116_[2, 2, 0, 5, 3, 3, 4, 5, 12, 0, 10, 5, 19, 2, 5]    (22)
bravo3.A5_4    113_[5, 0, 4, 0, 3, 3, 4, 5, 12, 0, 10, 4, 0, 19, 8]    (22)
bravo3.D3_10    112_[11, 1, 6, 4, 2, 3, 4, 22, 2, 3, 5, 0, 1, 6, 8]    (22)
bravo1.A4_5    106_[2, 3, 2, 1, 23, 1, 0, 3, 1, 0, 6, 13, 5, 1, 5]    (22)
bravo3.D5_8    106_[1, 0, 15, 0, 3, 12, 1, 1, 3, 5, 3, 1, 4, 0, 6]    (22)
bravo3.D6_2    105_[11, 0, 3, 1, 2, 2, 4, 1, 6, 7, 6, 30, 7, 11, 5]    (22)
bravo1.A5_4    102_[25, 4, 5, 6, 0, 6, 1, 8, 5, 0, 4, 5, 2, 6, 0]    (22)
bravo2.A3_7    102_[4, 10, 2, 17, 0, 1, 3, 2, 2, 0, 1, 5, 1, 6, 5]    (22)
bravo2.D5_9    100_[0, 0, 10, 13, 2, 27, 0, 2, 7, 0, 0, 5, 0, 2, 3]    (22)
bravo2.D6_5    99_[4, 11, 12, 3, 6, 3, 5, 7, 3, 14, 22, 15, 1, 1, 5]    (22)
bravo3.A3_8    98_[11, 4, 1, 6, 1, 0, 0, 11, 1, 0, 6, 7, 0, 5, 7]    (22)
bravo2.D3_13    97_[4, 5, 2, 4, 12, 4, 1, 5, 14, 6, 3, 11, 1, 6, 4]    (22)
bravo3.A4_1    97_[2, 2, 2, 1, 0, 5, 5, 1, 1, 3, 4, 1, 22, 1, 20]    (22)
bravo2.A6_6    96_[12, 16, 1, 4, 0, 6, 12, 4, 0, 24, 2, 4, 6, 6, 1]    (22)
bravo1.A3_11    95_[9, 2, 4, 1, 2, 3, 7, 8, 0, 3, 1, 0, 10, 0, 2]    (22)
bravo1.D4_19    94_[2, 1, 6, 0, 0, 13, 12, 2, 8, 0, 1, 5, 0, 1, 3]    (22)
bravo2.A4_1    92_[2, 2, 2, 1, 0, 11, 3, 3, 3, 0, 1, 19, 4, 20, 1]    (22)
bravo3.A6_6    89_[7, 3, 0, 23, 7, 2, 6, 7, 0, 17, 10, 0, 13, 4, 9]    (22)
bravo1.D3_18    85_[12, 4, 1, 2, 11, 8, 0, 3, 2, 7, 3, 1, 6, 14, 2]    (22)
bravo2.D4_15    66_[5, 6, 8, 0, 8, 8, 5, 35, 3, 1, 7, 8, 0, 0, 15]    (22)
bravo3.D4_15    60_[4, 0, 6, 9, 8, 14, 10, 28, 10, 6, 1, 16, 16, 4, 4]    (22)
bravo1.D5_18    40_[5, 14, 0, 8, 56, 2, 8, 3, 32, 1, 1, 10, 28, 3, 32]    (22)

index: 7
ball:25
average: 6.05
bravos:
bravo3.D3_5    116_[11, 0, 2, 7, 8, 3, 0, 1, 3, 3, 4, 1, 6, 0, 3]    (25)
bravo2.D5_4    115_[1, 4, 4, 8, 0, 0, 3, 8, 3, 5, 0, 4, 0, 1, 5]    (25)
bravo1.D3_12    112_[3, 4, 4, 1, 7, 2, 1, 6, 12, 2, 4, 9, 0, 5, 2]    (25)
bravo3.D6_1    111_[1, 12, 2, 2, 1, 8, 0, 3, 1, 4, 17, 5, 2, 3, 9]    (25)
bravo3.D4_6    110_[3, 19, 2, 3, 8, 0, 1, 3, 9, 1, 0, 0, 4, 4, 0]    (25)
bravo3.A3_13    109_[5, 2, 2, 11, 3, 2, 4, 0, 3, 4, 18, 3, 1, 2, 1]    (25)
bravo1.D4_14    108_[9, 12, 5, 4, 1, 1, 7, 4, 0, 1, 0, 4, 2, 5, 7]    (25)
bravo1.A4_10    108_[3, 0, 0, 0, 5, 5, 3, 1, 3, 4, 0, 2, 4, 0, 14]    (25)
bravo3.D5_3    108_[0, 9, 1, 7, 3, 19, 0, 2, 8, 2, 5, 0, 0, 2, 2]    (25)
bravo1.A3_17    106_[3, 9, 1, 7, 2, 0, 7, 12, 2, 4, 10, 3, 0, 3, 10]    (25)
bravo2.D3_6    104_[4, 2, 2, 2, 6, 2, 0, 3, 1, 0, 6, 0, 4, 2, 1]    (25)
bravo2.A3_14    103_[4, 6, 3, 6, 4, 12, 2, 1, 1, 8, 4, 1, 4, 8, 1]    (25)
bravo2.D6_2    100_[11, 0, 1, 3, 7, 9, 1, 13, 4, 11, 1, 12, 3, 3, 14]    (25)
bravo2.D4_6    100_[4, 18, 15, 0, 0, 0, 10, 4, 1, 1, 1, 0, 0, 0, 3]    (25)
bravo2.A5_9    98_[16, 4, 2, 14, 0, 3, 8, 11, 3, 5, 4, 11, 0, 6, 4]    (25)
bravo3.A4_10    97_[2, 4, 0, 16, 13, 5, 3, 1, 1, 0, 2, 1, 0, 1, 2]    (25)
bravo1.A5_6    96_[6, 4, 0, 2, 0, 0, 0, 0, 14, 3, 3, 1, 4, 2, 31]    (25)
bravo2.A4_10    94_[0, 10, 13, 13, 1, 1, 1, 2, 0, 4, 2, 1, 0, 1, 2]    (25)
bravo3.A5_9    82_[11, 4, 4, 17, 2, 0, 0, 1, 17, 4, 10, 1, 3, 13, 8]    (25)
bravo3.A6_7    66_[29, 1, 4, 42, 4, 3, 5, 5, 3, 0, 0, 14, 0, 18, 11]    (25)
bravo2.A6_9    66_[2, 11, 2, 0, 6, 17, 10, 4, 1, 7, 14, 0, 2, 3, 4]    (25)
bravo1.D5_16    53_[5, 9, 10, 0, 3, 10, 31, 0, 5, 8, 1, 5, 5, 11, 8]    (25)

index: 8
ball:21
average: 6.0
bravos:
bravo3.D4_8    115_[1, 2, 3, 3, 12, 7, 3, 0, 4, 1, 2, 2, 0, 0, 12]    (21)
bravo1.A3_8    111_[2, 2, 9, 0, 1, 13, 1, 3, 0, 6, 9, 0, 3, 11, 3]    (21)
bravo3.D5_5    108_[3, 0, 1, 4, 1, 0, 1, 3, 0, 37, 5, 0, 17, 7, 7]    (21)
bravo3.D3_4    107_[7, 0, 21, 9, 6, 3, 4, 9, 7, 1, 4, 2, 14, 2, 1]    (21)
bravo1.D4_17    106_[4, 1, 4, 1, 0, 2, 1, 13, 0, 5, 5, 5, 8, 6, 9]    (21)
bravo1.D2_1    105_[5, 0, 3, 17, 2, 6, 0, 2, 5, 2, 1, 12, 2, 6, 4]    (21)
bravo2.D4_8    104_[1, 1, 3, 2, 0, 0, 0, 5, 3, 1, 3, 8, 1, 3, 0]    (21)
bravo2.D3_5    103_[11, 11, 19, 20, 1, 8, 2, 0, 8, 3, 2, 4, 4, 3, 0]    (21)
bravo2.A4_8    101_[2, 0, 2, 12, 0, 0, 7, 6, 2, 3, 3, 1, 2, 0, 12]    (21)
bravo3.A4_8    100_[6, 0, 4, 3, 4, 8, 8, 4, 3, 0, 13, 6, 0, 2, 2]    (21)
bravo2.A5_8    100_[1, 0, 1, 7, 1, 3, 6, 0, 2, 2, 10, 6, 2, 5, 6]    (21)
bravo1.D3_21    99_[2, 12, 0, 1, 15, 3, 0, 7, 8, 0, 6, 12, 9, 0, 4]    (21)
bravo2.D5_5    98_[13, 0, 1, 4, 2, 1, 16, 0, 8, 3, 1, 16, 7, 1, 1]    (21)
bravo2.D6_3    92_[16, 0, 7, 4, 0, 6, 20, 5, 3, 14, 0, 6, 4, 1, 0]    (21)
bravo1.A5_7    89_[6, 2, 0, 0, 2, 7, 1, 6, 3, 6, 16, 4, 1, 9, 1]    (21)
bravo3.A3_14    82_[11, 10, 9, 6, 3, 0, 8, 2, 9, 10, 8, 0, 7, 3, 7]    (21)
bravo1.A4_7    80_[11, 1, 6, 0, 2, 6, 0, 8, 11, 8, 0, 6, 1, 6, 3]    (21)
bravo2.A3_15    79_[21, 0, 7, 1, 20, 0, 0, 17, 1, 1, 6, 0, 3, 0, 4]    (21)
bravo1.A2_20    79_[1, 11, 5, 1, 0, 12, 2, 5, 10, 6, 0, 3, 6, 3, 2]    (21)
bravo2.A6_8    76_[1, 10, 3, 8, 41, 6, 4, 4, 9, 1, 2, 0, 5, 19, 24]    (21)
bravo3.A5_7    74_[1, 14, 1, 6, 39, 1, 0, 5, 4, 4, 7, 3, 0, 0, 13]    (21)
bravo1.D5_15    55_[6, 36, 7, 15, 0, 9, 2, 2, 1, 0, 3, 1, 11, 35, 0]    (21)

index: 9
ball:6
average: 5.94
bravos:
bravo3.D3_8    126_[4, 6, 4, 5, 2, 0, 1, 0, 0, 8, 4, 0, 3, 0, 4]    (6)
bravo1.D2_15    122_[7, 2, 0, 1, 0, 14, 7, 1, 5, 2, 5, 0, 0, 8, 20]    (6)
bravo1.A3_14    117_[3, 3, 2, 6, 4, 0, 0, 14, 2, 1, 4, 3, 8, 0, 2]    (6)
bravo3.D2_6    116_[1, 8, 0, 13, 4, 0, 2, 0, 4, 8, 9, 10, 2, 2, 4]    (6)
bravo1.D3_15    115_[3, 1, 1, 2, 6, 4, 0, 2, 12, 2, 1, 8, 9, 2, 3]    (6)
bravo2.A2_7    114_[2, 0, 6, 1, 0, 8, 2, 0, 14, 10, 9, 5, 3, 0, 4]    (6)
bravo2.D1_3    112_[17, 3, 9, 0, 0, 1, 7, 0, 1, 2, 13, 11, 2, 4, 2]    (6)
bravo2.D2_7    111_[0, 9, 0, 4, 4, 3, 4, 0, 25, 16, 5, 0, 0, 2, 9]    (6)
bravo2.A3_10    110_[5, 2, 1, 2, 5, 4, 14, 8, 3, 15, 4, 0, 0, 8, 9]    (6)
bravo1.A2_6    110_[1, 1, 0, 0, 9, 8, 3, 2, 5, 3, 2, 20, 1, 2, 13]    (6)
bravo2.D3_10    108_[13, 1, 3, 2, 4, 4, 4, 2, 1, 6, 12, 3, 0, 5, 2]    (6)
bravo3.A2_7    106_[1, 0, 0, 6, 11, 1, 0, 0, 14, 22, 3, 3, 5, 1, 1]    (6)
bravo3.D1_2    103_[0, 0, 6, 4, 2, 5, 0, 1, 1, 2, 3, 8, 2, 20, 5]    (6)
bravo1.A1_4    102_[2, 3, 5, 1, 0, 1, 4, 1, 6, 4, 4, 6, 5, 12, 1]    (6)
bravo3.A3_10    101_[18, 9, 0, 9, 2, 5, 2, 0, 3, 0, 16, 7, 10, 0, 6]    (6)
bravo2.A1_8    92_[10, 2, 1, 1, 4, 12, 1, 4, 3, 6, 1, 0, 1, 0, 10]    (6)
bravo1.D1_10    88_[16, 12, 5, 0, 4, 3, 3, 4, 4, 5, 1, 22, 3, 0, 5]    (6)
bravo3.A1_8    86_[4, 3, 5, 7, 2, 1, 12, 0, 1, 21, 1, 0, 9, 18, 6]    (6)

index: 10
ball:30
average: 5.89
bravos:
bravo1.D3_5    110_[5, 0, 12, 8, 0, 18, 18, 13, 3, 4, 1, 7, 1, 0, 1]    (30)
bravo3.A6_4    109_[4, 0, 13, 0, 2, 3, 10, 8, 8, 4, 0, 14, 2, 3, 6]    (30)
bravo3.A5_3    106_[6, 1, 10, 1, 0, 0, 3, 1, 6, 1, 24, 6, 9, 4, 5]    (30)
bravo2.A6_4    104_[5, 0, 12, 2, 0, 3, 1, 8, 22, 0, 7, 6, 2, 3, 0]    (30)
bravo1.A4_1    104_[2, 4, 16, 0, 8, 2, 8, 4, 0, 4, 17, 4, 2, 20, 4]    (30)
bravo3.D6_4    100_[7, 3, 0, 3, 9, 10, 2, 13, 14, 7, 2, 5, 12, 7, 10]    (30)
bravo1.A3_24    99_[6, 12, 9, 7, 8, 1, 15, 2, 5, 7, 8, 1, 0, 8, 0]    (30)
bravo2.A5_3    99_[6, 1, 10, 1, 0, 4, 8, 1, 22, 1, 6, 9, 0, 6, 2]    (30)
bravo3.A4_6    98_[6, 3, 11, 2, 3, 1, 4, 8, 0, 5, 0, 2, 5, 4, 11]    (30)
bravo1.A5_3    98_[5, 1, 12, 0, 3, 0, 1, 1, 18, 10, 0, 5, 9, 2, 0]    (30)
bravo2.A4_7    96_[8, 1, 1, 2, 2, 6, 5, 0, 7, 21, 4, 3, 1, 3, 2]    (30)
bravo3.D5_9    94_[1, 6, 3, 4, 2, 12, 1, 34, 14, 15, 2, 11, 9, 14, 5]    (30)
bravo3.D4_10    89_[0, 12, 1, 5, 7, 2, 10, 8, 3, 5, 0, 4, 1, 6, 6]    (30)
bravo2.D6_7    88_[1, 10, 6, 7, 5, 2, 9, 0, 14, 6, 5, 8, 1, 0, 0]    (30)
bravo2.D4_9    85_[21, 15, 4, 0, 8, 0, 25, 1, 2, 19, 0, 13, 14, 4, 3]    (30)
bravo2.D5_10    84_[1, 0, 1, 11, 0, 1, 5, 14, 3, 11, 18, 17, 0, 12, 8]    (30)
bravo1.D4_23    82_[0, 0, 0, 8, 17, 12, 1, 0, 5, 5, 23, 1, 3, 7, 18]    (30)
bravo1.D5_19    39_[22, 5, 1, 24, 12, 1, 14, 14, 3, 4, 27, 0, 36, 0, 20]    (30)

index: 11
ball:3
average: 5.43
bravos:
bravo1.D2_13    118_[6, 2, 11, 10, 16, 1, 0, 5, 4, 1, 5, 5, 3, 14, 2]    (3)
bravo3.A2_8    117_[6, 3, 0, 8, 13, 0, 2, 4, 4, 6, 0, 2, 5, 8, 6]    (3)
bravo2.D2_6    115_[2, 10, 2, 0, 4, 0, 2, 17, 5, 0, 10, 1, 1, 2, 0]    (3)
bravo2.D1_9    114_[0, 2, 21, 2, 5, 6, 0, 3, 8, 2, 13, 0, 4, 2, 5]    (3)
bravo1.A3_19    108_[1, 2, 0, 20, 3, 1, 2, 6, 4, 7, 1, 0, 1, 8, 6]    (3)
bravo2.A1_2    107_[13, 4, 2, 2, 6, 0, 11, 1, 0, 0, 7, 0, 7, 2, 1]    (3)
bravo2.A2_8    106_[6, 0, 2, 4, 9, 8, 0, 7, 4, 7, 2, 4, 0, 14, 12]    (3)
bravo1.A1_3    106_[3, 0, 3, 2, 5, 0, 4, 8, 1, 1, 15, 1, 2, 0, 4]    (3)
bravo1.D3_10    106_[1, 2, 22, 2, 4, 0, 5, 12, 2, 1, 15, 1, 10, 9, 5]    (3)
bravo3.A1_2    104_[13, 4, 2, 2, 6, 0, 11, 1, 0, 0, 7, 0, 7, 2, 1]    (3)
bravo1.A2_8    104_[10, 1, 16, 2, 6, 5, 2, 5, 0, 0, 3, 4, 7, 10, 3]    (3)
bravo3.D2_5    100_[2, 7, 10, 8, 4, 0, 7, 21, 0, 6, 7, 2, 12, 1, 5]    (3)
bravo1.D1_11    87_[6, 5, 0, 2, 2, 3, 7, 0, 3, 4, 12, 2, 1, 4, 28]    (3)
bravo3.D1_8    81_[7, 9, 14, 0, 3, 2, 1, 1, 1, 0, 7, 3, 0, 1, 7]    (3)

index: 12
ball:14
average: 5.27
bravos:
bravo3.A3_6    121_[4, 2, 1, 7, 1, 3, 1, 8, 2, 4, 3, 3, 4, 3, 0]    (14)
bravo2.A4_2    119_[1, 0, 9, 3, 0, 3, 0, 2, 0, 2, 0, 2, 4, 14, 7]    (14)
bravo3.A4_2    119_[1, 0, 9, 3, 5, 6, 0, 4, 21, 20, 2, 0, 2, 2, 2]    (14)
bravo2.A3_6    118_[4, 2, 0, 3, 0, 3, 0, 0, 1, 3, 2, 11, 0, 13, 3]    (14)
bravo1.D2_11    117_[0, 6, 5, 2, 2, 9, 4, 1, 0, 1, 0, 1, 3, 1, 9]    (14)
bravo2.D2_3    116_[5, 5, 0, 5, 1, 2, 3, 0, 7, 1, 1, 1, 1, 0, 4]    (14)
bravo3.D2_3    108_[2, 17, 7, 8, 11, 0, 8, 4, 1, 0, 1, 6, 2, 4, 8]    (14)
bravo3.A5_8    107_[12, 1, 3, 1, 3, 4, 2, 7, 2, 6, 2, 5, 6, 0, 7]    (14)
bravo2.D3_14    107_[0, 3, 11, 1, 0, 3, 1, 15, 1, 0, 0, 0, 10, 18, 0]    (14)
bravo2.D6_4    105_[0, 0, 3, 1, 4, 1, 3, 5, 0, 9, 1, 26, 5, 7, 0]    (14)
bravo2.A2_11    100_[10, 11, 2, 1, 1, 0, 0, 6, 4, 0, 31, 17, 2, 17, 5]    (14)
bravo1.A3_5    97_[0, 7, 0, 0, 2, 14, 0, 3, 1, 6, 17, 0, 8, 2, 0]    (14)
bravo2.D5_8    96_[7, 10, 0, 12, 0, 1, 0, 1, 11, 1, 1, 7, 16, 12, 4]    (14)
bravo1.A2_10    94_[0, 11, 8, 4, 7, 1, 0, 9, 0, 0, 1, 6, 7, 12, 1]    (14)
bravo3.D5_4    93_[1, 19, 13, 3, 5, 5, 0, 0, 0, 12, 1, 5, 8, 1, 1]    (14)
bravo1.A4_12    92_[9, 5, 2, 0, 8, 24, 8, 4, 2, 2, 2, 1, 6, 2, 3]    (14)
bravo2.A5_5    91_[11, 1, 5, 17, 7, 8, 2, 3, 0, 18, 11, 2, 4, 1, 2]    (14)
bravo1.D4_12    90_[22, 0, 9, 4, 6, 10, 4, 0, 11, 6, 12, 6, 1, 1, 2]    (14)
bravo2.A6_7    86_[1, 5, 3, 6, 10, 6, 9, 0, 5, 5, 18, 5, 8, 13, 13]    (14)
bravo3.A2_10    85_[28, 0, 7, 2, 26, 12, 3, 0, 9, 4, 3, 7, 0, 6, 3]    (14)
bravo1.D3_24    85_[0, 9, 2, 15, 3, 1, 0, 5, 16, 0, 13, 1, 7, 7, 2]    (14)
bravo2.D4_14    84_[0, 0, 1, 3, 2, 16, 1, 0, 5, 19, 1, 19, 9, 10, 7]    (14)
bravo3.D3_12    83_[10, 4, 2, 0, 5, 4, 4, 5, 7, 10, 19, 4, 0, 6, 11]    (14)
bravo1.D5_9    79_[1, 6, 1, 9, 8, 5, 8, 16, 8, 5, 0, 3, 3, 21, 5]    (14)
bravo3.D4_14    66_[7, 2, 7, 1, 6, 1, 1, 4, 10, 30, 3, 5, 3, 0, 5]    (14)
bravo1.A5_13    66_[1, 8, 8, 9, 8, 12, 18, 3, 6, 2, 2, 3, 2, 3, 1]    (14)

index: 13
ball:23
average: 5.0
bravos:
bravo2.D2_1    117_[4, 1, 0, 0, 5, 4, 0, 6, 2, 0, 4, 1, 2, 9, 9]    (23)
bravo1.A4_8    115_[4, 9, 2, 0, 11, 7, 10, 5, 1, 1, 0, 4, 1, 2, 2]    (23)
bravo2.A5_6    114_[1, 2, 0, 0, 0, 9, 5, 7, 3, 0, 8, 0, 0, 3, 1]    (23)
bravo2.D4_1    113_[5, 5, 2, 2, 1, 2, 1, 1, 4, 0, 1, 6, 3, 3, 4]    (23)
bravo1.A3_13    112_[0, 2, 0, 0, 0, 1, 12, 4, 2, 3, 1, 1, 1, 3, 2]    (23)
bravo2.A6_5    110_[2, 1, 3, 7, 2, 0, 0, 1, 6, 0, 22, 1, 5, 2, 15]    (23)
bravo2.D6_6    105_[2, 0, 4, 10, 1, 0, 6, 9, 11, 2, 1, 0, 3, 0, 0]    (23)
bravo3.A6_5    104_[8, 7, 2, 1, 0, 7, 6, 15, 8, 7, 11, 2, 5, 0, 25]    (23)
bravo3.D6_3    104_[8, 5, 3, 4, 1, 3, 1, 3, 2, 5, 2, 8, 6, 1, 3]    (23)
bravo1.D4_16    102_[10, 7, 0, 0, 0, 1, 0, 3, 5, 1, 11, 2, 5, 0, 1]    (23)
bravo3.D5_7    101_[6, 0, 4, 3, 1, 3, 2, 6, 4, 0, 4, 13, 1, 1, 0]    (23)
bravo2.A2_13    100_[14, 12, 0, 1, 1, 0, 4, 0, 5, 3, 1, 4, 6, 0, 6]    (23)
bravo3.A5_5    100_[6, 6, 5, 6, 4, 5, 7, 1, 4, 1, 2, 3, 0, 30, 0]    (23)
bravo2.D5_7    98_[3, 2, 5, 3, 1, 1, 8, 0, 6, 0, 4, 17, 0, 17, 1]    (23)
bravo3.D4_1    97_[2, 2, 5, 2, 4, 4, 1, 1, 0, 2, 1, 6, 3, 0, 2]    (23)
bravo1.D3_16    93_[0, 2, 0, 0, 0, 14, 7, 3, 1, 1, 1, 3, 5, 0, 4]    (23)
bravo1.A5_10    90_[6, 3, 2, 3, 1, 3, 3, 0, 4, 5, 0, 4, 7, 13, 0]    (23)
bravo1.D5_12    82_[12, 2, 1, 0, 1, 0, 5, 0, 6, 3, 0, 12, 6, 3, 24]    (23)
bravo2.A4_15    80_[4, 0, 11, 1, 1, 1, 10, 5, 1, 1, 11, 8, 3, 2, 4]    (23)
bravo3.A4_15    74_[3, 0, 0, 11, 0, 0, 1, 0, 5, 0, 0, 3, 5, 1, 1]    (23)

index: 14
ball:18
average: 4.77
bravos:
bravo3.A5_6    128_[1, 0, 1, 0, 1, 9, 5, 2, 8, 0, 8, 5, 1, 5, 2]    (18)
bravo2.D2_2    120_[14, 2, 2, 7, 0, 7, 1, 3, 10, 4, 3, 0, 2, 0, 4]    (18)
bravo1.D4_18    113_[3, 6, 4, 2, 0, 2, 12, 1, 0, 3, 0, 0, 2, 21, 2]    (18)
bravo2.A4_6    110_[0, 5, 9, 1, 2, 0, 2, 10, 0, 7, 0, 3, 0, 4, 6]    (18)
bravo1.A4_6    109_[1, 4, 21, 0, 14, 2, 7, 0, 1, 5, 4, 9, 1, 5, 1]    (18)
bravo3.A2_12    108_[5, 8, 0, 4, 9, 3, 1, 2, 0, 2, 0, 5, 0, 12, 1]    (18)
bravo3.D2_1    107_[5, 0, 0, 9, 2, 9, 0, 0, 3, 1, 1, 0, 0, 8, 6]    (18)
bravo2.D4_10    107_[4, 2, 4, 3, 15, 2, 5, 1, 8, 1, 6, 0, 4, 0, 1]    (18)
bravo2.A3_8    107_[2, 0, 7, 4, 5, 0, 10, 9, 6, 7, 6, 0, 3, 8, 6]    (18)
bravo2.D6_1    103_[6, 13, 0, 10, 5, 4, 0, 8, 5, 1, 5, 6, 9, 20, 0]    (18)
bravo2.A2_12    102_[13, 7, 1, 4, 8, 4, 2, 4, 6, 2, 1, 6, 4, 0, 1]    (18)
bravo3.A3_7    102_[4, 3, 4, 4, 4, 15, 3, 1, 6, 6, 0, 1, 3, 0, 5]    (18)
bravo2.D5_6    100_[6, 18, 0, 4, 6, 20, 2, 2, 0, 2, 14, 3, 2, 13, 4]    (18)
bravo3.D5_6    100_[6, 19, 2, 1, 6, 1, 2, 2, 15, 2, 3, 7, 6, 6, 0]    (18)
bravo1.A3_10    99_[4, 1, 0, 3, 15, 9, 0, 1, 18, 3, 8, 1, 6, 5, 3]    (18)
bravo3.A4_4    99_[0, 14, 2, 16, 0, 1, 5, 0, 0, 12, 4, 1, 3, 5, 4]    (18)
bravo2.D3_12    98_[3, 4, 1, 1, 5, 9, 1, 3, 2, 5, 1, 12, 0, 6, 19]    (18)
bravo1.D3_19    96_[4, 1, 0, 3, 20, 5, 1, 5, 10, 8, 2, 4, 6, 6, 2]    (18)
bravo3.D3_11    96_[3, 1, 5, 4, 1, 19, 1, 3, 15, 0, 4, 2, 8, 7, 4]    (18)
bravo1.D5_10    94_[13, 1, 0, 1, 0, 3, 4, 0, 5, 6, 12, 4, 9, 3, 6]    (18)
bravo1.D2_5    94_[1, 1, 1, 13, 4, 7, 19, 5, 0, 11, 2, 1, 8, 1, 1]    (18)
bravo2.A5_7    89_[0, 0, 14, 1, 33, 6, 4, 2, 0, 2, 2, 4, 4, 0, 8]    (18)
bravo3.D4_12    84_[1, 12, 5, 0, 16, 4, 10, 3, 2, 14, 2, 2, 5, 1, 8]    (18)
bravo1.A5_12    82_[22, 5, 0, 5, 2, 3, 2, 10, 1, 1, 9, 4, 0, 0, 14]    (18)
bravo1.A2_16    77_[3, 0, 1, 13, 9, 1, 17, 3, 1, 2, 3, 10, 0, 0, 18]    (18)
bravo2.A6_10    55_[0, 4, 10, 4, 2, 15, 3, 7, 38, 0, 0, 3, 2, 14, 10]    (18)

index: 15
ball:32
average: 4.75
bravos:
bravo3.A6_2    116_[2, 1, 4, 6, 1, 4, 2, 1, 9, 4, 4, 1, 6, 1, 1]    (32)
bravo2.A6_2    114_[2, 1, 4, 6, 1, 4, 2, 1, 9, 4, 4, 1, 6, 1, 1]    (32)
bravo3.A5_1    114_[2, 1, 2, 8, 1, 4, 5, 3, 1, 2, 4, 4, 8, 0, 6]    (32)
bravo1.A6_2    109_[2, 1, 3, 6, 1, 4, 14, 4, 4, 1, 6, 1, 1, 3, 3]    (32)
bravo2.A5_1    106_[2, 1, 11, 1, 4, 5, 8, 4, 4, 8, 1, 1, 3, 10, 7]    (32)
bravo1.A5_1    98_[2, 0, 0, 3, 8, 4, 11, 2, 4, 4, 8, 3, 1, 1, 3]    (32)
bravo1.D6_2    95_[5, 6, 2, 7, 1, 2, 11, 1, 0, 17, 4, 4, 3, 2, 11]    (32)
bravo3.D6_6    86_[2, 2, 13, 0, 0, 5, 8, 2, 8, 2, 9, 0, 0, 11, 5]    (32)
bravo2.D6_9    64_[11, 6, 12, 16, 14, 8, 31, 0, 3, 8, 6, 1, 10, 0, 11]    (32)
bravo3.D5_11    61_[21, 1, 2, 0, 1, 29, 3, 1, 18, 1, 6, 3, 1, 3, 1]    (32)
bravo2.D5_12    58_[4, 2, 3, 9, 9, 4, 22, 24, 0, 0, 12, 3, 0, 5, 27]    (32)
bravo1.D5_21    22_[2, 0, 0, 83, 1, 4, 8, 63, 43]    (32)

index: 16
ball:17
average: 4.75
bravos:
bravo3.D4_3    105_[4, 5, 6, 0, 12, 0, 3, 3, 0, 0, 0, 5, 1, 5, 4]    (17)
bravo2.D4_2    105_[3, 4, 1, 4, 5, 13, 0, 3, 3, 1, 4, 12, 4, 3, 1]    (17)
bravo1.A4_16    104_[5, 1, 0, 0, 0, 3, 7, 0, 0, 10, 9, 2, 7, 8, 8]    (17)
bravo1.D3_17    104_[1, 17, 6, 0, 2, 13, 3, 4, 9, 9, 4, 0, 14, 3, 4]    (17)
bravo2.A3_13    102_[20, 8, 0, 2, 1, 0, 0, 1, 17, 4, 1, 1, 3, 0, 3]    (17)
bravo3.A3_12    101_[4, 8, 1, 0, 3, 10, 6, 16, 5, 0, 3, 5, 2, 0, 2]    (17)
bravo2.D3_7    100_[18, 2, 6, 0, 6, 6, 1, 5, 0, 3, 3, 7, 2, 1, 3]    (17)
bravo1.D2_4    100_[6, 2, 3, 5, 2, 3, 12, 11, 9, 2, 9, 1, 0, 13, 2]    (17)
bravo3.D3_6    99_[7, 3, 8, 8, 0, 0, 8, 10, 0, 11, 10, 3, 3, 7, 2]    (17)
bravo1.D4_8    98_[3, 7, 15, 5, 0, 4, 2, 8, 20, 0, 3, 0, 22, 5, 9]    (17)
bravo1.A3_12    98_[1, 3, 13, 8, 1, 13, 3, 0, 2, 0, 11, 3, 8, 0, 3]    (17)
bravo1.A2_17    97_[1, 14, 12, 21, 5, 0, 5, 4, 1, 9, 7, 1, 29, 19, 11]    (17)
bravo1.A5_11    88_[0, 0, 12, 0, 4, 22, 0, 10, 0, 5, 1, 2, 1, 0, 6]    (17)
bravo3.A4_13    85_[0, 10, 0, 9, 1, 21, 5, 3, 13, 4, 16, 12, 25, 2, 8]    (17)
bravo2.A4_14    79_[3, 0, 9, 2, 0, 3, 1, 15, 0, 1, 8, 1, 5, 7, 16]    (17)
bravo1.D5_11    68_[0, 0, 4, 20, 14, 0, 0, 0, 7, 7, 29, 17, 2, 3, 7]    (17)

index: 17
ball:29
average: 4.67
bravos:
bravo1.D4_3    116_[0, 10, 6, 4, 2, 2, 1, 2, 4, 15, 0, 1, 0, 3, 2]    (29)
bravo1.D5_3    108_[1, 3, 2, 1, 12, 0, 14, 7, 1, 1, 4, 9, 13, 4, 1]    (29)
bravo1.D3_1    100_[0, 10, 8, 3, 2, 16, 14, 2, 9, 3, 2, 2, 0, 2, 5]    (29)
bravo1.A4_21    90_[26, 0, 11, 6, 5, 1, 16, 6, 27, 1, 0, 7, 15, 4, 6]    (29)
bravo1.A3_28    57_[0, 10, 8, 23, 31, 2, 12, 9, 1, 40, 2, 2, 8, 20, 0]    (29)
bravo1.A5_19    30_[1, 5, 31, 63, 20, 15, 2, 0, 22, 58]    (29)

index: 18
ball:7
average: 4.65
bravos:
bravo1.D4_1    119_[5, 6, 0, 2, 0, 3, 2, 1, 13, 0, 6, 1, 1, 0, 0]    (7)
bravo2.D1_1    114_[2, 4, 2, 5, 3, 5, 11, 9, 3, 8, 0, 3, 0, 1, 10]    (7)
bravo3.D2_4    113_[14, 8, 2, 0, 0, 11, 1, 0, 0, 3, 1, 6, 5, 2, 13]    (7)
bravo3.A3_9    113_[2, 0, 2, 3, 0, 10, 1, 5, 1, 4, 11, 2, 9, 6, 3]    (7)
bravo1.A3_7    113_[0, 2, 14, 10, 1, 1, 11, 1, 16, 1, 1, 9, 9, 4, 6]    (7)
bravo3.D1_1    112_[1, 9, 5, 8, 13, 9, 5, 1, 0, 1, 8, 0, 0, 5, 3]    (7)
bravo2.A2_9    105_[1, 0, 1, 6, 1, 20, 0, 10, 2, 9, 1, 4, 0, 8, 4]    (7)
bravo1.A2_5    102_[1, 2, 4, 0, 6, 3, 1, 0, 11, 3, 13, 20, 8, 6, 15]    (7)
bravo2.D3_9    100_[20, 5, 12, 27, 4, 1, 7, 0, 7, 1, 8, 12, 2, 2, 3]    (7)
bravo1.D3_22    98_[0, 2, 14, 10, 1, 1, 2, 8, 22, 2, 6, 22, 5, 0, 1]    (7)
bravo3.A2_9    97_[1, 0, 1, 6, 15, 7, 2, 7, 2, 7, 3, 11, 2, 5, 2]    (7)
bravo3.D3_9    94_[8, 0, 8, 4, 2, 13, 1, 8, 0, 13, 0, 3, 1, 1, 15]    (7)
bravo1.D1_6    93_[5, 3, 11, 2, 8, 4, 0, 5, 2, 4, 0, 0, 0, 1, 5]    (7)
bravo2.A3_11    92_[11, 8, 7, 13, 5, 0, 1, 0, 3, 3, 1, 9, 5, 9, 2]    (7)
bravo2.D2_5    90_[8, 21, 1, 3, 2, 10, 6, 3, 4, 12, 16, 1, 0, 0, 3]    (7)
bravo2.A1_10    87_[11, 1, 13, 3, 3, 2, 15, 4, 3, 0, 2, 0, 18, 0, 7]    (7)
bravo1.D2_16    83_[1, 2, 5, 12, 5, 6, 7, 3, 1, 4, 4, 6, 1, 2, 0]    (7)
bravo1.A4_23    80_[0, 1, 1, 11, 0, 8, 2, 9, 4, 1, 1, 7, 1, 4, 7]    (7)
bravo1.A1_8    76_[2, 1, 21, 2, 5, 12, 0, 0, 3, 0, 0, 15, 11, 9, 3]    (7)
bravo3.A1_9    63_[0, 10, 13, 4, 0, 3, 1, 12, 10, 8, 1, 14, 5, 5, 0]    (7)

index: 19
ball:27
average: 4.3
bravos:
bravo3.D3_1    108_[0, 2, 1, 1, 4, 1, 4, 10, 4, 0, 2, 1, 27, 0, 6]    (27)
bravo1.A3_25    105_[11, 4, 16, 0, 0, 7, 5, 1, 1, 8, 14, 12, 1, 6, 4]    (27)
bravo1.D3_4    105_[11, 4, 16, 0, 0, 7, 7, 1, 10, 8, 3, 12, 1, 0, 6]    (27)
bravo2.D3_3    105_[7, 3, 3, 3, 2, 6, 0, 8, 7, 0, 4, 3, 4, 0, 0]    (27)
bravo1.D5_5    92_[1, 3, 1, 11, 2, 4, 7, 6, 10, 9, 9, 0, 8, 1, 3]    (27)
bravo1.A4_18    87_[1, 31, 6, 4, 25, 0, 8, 1, 2, 4, 2, 8, 2, 16, 2]    (27)
bravo1.D4_6    85_[0, 12, 15, 6, 2, 4, 3, 26, 2, 5, 2, 0, 6, 5, 6]    (27)
bravo2.A3_17    66_[7, 4, 4, 1, 3, 8, 14, 16, 1, 15, 7, 4, 6, 2, 17]    (27)
bravo3.A3_17    45_[4, 2, 11, 3, 6, 1, 1, 6, 5, 16, 17, 40, 5, 9, 0]    (27)
bravo1.A5_17    45_[1, 21, 52, 8, 3, 9, 5, 2, 16, 2, 9, 27, 2, 1, 2]    (27)

index: 20
ball:13
average: 4.25
bravos:
bravo3.D1_3    117_[11, 1, 0, 10, 5, 2, 0, 1, 0, 3, 2, 9, 8, 0, 0]    (13)
bravo2.D1_4    114_[11, 11, 6, 6, 2, 3, 5, 2, 7, 2, 5, 1, 1, 7, 2]    (13)
bravo1.A2_2    107_[0, 3, 6, 2, 1, 1, 12, 4, 4, 3, 8, 1, 1, 0, 1]    (13)
bravo3.D2_9    106_[12, 0, 1, 8, 1, 10, 3, 11, 3, 1, 10, 3, 7, 4, 3]    (13)
bravo2.A4_4    103_[14, 29, 0, 0, 10, 1, 1, 2, 2, 2, 10, 0, 1, 11, 2]    (13)
bravo2.A2_4    103_[0, 1, 1, 0, 2, 4, 4, 5, 15, 0, 3, 0, 6, 2, 0]    (13)
bravo1.A3_2    102_[1, 7, 1, 0, 3, 3, 0, 12, 8, 1, 4, 2, 4, 6, 9]    (13)
bravo2.A1_7    101_[0, 0, 1, 7, 0, 12, 0, 0, 30, 1, 3, 8, 5, 3, 1]    (13)
bravo2.D2_10    100_[7, 1, 5, 6, 1, 9, 6, 4, 1, 1, 8, 0, 0, 5, 0]    (13)
bravo3.A2_4    100_[2, 1, 3, 4, 4, 15, 2, 2, 0, 3, 0, 6, 1, 0, 0]    (13)
bravo2.D5_1    99_[3, 0, 5, 6, 5, 6, 1, 14, 6, 12, 3, 3, 1, 2, 0]    (13)
bravo2.A3_1    99_[0, 0, 0, 0, 22, 19, 23, 10, 0, 2, 2, 8, 10, 6, 3]    (13)
bravo3.A3_1    98_[0, 0, 0, 22, 0, 19, 23, 5, 4, 0, 2, 2, 8, 10, 1]    (13)
bravo1.D1_5    95_[2, 11, 7, 3, 12, 2, 0, 3, 0, 1, 1, 14, 2, 7, 5]    (13)
bravo3.D4_11    93_[7, 8, 1, 3, 12, 16, 0, 13, 9, 3, 18, 2, 0, 2, 2]    (13)
bravo3.A4_5    93_[4, 2, 13, 9, 1, 4, 1, 6, 3, 15, 0, 15, 8, 5, 6]    (13)
bravo2.D4_12    92_[18, 1, 4, 0, 8, 0, 1, 14, 0, 6, 1, 13, 1, 2, 20]    (13)
bravo1.A4_4    92_[5, 3, 2, 7, 9, 0, 7, 2, 8, 9, 4, 2, 0, 7, 4]    (13)
bravo3.A1_7    90_[0, 9, 0, 1, 12, 11, 19, 1, 3, 14, 2, 15, 11, 3, 5]    (13)
bravo1.A1_9    89_[7, 3, 6, 2, 11, 0, 2, 1, 2, 2, 1, 17, 1, 2, 39]    (13)
bravo1.D5_8    86_[2, 8, 1, 3, 4, 7, 7, 4, 14, 8, 1, 0, 6, 0, 5]    (13)
bravo1.D3_27    78_[1, 9, 0, 3, 3, 0, 12, 8, 1, 7, 4, 10, 2, 2, 8]    (13)
bravo1.D4_20    77_[1, 16, 1, 0, 6, 0, 0, 8, 18, 8, 1, 2, 6, 1, 1]    (13)
bravo1.D2_19    76_[0, 11, 4, 18, 19, 0, 5, 20, 16, 5, 2, 10, 5, 3, 1]    (13)
bravo1.A5_14    73_[2, 5, 3, 0, 4, 2, 8, 32, 14, 2, 10, 7, 22, 1, 5]    (13)
bravo3.D3_17    49_[1, 1, 28, 1, 5, 1, 3, 35, 2, 6, 9, 34, 6, 3, 22]    (13)
bravo2.A5_12    46_[7, 2, 19, 0, 16, 20, 7, 1, 8, 10, 6, 1, 19, 25, 19]    (13)
bravo2.D3_19    21_[1, 1, 16, 25, 93, 36, 43]    (13)

index: 21
ball:10
average: 4.1
bravos:
bravo1.A3_16    116_[6, 1, 9, 0, 3, 2, 3, 4, 3, 2, 3, 3, 3, 1, 10]    (10)
bravo2.D3_4    113_[5, 6, 4, 4, 9, 2, 1, 2, 6, 3, 4, 7, 4, 4, 1]    (10)
bravo1.D3_13    108_[6, 11, 0, 3, 6, 4, 1, 1, 2, 11, 1, 4, 0, 4, 10]    (10)
bravo3.D3_2    108_[1, 4, 6, 5, 0, 0, 0, 4, 4, 5, 6, 2, 4, 3, 1]    (10)
bravo1.D2_10    107_[3, 12, 1, 1, 5, 7, 5, 1, 1, 12, 12, 1, 2, 2, 11]    (10)
bravo1.D1_1    102_[1, 1, 8, 1, 4, 18, 4, 11, 0, 3, 8, 1, 0, 0, 7]    (10)
bravo1.A2_11    99_[5, 12, 20, 0, 5, 2, 2, 4, 5, 8, 8, 4, 2, 12, 14]    (10)
bravo3.A3_16    76_[0, 11, 4, 1, 0, 19, 2, 3, 9, 6, 25, 0, 7, 2, 3]    (10)
bravo2.A3_16    70_[0, 10, 8, 2, 11, 7, 0, 2, 5, 3, 6, 3, 0, 12, 16]    (10)
bravo1.A1_13    60_[14, 6, 33, 0, 1, 13, 27, 18, 8, 4, 5, 13, 5, 30, 12]    (10)

index: 22
ball:16
average: 4.0
bravos:
bravo2.A3_3    114_[0, 0, 3, 4, 0, 1, 0, 2, 2, 4, 0, 5, 10, 2, 7]    (16)
bravo1.A2_9    113_[2, 4, 1, 1, 1, 0, 9, 1, 7, 13, 5, 8, 1, 6, 4]    (16)
bravo1.A4_3    112_[0, 0, 8, 3, 0, 0, 0, 4, 3, 2, 0, 4, 0, 15, 12]    (16)
bravo2.D5_3    109_[8, 1, 0, 0, 27, 0, 3, 2, 4, 2, 3, 4, 1, 0, 2]    (16)
bravo3.D2_2    107_[4, 2, 2, 1, 1, 0, 0, 6, 5, 4, 2, 0, 0, 10, 3]    (16)
bravo3.A3_3    104_[1, 0, 0, 1, 4, 1, 4, 2, 13, 3, 4, 2, 11, 20, 2]    (16)
bravo2.D2_4    103_[2, 4, 2, 5, 1, 6, 0, 4, 1, 5, 0, 4, 2, 0, 1]    (16)
bravo3.A4_3    101_[1, 11, 0, 1, 2, 0, 24, 7, 4, 3, 4, 14, 2, 2, 7]    (16)
bravo1.A3_1    101_[0, 0, 0, 11, 7, 1, 17, 2, 6, 13, 1, 0, 2, 7, 0]    (16)
bravo2.A4_3    100_[0, 0, 17, 0, 5, 8, 9, 16, 22, 2, 8, 1, 3, 1, 10]    (16)
bravo3.A2_11    99_[10, 10, 6, 1, 0, 5, 4, 1, 14, 3, 0, 12, 8, 7, 23]    (16)
bravo2.A2_10    97_[5, 5, 2, 21, 0, 2, 14, 1, 6, 9, 7, 1, 0, 0, 5]    (16)
bravo3.D5_2    96_[7, 6, 2, 12, 1, 3, 5, 0, 1, 4, 2, 22, 0, 1, 2]    (16)
bravo1.A5_5    93_[5, 21, 2, 4, 15, 9, 4, 6, 18, 10, 0, 9, 1, 0, 3]    (16)
bravo3.D3_15    90_[0, 1, 4, 0, 6, 0, 5, 0, 1, 10, 17, 4, 4, 7, 3]    (16)
bravo3.D4_13    90_[0, 18, 5, 4, 13, 1, 9, 2, 22, 1, 3, 25, 0, 1, 0]    (16)
bravo1.D2_12    87_[2, 5, 3, 1, 3, 24, 3, 0, 0, 2, 4, 7, 0, 5, 8]    (16)
bravo2.A5_10    81_[10, 9, 0, 0, 3, 2, 6, 3, 1, 0, 16, 6, 8, 4, 32]    (16)
bravo2.D4_13    78_[16, 2, 0, 10, 12, 1, 0, 8, 0, 1, 22, 1, 3, 3, 0]    (16)
bravo1.D4_21    78_[5, 0, 2, 1, 1, 2, 9, 20, 4, 2, 7, 19, 0, 17, 11]    (16)
bravo3.A5_10    72_[10, 9, 0, 4, 9, 3, 7, 11, 6, 9, 7, 2, 1, 1, 25]    (16)
bravo2.D3_17    70_[1, 5, 0, 14, 18, 14, 6, 17, 2, 5, 0, 3, 5, 9, 31]    (16)
bravo1.D3_28    61_[0, 0, 0, 11, 7, 19, 2, 22, 12, 9, 20, 1, 40, 10, 1]    (16)
bravo1.D5_17    46_[7, 9, 2, 9, 22, 8, 12, 1, 13, 0, 10, 1, 0, 44, 19]    (16)

index: 23
ball:8
average: 3.75
bravos:
bravo2.A1_4    117_[2, 1, 3, 3, 2, 1, 0, 14, 6, 1, 0, 1, 0, 3, 0]    (8)
bravo3.A1_4    114_[4, 7, 2, 1, 0, 18, 2, 1, 0, 1, 0, 4, 1, 8, 1]    (8)
bravo2.A2_1    111_[3, 14, 2, 6, 3, 4, 4, 1, 1, 0, 3, 4, 0, 1, 5]    (8)
bravo3.A2_1    111_[3, 5, 3, 4, 2, 6, 3, 4, 4, 1, 1, 0, 3, 4, 0]    (8)
bravo1.A1_6    108_[0, 11, 0, 0, 1, 9, 4, 4, 4, 3, 6, 0, 5, 0, 0]    (8)
bravo3.D1_6    104_[0, 9, 6, 6, 0, 1, 0, 4, 1, 7, 2, 8, 4, 3, 7]    (8)
bravo3.A3_11    102_[11, 16, 6, 1, 2, 3, 3, 3, 13, 1, 2, 6, 0, 1, 6]    (8)
bravo3.D3_7    101_[2, 7, 2, 6, 3, 2, 0, 7, 0, 5, 8, 9, 9, 0, 5]    (8)
bravo2.D1_7    101_[0, 0, 2, 4, 1, 0, 0, 11, 8, 1, 3, 2, 7, 1, 5]    (8)
bravo1.D3_20    100_[5, 2, 0, 0, 10, 1, 5, 7, 0, 1, 0, 9, 3, 5, 4]    (8)
bravo2.D3_11    98_[2, 2, 3, 1, 4, 3, 4, 0, 24, 0, 7, 0, 1, 5, 1]    (8)
bravo1.D4_2    95_[3, 6, 6, 4, 4, 17, 8, 0, 3, 0, 3, 0, 3, 3, 5]    (8)
bravo2.A3_9    94_[6, 5, 3, 8, 3, 0, 1, 5, 3, 0, 0, 0, 13, 1, 5]    (8)
bravo1.D1_8    94_[0, 3, 1, 26, 0, 1, 2, 4, 1, 19, 2, 2, 19, 3, 14]    (8)
bravo3.D2_12    93_[8, 3, 0, 3, 5, 13, 2, 0, 4, 4, 2, 1, 0, 2, 0]    (8)
bravo2.D2_13    90_[1, 2, 10, 7, 17, 11, 1, 0, 0, 1, 1, 2, 2, 4, 0]    (8)
bravo1.A2_7    88_[6, 3, 18, 9, 3, 6, 4, 11, 2, 0, 20, 3, 3, 0, 3]    (8)
bravo1.A3_9    87_[10, 10, 1, 5, 8, 1, 0, 9, 3, 13, 7, 3, 2, 21, 1]    (8)
bravo1.D2_14    84_[5, 6, 10, 15, 8, 0, 4, 14, 2, 11, 9, 3, 5, 5, 2]    (8)
bravo1.A4_22    64_[4, 2, 5, 14, 2, 16, 4, 4, 1, 8, 16, 5, 0, 1, 4]    (8)

index: 24
ball:2
average: 3.58
bravos:
bravo3.A1_3    112_[3, 1, 2, 0, 9, 8, 3, 0, 3, 17, 3, 11, 0, 10, 12]    (2)
bravo1.A1_2    111_[9, 2, 3, 3, 10, 4, 6, 1, 0, 0, 1, 0, 4, 0, 7]    (2)
bravo2.A2_5    107_[1, 13, 7, 2, 0, 6, 2, 0, 3, 3, 6, 0, 3, 1, 6]    (2)
bravo2.D2_9    104_[0, 0, 0, 2, 4, 2, 0, 1, 10, 7, 1, 0, 4, 0, 11]    (2)
bravo2.A1_3    100_[3, 1, 2, 0, 9, 8, 3, 4, 21, 12, 10, 12, 0, 2, 6]    (2)
bravo1.A2_1    99_[3, 8, 4, 2, 10, 11, 1, 0, 0, 7, 3, 4, 3, 8, 0]    (2)
bravo3.D1_7    98_[3, 0, 0, 2, 0, 3, 1, 21, 3, 27, 2, 5, 10, 5, 4]    (2)
bravo3.D2_7    95_[3, 6, 0, 8, 3, 0, 20, 8, 5, 2, 0, 2, 3, 9, 0]    (2)
bravo2.D1_8    95_[0, 4, 4, 2, 0, 0, 0, 2, 4, 2, 6, 0, 9, 1, 0]    (2)
bravo3.A2_6    93_[10, 1, 12, 6, 16, 9, 4, 22, 3, 4, 0, 14, 0, 1, 2]    (2)
bravo1.D2_20    83_[4, 6, 10, 22, 4, 2, 9, 0, 8, 21, 16, 3, 7, 1, 6]    (2)
bravo1.D1_12    74_[4, 2, 4, 1, 0, 20, 4, 5, 7, 0, 2, 1, 11, 5, 14]    (2)

index: 25
ball:4
average: 3.33
bravos:
bravo1.D3_3    102_[0, 10, 2, 0, 2, 1, 0, 9, 8, 3, 1, 2, 2, 17, 6]    (4)
bravo1.A2_14    101_[9, 8, 3, 7, 4, 0, 5, 4, 3, 1, 1, 9, 10, 2, 10]    (4)
bravo1.A3_26    98_[0, 10, 2, 0, 2, 1, 0, 5, 3, 8, 3, 2, 1, 9, 1]    (4)
bravo1.D1_4    89_[1, 5, 12, 8, 10, 14, 1, 2, 2, 13, 16, 4, 1, 13, 3]    (4)
bravo1.D2_7    88_[3, 16, 15, 2, 3, 6, 3, 1, 5, 2, 5, 7, 15, 2, 11]    (4)
bravo1.A1_10    83_[7, 3, 1, 12, 12, 0, 14, 1, 0, 0, 3, 8, 16, 11, 13]    (4)

index: 26
ball:24
average: 3.17
bravos:
bravo1.D4_5    111_[2, 1, 3, 8, 2, 4, 6, 10, 0, 1, 9, 0, 2, 2, 1]    (24)
bravo1.D5_6    108_[3, 0, 4, 0, 0, 2, 6, 12, 4, 4, 1, 2, 1, 4, 4]    (24)
bravo1.A4_19    95_[1, 5, 5, 4, 0, 7, 5, 17, 5, 1, 0, 6, 7, 1, 9]    (24)
bravo1.D3_6    92_[5, 6, 0, 2, 5, 7, 2, 2, 1, 2, 6, 4, 3, 5, 4]    (24)
bravo1.A3_23    78_[5, 6, 0, 2, 5, 7, 2, 4, 2, 6, 3, 0, 14, 10, 5]    (24)
bravo1.A5_16    64_[3, 0, 0, 17, 3, 11, 2, 3, 4, 1, 8, 4, 25, 1, 13]    (24)

index: 27
ball:5
average: 2.83
bravos:
bravo1.A2_15    117_[5, 3, 3, 7, 4, 8, 2, 0, 5, 3, 3, 5, 0, 1, 8]    (5)
bravo1.D3_2    113_[4, 2, 7, 0, 1, 18, 7, 1, 0, 0, 9, 0, 0, 0, 1]    (5)
bravo1.D1_3    109_[0, 2, 3, 0, 0, 1, 1, 4, 7, 2, 0, 21, 1, 3, 13]    (5)
bravo1.D2_6    104_[4, 2, 8, 9, 2, 0, 7, 12, 5, 0, 4, 5, 5, 0, 3]    (5)
bravo1.A1_11    81_[0, 0, 17, 0, 12, 4, 4, 0, 9, 5, 8, 8, 0, 9, 4]    (5)
bravo1.A3_27    75_[4, 2, 7, 0, 1, 26, 2, 10, 0, 6, 4, 34, 2, 0, 0]    (5)

index: 28
ball:11
average: 2.75
bravos:
bravo3.A3_5    113_[12, 1, 0, 2, 12, 4, 3, 8, 1, 2, 3, 0, 6, 4, 6]    (11)
bravo3.D4_2    113_[8, 6, 1, 3, 0, 3, 3, 4, 8, 2, 6, 5, 2, 9, 1]    (11)
bravo2.D4_4    110_[12, 4, 0, 6, 2, 0, 0, 1, 1, 4, 7, 4, 3, 20, 15]    (11)
bravo1.A2_4    109_[0, 10, 0, 4, 9, 5, 18, 3, 0, 6, 1, 2, 2, 0, 2]    (11)
bravo3.A1_5    109_[0, 1, 7, 7, 5, 0, 11, 3, 0, 7, 2, 0, 0, 0, 3]    (11)
bravo3.D2_10    107_[0, 0, 6, 2, 1, 11, 8, 7, 5, 13, 4, 3, 1, 0, 1]    (11)
bravo2.D1_6    106_[2, 10, 8, 4, 7, 0, 1, 11, 8, 7, 0, 5, 2, 3, 3]    (11)
bravo1.A1_7    103_[0, 3, 5, 5, 6, 5, 9, 8, 0, 9, 4, 9, 9, 4, 0]    (11)
bravo2.A3_5    101_[2, 5, 3, 5, 4, 3, 3, 2, 2, 16, 2, 1, 6, 5, 1]    (11)
bravo1.D2_17    101_[0, 0, 1, 0, 10, 15, 1, 6, 23, 2, 3, 3, 8, 0, 5]    (11)
bravo2.D2_11    101_[0, 10, 1, 6, 13, 1, 0, 21, 2, 1, 12, 5, 9, 3, 10]    (11)
bravo2.A1_5    100_[0, 3, 5, 7, 5, 0, 11, 3, 0, 10, 0, 0, 0, 14, 1]    (11)
bravo3.A2_3    100_[0, 3, 7, 0, 1, 1, 7, 6, 13, 7, 17, 0, 0, 2, 7]    (11)
bravo3.D1_5    97_[0, 3, 10, 16, 9, 5, 1, 2, 3, 18, 2, 3, 1, 10, 11]    (11)
bravo1.D1_7    96_[0, 3, 5, 2, 9, 2, 10, 21, 3, 1, 8, 19, 1, 4, 0]    (11)
bravo1.A3_4    94_[1, 8, 3, 2, 6, 2, 8, 17, 3, 0, 10, 8, 3, 11, 5]    (11)
bravo1.D3_25    92_[1, 8, 3, 2, 32, 1, 1, 3, 0, 3, 2, 5, 6, 5, 9]    (11)
bravo2.A4_12    91_[15, 13, 4, 7, 11, 2, 1, 11, 3, 3, 0, 11, 9, 1, 0]    (11)
bravo3.D3_13    91_[0, 1, 1, 5, 6, 13, 10, 0, 1, 13, 10, 1, 11, 3, 6]    (11)
bravo1.D4_7    90_[6, 0, 16, 2, 3, 14, 1, 2, 2, 16, 0, 4, 2, 6, 4]    (11)
bravo2.A2_3    89_[4, 7, 4, 7, 6, 13, 7, 3, 1, 10, 0, 4, 7, 13, 7]    (11)
bravo1.A4_17    86_[0, 27, 26, 6, 0, 2, 5, 1, 6, 3, 15, 11, 10, 6, 0]    (11)
bravo3.A4_14    80_[3, 10, 2, 14, 7, 2, 3, 9, 6, 3, 0, 2, 4, 7, 5]    (11)
bravo2.D3_15    79_[0, 1, 9, 2, 0, 0, 7, 8, 0, 19, 0, 2, 7, 4, 0]    (11)

index: 29
ball:12
average: 2.46
bravos:
bravo3.D1_4    112_[0, 1, 0, 6, 1, 6, 7, 8, 3, 0, 0, 8, 1, 0, 0]    (12)
bravo2.D1_5    108_[0, 0, 1, 6, 0, 2, 0, 4, 4, 1, 10, 2, 12, 1, 0]    (12)
bravo1.A2_3    107_[0, 1, 4, 0, 3, 1, 7, 0, 1, 15, 3, 4, 1, 0, 6]    (12)
bravo2.A1_6    107_[0, 22, 8, 4, 8, 10, 21, 0, 0, 0, 8, 3, 0, 6, 1]    (12)
bravo1.A1_5    106_[0, 2, 1, 3, 2, 4, 22, 0, 2, 0, 6, 6, 3, 2, 8]    (12)
bravo3.A2_2    106_[0, 7, 9, 0, 6, 16, 4, 6, 14, 0, 0, 10, 10, 7, 5]    (12)
bravo3.D4_4    106_[0, 10, 0, 9, 0, 1, 0, 7, 4, 10, 1, 0, 0, 6, 2]    (12)
bravo3.A1_6    105_[0, 2, 0, 8, 1, 1, 5, 3, 4, 2, 6, 3, 8, 17, 0]    (12)
bravo1.D4_9    104_[0, 4, 7, 0, 3, 8, 0, 4, 3, 0, 0, 1, 6, 13, 3]    (12)
bravo2.A2_2    102_[0, 7, 0, 3, 4, 0, 23, 4, 6, 15, 0, 0, 9, 18, 5]    (12)
bravo2.D2_12    101_[1, 10, 1, 0, 9, 6, 10, 1, 7, 0, 11, 6, 7, 3, 5]    (12)
bravo3.A4_12    100_[3, 0, 5, 0, 3, 10, 7, 7, 32, 2, 1, 9, 1, 7, 0]    (12)
bravo2.D4_3    100_[2, 14, 2, 1, 0, 2, 1, 13, 0, 5, 4, 5, 1, 6, 2]    (12)
bravo2.A3_2    99_[0, 0, 13, 6, 2, 9, 2, 3, 2, 0, 6, 3, 3, 5, 1]    (12)
bravo1.A4_15    93_[23, 3, 5, 0, 1, 3, 1, 7, 2, 2, 6, 9, 19, 4, 1]    (12)
bravo3.A3_2    92_[0, 0, 13, 6, 3, 5, 2, 6, 2, 0, 6, 2, 0, 9, 1]    (12)
bravo1.D5_2    91_[14, 9, 0, 6, 4, 0, 1, 15, 0, 4, 1, 2, 12, 13, 0]    (12)
bravo1.A3_3    88_[2, 4, 6, 15, 0, 9, 9, 4, 2, 0, 2, 8, 12, 1, 1]    (12)
bravo1.D2_18    86_[0, 1, 7, 1, 4, 3, 19, 1, 10, 11, 12, 10, 2, 2, 9]    (12)
bravo1.D1_9    85_[0, 1, 8, 6, 7, 4, 8, 4, 2, 0, 0, 9, 2, 15, 24]    (12)
bravo2.A4_13    82_[10, 0, 0, 13, 5, 36, 0, 4, 12, 3, 7, 25, 4, 2, 8]    (12)
bravo3.D2_11    80_[0, 8, 5, 2, 0, 12, 13, 8, 2, 0, 0, 11, 12, 8, 12]    (12)
bravo3.D3_16    71_[0, 11, 4, 5, 10, 6, 12, 1, 0, 0, 0, 25, 6, 15, 3]    (12)
bravo1.D3_26    69_[2, 4, 6, 15, 0, 9, 9, 4, 3, 28, 13, 11, 7, 6, 5]    (12)
bravo2.D3_18    39_[1, 15, 25, 2, 7, 6, 7, 59, 45, 13, 10]    (12)
bravo1.A5_20    29_[6, 1, 12, 18, 54, 7, 3, 17, 35, 35, 1]    (12)

index: 30
ball:31
average: 2.17
bravos:
bravo1.A5_2    114_[2, 1, 10, 4, 8, 2, 4, 8, 8, 1, 0, 11, 3, 0, 7]    (31)
bravo2.A5_2    113_[2, 0, 3, 1, 2, 8, 1, 4, 0, 0, 0, 1, 1, 2, 8]    (31)
bravo1.A4_2    112_[1, 17, 1, 8, 1, 1, 8, 0, 5, 9, 0, 0, 4, 0, 5]    (31)
bravo3.D6_5    111_[2, 16, 6, 3, 2, 2, 10, 0, 1, 6, 0, 0, 2, 6, 14]    (31)
bravo3.A4_7    111_[0, 0, 16, 1, 0, 3, 0, 5, 4, 5, 3, 2, 1, 13, 6]    (31)
bravo1.D6_1    103_[7, 2, 0, 10, 0, 8, 1, 0, 1, 7, 7, 6, 3, 2, 7]    (31)
bravo2.A6_3    102_[2, 0, 3, 4, 8, 4, 4, 1, 1, 2, 8, 10, 4, 17, 2]    (31)
bravo2.A4_5    101_[1, 2, 2, 5, 17, 6, 8, 5, 2, 11, 5, 1, 5, 1, 11]    (31)
bravo3.A5_2    100_[2, 0, 5, 2, 8, 6, 1, 0, 6, 8, 2, 8, 1, 1, 5]    (31)
bravo3.A6_3    98_[2, 0, 3, 4, 8, 4, 2, 1, 1, 1, 2, 19, 4, 17, 2]    (31)
bravo3.D4_9    95_[2, 0, 3, 2, 1, 8, 13, 2, 2, 0, 1, 3, 18, 1, 9]    (31)
bravo2.D4_11    91_[0, 1, 5, 5, 3, 2, 0, 3, 6, 4, 4, 32, 4, 18, 6]    (31)
bravo3.D5_10    88_[4, 0, 5, 4, 2, 5, 0, 20, 10, 2, 1, 7, 3, 8, 4]    (31)
bravo1.A6_3    88_[2, 0, 0, 15, 7, 3, 1, 20, 46, 0, 0, 4, 6, 7, 1]    (31)
bravo2.D5_11    87_[1, 3, 2, 12, 0, 3, 0, 12, 5, 0, 13, 3, 15, 0, 1]    (31)
bravo2.D6_8    87_[1, 5, 8, 3, 0, 7, 1, 4, 3, 1, 0, 15, 1, 5, 13]    (31)
bravo1.D4_22    79_[6, 2, 4, 2, 2, 0, 9, 3, 5, 14, 3, 3, 20, 3, 12]    (31)
bravo1.D5_20    31_[2, 1, 24, 16, 0, 33, 21, 12, 7, 14, 21, 7, 41]    (31)

index: 31
ball:15
average: 2.09
bravos:
bravo1.A3_6    118_[4, 6, 5, 3, 14, 0, 1, 0, 4, 8, 1, 0, 7, 0, 4]    (15)
bravo2.A1_9    117_[0, 0, 0, 1, 6, 1, 6, 4, 1, 12, 0, 1, 4, 3, 6]    (15)
bravo1.A2_12    116_[2, 11, 1, 12, 3, 0, 1, 3, 1, 1, 3, 0, 8, 10, 5]    (15)
bravo3.A2_5    113_[0, 0, 3, 5, 1, 1, 7, 0, 2, 14, 3, 6, 0, 5, 1]    (15)
bravo1.A4_11    110_[10, 0, 1, 2, 2, 3, 14, 1, 2, 0, 1, 4, 1, 12, 1]    (15)
bravo2.D4_5    110_[3, 2, 4, 18, 3, 8, 1, 1, 2, 6, 1, 4, 1, 2, 0]    (15)
bravo1.D2_9    110_[1, 0, 2, 3, 3, 4, 3, 1, 1, 6, 1, 0, 5, 6, 1]    (15)
bravo2.A2_6    102_[0, 0, 8, 0, 3, 4, 3, 7, 22, 3, 1, 2, 2, 5, 0]    (15)
bravo1.D3_23    101_[4, 4, 1, 5, 3, 5, 11, 0, 4, 8, 1, 4, 11, 0, 0]    (15)
bravo2.D2_8    101_[3, 0, 5, 0, 12, 0, 9, 4, 1, 6, 15, 12, 7, 0, 0]    (15)
bravo3.D4_5    100_[3, 0, 1, 4, 8, 2, 4, 5, 5, 2, 1, 8, 11, 4, 1]    (15)
bravo2.A3_4    97_[9, 0, 23, 1, 4, 3, 5, 10, 1, 6, 0, 10, 15, 7, 0]    (15)
bravo1.D4_13    97_[0, 6, 0, 6, 0, 10, 12, 1, 5, 7, 6, 10, 23, 15, 2]    (15)
bravo2.D1_2    96_[1, 15, 7, 4, 11, 8, 4, 9, 9, 2, 2, 5, 15, 4, 16]    (15)
bravo3.D2_8    93_[0, 0, 0, 1, 0, 7, 8, 4, 4, 10, 1, 7, 2, 7, 12]    (15)
bravo3.A3_4    89_[0, 7, 1, 2, 7, 3, 8, 6, 12, 2, 6, 7, 23, 2, 8]    (15)
bravo1.D5_1    88_[0, 5, 0, 13, 3, 0, 1, 5, 1, 0, 4, 2, 6, 7, 5]    (15)
bravo3.D3_14    81_[4, 9, 3, 15, 8, 0, 1, 6, 1, 1, 0, 0, 7, 5, 3]    (15)
bravo2.A4_11    77_[1, 2, 2, 18, 7, 0, 10, 4, 0, 7, 10, 1, 0, 9, 24]    (15)
bravo3.A4_11    73_[1, 24, 7, 0, 5, 1, 15, 0, 10, 1, 0, 4, 8, 10, 5]    (15)
bravo2.D3_16    70_[0, 7, 2, 0, 1, 6, 0, 9, 1, 1, 3, 0, 11, 0, 3]    (15)
bravo1.A5_21    19_[0, 27, 49, 9, 16, 19, 48, 38]    (15)

index: 32
ball:28
average: 2.0
bravos:
bravo2.D3_1    129_[0, 0, 1, 3, 6, 4, 0, 6, 5, 0, 0, 0, 4, 17, 2]    (28)
bravo1.D3_8    117_[6, 3, 1, 0, 1, 5, 0, 3, 5, 1, 3, 1, 2, 0, 9]    (28)
bravo1.D5_4    111_[1, 1, 5, 2, 0, 4, 4, 9, 7, 1, 0, 1, 11, 0, 16]    (28)
bravo1.A3_21    110_[6, 3, 1, 0, 1, 5, 0, 11, 3, 1, 2, 0, 9, 2, 6]    (28)
bravo1.A4_13    105_[0, 1, 0, 15, 0, 0, 11, 1, 0, 9, 1, 2, 13, 3, 6]    (28)
bravo1.D4_11    96_[1, 3, 4, 12, 11, 17, 9, 5, 0, 10, 17, 7, 14, 8, 5]    (28)
bravo1.A5_18    53_[1, 1, 1, 20, 11, 7, 0, 39, 3, 2, 4, 5, 22, 10, 27]    (28)
bravo2.A3_19    36_[1, 1, 8, 4, 1, 10, 3, 1, 4, 22, 27, 38, 11, 17, 13]    (28)

index: 33
ball:19
average: 1.12
bravos:
bravo1.D5_7    116_[0, 0, 9, 3, 0, 2, 1, 6, 9, 1, 21, 4, 15, 6, 2]    (19)
bravo1.D4_4    110_[3, 0, 2, 0, 3, 15, 1, 5, 3, 12, 3, 0, 5, 6, 5]    (19)
bravo1.D2_3    100_[0, 8, 3, 0, 4, 1, 0, 10, 1, 1, 2, 0, 4, 8, 11]    (19)
bravo1.D3_9    96_[3, 1, 1, 0, 4, 6, 5, 20, 2, 18, 4, 5, 3, 2, 6]    (19)
bravo1.A4_20    93_[0, 2, 2, 4, 5, 9, 11, 1, 0, 5, 2, 5, 1, 12, 2]    (19)
bravo1.A3_20    87_[3, 3, 5, 6, 5, 0, 18, 22, 3, 0, 8, 0, 1, 7, 4]    (19)
bravo1.A2_18    85_[0, 2, 1, 1, 25, 0, 2, 1, 3, 14, 18, 7, 3, 1, 2]    (19)
bravo1.A5_15    69_[0, 0, 5, 11, 1, 0, 5, 11, 2, 19, 12, 8, 0, 2, 0]    (19)

