continues1
3_1: 17: [8, 11, 14, 18, 24, 29]: [2, 1, 2, 1, 1, 1, 1, 3, 1, 2, 1, 3, 1, 1, 1, 1, 1]: 1
16_7: 14: [5, 10, 19, 22, 25, 25]: [3, 2, 1, 1, 1, 2, 1, 2, 2, 2, 3, 1, 2, 1]: 0
1_7: 12: [7, 9, 14, 20, 24, 29]: [1, 4, 1, 1, 2, 3, 2, 2, 1, 1, 2, 1]: 2
10_8: 12: [6, 7, 12, 18, 22, 27]: [1, 1, 1, 2, 2, 1, 1, 1, 1, 1, 2, 2]: 1
18_1: 11: [8, 15, 18, 23, 27, 32]: [3, 2, 2, 1, 1, 1, 3, 2, 3, 1, 1]: 0
2_10: 11: [4, 6, 10, 15, 21, 25]: [1, 1, 1, 1, 1, 1, 1, 2, 1, 2, 1]: 3
5_3: 10: [5, 10, 16, 19, 24, 29]: [1, 3, 2, 1, 1, 2, 1, 2, 3, 1]: 1
12_3: 10: [3, 8, 14, 17, 23, 30]: [1, 2, 1, 1, 1, 2, 1, 3, 3, 1]: 1
5_8: 9: [7, 10, 16, 18, 23, 28]: [1, 1, 2, 1, 2, 1, 2, 2, 1]: 1
7_6: 8: [10, 14, 18, 26, 28, 30]: [2, 1, 1, 1, 2, 1, 1, 2]: 1
19_9: 8: [5, 8, 19, 23, 28, 30]: [1, 1, 3, 2, 1, 2, 2, 1]: 0
9_7: 7: [4, 8, 15, 21, 22, 27]: [1, 1, 1, 1, 1, 2, 3]: 2
14_7: 7: [11, 14, 20, 21, 26, 26]: [1, 1, 1, 1, 1, 2, 2]: 2
20_3: 7: [4, 11, 16, 19, 24, 30]: [2, 1, 1, 1, 1, 3, 1]: 2
11_10: 7: [7, 11, 15, 19, 23, 30]: [2, 1, 2, 1, 1, 1, 1]: 0
2_2: 6: [11, 12, 16, 19, 24, 29]: [1, 1, 1, 1, 1, 1]: 1
2_7: 6: [2, 5, 8, 14, 18, 20]: [2, 2, 3, 2, 1, 2]: 1
2_8: 6: [3, 6, 10, 14, 18, 22]: [1, 1, 1, 2, 1, 1]: 2
6_2: 6: [9, 10, 15, 19, 25, 29]: [1, 1, 1, 1, 1, 1]: 1
8_1: 6: [7, 11, 17, 23, 25, 30]: [1, 2, 2, 1, 1, 2]: 0
continues0
7_2: 5: [10, 11, 16, 17, 23, 29]: [0, 0, 0, 0, 0, 1, 2, 0, 1, 0, 0]: 1
3_6: 4: [5, 10, 13, 18, 23, 27]: [0, 0, 0, 0, 1, 1, 3, 0, 1, 1, 1]: 0
14_1: 4: [8, 12, 13, 17, 23, 30]: [0, 0, 0, 0, 1, 2, 1, 1, 1, 1, 1]: 0
14_3: 3: [5, 8, 13, 14, 20, 29]: [0, 0, 0, 1, 0, 0, 0, 2, 1, 0, 1]: 1
16_9: 3: [4, 8, 16, 19, 23, 26]: [0, 0, 0, 2, 2, 0, 1, 1, 1, 1, 2]: 2
18_9: 3: [10, 14, 20, 24, 28, 30]: [0, 0, 0, 2, 1, 2, 4, 1, 2, 1, 0]: 1
13_10: 3: [8, 11, 16, 21, 23, 28]: [0, 0, 0, 1, 0, 1, 2, 2, 0, 1, 2]: 2
2_3: 2: [4, 8, 14, 17, 23, 30]: [0, 0, 2, 0, 1, 0, 0, 3, 1, 1, 0]: 2
10_7: 2: [7, 8, 13, 18, 22, 27]: [0, 0, 1, 0, 2, 2, 0, 0, 1, 1, 0]: 0
12_2: 2: [5, 8, 12, 16, 25, 30]: [0, 0, 1, 0, 0, 1, 1, 2, 1, 1, 0]: 1
12_7: 2: [7, 10, 15, 22, 25, 28]: [0, 0, 1, 0, 1, 1, 1, 2, 1, 1, 1]: 0
15_9: 2: [9, 14, 20, 21, 26, 29]: [0, 0, 3, 2, 1, 1, 1, 2, 3, 4, 0]: 3
16_8: 2: [4, 7, 14, 18, 24, 25]: [0, 0, 2, 2, 1, 1, 1, 2, 0, 0, 1]: 2
17_1: 2: [9, 12, 16, 21, 27, 31]: [0, 0, 2, 1, 1, 1, 2, 0, 1, 1, 0]: 3
19_2: 2: [6, 10, 13, 17, 22, 30]: [0, 0, 1, 1, 1, 1, 1, 0, 0, 3, 0]: 1
19_7: 2: [6, 10, 18, 23, 28, 32]: [0, 0, 2, 2, 2, 0, 1, 2, 1, 1, 1]: 1
1_2: 1: [7, 9, 12, 13, 20, 29]: [0, 1, 1, 1, 0, 4, 2, 0, 2, 1, 0]: 1
1_8: 1: [7, 10, 14, 20, 24, 29]: [0, 1, 1, 0, 2, 1, 2, 2, 2, 1, 3]: 1
3_3: 1: [4, 9, 14, 16, 23, 29]: [0, 1, 1, 2, 0, 2, 0, 2, 1, 2, 1]: 4
3_8: 1: [4, 5, 9, 13, 22, 26]: [0, 1, 2, 2, 0, 2, 4, 1, 2, 1, 1]: 2
3_9: 1: [6, 9, 12, 18, 26, 30]: [0, 1, 1, 1, 2, 1, 1, 0, 2, 1, 1]: 2
4_2: 1: [9, 13, 15, 17, 24, 30]: [0, 1, 1, 2, 0, 1, 2, 2, 2, 0, 0]: 1
4_3: 1: [5, 10, 16, 20, 25, 30]: [0, 2, 3, 2, 1, 3, 0, 4, 3, 2, 1]: 1
5_2: 1: [8, 11, 13, 16, 22, 29]: [0, 1, 2, 2, 1, 0, 1, 0, 0, 0, 1]: 1
5_9: 1: [7, 8, 15, 19, 25, 31]: [0, 1, 1, 0, 2, 2, 1, 1, 1, 2, 0]: 0
7_3: 1: [4, 7, 13, 15, 23, 30]: [0, 3, 1, 3, 1, 2, 0, 3, 1, 0, 1]: 1
8_9: 1: [10, 13, 21, 26, 28, 28]: [0, 1, 1, 2, 1, 2, 3, 2, 2, 2, 1]: 1
9_3: 1: [6, 11, 15, 18, 23, 28]: [0, 1, 1, 1, 0, 2, 1, 2, 1, 1, 0]: 1
9_6: 1: [6, 13, 22, 25, 26, 30]: [0, 2, 1, 0, 1, 1, 1, 0, 0, 2, 0]: 1
10_1: 1: [9, 11, 14, 20, 23, 28]: [0, 2, 2, 1, 1, 1, 1, 2, 0, 1, 0]: 2
10_2: 1: [7, 9, 12, 15, 21, 28]: [0, 1, 0, 1, 0, 2, 1, 1, 2, 0, 0]: 2
11_3: 1: [5, 9, 13, 16, 23, 30]: [0, 2, 0, 1, 0, 0, 0, 1, 1, 0, 2]: 2
15_3: 1: [6, 11, 18, 22, 24, 30]: [0, 2, 1, 0, 1, 2, 2, 2, 1, 0, 1]: 1
16_2: 1: [11, 14, 17, 19, 25, 30]: [0, 1, 1, 1, 0, 1, 1, 0, 4, 2, 1]: 1
16_3: 1: [6, 9, 15, 18, 25, 30]: [0, 1, 1, 1, 1, 3, 1, 2, 0, 2, 1]: 2
17_2: 1: [6, 9, 12, 16, 22, 29]: [0, 1, 1, 1, 2, 1, 2, 2, 2, 0, 1]: 3
18_7: 1: [6, 14, 19, 24, 25, 27]: [0, 1, 1, 0, 1, 1, 1, 2, 0, 2, 1]: 2
19_1: 1: [9, 12, 16, 20, 23, 28]: [0, 2, 3, 1, 0, 2, 0, 0, 1, 2, 1]: 2
19_3: 1: [3, 10, 14, 18, 23, 30]: [0, 2, 1, 0, 0, 2, 1, 3, 1, 0, 1]: 1
20_2: 1: [7, 10, 11, 14, 22, 29]: [0, 1, 0, 0, 1, 1, 1, 2, 2, 2, 0]: 1
20_6: 1: [7, 11, 20, 25, 28, 31]: [0, 2, 0, 1, 1, 1, 0, 0, 0, 1, 2]: 0
12_10: 1: [8, 11, 15, 20, 24, 28]: [0, 1, 0, 0, 0, 0, 0, 2, 1, 0, 1]: 0
1_0: 0: [7, 9, 14, 17, 23, 31]: [2, 3, 2, 1, 0, 1, 2, 1, 1, 2, 1]: 2
1_1: 0: [9, 13, 16, 20, 24, 30]: [3, 2, 1, 1, 1, 0, 0, 1, 2, 1, 1]: 2
1_3: 0: [4, 10, 14, 19, 24, 31]: [2, 3, 3, 3, 0, 1, 0, 2, 2, 0, 0]: 2
1_4: 0: [4, 7, 13, 18, 24, 29]: [0, 1, 2, 1, 0, 1, 0, 1, 2, 1, 1]: 1
1_5: 0: [4, 8, 14, 19, 24, 29]: [0, 1, 1, 0, 1, 1, 0, 2, 1, 1, 1]: 2
1_6: 0: [4, 12, 18, 22, 25, 30]: [2, 3, 1, 1, 0, 2, 1, 1, 0, 2, 2]: 1
1_7: 0: [7, 9, 14, 20, 24, 29]: [1, 4, 1, 1, 2, 3, 2, 2, 1, 1, 2]: 2
1_9: 0: [7, 9, 14, 19, 24, 30]: [2, 3, 1, 2, 1, 0, 0, 1, 1, 2, 2]: 2
2_0: 0: [4, 6, 10, 15, 21, 25]: [1, 1, 1, 1, 1, 1, 1, 2, 1, 2, 1]: 3
2_1: 0: [4, 9, 12, 16, 26, 29]: [1, 0, 1, 1, 0, 1, 2, 1, 1, 0, 2]: 3
2_2: 0: [11, 12, 16, 19, 24, 29]: [1, 1, 1, 1, 1, 1, 0, 1, 1, 1, 0]: 1
2_4: 0: [4, 7, 13, 18, 24, 29]: [1, 0, 1, 0, 0, 2, 0, 2, 2, 1, 2]: 1
2_5: 0: [4, 9, 14, 19, 23, 28]: [0, 1, 1, 0, 1, 1, 0, 2, 1, 1, 2]: 3
2_6: 0: [5, 11, 15, 22, 25, 29]: [2, 0, 0, 0, 1, 3, 0, 1, 1, 1, 2]: 0
2_7: 0: [2, 5, 8, 14, 18, 20]: [2, 2, 3, 2, 1, 2, 0, 0, 3, 1, 1]: 1
2_8: 0: [3, 6, 10, 14, 18, 22]: [1, 1, 1, 2, 1, 1, 0, 0, 1, 1, 1]: 2
2_9: 0: [4, 6, 11, 17, 22, 24]: [2, 0, 3, 1, 0, 0, 1, 2, 2, 2, 1]: 2
3_0: 0: [6, 8, 11, 16, 25, 29]: [1, 0, 0, 0, 0, 1, 2, 1, 2, 0, 1]: 2
3_1: 0: [8, 11, 14, 18, 24, 29]: [2, 1, 2, 1, 1, 1, 1, 3, 1, 2, 1]: 1
3_2: 0: [10, 13, 15, 17, 23, 30]: [1, 0, 0, 1, 0, 0, 3, 1, 2, 4, 1]: 0
3_4: 0: [4, 7, 13, 18, 23, 29]: [2, 2, 1, 2, 0, 2, 0, 2, 1, 0, 1]: 1
3_5: 0: [4, 9, 14, 19, 24, 29]: [0, 1, 1, 1, 1, 2, 0, 2, 1, 1, 2]: 3
3_7: 0: [5, 8, 11, 15, 25, 26]: [1, 0, 0, 2, 3, 2, 2, 0, 2, 3, 0]: 0
4_0: 0: [5, 10, 17, 20, 26, 30]: [1, 2, 0, 2, 1, 0, 2, 2, 2, 1, 0]: 0
4_1: 0: [6, 10, 14, 19, 26, 28]: [1, 0, 2, 1, 1, 0, 1, 1, 2, 1, 1]: 2
4_4: 0: [5, 10, 15, 20, 24, 29]: [1, 1, 2, 0, 0, 1, 0, 2, 2, 0, 2]: 0
4_5: 0: [5, 9, 14, 19, 24, 29]: [0, 1, 1, 1, 1, 1, 0, 2, 1, 1, 1]: 2
4_6: 0: [8, 14, 19, 25, 28, 29]: [1, 0, 2, 2, 1, 3, 2, 0, 1, 2, 3]: 1
4_7: 0: [6, 11, 19, 22, 25, 29]: [2, 1, 0, 1, 1, 2, 1, 1, 1, 1, 2]: 1
4_8: 0: [3, 8, 18, 20, 26, 30]: [1, 0, 1, 3, 2, 2, 0, 2, 1, 1, 0]: 0
4_9: 0: [6, 9, 19, 21, 26, 30]: [2, 1, 2, 0, 1, 1, 2, 2, 2, 2, 0]: 3
5_0: 0: [5, 8, 13, 17, 23, 31]: [1, 0, 0, 1, 0, 0, 1, 2, 0, 2, 0]: 0
5_1: 0: [12, 13, 15, 20, 26, 30]: [2, 1, 1, 1, 0, 1, 1, 0, 0, 1, 1]: 0
5_3: 0: [5, 10, 16, 19, 24, 29]: [1, 3, 2, 1, 1, 2, 1, 2, 3, 1, 0]: 1
5_4: 0: [5, 9, 15, 19, 23, 28]: [0, 0, 1, 2, 0, 1, 0, 2, 1, 0, 0]: 1
5_5: 0: [5, 9, 15, 19, 24, 29]: [0, 0, 1, 2, 1, 1, 0, 2, 2, 1, 2]: 1
5_6: 0: [13, 19, 22, 25, 29, 29]: [1, 1, 0, 1, 0, 1, 0, 1, 1, 0, 1]: 0
5_7: 0: [9, 11, 17, 20, 25, 28]: [1, 1, 3, 1, 0, 2, 1, 1, 3, 1, 0]: 1
5_8: 0: [7, 10, 16, 18, 23, 28]: [1, 1, 2, 1, 2, 1, 2, 2, 1, 0, 0]: 1
6_0: 0: [6, 11, 16, 19, 22, 28]: [1, 0, 0, 1, 3, 0, 1, 2, 0, 1, 2]: 2
6_1: 0: [9, 13, 15, 22, 27, 31]: [1, 0, 2, 0, 0, 0, 2, 0, 1, 3, 1]: 1
6_2: 0: [9, 10, 15, 19, 25, 29]: [1, 1, 1, 1, 1, 1, 0, 0, 1, 1, 1]: 1
6_3: 0: [6, 10, 15, 19, 23, 30]: [1, 2, 2, 1, 0, 2, 1, 2, 1, 0, 1]: 1
6_4: 0: [5, 8, 13, 18, 23, 29]: [0, 1, 1, 1, 0, 1, 0, 0, 2, 0, 1]: 0
6_5: 0: [4, 9, 14, 19, 24, 29]: [0, 0, 2, 1, 1, 2, 0, 2, 1, 1, 3]: 3
6_6: 0: [7, 11, 21, 21, 27, 28]: [3, 0, 1, 0, 0, 1, 0, 1, 2, 0, 2]: 1
6_7: 0: [5, 9, 21, 21, 27, 28]: [1, 0, 0, 1, 1, 2, 2, 0, 3, 1, 1]: 2
6_8: 0: [5, 8, 17, 18, 23, 26]: [2, 1, 0, 0, 0, 4, 1, 1, 2, 1, 0]: 0
6_9: 0: [6, 12, 19, 22, 25, 27]: [2, 0, 1, 1, 1, 3, 0, 2, 2, 1, 2]: 1
7_0: 0: [5, 8, 13, 16, 19, 24]: [1, 1, 2, 2, 3, 0, 2, 0, 1, 1, 2]: 1
7_1: 0: [9, 13, 17, 20, 23, 29]: [2, 3, 1, 1, 0, 2, 2, 0, 2, 2, 1]: 1
7_4: 0: [5, 8, 13, 18, 24, 29]: [1, 1, 2, 1, 0, 2, 0, 0, 1, 1, 1]: 0
7_5: 0: [4, 9, 15, 19, 24, 29]: [0, 1, 1, 1, 1, 2, 0, 1, 2, 0, 3]: 2
7_6: 0: [10, 14, 18, 26, 28, 30]: [2, 1, 1, 1, 2, 1, 1, 2, 0, 0, 0]: 1
7_7: 0: [7, 13, 18, 22, 23, 26]: [1, 0, 1, 3, 1, 1, 0, 1, 1, 0, 1]: 0
7_8: 0: [5, 9, 14, 18, 20, 25]: [1, 1, 0, 2, 1, 1, 1, 0, 1, 1, 2]: 2
7_9: 0: [9, 10, 20, 23, 25, 27]: [1, 1, 1, 1, 0, 2, 2, 0, 1, 1, 3]: 1
8_0: 0: [5, 9, 15, 19, 24, 27]: [2, 0, 0, 0, 2, 1, 3, 2, 0, 1, 1]: 1
8_1: 0: [7, 11, 17, 23, 25, 30]: [1, 2, 2, 1, 1, 2, 0, 1, 3, 3, 3]: 0
8_2: 0: [8, 8, 13, 14, 21, 30]: [2, 0, 2, 2, 2, 1, 0, 1, 0, 0, 1]: 2
8_3: 0: [5, 9, 14, 17, 22, 29]: [2, 2, 0, 1, 0, 2, 0, 1, 2, 0, 1]: 2
8_4: 0: [5, 7, 13, 18, 24, 29]: [1, 1, 1, 1, 0, 1, 1, 1, 0, 0, 2]: 0
8_5: 0: [5, 9, 15, 20, 24, 29]: [0, 0, 2, 1, 1, 1, 0, 2, 1, 0, 1]: 1
8_6: 0: [7, 16, 24, 28, 28, 30]: [1, 1, 2, 0, 0, 0, 2, 2, 1, 3, 1]: 1
8_7: 0: [11, 16, 23, 27, 29, 27]: [1, 1, 1, 0, 0, 0, 3, 2, 2, 3, 0]: 1
8_8: 0: [7, 13, 22, 25, 27, 27]: [1, 0, 1, 1, 3, 1, 1, 1, 2, 1, 1]: 0
9_0: 0: [3, 8, 11, 19, 22, 29]: [2, 2, 1, 1, 0, 2, 1, 2, 2, 1, 1]: 0
9_1: 0: [8, 10, 16, 24, 28, 30]: [1, 2, 2, 0, 0, 1, 1, 1, 1, 0, 0]: 1
9_2: 0: [5, 8, 10, 13, 21, 26]: [2, 1, 3, 0, 1, 3, 1, 1, 1, 2, 1]: 1
9_4: 0: [4, 9, 15, 19, 25, 29]: [1, 0, 1, 1, 0, 1, 0, 1, 2, 1, 1]: 2
9_5: 0: [4, 9, 15, 19, 24, 29]: [0, 1, 0, 0, 1, 1, 0, 2, 1, 1, 2]: 2
9_7: 0: [4, 8, 15, 21, 22, 27]: [1, 1, 1, 1, 1, 2, 3, 0, 2, 3, 0]: 2
9_8: 0: [4, 9, 16, 21, 26, 29]: [1, 0, 1, 1, 1, 1, 3, 2, 1, 3, 0]: 4
9_9: 0: [3, 6, 10, 16, 19, 28]: [1, 2, 1, 1, 0, 0, 2, 2, 2, 3, 2]: 2
10_0: 0: [5, 8, 16, 22, 24, 30]: [3, 1, 1, 2, 0, 1, 1, 1, 1, 2, 1]: 1
10_3: 0: [4, 9, 14, 18, 23, 29]: [1, 2, 3, 1, 0, 2, 1, 2, 0, 0, 0]: 3
10_4: 0: [5, 8, 13, 18, 24, 29]: [1, 2, 2, 1, 0, 0, 1, 1, 1, 0, 2]: 0
10_5: 0: [4, 9, 14, 19, 24, 29]: [0, 1, 2, 0, 1, 1, 0, 2, 2, 0, 2]: 3
10_6: 0: [7, 10, 17, 22, 26, 29]: [1, 1, 2, 1, 0, 0, 1, 1, 1, 1, 1]: 0
10_8: 0: [6, 7, 12, 18, 22, 27]: [1, 1, 1, 2, 2, 1, 1, 1, 1, 1, 2]: 1
10_9: 0: [8, 9, 16, 21, 25, 30]: [1, 0, 2, 3, 1, 1, 2, 1, 1, 1, 2]: 3
11_0: 0: [7, 11, 15, 19, 23, 30]: [2, 1, 2, 1, 1, 1, 1, 0, 0, 1, 2]: 0
11_1: 0: [6, 9, 12, 20, 27, 31]: [1, 1, 3, 1, 1, 0, 1, 2, 0, 1, 2]: 2
11_2: 0: [5, 6, 12, 14, 22, 29]: [1, 1, 0, 1, 0, 3, 1, 1, 1, 1, 2]: 2
11_4: 0: [5, 8, 13, 18, 24, 29]: [1, 0, 1, 1, 0, 1, 0, 1, 2, 1, 3]: 0
11_5: 0: [5, 9, 14, 19, 24, 29]: [0, 1, 1, 3, 1, 1, 0, 2, 0, 0, 2]: 2
11_6: 0: [10, 17, 23, 22, 27, 30]: [3, 2, 1, 0, 1, 0, 0, 2, 0, 1, 2]: 0
11_7: 0: [8, 13, 20, 20, 25, 30]: [1, 1, 0, 0, 0, 2, 2, 2, 2, 3, 1]: 0
11_8: 0: [7, 11, 17, 19, 23, 29]: [1, 2, 0, 0, 1, 1, 0, 1, 2, 0, 0]: 0
11_9: 0: [10, 13, 21, 23, 27, 30]: [1, 1, 0, 0, 0, 1, 2, 1, 1, 2, 2]: 1
12_0: 0: [8, 11, 15, 20, 24, 28]: [0, 1, 0, 0, 0, 0, 0, 2, 1, 0, 1]: 0
12_1: 0: [8, 13, 14, 19, 25, 31]: [1, 1, 2, 1, 0, 2, 0, 2, 2, 1, 2]: 1
12_3: 0: [3, 8, 14, 17, 23, 30]: [1, 2, 1, 1, 1, 2, 1, 3, 3, 1, 0]: 1
12_4: 0: [4, 7, 12, 17, 24, 29]: [0, 0, 1, 1, 0, 1, 1, 2, 1, 0, 1]: 1
12_5: 0: [4, 9, 14, 19, 24, 29]: [0, 0, 1, 0, 1, 1, 0, 2, 1, 1, 2]: 3
12_6: 0: [6, 13, 19, 26, 28, 30]: [2, 1, 2, 0, 0, 2, 1, 2, 0, 1, 1]: 1
12_8: 0: [6, 9, 13, 21, 24, 28]: [3, 0, 3, 1, 0, 2, 2, 3, 0, 1, 0]: 3
12_9: 0: [8, 11, 16, 21, 24, 28]: [2, 0, 2, 1, 2, 1, 1, 2, 3, 1, 1]: 2
13_0: 0: [8, 11, 16, 21, 23, 28]: [0, 0, 0, 1, 0, 1, 2, 2, 0, 1, 2]: 2
13_1: 0: [8, 13, 16, 24, 28, 31]: [1, 1, 1, 0, 1, 0, 1, 1, 0, 2, 1]: 1
13_2: 0: [7, 10, 11, 14, 21, 29]: [1, 1, 2, 2, 0, 0, 0, 1, 3, 2, 1]: 2
13_3: 0: [3, 6, 11, 16, 22, 30]: [1, 2, 3, 1, 1, 2, 0, 2, 1, 1, 0]: 2
13_4: 0: [4, 8, 13, 19, 23, 29]: [0, 1, 2, 1, 0, 1, 0, 1, 2, 0, 2]: 1
13_5: 0: [5, 9, 14, 20, 24, 29]: [0, 0, 0, 2, 1, 2, 0, 2, 1, 1, 1]: 2
13_6: 0: [11, 19, 23, 26, 27, 30]: [1, 0, 1, 2, 1, 1, 0, 3, 1, 1, 0]: 0
13_7: 0: [11, 16, 23, 23, 26, 28]: [2, 0, 0, 1, 1, 0, 0, 1, 1, 1, 0]: 1
13_8: 0: [7, 12, 17, 18, 22, 24]: [2, 0, 1, 2, 1, 0, 1, 0, 2, 1, 2]: 0
13_9: 0: [10, 13, 20, 23, 24, 29]: [2, 2, 2, 2, 0, 1, 2, 0, 0, 0, 1]: 0
14_0: 0: [4, 8, 10, 15, 21, 29]: [2, 1, 2, 3, 0, 0, 1, 1, 2, 2, 0]: 2
14_2: 0: [8, 10, 13, 15, 21, 29]: [1, 0, 2, 1, 2, 2, 0, 4, 1, 2, 0]: 1
14_4: 0: [4, 7, 12, 17, 23, 28]: [1, 0, 1, 1, 0, 2, 1, 2, 3, 0, 2]: 1
14_5: 0: [5, 9, 14, 19, 23, 28]: [0, 0, 0, 1, 1, 2, 0, 2, 1, 0, 2]: 2
14_6: 0: [10, 14, 21, 23, 27, 29]: [4, 1, 1, 0, 0, 2, 2, 1, 3, 1, 2]: 2
14_7: 0: [11, 14, 20, 21, 26, 26]: [1, 1, 1, 1, 1, 2, 2, 0, 1, 1, 0]: 2
14_8: 0: [6, 9, 15, 18, 24, 26]: [3, 0, 1, 3, 0, 1, 1, 1, 2, 2, 0]: 2
14_9: 0: [8, 10, 15, 18, 26, 28]: [1, 1, 2, 3, 0, 2, 2, 2, 1, 3, 1]: 0
15_0: 0: [7, 12, 17, 18, 24, 29]: [2, 0, 0, 2, 0, 2, 2, 0, 1, 3, 2]: 0
15_1: 0: [9, 12, 17, 23, 30, 31]: [1, 1, 1, 1, 1, 1, 0, 1, 1, 3, 2]: 1
15_2: 0: [8, 12, 15, 18, 25, 29]: [3, 0, 1, 2, 0, 1, 1, 2, 1, 0, 1]: 0
15_4: 0: [5, 8, 14, 19, 24, 28]: [0, 0, 1, 0, 0, 2, 0, 0, 1, 0, 2]: 1
15_5: 0: [4, 9, 14, 19, 24, 28]: [0, 0, 1, 1, 1, 2, 0, 2, 2, 1, 3]: 3
15_6: 0: [9, 16, 23, 26, 30, 32]: [1, 1, 0, 0, 1, 0, 2, 2, 2, 2, 1]: 2
15_7: 0: [11, 17, 23, 25, 28, 31]: [1, 0, 1, 2, 1, 1, 1, 0, 1, 2, 0]: 0
15_8: 0: [7, 13, 21, 23, 28, 31]: [2, 1, 0, 1, 1, 2, 3, 1, 2, 0, 0]: 1
16_0: 0: [3, 7, 14, 17, 23, 27]: [2, 0, 2, 0, 1, 0, 1, 3, 1, 0, 1]: 1
16_1: 0: [7, 11, 14, 17, 26, 30]: [1, 1, 2, 1, 1, 2, 0, 1, 2, 1, 0]: 1
16_4: 0: [4, 8, 13, 17, 24, 29]: [0, 2, 1, 2, 0, 1, 1, 2, 2, 1, 1]: 1
16_5: 0: [5, 9, 14, 19, 24, 29]: [0, 1, 1, 2, 1, 1, 0, 2, 1, 0, 2]: 2
16_6: 0: [8, 13, 23, 27, 29, 29]: [1, 1, 0, 1, 1, 1, 1, 1, 0, 2, 0]: 0
16_7: 0: [5, 10, 19, 22, 25, 25]: [3, 2, 1, 1, 1, 2, 1, 2, 2, 2, 3]: 0
17_0: 0: [4, 7, 9, 15, 22, 29]: [2, 2, 0, 1, 0, 0, 1, 3, 1, 1, 0]: 2
17_3: 0: [5, 10, 17, 19, 23, 30]: [3, 1, 2, 1, 0, 0, 2, 3, 1, 1, 1]: 0
17_4: 0: [5, 8, 14, 18, 23, 29]: [0, 1, 1, 1, 0, 1, 0, 1, 3, 0, 3]: 1
17_5: 0: [4, 9, 14, 19, 24, 29]: [0, 0, 1, 0, 0, 1, 0, 2, 1, 0, 2]: 3
17_6: 0: [9, 13, 16, 21, 25, 28]: [2, 1, 1, 1, 1, 3, 0, 0, 0, 2, 2]: 3
17_7: 0: [9, 14, 19, 23, 26, 32]: [1, 1, 1, 1, 0, 1, 2, 0, 1, 1, 1]: 2
17_8: 0: [6, 10, 15, 19, 25, 31]: [3, 0, 1, 0, 2, 1, 1, 2, 2, 1, 1]: 1
17_9: 0: [4, 5, 12, 16, 20, 29]: [1, 0, 0, 1, 2, 2, 1, 2, 2, 0, 4]: 2
18_0: 0: [8, 12, 20, 24, 27, 31]: [1, 1, 0, 1, 1, 0, 2, 1, 0, 1, 1]: 0
18_1: 0: [8, 15, 18, 23, 27, 32]: [3, 2, 2, 1, 1, 1, 3, 2, 3, 1, 1]: 0
18_2: 0: [8, 13, 15, 16, 21, 28]: [2, 0, 2, 1, 0, 1, 2, 2, 1, 2, 2]: 2
18_3: 0: [4, 10, 15, 19, 25, 30]: [1, 0, 1, 2, 0, 2, 2, 1, 1, 0, 0]: 1
18_4: 0: [4, 8, 14, 19, 25, 30]: [0, 1, 1, 0, 0, 1, 0, 2, 2, 1, 1]: 2
18_5: 0: [4, 9, 14, 19, 24, 29]: [0, 0, 1, 0, 1, 1, 0, 2, 1, 1, 1]: 3
18_6: 0: [10, 16, 21, 24, 26, 30]: [2, 1, 0, 1, 1, 2, 1, 0, 0, 3, 1]: 2
18_8: 0: [6, 12, 18, 22, 24, 28]: [3, 0, 2, 0, 0, 1, 3, 1, 0, 2, 0]: 1
19_0: 0: [5, 9, 15, 20, 24, 29]: [1, 1, 0, 2, 2, 0, 3, 1, 1, 1, 1]: 1
19_4: 0: [3, 8, 13, 18, 23, 29]: [0, 2, 1, 1, 0, 2, 0, 0, 2, 0, 3]: 0
19_5: 0: [4, 9, 14, 20, 24, 29]: [0, 0, 1, 0, 1, 1, 0, 2, 1, 0, 1]: 3
19_6: 0: [7, 10, 15, 23, 28, 32]: [2, 2, 1, 0, 1, 0, 1, 1, 1, 1, 1]: 0
19_8: 0: [4, 7, 16, 21, 27, 31]: [3, 0, 1, 2, 2, 1, 1, 2, 2, 2, 1]: 3
19_9: 0: [5, 8, 19, 23, 28, 30]: [1, 1, 3, 2, 1, 2, 2, 1, 0, 1, 1]: 0
20_0: 0: [6, 11, 16, 22, 27, 32]: [1, 2, 1, 0, 1, 0, 1, 0, 1, 3, 1]: 2
20_1: 0: [9, 13, 14, 20, 27, 31]: [1, 1, 4, 0, 0, 1, 1, 1, 2, 1, 0]: 2
20_3: 0: [4, 11, 16, 19, 24, 30]: [2, 1, 1, 1, 1, 3, 1, 0, 2, 2, 0]: 2
20_4: 0: [4, 7, 13, 17, 24, 29]: [0, 1, 2, 1, 0, 0, 0, 1, 4, 0, 3]: 1
20_5: 0: [4, 9, 14, 19, 24, 29]: [0, 0, 2, 1, 1, 1, 0, 2, 1, 1, 4]: 3
20_7: 0: [9, 10, 21, 26, 29, 31]: [2, 0, 1, 0, 3, 0, 1, 0, 1, 0, 2]: 2
20_8: 0: [5, 5, 13, 20, 27, 32]: [1, 0, 0, 1, 3, 1, 1, 2, 3, 1, 1]: 0
20_9: 0: [7, 8, 17, 23, 30, 32]: [1, 0, 1, 1, 3, 0, 2, 1, 2, 3, 1]: 0
1_10: 0: [7, 9, 14, 17, 23, 31]: [2, 3, 2, 1, 0, 1, 2, 1, 1, 2, 1]: 2
2_10: 0: [4, 6, 10, 15, 21, 25]: [1, 1, 1, 1, 1, 1, 1, 2, 1, 2, 1]: 3
3_10: 0: [6, 8, 11, 16, 25, 29]: [1, 0, 0, 0, 0, 1, 2, 1, 2, 0, 1]: 2
4_10: 0: [5, 10, 17, 20, 26, 30]: [1, 2, 0, 2, 1, 0, 2, 2, 2, 1, 0]: 0
5_10: 0: [5, 8, 13, 17, 23, 31]: [1, 0, 0, 1, 0, 0, 1, 2, 0, 2, 0]: 0
6_10: 0: [6, 11, 16, 19, 22, 28]: [1, 0, 0, 1, 3, 0, 1, 2, 0, 1, 2]: 2
7_10: 0: [5, 8, 13, 16, 19, 24]: [1, 1, 2, 2, 3, 0, 2, 0, 1, 1, 2]: 1
8_10: 0: [5, 9, 15, 19, 24, 27]: [2, 0, 0, 0, 2, 1, 3, 2, 0, 1, 1]: 1
9_10: 0: [3, 8, 11, 19, 22, 29]: [2, 2, 1, 1, 0, 2, 1, 2, 2, 1, 1]: 0
10_10: 0: [5, 8, 16, 22, 24, 30]: [3, 1, 1, 2, 0, 1, 1, 1, 1, 2, 1]: 1
11_10: 0: [7, 11, 15, 19, 23, 30]: [2, 1, 2, 1, 1, 1, 1, 0, 0, 1, 2]: 0
14_10: 0: [4, 8, 10, 15, 21, 29]: [2, 1, 2, 3, 0, 0, 1, 1, 2, 2, 0]: 2
15_10: 0: [7, 12, 17, 18, 24, 29]: [2, 0, 0, 2, 0, 2, 2, 0, 1, 3, 2]: 0
16_10: 0: [3, 7, 14, 17, 23, 27]: [2, 0, 2, 0, 1, 0, 1, 3, 1, 0, 1]: 1
17_10: 0: [4, 7, 9, 15, 22, 29]: [2, 2, 0, 1, 0, 0, 1, 3, 1, 1, 0]: 2
18_10: 0: [8, 12, 20, 24, 27, 31]: [1, 1, 0, 1, 1, 0, 2, 1, 0, 1, 1]: 0
19_10: 0: [5, 9, 15, 20, 24, 29]: [1, 1, 0, 2, 2, 0, 3, 1, 1, 1, 1]: 1
20_10: 0: [6, 11, 16, 22, 27, 32]: [1, 2, 1, 0, 1, 0, 1, 0, 1, 3, 1]: 2
