30
less5
200_4___1__    10   0  [2, 2, 4, 0, 1, 2, 6, 0, 1, 1]  (4, 8)
100_1___1__    9   0  [2, 7, 0, 1, 2, 1, 0, 4, 3]  (4, 9)
200_1___1__    9   0  [2, 7, 0, 1, 2, 1, 5, 1, 1]  (4, 9)
200_3___1__    9   0  [2, 2, 4, 0, 4, 0, 4, 3, 1]  (4, 8)
200_5___1__    9   0  [2, 2, 4, 0, 1, 2, 6, 3, 0]  (4, 5)
100_3___1__    8   0  [2, 8, 0, 0, 3, 1, 6, 1]  (4, 11)
200_2___1__    8   0  [2, 7, 0, 1, 2, 5, 1, 3]  (4, 9)
300_3___1__    8   0  [2, 2, 4, 0, 4, 0, 1, 8]  (4, 9)
300_4___1__    8   0  [2, 8, 4, 0, 1, 0, 2, 4]  (4, 7)
100_2___1__    7   0  [2, 7, 0, 1, 5, 6, 1]  (4, 8)
100_4___1__    7   0  [2, 8, 1, 2, 0, 4, 5]  (4, 12)
300_1___1__    7   0  [2, 7, 0, 4, 1, 0, 8]  (3, 4)
300_2___1__    6   0  [2, 7, 0, 4, 2, 8]  (3, 4)
300_5___1__    6   0  [2, 2, 5, 3, 0, 11]  (4, 5)
100_5___1__    5   0  [2, 8, 1, 8, 5]  (4, 10)
part_in:(3, 12), all_in:(4, 4), all_out:(3, 12)
less8
200_4___2__    11   4  [6, 0, 0, 0, 2, 1, 1, 0, 1, 3, 0]  (8, 11)
100_4___2__    9   12  [1, 2, 0, 0, 1, 0, 1, 3, 0]  (6, 8)
200_3___2__    9   4  [7, 0, 3, 1, 1, 0, 1, 3, 0]  (8, 8)
200_5___2__    9   4  [7, 1, 2, 1, 1, 0, 1, 3, 0]  (8, 12)
300_3___2__    9   12  [1, 2, 0, 0, 1, 0, 1, 3, 0]  (8, 8)
100_2___2__    8   13  [0, 3, 0, 1, 0, 1, 3, 0]  (8, 9)
100_3___2__    8   12  [0, 4, 0, 1, 0, 1, 3, 0]  (7, 8)
200_2___2__    8   12  [1, 2, 1, 2, 1, 2, 0, 0]  (8, 9)
300_4___2__    8   12  [4, 0, 0, 1, 0, 1, 3, 0]  (8, 9)
300_5___2__    8   12  [1, 2, 1, 1, 0, 1, 3, 0]  (8, 10)
100_5___2__    7   12  [1, 4, 1, 0, 1, 3, 0]  (8, 8)
200_1___2__    7   12  [1, 2, 3, 0, 1, 3, 0]  (8, 8)
300_2___2__    7   12  [4, 3, 0, 0, 0, 3, 0]  (8, 13)
100_1___2__    6   14  [2, 4, 1, 2, 0, 0]  (8, 9)
300_1___2__    6   4  [7, 4, 3, 2, 3, 0]  (8, 13)
part_in:(6, 13), all_in:(8, 8), all_out:(6, 13)
less9
300_5___3__    10   0  [5, 0, 4, 4, 0, 1, 1, 4, 0, 0]  (5, 9)
100_4___3__    9   0  [2, 3, 4, 1, 2, 0, 1, 7, 0]  (3, 9)
200_5___3__    9   0  [2, 2, 0, 4, 4, 2, 3, 3, 0]  (8, 9)
300_3___3__    9   0  [2, 2, 0, 4, 4, 2, 1, 5, 0]  (4, 9)
300_4___3__    9   0  [2, 3, 4, 4, 0, 1, 3, 3, 0]  (4, 9)
100_3___3__    8   0  [6, 4, 1, 2, 0, 1, 7, 0]  (4, 9)
100_1___3__    7   0  [2, 3, 4, 1, 2, 2, 8]  (6, 9)
100_5___3__    7   0  [2, 8, 4, 2, 6, 0, 0]  (4, 9)
200_3___3__    7   0  [2, 2, 5, 4, 5, 4, 0]  (7, 9)
300_2___3__    7   0  [6, 4, 4, 2, 1, 4, 1]  (8, 9)
100_2___3__    6   0  [6, 4, 1, 2, 2, 8]  (8, 9)
200_1___3__    6   0  [2, 3, 4, 4, 2, 8]  (6, 9)
200_4___3__    6   0  [2, 2, 0, 4, 4, 11]  (8, 9)
200_2___3__    5   0  [5, 0, 4, 4, 11]  (6, 9)
300_1___3__    5   0  [6, 4, 4, 2, 8]  (6, 9)
part_in:(3, 7), all_in:(8, 9), all_out:(3, 9)
less10
200_2___4__    13   0  [6, 0, 1, 0, 0, 4, 0, 1, 2, 0, 0, 1, 1]  (2, 3)
100_1___4__    11   0  [2, 1, 1, 0, 3, 4, 2, 3, 0, 1, 1]  (2, 2)
100_5___4__    11   0  [1, 0, 3, 0, 0, 2, 3, 0, 2, 3, 4]  (1, 2)
200_1___4__    11   0  [4, 1, 0, 2, 0, 2, 4, 3, 0, 1, 1]  (2, 3)
200_3___4__    11   0  [4, 1, 0, 3, 5, 1, 2, 0, 0, 1, 1]  (2, 3)
200_4___4__    11   0  [6, 0, 1, 1, 4, 0, 1, 3, 0, 1, 1]  (2, 3)
200_5___4__    10   0  [2, 3, 0, 1, 1, 7, 3, 0, 1, 1]  (2, 3)
300_4___4__    10   3  [3, 0, 1, 1, 4, 2, 3, 0, 1, 1]  (2, 4)
300_5___4__    10   2  [2, 1, 0, 1, 1, 3, 0, 2, 3, 4]  (2, 2)
100_2___4__    9   0  [6, 0, 3, 4, 2, 3, 0, 1, 1]  (2, 2)
100_3___4__    9   0  [2, 3, 0, 3, 4, 2, 3, 2, 1]  (1, 2)
300_1___4__    9   0  [4, 1, 0, 3, 4, 2, 3, 0, 3]  (2, 3)
100_4___4__    8   0  [2, 3, 0, 3, 4, 2, 3, 4]  (1, 2)
300_2___4__    8   0  [6, 0, 3, 4, 2, 3, 0, 3]  (2, 3)
300_3___4__    8   0  [6, 0, 1, 1, 7, 3, 0, 3]  (2, 3)
part_in:(1, 4), all_in:(2, 2), all_out:(1, 4)
row1
200_5___5__    14   0  [0, 1, 2, 1, 1, 0, 0, 1, 4, 2, 1, 2, 0, 0]  (2, 2)
200_4___5__    13   1  [1, 0, 1, 1, 1, 0, 0, 6, 0, 1, 1, 3, 0]  (2, 3)
200_2___5__    12   1  [1, 2, 1, 1, 0, 0, 1, 4, 2, 4, 0, 0]  (2, 4)
300_1___5__    12   0  [0, 1, 4, 2, 0, 1, 0, 3, 0, 1, 5, 0]  (1, 2)
300_2___5__    12   0  [0, 1, 4, 2, 0, 1, 0, 3, 2, 0, 4, 0]  (1, 2)
300_5___5__    12   0  [0, 1, 2, 1, 1, 0, 0, 1, 4, 2, 5, 0]  (1, 2)
100_1___5__    11   0  [0, 1, 4, 2, 0, 1, 4, 2, 4, 0, 0]  (2, 4)
100_4___5__    11   0  [0, 1, 4, 2, 0, 1, 4, 2, 4, 0, 0]  (2, 5)
200_1___5__    11   0  [0, 1, 4, 2, 0, 1, 0, 3, 2, 5, 0]  (2, 4)
200_3___5__    11   1  [1, 2, 1, 2, 0, 1, 0, 3, 2, 5, 0]  (2, 3)
300_3___5__    11   0  [0, 1, 2, 1, 2, 0, 1, 4, 2, 5, 0]  (2, 2)
300_4___5__    11   0  [0, 1, 4, 2, 0, 1, 4, 1, 0, 5, 0]  (2, 2)
100_2___5__    10   1  [1, 4, 2, 0, 0, 0, 4, 2, 5, 0]  (2, 4)
100_3___5__    10   1  [1, 4, 2, 0, 0, 0, 4, 2, 5, 0]  (2, 6)
100_5___5__    10   0  [0, 1, 2, 1, 3, 1, 4, 2, 5, 0]  (2, 4)
part_in:(1, 5), all_in:(2, 2), all_out:(1, 5)
row2
200_4___6__    14   0  [1, 1, 0, 3, 1, 1, 4, 1, 2, 1, 0, 0, 0, 0]  (22, 25)
200_5___6__    13   0  [3, 0, 3, 1, 1, 4, 1, 1, 0, 1, 0, 1, 0]  (21, 25)
300_4___6__    13   0  [3, 4, 1, 1, 4, 1, 0, 0, 0, 1, 0, 1, 0]  (20, 25)
200_1___6__    12   0  [1, 1, 0, 3, 1, 6, 1, 4, 0, 0, 0, 0]  (25, 26)
200_3___6__    12   0  [1, 1, 0, 3, 1, 1, 4, 3, 2, 0, 1, 0]  (24, 25)
200_2___6__    11   0  [1, 1, 0, 3, 1, 6, 6, 0, 0, 0, 0]  (23, 25)
300_3___6__    11   0  [3, 4, 1, 1, 4, 1, 1, 2, 0, 1, 0]  (24, 25)
300_5___6__    11   0  [3, 0, 3, 1, 1, 4, 1, 1, 3, 1, 0]  (19, 25)
100_1___6__    10   0  [7, 0, 1, 1, 4, 1, 4, 0, 1, 0]  (19, 25)
300_2___6__    10   0  [8, 1, 1, 4, 1, 1, 2, 0, 1, 0]  (20, 25)
100_2___6__    9   0  [0, 7, 1, 10, 1, 0, 0, 1, 0]  (19, 25)
300_1___6__    9   0  [8, 1, 6, 1, 1, 2, 0, 1, 0]  (21, 25)
100_3___6__    8   0  [4, 5, 6, 3, 2, 0, 1, 0]  (17, 25)
100_4___6__    8   0  [10, 1, 4, 3, 0, 2, 1, 0]  (19, 25)
100_5___6__    7   0  [4, 5, 1, 4, 7, 1, 0]  (25, 25)
part_in:(17, 26), all_in:(25, 25), all_out:(17, 26)
row3
300_1___7__    13   0  [6, 1, 1, 1, 0, 0, 4, 1, 1, 0, 0, 1, 0]  (23, 24)
100_3___7__    11   0  [0, 5, 1, 1, 2, 4, 4, 0, 0, 1, 0]  (22, 23)
300_4___7__    11   0  [8, 1, 1, 0, 5, 0, 0, 0, 0, 1, 2]  (23, 25)
300_5___7__    11   0  [6, 1, 1, 1, 0, 6, 0, 1, 1, 1, 0]  (23, 25)
100_1___7__    10   1  [5, 0, 0, 1, 1, 0, 9, 0, 0, 2]  (23, 23)
100_2___7__    10   0  [0, 5, 0, 0, 1, 2, 4, 6, 1, 0]  (23, 24)
100_5___7__    10   0  [6, 0, 2, 1, 0, 4, 4, 1, 1, 0]  (18, 23)
200_1___7__    10   0  [1, 5, 0, 1, 2, 3, 5, 0, 0, 2]  (19, 23)
200_3___7__    10   0  [1, 4, 1, 1, 1, 0, 9, 0, 0, 2]  (22, 23)
200_4___7__    10   0  [1, 4, 1, 1, 1, 0, 9, 0, 0, 2]  (23, 23)
200_5___7__    10   0  [6, 1, 1, 1, 0, 5, 2, 0, 1, 2]  (22, 23)
300_2___7__    10   0  [6, 1, 1, 1, 0, 5, 1, 3, 1, 0]  (23, 26)
300_3___7__    10   0  [6, 1, 1, 1, 0, 7, 1, 1, 1, 0]  (22, 23)
100_4___7__    9   0  [0, 6, 2, 1, 0, 4, 4, 1, 2]  (20, 23)
200_2___7__    8   0  [6, 1, 1, 2, 9, 1, 1, 0]  (21, 23)
part_in:(18, 26), all_in:(23, 23), all_out:(18, 26)
row4
100_1___8__    20   0  [1, 1, 0, 0, 0, 0, 0, 0, 1, 0, 1, 1, 0, 0, 0, 0, 0, 2, 2, 0]  (0, 1)
200_3___8__    18   0  [0, 0, 1, 0, 0, 0, 2, 1, 0, 1, 1, 1, 0, 0, 0, 3, 0, 1]  (0, 0)
200_4___8__    18   0  [0, 0, 1, 0, 0, 0, 4, 0, 1, 1, 1, 0, 0, 0, 3, 0, 0, 0]  (0, 1)
100_2___8__    17   0  [0, 1, 0, 0, 0, 0, 1, 0, 1, 2, 1, 1, 0, 0, 0, 5, 0]  (0, 2)
100_4___8__    17   0  [1, 1, 0, 0, 2, 0, 1, 0, 1, 1, 1, 0, 0, 3, 0, 0, 1]  (0, 1)
200_1___8__    17   0  [1, 1, 0, 0, 0, 4, 0, 1, 1, 1, 0, 0, 0, 3, 0, 0, 0]  (0, 0)
200_2___8__    17   0  [1, 1, 0, 0, 0, 2, 1, 0, 1, 1, 1, 0, 0, 0, 4, 0, 0]  (0, 0)
200_5___8__    17   0  [1, 1, 0, 0, 0, 0, 1, 1, 0, 1, 1, 1, 0, 0, 4, 0, 1]  (0, 3)
100_3___8__    16   0  [1, 0, 0, 0, 0, 2, 0, 1, 2, 1, 0, 0, 0, 0, 4, 2]  (0, 1)
300_4___8__    16   0  [1, 1, 0, 0, 3, 1, 0, 3, 1, 0, 0, 0, 1, 1, 0, 1]  (0, 1)
100_5___8__    15   0  [1, 1, 0, 0, 2, 0, 1, 0, 1, 1, 1, 0, 0, 4, 2]  (0, 1)
300_1___8__    15   0  [1, 1, 0, 0, 3, 1, 4, 1, 0, 0, 0, 1, 1, 1, 0]  (0, 0)
300_2___8__    15   0  [3, 0, 0, 3, 1, 0, 3, 1, 0, 0, 0, 1, 1, 0, 1]  (0, 0)
300_3___8__    15   0  [1, 1, 0, 0, 3, 1, 0, 1, 1, 1, 0, 0, 0, 3, 2]  (0, 0)
300_5___8__    13   0  [1, 1, 0, 0, 3, 1, 0, 3, 1, 0, 0, 2, 4]  (0, 2)
part_in:(2, 3), all_in:(0, 1), all_out:(0, 3)
sum_all
200_3___9__    13   0  [2, 0, 0, 4, 1, 2, 4, 2, 0, 1, 0, 0, 0]  (113, 129)
300_5___9__    13   3  [0, 0, 4, 1, 1, 0, 3, 0, 1, 0, 0, 3, 0]  (86, 129)
100_2___9__    12   4  [0, 1, 4, 1, 1, 3, 1, 0, 1, 0, 0, 1]  (123, 129)
200_5___9__    12   0  [2, 0, 0, 1, 2, 1, 7, 1, 3, 0, 0, 0]  (99, 129)
100_1___9__    11   4  [0, 1, 4, 1, 1, 3, 1, 0, 1, 0, 2]  (120, 129)
100_5___9__    11   4  [0, 4, 1, 1, 5, 2, 0, 1, 0, 0, 0]  (98, 129)
100_3___9__    10   4  [0, 6, 7, 1, 0, 0, 1, 0, 0, 0]  (112, 129)
100_4___9__    10   4  [0, 6, 1, 5, 1, 1, 1, 0, 0, 0]  (106, 129)
200_1___9__    10   0  [2, 0, 2, 2, 1, 7, 2, 0, 1, 2]  (111, 129)
200_4___9__    10   0  [2, 0, 0, 4, 1, 7, 2, 2, 1, 0]  (113, 129)
300_1___9__    10   4  [0, 1, 4, 1, 0, 4, 2, 1, 0, 2]  (104, 129)
300_2___9__    10   4  [0, 1, 4, 1, 0, 4, 1, 1, 0, 3]  (109, 129)
300_4___9__    10   4  [0, 6, 1, 0, 3, 0, 2, 2, 1, 0]  (92, 129)
200_2___9__    9   4  [2, 2, 1, 7, 3, 1, 0, 0, 0]  (110, 129)
300_3___9__    8   4  [0, 6, 1, 0, 4, 2, 4, 0]  (93, 129)
part_in:(86, 122), all_in:(123, 129), all_out:(86, 129)
sum16
100_2___10__    9   3  [0, 0, 7, 2, 5, 0, 3, 0, 0]  (38, 39)
100_3___10__    9   4  [0, 7, 2, 5, 0, 0, 1, 0, 1]  (33, 38)
100_5___10__    9   4  [0, 7, 1, 0, 5, 1, 1, 0, 1]  (33, 38)
200_4___10__    9   0  [9, 1, 0, 2, 0, 1, 4, 1, 2]  (36, 38)
200_5___10__    9   10  [1, 0, 2, 2, 2, 1, 1, 0, 1]  (32, 38)
100_1___10__    8   5  [1, 5, 2, 5, 2, 0, 1, 0]  (38, 39)
100_4___10__    8   4  [0, 7, 2, 5, 1, 1, 0, 1]  (33, 38)
200_1___10__    8   3  [3, 2, 1, 3, 5, 1, 1, 2]  (36, 38)
300_2___10__    8   0  [3, 9, 0, 0, 5, 1, 3, 0]  (38, 38)
300_3___10__    8   0  [3, 0, 8, 0, 0, 5, 1, 4]  (31, 38)
300_4___10__    8   0  [3, 0, 8, 0, 0, 5, 1, 4]  (31, 38)
300_5___10__    8   0  [3, 8, 0, 0, 0, 5, 1, 4]  (30, 38)
300_1___10__    7   4  [0, 8, 1, 5, 3, 1, 0]  (36, 38)
200_2___10__    6   10  [1, 3, 5, 3, 0, 1]  (36, 38)
200_3___10__    4   12  [3, 2, 4, 4]  (35, 38)
part_in:(30, 39), all_in:(38, 38), all_out:(30, 39)
gap16
100_1___11__    11   0  [1, 6, 2, 1, 3, 1, 2, 1, 1, 0, 0]  (22, 23)
100_2___11__    10   0  [1, 2, 3, 2, 1, 5, 2, 0, 2, 1]  (22, 23)
100_4___11__    10   0  [1, 4, 4, 1, 1, 3, 2, 0, 2, 1]  (22, 27)
200_3___11__    10   0  [1, 4, 0, 3, 1, 5, 3, 1, 1, 0]  (22, 25)
300_1___11__    10   0  [7, 3, 1, 1, 1, 4, 2, 0, 0, 0]  (22, 23)
300_2___11__    10   2  [4, 0, 3, 1, 1, 3, 2, 3, 0, 0]  (22, 24)
300_3___11__    10   7  [0, 3, 1, 1, 3, 2, 0, 2, 0, 0]  (22, 25)
100_5___11__    9   0  [2, 3, 4, 1, 1, 6, 0, 2, 1]  (22, 30)
300_5___11__    9   7  [0, 3, 1, 1, 6, 0, 2, 0, 0]  (22, 24)
200_1___11__    8   0  [11, 1, 3, 3, 1, 1, 1, 0]  (22, 25)
200_2___11__    8   0  [1, 5, 3, 1, 9, 1, 0, 1]  (22, 26)
200_5___11__    8   0  [6, 4, 1, 8, 0, 1, 0, 1]  (22, 29)
100_3___11__    7   0  [1, 9, 1, 5, 2, 0, 4]  (22, 26)
200_4___11__    7   0  [6, 0, 3, 1, 9, 1, 2]  (22, 25)
300_4___11__    7   7  [0, 3, 1, 8, 0, 1, 2]  (22, 25)
part_in:(24, 30), all_in:(22, 23), all_out:(22, 30)
sum25
300_4___12__    13   3  [1, 4, 1, 1, 0, 2, 0, 0, 2, 1, 0, 1, 0]  (29, 47)
100_1___12__    11   1  [3, 2, 3, 1, 1, 3, 1, 0, 2, 1, 0]  (37, 47)
100_4___12__    11   5  [1, 2, 1, 5, 0, 0, 1, 2, 0, 1, 0]  (33, 47)
300_5___12__    11   5  [2, 1, 1, 1, 0, 3, 0, 2, 1, 2, 0]  (27, 47)
300_1___12__    10   12  [1, 0, 0, 3, 2, 1, 0, 0, 0, 0]  (32, 47)
100_5___12__    9   5  [4, 1, 1, 4, 0, 2, 2, 1, 0]  (27, 47)
200_4___12__    9   10  [1, 6, 0, 2, 1, 0, 0, 0, 0]  (35, 47)
300_3___12__    9   10  [1, 1, 0, 2, 0, 3, 3, 0, 0]  (31, 47)
100_2___12__    8   1  [3, 6, 3, 5, 0, 2, 1, 0]  (40, 47)
100_3___12__    8   5  [4, 1, 5, 1, 2, 2, 1, 0]  (39, 47)
200_1___12__    8   8  [1, 1, 7, 1, 0, 2, 1, 0]  (32, 47)
300_2___12__    8   12  [1, 0, 3, 0, 4, 1, 0, 0]  (34, 47)
200_2___12__    7   10  [1, 7, 1, 2, 0, 1, 0]  (31, 47)
200_3___12__    7   10  [1, 5, 0, 0, 5, 1, 0]  (35, 47)
200_5___12__    7   10  [1, 6, 0, 4, 0, 1, 0]  (29, 47)
part_in:(27, 39), all_in:(40, 47), all_out:(27, 47)
gap25
100_5___13__    13   1  [1, 3, 3, 0, 2, 0, 1, 3, 0, 1, 1, 0, 0]  (7, 20)
200_5___13__    13   1  [1, 3, 4, 1, 0, 0, 1, 1, 1, 0, 1, 1, 1]  (7, 18)
100_4___13__    12   1  [5, 3, 0, 2, 0, 1, 2, 1, 1, 1, 0, 0]  (7, 13)
100_2___13__    11   1  [7, 1, 0, 1, 0, 0, 1, 4, 3, 0, 0]  (7, 13)
200_2___13__    10   1  [10, 1, 0, 0, 1, 1, 2, 3, 0, 0]  (7, 19)
100_1___13__    9   1  [7, 1, 0, 1, 1, 1, 1, 2, 5]  (7, 15)
100_3___13__    9   1  [5, 3, 0, 3, 1, 4, 1, 1, 1]  (7, 11)
300_1___13__    9   1  [9, 0, 0, 2, 1, 1, 2, 3, 1]  (7, 14)
300_2___13__    9   1  [7, 1, 0, 2, 0, 3, 2, 3, 1]  (7, 13)
300_5___13__    9   1  [5, 3, 0, 2, 0, 3, 2, 3, 1]  (7, 12)
200_1___13__    8   1  [11, 0, 1, 1, 1, 2, 3, 1]  (7, 19)
200_3___13__    8   1  [10, 1, 0, 0, 1, 1, 2, 5]  (7, 17)
300_4___13__    8   1  [5, 3, 3, 0, 3, 2, 3, 1]  (7, 12)
200_4___13__    7   1  [5, 4, 3, 1, 4, 4, 0]  (7, 13)
300_3___13__    7   1  [9, 0, 3, 3, 2, 3, 1]  (7, 12)
part_in:(12, 20), all_in:(7, 11), all_out:(7, 20)
sum34
200_4___14__    13   0  [1, 0, 0, 1, 3, 1, 1, 0, 4, 5, 0, 0, 0]  (41, 44)
200_2___14__    12   0  [1, 1, 0, 0, 0, 4, 2, 4, 5, 0, 0, 0]  (40, 44)
200_5___14__    12   0  [1, 0, 0, 3, 3, 2, 4, 1, 3, 0, 0, 0]  (37, 44)
300_5___14__    12   2  [0, 0, 1, 1, 1, 1, 2, 4, 4, 1, 0, 0]  (28, 44)
200_1___14__    11   0  [1, 1, 2, 0, 1, 1, 2, 4, 5, 1, 0]  (41, 44)
100_4___14__    10   2  [1, 1, 5, 7, 3, 0, 0, 0, 0, 0]  (42, 44)
100_5___14__    10   2  [1, 1, 3, 1, 7, 3, 1, 0, 0, 0]  (38, 44)
200_3___14__    10   0  [1, 1, 1, 5, 2, 4, 5, 0, 0, 0]  (41, 44)
100_1___14__    9   0  [1, 1, 1, 1, 3, 7, 4, 0, 2]  (44, 45)
100_2___14__    9   2  [1, 1, 5, 7, 4, 0, 0, 0, 0]  (44, 46)
100_3___14__    9   2  [1, 1, 5, 7, 3, 1, 0, 0, 0]  (44, 46)
300_1___14__    8   2  [1, 2, 4, 2, 4, 4, 0, 2]  (34, 44)
300_2___14__    8   4  [2, 4, 2, 4, 4, 0, 1, 0]  (35, 44)
300_4___14__    7   4  [7, 2, 4, 5, 0, 0, 0]  (31, 44)
300_3___14__    5   4  [1, 5, 2, 12, 0]  (30, 44)
part_in:(28, 46), all_in:(44, 44), all_out:(28, 46)
gap12
100_4___15__    14   1  [2, 1, 2, 0, 0, 0, 2, 1, 1, 3, 1, 0, 1, 0]  (6, 12)
100_5___15__    13   4  [5, 0, 0, 1, 0, 1, 1, 3, 0, 0, 0, 1, 0]  (2, 12)
100_1___15__    12   1  [1, 0, 2, 1, 1, 0, 1, 0, 1, 5, 0, 4]  (4, 12)
100_2___15__    12   1  [2, 4, 1, 0, 1, 0, 1, 1, 3, 2, 1, 0]  (6, 12)
100_3___15__    12   1  [2, 4, 0, 0, 0, 2, 1, 2, 2, 2, 1, 0]  (9, 12)
300_4___15__    10   3  [0, 1, 3, 0, 0, 2, 1, 7, 0, 2]  (4, 12)
200_3___15__    9   1  [2, 0, 5, 0, 2, 1, 2, 5, 2]  (4, 12)
300_1___15__    9   4  [0, 0, 2, 1, 0, 2, 1, 2, 8]  (1, 12)
300_2___15__    9   4  [0, 0, 4, 0, 2, 1, 2, 5, 2]  (3, 12)
300_3___15__    9   4  [0, 0, 1, 1, 0, 0, 2, 1, 11]  (5, 12)
200_1___15__    8   4  [0, 0, 2, 1, 0, 2, 1, 11]  (0, 12)
200_5___15__    8   4  [0, 0, 4, 0, 2, 1, 2, 8]  (3, 12)
300_5___15__    8   4  [1, 3, 0, 0, 2, 3, 5, 3]  (4, 12)
200_2___15__    7   4  [0, 5, 0, 2, 1, 2, 8]  (1, 12)
200_4___15__    7   1  [2, 6, 0, 2, 1, 2, 8]  (5, 12)
part_in:(0, 8), all_in:(9, 12), all_out:(0, 12)
gap23
100_5___16__    15   0  [3, 0, 0, 1, 0, 3, 1, 2, 1, 1, 0, 1, 1, 0, 0]  (1, 11)
100_2___16__    14   0  [3, 0, 3, 2, 0, 1, 2, 1, 1, 0, 2, 0, 0, 0]  (1, 7)
100_4___16__    13   0  [3, 1, 2, 1, 1, 4, 1, 1, 0, 1, 1, 0, 0]  (1, 7)
100_3___16__    12   0  [1, 2, 0, 2, 3, 4, 1, 1, 0, 3, 0, 0]  (1, 5)
100_1___16__    11   0  [1, 1, 0, 3, 2, 5, 1, 1, 0, 4, 0]  (1, 7)
200_1___16__    11   0  [4, 0, 0, 1, 1, 6, 1, 1, 0, 4, 0]  (1, 10)
300_5___16__    11   0  [3, 1, 1, 0, 3, 6, 0, 0, 0, 4, 0]  (1, 4)
200_3___16__    10   0  [5, 2, 1, 1, 6, 1, 0, 3, 0, 0]  (1, 6)
200_4___16__    10   0  [5, 2, 1, 1, 6, 1, 0, 3, 0, 0]  (1, 5)
200_5___16__    10   0  [5, 2, 3, 6, 1, 0, 1, 1, 0, 0]  (1, 9)
200_2___16__    9   0  [5, 2, 1, 8, 1, 0, 3, 0, 0]  (1, 10)
300_1___16__    8   0  [4, 3, 3, 6, 1, 0, 4, 0]  (1, 6)
300_2___16__    8   0  [3, 4, 3, 6, 1, 0, 4, 0]  (1, 5)
300_4___16__    8   0  [8, 3, 6, 0, 0, 0, 4, 0]  (1, 4)
300_3___16__    7   0  [4, 3, 10, 1, 0, 4, 0]  (1, 3)
part_in:(5, 11), all_in:(1, 4), all_out:(1, 11)
gap34
300_2___17__    16   0  [0, 0, 0, 2, 1, 2, 1, 1, 1, 1, 0, 0, 4, 0, 0, 0]  (2, 3)
300_4___17__    16   0  [0, 1, 2, 0, 0, 2, 1, 1, 0, 0, 2, 0, 2, 1, 0, 1]  (2, 5)
300_5___17__    16   0  [0, 1, 2, 0, 0, 2, 1, 1, 0, 0, 1, 0, 0, 4, 0, 1]  (2, 3)
100_4___17__    15   0  [0, 1, 4, 1, 0, 1, 1, 1, 1, 0, 0, 4, 0, 0, 0]  (2, 6)
100_5___17__    15   0  [0, 1, 4, 1, 0, 1, 1, 1, 1, 0, 0, 4, 0, 0, 0]  (2, 10)
300_3___17__    15   0  [0, 1, 2, 1, 2, 1, 1, 1, 1, 0, 0, 2, 1, 0, 1]  (2, 5)
200_4___17__    14   0  [0, 5, 2, 0, 3, 0, 0, 1, 0, 0, 1, 2, 1, 0]  (2, 7)
200_5___17__    14   0  [0, 1, 3, 2, 0, 3, 0, 0, 1, 0, 0, 4, 1, 0]  (2, 6)
300_1___17__    14   0  [0, 0, 0, 2, 4, 1, 1, 1, 1, 0, 0, 4, 1, 0]  (2, 3)
100_3___17__    13   0  [0, 1, 4, 1, 0, 1, 3, 1, 0, 0, 4, 1, 0]  (2, 7)
200_2___17__    13   0  [0, 6, 1, 0, 1, 1, 1, 1, 0, 0, 4, 1, 0]  (2, 7)
200_3___17__    13   0  [0, 4, 0, 2, 0, 3, 1, 1, 0, 0, 4, 1, 0]  (2, 8)
100_2___17__    12   0  [0, 8, 0, 0, 4, 1, 0, 0, 4, 0, 0, 0]  (2, 5)
200_1___17__    12   0  [0, 1, 7, 1, 1, 1, 1, 0, 0, 4, 1, 0]  (2, 7)
100_1___17__    9   0  [0, 1, 7, 5, 2, 0, 4, 1, 0]  (2, 6)
part_in:(4, 10), all_in:(2, 3), all_out:(2, 10)
gap45
100_4___18__    15   0  [1, 1, 1, 2, 0, 1, 2, 1, 0, 2, 0, 2, 0, 1, 0]  (0, 4)
200_1___18__    15   0  [2, 2, 0, 0, 0, 0, 1, 2, 1, 0, 1, 1, 0, 2, 2]  (1, 4)
200_5___18__    14   0  [1, 1, 1, 1, 0, 0, 1, 2, 1, 0, 1, 5, 1, 0]  (1, 4)
100_2___18__    13   0  [3, 1, 2, 2, 2, 1, 0, 1, 1, 3, 0, 0, 0]  (1, 4)
100_3___18__    13   0  [1, 0, 0, 1, 2, 2, 2, 1, 0, 3, 3, 1, 0]  (0, 4)
100_5___18__    13   0  [1, 1, 1, 1, 0, 0, 1, 2, 1, 0, 6, 2, 0]  (0, 4)
200_2___18__    13   0  [3, 1, 2, 0, 1, 2, 1, 0, 1, 1, 3, 1, 0]  (2, 4)
200_3___18__    13   0  [2, 0, 1, 3, 1, 2, 1, 0, 1, 1, 3, 1, 0]  (1, 4)
200_4___18__    13   0  [1, 1, 1, 1, 1, 1, 2, 1, 0, 3, 3, 1, 0]  (0, 4)
100_1___18__    11   0  [3, 1, 2, 2, 2, 1, 0, 1, 1, 3, 2]  (1, 4)
300_1___18__    11   0  [2, 2, 1, 0, 2, 2, 1, 0, 1, 5, 2]  (4, 4)
300_2___18__    11   0  [2, 2, 1, 3, 2, 1, 0, 1, 5, 1, 0]  (4, 4)
300_5___18__    11   0  [2, 2, 1, 3, 1, 0, 1, 0, 7, 1, 0]  (3, 4)
300_3___18__    10   0  [2, 2, 1, 3, 2, 1, 0, 7, 1, 0]  (3, 4)
300_4___18__    10   0  [2, 2, 5, 1, 0, 1, 0, 7, 1, 0]  (2, 4)
part_in:(0, 2), all_in:(3, 4), all_out:(0, 4)
gap56
100_3___19__    16   0  [1, 2, 2, 0, 1, 4, 0, 0, 1, 1, 0, 0, 0, 0, 1, 0]  (3, 5)
100_4___19__    15   0  [1, 2, 2, 0, 1, 4, 0, 0, 1, 1, 0, 0, 1, 1, 0]  (3, 7)
100_5___19__    14   0  [1, 2, 2, 0, 1, 5, 0, 1, 1, 0, 0, 1, 1, 0]  (3, 7)
100_1___19__    11   0  [1, 2, 2, 7, 0, 0, 3, 0, 2, 1, 0]  (3, 5)
100_2___19__    11   0  [1, 2, 2, 7, 0, 0, 3, 0, 2, 1, 0]  (3, 5)
200_4___19__    11   2  [2, 2, 0, 7, 0, 1, 1, 0, 2, 1, 0]  (3, 6)
200_5___19__    11   0  [1, 2, 2, 0, 8, 1, 1, 0, 2, 1, 0]  (3, 7)
300_1___19__    11   0  [1, 2, 2, 0, 8, 2, 0, 0, 2, 1, 0]  (3, 6)
200_1___19__    10   2  [2, 1, 0, 0, 8, 3, 0, 2, 1, 0]  (3, 5)
200_3___19__    10   2  [2, 2, 0, 7, 0, 3, 0, 2, 1, 0]  (3, 4)
300_3___19__    10   0  [1, 2, 2, 0, 7, 0, 3, 0, 2, 2]  (3, 6)
300_4___19__    10   0  [1, 2, 2, 0, 1, 6, 3, 0, 2, 2]  (3, 7)
300_5___19__    10   0  [1, 2, 3, 1, 6, 1, 1, 0, 2, 2]  (3, 7)
300_2___19__    9   0  [1, 2, 3, 8, 3, 0, 2, 1, 0]  (3, 7)
200_2___19__    8   2  [2, 3, 8, 3, 0, 2, 1, 0]  (3, 5)
part_in:(5, 7), all_in:(3, 4), all_out:(3, 7)
ball
100_2___20__    17   0  [1, 2, 1, 1, 0, 2, 0, 3, 0, 0, 0, 0, 2, 0, 0, 0, 0]  (2, 2)
200_3___20__    17   0  [1, 1, 0, 3, 0, 2, 3, 0, 0, 0, 0, 0, 2, 0, 0, 0, 0]  (2, 3)
300_3___20__    17   0  [1, 1, 0, 3, 0, 2, 1, 1, 0, 0, 0, 0, 0, 2, 0, 1, 0]  (2, 2)
100_3___20__    16   0  [1, 2, 1, 1, 0, 2, 4, 0, 0, 0, 0, 2, 0, 0, 0, 0]  (1, 2)
100_4___20__    16   0  [1, 2, 3, 0, 2, 0, 3, 0, 0, 0, 0, 2, 0, 0, 0, 0]  (2, 2)
100_5___20__    16   0  [1, 2, 2, 0, 0, 2, 4, 0, 0, 0, 0, 2, 0, 0, 0, 0]  (2, 2)
200_1___20__    16   2  [1, 0, 1, 1, 0, 2, 1, 2, 0, 0, 0, 0, 2, 0, 0, 1]  (2, 2)
200_2___20__    15   0  [1, 2, 1, 1, 0, 2, 4, 0, 0, 0, 0, 2, 0, 0, 1]  (2, 2)
300_4___20__    15   0  [1, 2, 1, 1, 0, 2, 4, 0, 0, 0, 0, 2, 0, 1, 0]  (2, 2)
300_5___20__    15   0  [1, 2, 1, 1, 0, 2, 4, 0, 0, 0, 0, 2, 0, 1, 0]  (2, 2)
100_1___20__    14   0  [1, 2, 1, 1, 0, 2, 4, 0, 0, 0, 0, 2, 0, 2]  (2, 2)
200_4___20__    14   2  [2, 3, 0, 2, 3, 0, 0, 0, 0, 0, 2, 0, 0, 1]  (2, 3)
300_1___20__    14   0  [1, 2, 3, 0, 2, 1, 2, 0, 0, 0, 0, 2, 0, 2]  (2, 2)
300_2___20__    14   0  [1, 2, 3, 0, 2, 4, 0, 0, 0, 0, 2, 0, 1, 0]  (2, 3)
200_5___20__    13   2  [2, 3, 0, 2, 3, 0, 0, 0, 0, 0, 2, 0, 2]  (2, 3)
part_in:(1, 3), all_in:(2, 2), all_out:(1, 3)
ball_column
100_1___21__    9   5  [1, 1, 0, 1, 1, 3, 1, 3, 4]  (3, 9)
100_3___21__    9   7  [1, 0, 1, 1, 5, 3, 2, 0, 0]  (3, 4)
200_2___21__    9   7  [4, 1, 3, 1, 3, 0, 1, 0, 0]  (3, 11)
300_4___21__    9   7  [1, 0, 2, 0, 5, 3, 2, 0, 0]  (3, 8)
300_5___21__    9   7  [1, 2, 0, 0, 5, 3, 2, 0, 0]  (3, 8)
100_2___21__    8   7  [2, 1, 1, 5, 3, 2, 0, 0]  (3, 8)
100_4___21__    8   7  [1, 2, 1, 5, 3, 2, 0, 0]  (3, 7)
200_3___21__    8   10  [1, 1, 5, 3, 0, 1, 0, 0]  (3, 10)
300_2___21__    8   7  [2, 1, 0, 0, 5, 3, 3, 0]  (3, 12)
300_3___21__    8   7  [2, 2, 0, 5, 3, 0, 2, 0]  (3, 8)
100_5___21__    7   9  [2, 1, 5, 3, 2, 0, 0]  (3, 9)
200_4___21__    7   12  [1, 5, 3, 0, 1, 0, 0]  (3, 9)
300_1___21__    7   7  [2, 2, 0, 3, 1, 3, 4]  (3, 12)
200_1___21__    6   7  [6, 3, 1, 3, 2, 1]  (3, 10)
200_5___21__    6   13  [0, 5, 3, 2, 0, 0]  (3, 11)
part_in:(5, 12), all_in:(3, 4), all_out:(3, 12)
blue
100_5___22__    16   0  [1, 1, 0, 0, 1, 0, 1, 1, 0, 0, 4, 3, 0, 0, 0, 1]  (6, 13)
200_3___22__    15   0  [1, 1, 0, 0, 1, 2, 0, 0, 0, 0, 4, 4, 0, 0, 1]  (5, 13)
100_4___22__    14   0  [1, 1, 0, 0, 1, 2, 1, 0, 0, 8, 0, 0, 0, 1]  (4, 13)
300_2___22__    14   0  [2, 0, 0, 0, 1, 2, 3, 4, 2, 0, 0, 0, 0, 1]  (7, 13)
300_5___22__    14   0  [1, 1, 0, 0, 1, 0, 1, 8, 2, 0, 0, 0, 0, 1]  (3, 13)
100_2___22__    13   0  [2, 0, 0, 0, 1, 2, 1, 1, 8, 0, 0, 0, 1]  (8, 13)
200_2___22__    13   0  [1, 0, 0, 0, 0, 1, 3, 0, 1, 9, 0, 0, 1]  (4, 13)
100_1___22__    12   0  [3, 3, 2, 1, 0, 0, 8, 0, 0, 0, 0, 0]  (6, 13)
100_3___22__    12   0  [3, 0, 0, 1, 2, 1, 1, 8, 0, 0, 0, 1]  (5, 13)
200_5___22__    12   0  [1, 1, 0, 0, 1, 3, 3, 3, 4, 0, 0, 1]  (3, 13)
200_4___22__    11   0  [1, 1, 0, 0, 1, 3, 1, 10, 0, 0, 1]  (1, 13)
300_1___22__    11   0  [2, 4, 2, 1, 1, 4, 3, 0, 0, 0, 1]  (7, 13)
300_3___22__    11   0  [2, 1, 0, 1, 2, 8, 3, 0, 0, 0, 1]  (8, 13)
300_4___22__    11   0  [1, 2, 0, 1, 2, 8, 3, 0, 0, 0, 1]  (6, 13)
200_1___22__    9   0  [3, 1, 1, 3, 0, 1, 4, 6, 1]  (6, 13)
part_in:(1, 7), all_in:(8, 13), all_out:(1, 13)
blue_sort
300_4___23__    12   0  [1, 0, 1, 6, 0, 3, 4, 1, 0, 1, 0, 0]  (12, 13)
100_5___23__    11   0  [1, 0, 4, 3, 1, 7, 1, 0, 1, 0, 0]  (8, 12)
100_4___23__    10   0  [2, 4, 4, 0, 4, 2, 2, 1, 0, 0]  (6, 12)
200_4___23__    10   0  [12, 0, 2, 1, 2, 1, 0, 1, 0, 0]  (12, 13)
300_5___23__    10   0  [1, 9, 0, 3, 4, 1, 0, 1, 0, 0]  (10, 12)
200_5___23__    9   0  [7, 3, 4, 4, 1, 0, 1, 0, 0]  (11, 12)
300_1___23__    9   0  [4, 6, 0, 3, 4, 2, 1, 0, 0]  (7, 12)
300_3___23__    9   0  [1, 10, 3, 4, 1, 0, 1, 0, 0]  (12, 12)
100_1___23__    8   0  [1, 1, 7, 0, 11, 1, 0, 0]  (6, 12)
300_2___23__    8   0  [4, 7, 3, 4, 2, 1, 0, 0]  (7, 12)
100_3___23__    7   0  [1, 5, 5, 10, 1, 0, 0]  (5, 12)
200_1___23__    7   0  [13, 2, 4, 2, 1, 0, 0]  (7, 12)
200_3___23__    7   0  [12, 3, 6, 0, 1, 0, 0]  (10, 12)
200_2___23__    6   0  [10, 5, 7, 1, 0, 0]  (8, 12)
100_2___23__    5   0  [7, 16, 1, 0, 0]  (7, 12)
part_in:(5, 13), all_in:(12, 12), all_out:(5, 13)
