continues1
18_10: 18: [4, 7, 11, 15, 20, 28]: [2, 2, 1, 2, 1, 1, 2, 1, 1, 1, 1, 1, 2, 2, 1, 3, 3, 1]: 1
11_8: 15: [1, 4, 9, 12, 20, 24]: [2, 2, 1, 2, 2, 1, 1, 1, 1, 1, 1, 1, 2, 3, 1]: 2
18_3: 14: [5, 10, 14, 19, 26, 31]: [1, 3, 1, 1, 1, 2, 1, 1, 1, 1, 1, 1, 1, 1]: 1
3_3: 13: [6, 11, 13, 18, 24, 29]: [2, 3, 1, 1, 1, 2, 1, 1, 1, 2, 1, 1, 1]: 1
17_7: 12: [2, 1, 5, 12, 15, 18]: [1, 3, 2, 2, 1, 1, 1, 1, 2, 1, 2, 1]: 1
1_6: 9: [5, 11, 16, 21, 23, 26]: [1, 2, 1, 1, 2, 1, 2, 1, 2]: 0
4_2: 9: [4, 12, 14, 20, 24, 29]: [2, 3, 1, 1, 1, 1, 1, 1, 1]: 2
4_8: 9: [5, 7, 14, 19, 21, 27]: [1, 2, 1, 1, 1, 4, 1, 2, 3]: 1
6_3: 9: [5, 9, 13, 18, 25, 29]: [2, 1, 1, 1, 1, 1, 2, 1, 1]: 0
11_7: 8: [0, 4, 8, 12, 16, 21]: [1, 2, 1, 1, 1, 1, 2, 1]: 1
6_10: 8: [3, 4, 5, 9, 10, 24]: [1, 3, 1, 1, 1, 1, 1, 2]: 1
3_2: 7: [5, 9, 12, 18, 23, 30]: [2, 1, 1, 1, 1, 1, 1]: 0
8_8: 7: [2, 5, 10, 14, 17, 22]: [1, 2, 1, 2, 1, 1, 2]: 3
20_2: 7: [3, 10, 12, 17, 23, 29]: [1, 2, 1, 1, 1, 1, 2]: 1
20_3: 7: [5, 10, 13, 17, 24, 29]: [2, 4, 1, 1, 1, 1, 3]: 1
20_9: 7: [5, 7, 7, 14, 19, 25]: [1, 1, 2, 2, 1, 1, 1]: 1
2_10: 6: [3, 5, 9, 13, 16, 27]: [1, 2, 1, 2, 2, 1]: 0
10_10: 6: [3, 5, 11, 14, 16, 23]: [2, 2, 1, 1, 1, 1]: 1
4_1: 5: [5, 14, 15, 20, 24, 28]: [1, 2, 1, 1, 2]: 1
5_2: 5: [1, 11, 14, 19, 23, 29]: [3, 1, 1, 2, 2]: 2
continues0
2_9: 4: [3, 5, 9, 12, 17, 25]: [0, 0, 0, 0, 2, 0, 0, 1, 0, 1, 0]: 1
7_6: 3: [2, 3, 9, 12, 18, 17]: [0, 0, 0, 1, 1, 0, 1, 1, 2, 1, 1]: 1
7_7: 3: [3, 3, 7, 12, 19, 20]: [0, 0, 0, 3, 1, 0, 3, 1, 2, 0, 0]: 0
11_1: 3: [9, 11, 12, 18, 27, 30]: [0, 0, 0, 2, 1, 2, 1, 2, 0, 1, 1]: 0
15_10: 3: [1, 4, 8, 12, 14, 24]: [0, 0, 0, 1, 1, 1, 1, 1, 0, 2, 0]: 3
2_8: 2: [4, 5, 10, 15, 19, 26]: [0, 0, 2, 0, 0, 1, 1, 2, 1, 1, 1]: 1
7_8: 2: [3, 5, 8, 15, 22, 24]: [0, 0, 1, 3, 1, 2, 0, 0, 0, 2, 0]: 1
9_6: 2: [1, 2, 6, 8, 13, 19]: [0, 0, 2, 1, 2, 0, 2, 1, 0, 1, 1]: 2
17_9: 2: [3, 1, 5, 13, 16, 22]: [0, 0, 1, 1, 1, 0, 1, 0, 0, 2, 3]: 2
19_6: 2: [2, 5, 10, 12, 14, 21]: [0, 0, 1, 1, 1, 2, 2, 2, 2, 1, 0]: 1
20_6: 2: [2, 3, 10, 13, 21, 26]: [0, 0, 2, 1, 1, 1, 1, 0, 1, 1, 0]: 0
4_10: 2: [2, 2, 7, 11, 13, 24]: [0, 0, 1, 1, 1, 1, 1, 2, 1, 2, 3]: 0
1_3: 1: [5, 9, 12, 17, 24, 29]: [0, 1, 1, 1, 1, 3, 1, 1, 1, 2, 2]: 1
1_7: 1: [6, 11, 17, 23, 25, 28]: [0, 2, 0, 0, 2, 0, 1, 1, 1, 1, 1]: 2
4_7: 1: [3, 6, 12, 18, 19, 23]: [0, 1, 1, 0, 1, 2, 0, 1, 1, 2, 2]: 1
5_3: 1: [4, 9, 12, 18, 23, 30]: [0, 2, 1, 0, 2, 1, 1, 0, 1, 2, 1]: 1
5_6: 1: [4, 3, 7, 10, 18, 16]: [0, 2, 2, 3, 1, 1, 1, 3, 0, 2, 1]: 1
5_7: 1: [4, 5, 8, 13, 19, 17]: [0, 2, 1, 0, 2, 3, 1, 0, 1, 0, 1]: 2
6_1: 1: [4, 6, 10, 16, 23, 29]: [0, 2, 1, 0, 1, 0, 0, 2, 0, 1, 1]: 2
6_6: 1: [2, 4, 7, 8, 12, 23]: [0, 1, 0, 2, 1, 2, 3, 0, 3, 0, 1]: 1
7_3: 1: [6, 11, 15, 20, 25, 30]: [0, 2, 1, 0, 1, 2, 1, 1, 1, 1, 1]: 1
8_6: 1: [3, 4, 9, 12, 16, 19]: [0, 2, 0, 1, 1, 0, 1, 1, 1, 0, 1]: 1
10_1: 1: [4, 6, 10, 16, 21, 29]: [0, 1, 2, 1, 2, 1, 0, 0, 1, 1, 0]: 2
10_8: 1: [1, 5, 10, 14, 19, 24]: [0, 1, 0, 3, 2, 1, 2, 0, 1, 0, 1]: 2
11_2: 1: [4, 9, 12, 19, 26, 31]: [0, 1, 1, 1, 1, 2, 0, 0, 1, 0, 0]: 1
11_9: 1: [1, 4, 8, 13, 19, 24]: [0, 1, 1, 0, 2, 0, 1, 0, 0, 2, 0]: 2
12_1: 1: [6, 15, 18, 26, 28, 30]: [0, 3, 1, 3, 0, 1, 1, 1, 2, 0, 1]: 1
12_7: 1: [2, 4, 11, 14, 20, 27]: [0, 1, 0, 0, 1, 1, 0, 1, 0, 0, 1]: 2
15_6: 1: [2, 3, 9, 12, 19, 19]: [0, 1, 1, 0, 0, 2, 3, 1, 1, 0, 1]: 0
16_2: 1: [6, 14, 18, 21, 25, 29]: [0, 4, 2, 0, 1, 1, 1, 2, 1, 0, 1]: 2
16_6: 1: [2, 5, 8, 12, 14, 19]: [0, 1, 1, 0, 1, 0, 1, 1, 1, 1, 1]: 1
16_7: 1: [3, 4, 9, 13, 15, 20]: [0, 1, 0, 2, 0, 0, 0, 1, 0, 0, 0]: 1
16_8: 1: [4, 3, 10, 13, 15, 19]: [0, 1, 1, 2, 0, 1, 3, 2, 1, 0, 0]: 1
17_1: 1: [8, 11, 11, 18, 25, 29]: [0, 1, 1, 0, 0, 2, 0, 1, 2, 2, 2]: 0
19_8: 1: [1, 3, 10, 13, 15, 23]: [0, 2, 0, 1, 2, 1, 2, 0, 1, 0, 2]: 1
20_7: 1: [2, 5, 9, 14, 20, 25]: [0, 2, 2, 2, 3, 1, 0, 2, 1, 1, 1]: 1
1_0: 0: [4, 7, 11, 18, 19, 26]: [1, 2, 1, 0, 1, 2, 2, 1, 0, 2, 0]: 1
1_1: 0: [3, 8, 11, 17, 25, 28]: [1, 1, 0, 0, 0, 2, 1, 3, 1, 1, 1]: 1
1_2: 0: [2, 8, 11, 19, 25, 30]: [2, 0, 1, 1, 1, 1, 2, 1, 1, 2, 0]: 0
1_4: 0: [4, 8, 12, 17, 23, 28]: [1, 3, 1, 0, 0, 1, 1, 0, 1, 2, 0]: 2
1_5: 0: [4, 9, 13, 18, 23, 28]: [0, 0, 1, 3, 1, 0, 1, 1, 1, 1, 1]: 1
1_6: 0: [5, 11, 16, 21, 23, 26]: [1, 2, 1, 1, 2, 1, 2, 1, 2, 0, 1]: 0
1_8: 0: [5, 8, 12, 20, 23, 27]: [1, 2, 1, 0, 0, 3, 1, 2, 0, 0, 1]: 0
1_9: 0: [5, 9, 13, 20, 22, 26]: [3, 2, 0, 0, 0, 1, 1, 2, 0, 3, 1]: 1
2_0: 0: [3, 5, 9, 13, 16, 27]: [1, 2, 1, 2, 2, 1, 0, 1, 0, 1, 1]: 0
2_1: 0: [6, 10, 11, 19, 24, 30]: [3, 0, 3, 2, 1, 0, 1, 1, 2, 1, 2]: 1
2_2: 0: [4, 9, 10, 17, 23, 29]: [1, 0, 2, 3, 1, 0, 1, 1, 1, 3, 0]: 2
2_3: 0: [5, 11, 15, 20, 26, 30]: [1, 1, 0, 1, 0, 0, 0, 1, 1, 1, 2]: 0
2_4: 0: [5, 9, 13, 19, 24, 28]: [2, 2, 2, 1, 1, 1, 0, 1, 1, 1, 1]: 0
2_5: 0: [5, 9, 13, 18, 24, 28]: [1, 0, 1, 3, 1, 0, 1, 1, 1, 0, 0]: 0
2_6: 0: [3, 3, 6, 11, 16, 21]: [1, 0, 2, 0, 1, 1, 2, 1, 0, 1, 0]: 1
2_7: 0: [3, 3, 8, 12, 15, 22]: [2, 0, 2, 1, 2, 0, 1, 2, 0, 2, 0]: 1
3_0: 0: [4, 5, 11, 15, 20, 27]: [1, 1, 0, 1, 0, 2, 1, 1, 1, 0, 2]: 1
3_1: 0: [5, 9, 11, 18, 25, 30]: [2, 2, 0, 2, 1, 3, 1, 0, 1, 0, 3]: 0
3_2: 0: [5, 9, 12, 18, 23, 30]: [2, 1, 1, 1, 1, 1, 1, 0, 1, 1, 1]: 0
3_3: 0: [6, 11, 13, 18, 24, 29]: [2, 3, 1, 1, 1, 2, 1, 1, 1, 2, 1]: 1
3_4: 0: [5, 8, 12, 17, 22, 27]: [2, 3, 1, 0, 0, 1, 0, 1, 1, 2, 1]: 2
3_5: 0: [5, 9, 13, 18, 23, 28]: [0, 0, 0, 1, 1, 0, 1, 2, 1, 1, 1]: 0
3_6: 0: [5, 7, 11, 17, 24, 27]: [2, 1, 1, 1, 0, 0, 2, 1, 0, 3, 2]: 1
3_7: 0: [2, 5, 10, 17, 24, 29]: [2, 1, 1, 1, 0, 0, 2, 3, 1, 1, 2]: 1
3_8: 0: [1, 5, 10, 18, 25, 29]: [1, 2, 1, 0, 0, 1, 3, 0, 1, 2, 2]: 1
3_9: 0: [2, 5, 11, 15, 22, 27]: [1, 3, 0, 1, 1, 0, 0, 1, 0, 1, 1]: 1
4_0: 0: [2, 2, 7, 11, 13, 24]: [0, 0, 1, 1, 1, 1, 1, 2, 1, 2, 3]: 0
4_1: 0: [5, 14, 15, 20, 24, 28]: [1, 2, 1, 1, 2, 0, 0, 1, 2, 2, 1]: 1
4_2: 0: [4, 12, 14, 20, 24, 29]: [2, 3, 1, 1, 1, 1, 1, 1, 1, 0, 1]: 2
4_3: 0: [5, 10, 13, 18, 25, 29]: [3, 1, 0, 1, 2, 1, 2, 2, 1, 0, 2]: 0
4_4: 0: [4, 8, 13, 18, 24, 28]: [2, 1, 1, 0, 0, 1, 3, 0, 1, 1, 0]: 1
4_5: 0: [4, 9, 13, 18, 23, 28]: [2, 0, 1, 2, 0, 2, 1, 1, 1, 0, 0]: 1
4_6: 0: [3, 7, 11, 16, 18, 24]: [2, 0, 1, 2, 2, 1, 2, 0, 2, 1, 1]: 0
4_8: 0: [5, 7, 14, 19, 21, 27]: [1, 2, 1, 1, 1, 4, 1, 2, 3, 0, 1]: 1
4_9: 0: [3, 3, 9, 12, 14, 22]: [1, 2, 0, 1, 2, 2, 0, 1, 2, 1, 0]: 2
5_0: 0: [4, 4, 6, 10, 14, 24]: [2, 1, 0, 1, 2, 0, 1, 1, 0, 1, 1]: 3
5_1: 0: [1, 8, 9, 12, 20, 29]: [1, 1, 1, 0, 3, 1, 0, 0, 1, 2, 0]: 1
5_2: 0: [1, 11, 14, 19, 23, 29]: [3, 1, 1, 2, 2, 0, 2, 2, 0, 0, 1]: 2
5_4: 0: [4, 8, 13, 18, 23, 28]: [0, 1, 1, 2, 1, 2, 1, 1, 1, 2, 0]: 1
5_5: 0: [4, 8, 13, 18, 23, 28]: [2, 0, 1, 2, 1, 2, 1, 1, 1, 1, 0]: 1
5_8: 0: [5, 6, 11, 17, 20, 20]: [1, 0, 1, 1, 1, 2, 0, 0, 1, 0, 0]: 2
5_9: 0: [4, 4, 6, 11, 16, 19]: [3, 1, 0, 1, 1, 1, 1, 1, 0, 1, 1]: 2
6_0: 0: [3, 4, 5, 9, 10, 24]: [1, 3, 1, 1, 1, 1, 1, 2, 0, 0, 0]: 1
6_2: 0: [5, 9, 12, 17, 24, 31]: [1, 2, 1, 2, 1, 0, 0, 0, 1, 1, 1]: 1
6_3: 0: [5, 9, 13, 18, 25, 29]: [2, 1, 1, 1, 1, 1, 2, 1, 1, 0, 1]: 0
6_4: 0: [4, 7, 12, 17, 23, 27]: [1, 1, 2, 0, 2, 1, 1, 0, 1, 1, 1]: 2
6_5: 0: [4, 8, 13, 18, 23, 28]: [2, 1, 1, 3, 1, 0, 1, 1, 1, 1, 1]: 1
6_7: 0: [3, 5, 10, 11, 15, 24]: [1, 2, 1, 2, 0, 3, 1, 0, 1, 0, 3]: 0
6_8: 0: [5, 6, 12, 14, 19, 27]: [3, 0, 1, 1, 0, 0, 1, 2, 1, 3, 2]: 2
6_9: 0: [4, 5, 7, 11, 13, 25]: [3, 1, 2, 0, 1, 1, 2, 1, 0, 1, 1]: 1
7_0: 0: [4, 5, 9, 12, 16, 19]: [1, 0, 0, 0, 2, 0, 2, 0, 1, 1, 2]: 1
7_1: 0: [4, 17, 18, 24, 24, 30]: [2, 2, 1, 1, 0, 1, 2, 0, 2, 0, 2]: 2
7_2: 0: [4, 14, 16, 21, 24, 30]: [1, 0, 2, 2, 1, 1, 1, 0, 1, 1, 0]: 2
7_4: 0: [5, 8, 13, 18, 23, 28]: [0, 3, 1, 0, 1, 0, 1, 0, 1, 2, 0]: 0
7_5: 0: [4, 9, 13, 18, 23, 28]: [2, 1, 0, 1, 1, 1, 1, 1, 1, 1, 1]: 1
7_9: 0: [3, 5, 9, 13, 18, 19]: [2, 1, 0, 0, 1, 1, 2, 1, 2, 0, 1]: 0
8_0: 0: [3, 5, 11, 15, 17, 23]: [1, 1, 0, 3, 1, 1, 1, 1, 0, 1, 1]: 1
8_1: 0: [6, 12, 14, 20, 23, 29]: [1, 1, 0, 1, 1, 1, 1, 0, 1, 1, 1]: 2
8_2: 0: [5, 12, 14, 20, 23, 29]: [1, 1, 0, 3, 0, 1, 1, 1, 1, 0, 2]: 1
8_3: 0: [5, 9, 13, 18, 25, 29]: [2, 2, 1, 0, 2, 1, 1, 1, 0, 1, 2]: 0
8_4: 0: [4, 8, 12, 18, 23, 27]: [2, 4, 1, 0, 0, 0, 2, 0, 1, 1, 1]: 1
8_5: 0: [5, 9, 14, 18, 23, 28]: [1, 1, 1, 1, 1, 0, 1, 1, 1, 0, 1]: 1
8_7: 0: [2, 4, 8, 11, 16, 17]: [1, 1, 0, 1, 0, 3, 3, 0, 1, 1, 2]: 2
8_8: 0: [2, 5, 10, 14, 17, 22]: [1, 2, 1, 2, 1, 1, 2, 0, 2, 0, 0]: 3
8_9: 0: [3, 5, 9, 13, 15, 20]: [2, 2, 0, 1, 2, 1, 1, 0, 1, 0, 2]: 0
9_0: 0: [3, 6, 10, 15, 17, 24]: [2, 0, 1, 2, 1, 1, 2, 1, 1, 1, 0]: 2
9_1: 0: [3, 13, 14, 23, 26, 32]: [1, 1, 1, 2, 1, 0, 1, 0, 1, 3, 2]: 1
9_2: 0: [5, 13, 14, 22, 24, 30]: [1, 1, 1, 1, 0, 2, 1, 1, 1, 0, 0]: 2
9_3: 0: [5, 9, 14, 20, 26, 30]: [2, 0, 1, 3, 2, 2, 0, 1, 1, 0, 1]: 1
9_4: 0: [5, 9, 13, 18, 24, 28]: [2, 1, 1, 1, 1, 1, 1, 1, 1, 1, 1]: 0
9_5: 0: [4, 9, 13, 18, 23, 28]: [1, 0, 1, 1, 1, 0, 1, 1, 1, 1, 1]: 1
9_7: 0: [4, 2, 9, 14, 15, 17]: [1, 2, 0, 0, 2, 1, 3, 0, 2, 1, 1]: 3
9_8: 0: [3, 3, 10, 16, 18, 19]: [2, 3, 0, 0, 2, 0, 0, 1, 2, 1, 0]: 0
9_9: 0: [3, 4, 9, 15, 16, 20]: [2, 2, 1, 1, 0, 1, 2, 0, 0, 1, 0]: 1
10_0: 0: [3, 5, 11, 14, 16, 23]: [2, 2, 1, 1, 1, 1, 0, 1, 1, 1, 1]: 1
10_2: 0: [3, 8, 12, 18, 23, 28]: [2, 0, 1, 1, 1, 1, 1, 1, 1, 2, 0]: 0
10_3: 0: [4, 9, 13, 18, 27, 31]: [1, 0, 1, 0, 0, 3, 2, 0, 1, 2, 2]: 1
10_4: 0: [4, 8, 14, 19, 24, 28]: [0, 3, 2, 0, 0, 1, 3, 0, 1, 2, 1]: 2
10_5: 0: [4, 9, 13, 18, 24, 28]: [1, 0, 1, 1, 1, 2, 2, 1, 1, 1, 1]: 1
10_6: 0: [3, 2, 9, 11, 17, 20]: [1, 3, 2, 2, 1, 0, 1, 1, 1, 0, 0]: 1
10_7: 0: [3, 4, 9, 12, 16, 21]: [3, 0, 2, 0, 1, 1, 3, 1, 1, 1, 1]: 1
10_9: 0: [4, 5, 11, 14, 17, 22]: [1, 2, 1, 1, 1, 0, 1, 0, 1, 2, 1]: 4
11_0: 0: [2, 3, 7, 13, 18, 25]: [1, 0, 1, 1, 2, 2, 0, 1, 0, 2, 1]: 0
11_3: 0: [5, 10, 14, 19, 26, 30]: [3, 2, 1, 2, 1, 0, 1, 1, 1, 0, 1]: 1
11_4: 0: [4, 8, 13, 18, 23, 28]: [0, 0, 1, 1, 1, 1, 3, 0, 1, 2, 1]: 1
11_5: 0: [4, 9, 13, 18, 23, 28]: [2, 0, 1, 2, 1, 1, 2, 1, 1, 1, 1]: 1
11_6: 0: [2, 2, 8, 10, 14, 21]: [1, 0, 3, 2, 2, 1, 2, 0, 2, 1, 1]: 1
11_7: 0: [0, 4, 8, 12, 16, 21]: [1, 2, 1, 1, 1, 1, 2, 1, 0, 0, 2]: 1
11_8: 0: [1, 4, 9, 12, 20, 24]: [2, 2, 1, 2, 2, 1, 1, 1, 1, 1, 1]: 2
12_0: 0: [3, 5, 12, 15, 18, 27]: [2, 0, 0, 2, 0, 0, 1, 3, 0, 1, 1]: 0
12_2: 0: [5, 13, 16, 23, 26, 30]: [2, 1, 1, 2, 2, 0, 1, 1, 1, 1, 1]: 0
12_3: 0: [5, 10, 14, 18, 23, 28]: [2, 0, 1, 1, 1, 2, 1, 1, 1, 2, 2]: 1
12_4: 0: [4, 8, 13, 17, 23, 28]: [0, 1, 1, 1, 1, 1, 1, 1, 1, 2, 1]: 2
12_5: 0: [4, 9, 13, 18, 23, 28]: [2, 0, 1, 1, 0, 1, 2, 1, 1, 1, 1]: 1
12_6: 0: [2, 4, 12, 13, 20, 25]: [2, 1, 0, 2, 1, 1, 1, 0, 1, 3, 0]: 1
12_8: 0: [2, 4, 15, 20, 24, 29]: [1, 3, 0, 2, 1, 1, 1, 1, 0, 2, 2]: 1
12_9: 0: [4, 5, 13, 16, 19, 26]: [1, 2, 0, 2, 1, 1, 1, 2, 1, 3, 1]: 1
13_0: 0: [3, 4, 7, 11, 13, 26]: [2, 2, 1, 2, 2, 0, 1, 2, 1, 2, 0]: 1
13_1: 0: [2, 8, 14, 19, 21, 28]: [2, 2, 2, 1, 1, 0, 3, 1, 2, 1, 3]: 1
13_2: 0: [4, 10, 14, 19, 24, 29]: [2, 0, 1, 1, 3, 2, 1, 1, 1, 1, 2]: 2
13_3: 0: [4, 9, 13, 18, 23, 29]: [1, 3, 2, 1, 0, 2, 0, 0, 1, 0, 1]: 1
13_4: 0: [4, 8, 13, 18, 23, 29]: [1, 3, 2, 1, 1, 1, 1, 0, 1, 1, 1]: 1
13_5: 0: [4, 9, 13, 18, 24, 28]: [2, 0, 1, 0, 0, 0, 0, 1, 1, 0, 1]: 1
13_6: 0: [3, 1, 5, 10, 14, 22]: [1, 1, 0, 1, 2, 0, 0, 0, 2, 1, 1]: 3
13_7: 0: [2, 2, 9, 13, 16, 24]: [2, 0, 0, 1, 2, 1, 0, 1, 1, 1, 2]: 0
13_8: 0: [5, 7, 16, 22, 25, 27]: [1, 0, 0, 1, 2, 2, 3, 2, 1, 0, 0]: 1
13_9: 0: [4, 4, 6, 12, 14, 24]: [3, 0, 0, 1, 0, 1, 0, 3, 0, 1, 1]: 3
14_0: 0: [3, 3, 9, 13, 14, 24]: [3, 2, 0, 2, 3, 0, 0, 1, 1, 1, 3]: 1
14_1: 0: [5, 14, 16, 20, 23, 30]: [3, 2, 0, 1, 1, 2, 2, 1, 1, 3, 1]: 1
14_2: 0: [4, 8, 11, 16, 20, 28]: [2, 1, 0, 2, 0, 0, 0, 1, 1, 1, 2]: 1
14_3: 0: [6, 11, 15, 20, 25, 30]: [1, 2, 0, 2, 2, 0, 2, 2, 1, 1, 2]: 1
14_4: 0: [4, 8, 13, 19, 24, 28]: [1, 2, 1, 1, 1, 1, 1, 1, 1, 1, 1]: 1
14_5: 0: [4, 9, 13, 18, 23, 28]: [1, 0, 2, 1, 0, 2, 1, 1, 1, 0, 1]: 1
14_6: 0: [3, 4, 10, 12, 20, 26]: [1, 1, 0, 0, 2, 1, 1, 0, 2, 1, 1]: 1
14_7: 0: [2, 3, 9, 13, 18, 25]: [2, 0, 2, 1, 1, 0, 2, 1, 1, 1, 0]: 0
14_8: 0: [3, 4, 11, 15, 20, 25]: [1, 0, 0, 2, 0, 1, 2, 0, 1, 1, 2]: 1
14_9: 0: [3, 4, 8, 11, 14, 21]: [1, 0, 0, 1, 2, 0, 3, 3, 2, 2, 1]: 2
15_0: 0: [1, 4, 8, 12, 14, 24]: [0, 0, 0, 1, 1, 1, 1, 1, 0, 2, 0]: 3
15_1: 0: [4, 9, 14, 19, 23, 29]: [1, 0, 1, 1, 1, 1, 1, 2, 1, 0, 1]: 2
15_2: 0: [4, 9, 15, 20, 23, 30]: [1, 0, 1, 1, 2, 0, 1, 2, 2, 0, 1]: 1
15_3: 0: [5, 8, 13, 18, 24, 30]: [2, 0, 1, 2, 2, 1, 1, 1, 1, 1, 1]: 0
15_4: 0: [4, 8, 13, 17, 23, 28]: [2, 2, 2, 1, 0, 1, 1, 1, 1, 0, 1]: 2
15_5: 0: [4, 8, 13, 18, 23, 28]: [2, 1, 1, 2, 1, 0, 0, 1, 1, 0, 0]: 1
15_7: 0: [1, 2, 9, 13, 19, 22]: [1, 1, 0, 3, 1, 2, 1, 0, 1, 3, 0]: 2
15_8: 0: [2, 2, 10, 15, 21, 24]: [1, 1, 0, 1, 0, 1, 0, 1, 1, 1, 2]: 0
15_9: 0: [1, 3, 7, 12, 15, 23]: [1, 1, 1, 2, 0, 0, 1, 2, 2, 2, 1]: 1
16_0: 0: [4, 5, 8, 13, 14, 23]: [1, 3, 1, 0, 0, 0, 1, 1, 1, 0, 1]: 2
16_1: 0: [9, 15, 18, 22, 23, 29]: [2, 0, 1, 2, 1, 0, 1, 2, 0, 1, 2]: 1
16_3: 0: [6, 11, 16, 20, 26, 30]: [1, 1, 0, 1, 2, 2, 2, 0, 1, 0, 2]: 1
16_4: 0: [4, 9, 14, 18, 24, 28]: [1, 2, 2, 0, 2, 2, 2, 0, 1, 2, 1]: 2
16_5: 0: [4, 9, 14, 18, 23, 28]: [0, 1, 1, 2, 2, 1, 2, 0, 1, 1, 1]: 2
16_9: 0: [3, 4, 8, 15, 15, 22]: [2, 0, 2, 0, 0, 2, 0, 2, 1, 3, 1]: 2
17_0: 0: [3, 3, 6, 13, 16, 24]: [1, 1, 0, 1, 0, 1, 2, 1, 0, 2, 1]: 1
17_2: 0: [3, 8, 11, 18, 23, 30]: [1, 2, 0, 0, 0, 2, 0, 1, 0, 1, 0]: 0
17_3: 0: [5, 8, 12, 15, 25, 31]: [2, 3, 2, 2, 0, 0, 1, 0, 1, 1, 1]: 0
17_4: 0: [4, 8, 13, 18, 23, 28]: [2, 0, 1, 2, 1, 1, 2, 1, 1, 1, 0]: 1
17_5: 0: [5, 9, 13, 18, 23, 28]: [0, 0, 1, 3, 1, 2, 2, 1, 1, 1, 0]: 0
17_6: 0: [3, 2, 6, 13, 15, 18]: [2, 2, 1, 1, 0, 2, 2, 1, 1, 2, 0]: 1
17_7: 0: [2, 1, 5, 12, 15, 18]: [1, 3, 2, 2, 1, 1, 1, 1, 2, 1, 2]: 1
17_8: 0: [4, 3, 10, 18, 21, 25]: [1, 1, 1, 1, 0, 0, 1, 2, 1, 0, 1]: 1
18_0: 0: [4, 7, 11, 15, 20, 28]: [2, 2, 1, 2, 1, 1, 2, 1, 1, 1, 1]: 1
18_1: 0: [3, 11, 9, 18, 26, 31]: [1, 1, 0, 2, 0, 1, 0, 1, 1, 1, 2]: 0
18_2: 0: [2, 9, 9, 16, 23, 30]: [2, 3, 0, 1, 1, 1, 0, 3, 1, 1, 1]: 0
18_3: 0: [5, 10, 14, 19, 26, 31]: [1, 3, 1, 1, 1, 2, 1, 1, 1, 1, 1]: 1
18_4: 0: [4, 8, 13, 18, 24, 28]: [1, 2, 0, 2, 1, 0, 2, 0, 1, 1, 1]: 1
18_5: 0: [4, 8, 13, 18, 23, 28]: [2, 0, 0, 2, 1, 1, 1, 1, 1, 1, 1]: 1
18_6: 0: [5, 6, 8, 16, 20, 25]: [1, 2, 0, 0, 0, 1, 2, 1, 0, 2, 1]: 1
18_7: 0: [4, 4, 7, 16, 21, 25]: [1, 0, 1, 0, 1, 1, 2, 2, 1, 0, 2]: 1
18_8: 0: [4, 4, 11, 19, 25, 28]: [2, 1, 0, 0, 0, 0, 2, 1, 0, 1, 1]: 1
18_9: 0: [5, 7, 10, 15, 18, 26]: [1, 2, 2, 1, 2, 0, 2, 1, 1, 1, 0]: 0
19_0: 0: [2, 4, 7, 9, 9, 26]: [2, 1, 0, 2, 1, 1, 0, 0, 0, 3, 2]: 1
19_1: 0: [5, 10, 10, 17, 25, 30]: [1, 1, 0, 1, 1, 0, 1, 0, 1, 1, 1]: 1
19_2: 0: [5, 10, 12, 19, 23, 28]: [1, 0, 0, 1, 0, 1, 1, 1, 1, 1, 1]: 0
19_3: 0: [4, 9, 11, 15, 23, 30]: [2, 3, 1, 1, 1, 0, 3, 1, 1, 0, 1]: 1
19_4: 0: [4, 8, 12, 17, 23, 29]: [2, 3, 1, 1, 1, 1, 2, 1, 1, 2, 0]: 2
19_5: 0: [4, 8, 13, 18, 23, 28]: [1, 1, 1, 1, 1, 2, 1, 1, 1, 0, 1]: 1
19_7: 0: [1, 4, 12, 13, 15, 22]: [2, 1, 0, 1, 0, 1, 0, 1, 2, 2, 1]: 3
19_9: 0: [1, 3, 8, 9, 11, 24]: [1, 1, 1, 0, 1, 1, 0, 0, 1, 1, 0]: 1
20_0: 0: [3, 5, 6, 13, 18, 24]: [1, 0, 1, 2, 1, 1, 1, 1, 0, 1, 0]: 1
20_1: 0: [3, 8, 10, 14, 23, 28]: [2, 2, 1, 2, 0, 2, 0, 0, 1, 2, 1]: 1
20_2: 0: [3, 10, 12, 17, 23, 29]: [1, 2, 1, 1, 1, 1, 2, 0, 1, 0, 0]: 1
20_3: 0: [5, 10, 13, 17, 24, 29]: [2, 4, 1, 1, 1, 1, 3, 0, 1, 2, 1]: 1
20_4: 0: [5, 8, 13, 18, 23, 28]: [2, 3, 1, 2, 2, 0, 3, 0, 1, 1, 1]: 0
20_5: 0: [4, 8, 13, 18, 23, 28]: [1, 1, 1, 1, 1, 2, 1, 1, 1, 1, 1]: 1
20_8: 0: [2, 4, 9, 15, 21, 27]: [1, 1, 3, 1, 1, 0, 0, 1, 1, 1, 0]: 1
20_9: 0: [5, 7, 7, 14, 19, 25]: [1, 1, 2, 2, 1, 1, 1, 0, 0, 1, 1]: 1
1_10: 0: [4, 7, 11, 18, 19, 26]: [1, 2, 1, 0, 1, 2, 2, 1, 0, 2, 0]: 1
2_10: 0: [3, 5, 9, 13, 16, 27]: [1, 2, 1, 2, 2, 1, 0, 1, 0, 1, 1]: 0
3_10: 0: [4, 5, 11, 15, 20, 27]: [1, 1, 0, 1, 0, 2, 1, 1, 1, 0, 2]: 1
5_10: 0: [4, 4, 6, 10, 14, 24]: [2, 1, 0, 1, 2, 0, 1, 1, 0, 1, 1]: 3
6_10: 0: [3, 4, 5, 9, 10, 24]: [1, 3, 1, 1, 1, 1, 1, 2, 0, 0, 0]: 1
7_10: 0: [4, 5, 9, 12, 16, 19]: [1, 0, 0, 0, 2, 0, 2, 0, 1, 1, 2]: 1
8_10: 0: [3, 5, 11, 15, 17, 23]: [1, 1, 0, 3, 1, 1, 1, 1, 0, 1, 1]: 1
9_10: 0: [3, 6, 10, 15, 17, 24]: [2, 0, 1, 2, 1, 1, 2, 1, 1, 1, 0]: 2
10_10: 0: [3, 5, 11, 14, 16, 23]: [2, 2, 1, 1, 1, 1, 0, 1, 1, 1, 1]: 1
11_10: 0: [2, 3, 7, 13, 18, 25]: [1, 0, 1, 1, 2, 2, 0, 1, 0, 2, 1]: 0
12_10: 0: [3, 5, 12, 15, 18, 27]: [2, 0, 0, 2, 0, 0, 1, 3, 0, 1, 1]: 0
13_10: 0: [3, 4, 7, 11, 13, 26]: [2, 2, 1, 2, 2, 0, 1, 2, 1, 2, 0]: 1
14_10: 0: [3, 3, 9, 13, 14, 24]: [3, 2, 0, 2, 3, 0, 0, 1, 1, 1, 3]: 1
16_10: 0: [4, 5, 8, 13, 14, 23]: [1, 3, 1, 0, 0, 0, 1, 1, 1, 0, 1]: 2
17_10: 0: [3, 3, 6, 13, 16, 24]: [1, 1, 0, 1, 0, 1, 2, 1, 0, 2, 1]: 1
18_10: 0: [4, 7, 11, 15, 20, 28]: [2, 2, 1, 2, 1, 1, 2, 1, 1, 1, 1]: 1
19_10: 0: [2, 4, 7, 9, 9, 26]: [2, 1, 0, 2, 1, 1, 0, 0, 0, 3, 2]: 1
20_10: 0: [3, 5, 6, 13, 18, 24]: [1, 0, 1, 2, 1, 1, 1, 1, 0, 1, 0]: 1
