continues1
1_7: 15: [7, 14, 19, 18, 26, 30]: [2, 1, 2, 1, 4, 1, 1, 2, 3, 2, 2, 1, 1, 2, 1]: 1
5_3: 13: [4, 10, 16, 22, 24, 30]: [2, 1, 1, 1, 3, 2, 1, 1, 2, 1, 2, 3, 1]: 2
12_3: 13: [6, 11, 19, 24, 25, 31]: [2, 1, 1, 1, 2, 1, 1, 1, 2, 1, 3, 3, 1]: 1
9_7: 10: [10, 17, 20, 22, 26, 28]: [1, 3, 2, 1, 1, 1, 1, 1, 2, 3]: 2
2_7: 9: [5, 8, 18, 22, 26, 30]: [1, 2, 1, 2, 2, 3, 2, 1, 2]: 2
6_2: 9: [2, 5, 11, 20, 21, 27]: [2, 2, 1, 1, 1, 1, 1, 1, 1]: 1
13_3: 9: [5, 9, 16, 22, 25, 30]: [1, 1, 2, 1, 2, 3, 1, 1, 2]: 1
16_1: 9: [8, 15, 19, 25, 27, 30]: [2, 1, 1, 1, 1, 2, 1, 1, 2]: 2
7_10: 8: [6, 14, 19, 24, 27, 30]: [1, 1, 1, 1, 1, 2, 2, 3]: 1
1_3: 7: [5, 10, 15, 21, 24, 29]: [2, 1, 2, 2, 3, 3, 3]: 1
1_6: 7: [5, 10, 21, 18, 26, 27]: [1, 2, 1, 2, 3, 1, 1]: 1
5_7: 7: [5, 9, 14, 21, 23, 27]: [1, 1, 1, 1, 1, 3, 1]: 0
7_9: 7: [8, 18, 20, 24, 27, 32]: [2, 1, 1, 1, 1, 1, 1]: 2
9_9: 7: [10, 17, 22, 27, 30, 31]: [2, 2, 2, 1, 2, 1, 1]: 3
10_3: 7: [7, 11, 16, 22, 24, 29]: [1, 3, 3, 1, 2, 3, 1]: 0
12_1: 7: [7, 10, 16, 24, 26, 30]: [1, 1, 1, 1, 1, 2, 1]: 2
17_7: 7: [5, 8, 11, 16, 22, 30]: [1, 3, 2, 1, 1, 1, 1]: 2
10_10: 7: [9, 15, 19, 22, 28, 30]: [1, 2, 1, 3, 1, 1, 2]: 1
14_10: 7: [6, 11, 19, 24, 27, 30]: [2, 1, 2, 2, 1, 2, 3]: 1
4_9: 6: [6, 13, 21, 26, 30, 33]: [1, 1, 3, 2, 1, 2]: 1
continues0
10_7: 5: [6, 9, 13, 16, 21, 24]: [0, 0, 0, 0, 0, 1, 0, 2, 2, 0, 0]: 0
5_6: 3: [7, 11, 15, 21, 25, 28]: [0, 0, 0, 1, 1, 0, 1, 0, 1, 0, 1]: 0
11_7: 3: [7, 13, 18, 20, 25, 29]: [0, 0, 0, 1, 1, 0, 0, 0, 2, 2, 2]: 1
5_10: 3: [9, 17, 19, 24, 27, 31]: [0, 0, 0, 1, 0, 0, 1, 0, 0, 1, 2]: 1
3_1: 2: [4, 6, 14, 20, 27, 29]: [0, 0, 1, 2, 1, 2, 1, 1, 1, 1, 3]: 1
12_6: 2: [6, 12, 16, 21, 23, 31]: [0, 0, 1, 2, 1, 2, 0, 0, 2, 1, 2]: 1
15_8: 2: [7, 12, 19, 23, 28, 30]: [0, 0, 1, 2, 1, 0, 1, 1, 2, 3, 1]: 1
17_6: 2: [8, 10, 18, 20, 26, 31]: [0, 0, 3, 2, 1, 1, 1, 1, 3, 0, 0]: 4
18_2: 2: [2, 7, 10, 19, 22, 26]: [0, 0, 2, 2, 0, 2, 1, 0, 1, 2, 2]: 1
20_3: 2: [3, 7, 14, 21, 24, 29]: [0, 0, 2, 2, 1, 1, 1, 1, 3, 1, 0]: 1
2_10: 2: [8, 16, 22, 27, 29, 31]: [0, 0, 3, 1, 1, 1, 1, 1, 1, 1, 2]: 2
2_2: 1: [4, 11, 15, 20, 24, 28]: [0, 3, 1, 1, 1, 1, 1, 1, 1, 0, 1]: 1
2_3: 1: [4, 11, 15, 20, 24, 29]: [0, 2, 2, 0, 0, 2, 0, 1, 0, 0, 3]: 1
2_8: 1: [11, 15, 22, 27, 31, 32]: [0, 1, 2, 1, 1, 1, 2, 1, 1, 0, 0]: 1
2_9: 1: [13, 17, 22, 27, 30, 31]: [0, 1, 2, 2, 0, 3, 1, 0, 0, 1, 2]: 2
3_7: 1: [3, 7, 11, 17, 21, 29]: [0, 2, 0, 1, 0, 0, 2, 3, 2, 2, 0]: 1
4_2: 1: [3, 6, 16, 25, 26, 31]: [0, 1, 1, 0, 1, 1, 2, 0, 1, 2, 2]: 2
4_8: 1: [8, 14, 23, 29, 31, 33]: [0, 1, 0, 1, 0, 1, 3, 2, 2, 0, 2]: 2
5_8: 1: [7, 13, 16, 23, 26, 30]: [0, 3, 1, 1, 1, 2, 1, 2, 1, 2, 2]: 1
10_1: 1: [6, 8, 13, 18, 27, 30]: [0, 2, 2, 0, 2, 2, 1, 1, 1, 1, 2]: 2
10_2: 1: [5, 8, 14, 23, 27, 29]: [0, 2, 2, 0, 1, 0, 1, 0, 2, 1, 1]: 1
10_6: 1: [8, 13, 18, 23, 25, 28]: [0, 4, 0, 1, 1, 2, 1, 0, 0, 1, 1]: 1
11_1: 1: [7, 8, 12, 22, 25, 29]: [0, 1, 2, 1, 1, 3, 1, 1, 0, 1, 2]: 1
13_2: 1: [6, 7, 14, 24, 27, 30]: [0, 1, 2, 1, 1, 2, 2, 0, 0, 0, 1]: 1
13_8: 1: [5, 13, 18, 23, 23, 29]: [0, 1, 0, 2, 0, 1, 2, 1, 0, 1, 0]: 0
14_2: 1: [4, 5, 13, 23, 26, 30]: [0, 1, 1, 1, 0, 2, 1, 2, 2, 0, 4]: 1
14_7: 1: [6, 8, 14, 18, 23, 28]: [0, 1, 2, 1, 1, 1, 1, 1, 2, 2, 0]: 1
15_6: 1: [9, 13, 19, 24, 27, 29]: [0, 1, 2, 1, 1, 0, 0, 1, 0, 2, 2]: 0
15_7: 1: [10, 14, 18, 22, 27, 31]: [0, 1, 0, 1, 0, 1, 2, 1, 1, 1, 0]: 2
16_2: 1: [5, 11, 16, 22, 24, 29]: [0, 1, 1, 0, 1, 1, 1, 0, 1, 1, 0]: 0
19_8: 1: [6, 15, 16, 23, 27, 31]: [0, 2, 3, 3, 0, 1, 2, 2, 1, 1, 2]: 1
20_1: 1: [7, 10, 13, 19, 28, 29]: [0, 2, 2, 1, 1, 4, 0, 0, 1, 1, 1]: 1
4_10: 1: [5, 13, 22, 27, 29, 32]: [0, 2, 0, 1, 2, 0, 2, 1, 0, 2, 2]: 0
8_10: 1: [8, 16, 19, 24, 28, 31]: [0, 3, 1, 2, 0, 0, 0, 2, 1, 3, 2]: 2
12_10: 1: [10, 15, 18, 23, 25, 30]: [0, 1, 0, 0, 1, 0, 0, 0, 0, 0, 2]: 2
1_0: 0: [5, 15, 20, 26, 28, 31]: [3, 0, 2, 2, 3, 2, 1, 0, 1, 2, 1]: 2
1_1: 0: [4, 5, 14, 21, 27, 29]: [3, 0, 2, 3, 2, 1, 1, 1, 0, 0, 1]: 0
1_2: 0: [4, 6, 14, 23, 25, 29]: [2, 3, 1, 0, 1, 1, 1, 0, 4, 2, 0]: 0
1_3: 0: [5, 10, 15, 21, 24, 29]: [2, 1, 2, 2, 3, 3, 3, 0, 1, 0, 2]: 1
1_4: 0: [5, 10, 15, 21, 24, 29]: [1, 2, 1, 0, 1, 2, 1, 0, 1, 0, 1]: 1
1_5: 0: [4, 9, 14, 19, 24, 28]: [1, 1, 2, 0, 1, 1, 0, 1, 1, 0, 2]: 0
1_6: 0: [5, 10, 21, 18, 26, 27]: [1, 2, 1, 2, 3, 1, 1, 0, 2, 1, 1]: 1
1_7: 0: [7, 14, 19, 18, 26, 30]: [2, 1, 2, 1, 4, 1, 1, 2, 3, 2, 2]: 1
1_8: 0: [7, 15, 19, 22, 26, 30]: [1, 1, 1, 0, 1, 1, 0, 2, 1, 2, 2]: 1
1_9: 0: [8, 18, 22, 25, 29, 31]: [2, 0, 2, 2, 3, 1, 2, 1, 0, 0, 1]: 2
2_0: 0: [8, 16, 22, 27, 29, 31]: [0, 0, 3, 1, 1, 1, 1, 1, 1, 1, 2]: 2
2_1: 0: [7, 10, 15, 22, 26, 30]: [2, 1, 3, 1, 0, 1, 1, 0, 1, 2, 1]: 2
2_4: 0: [5, 10, 15, 20, 24, 28]: [2, 3, 1, 1, 0, 1, 0, 0, 2, 0, 2]: 2
2_5: 0: [4, 9, 14, 19, 24, 28]: [0, 3, 3, 0, 1, 1, 0, 1, 1, 0, 2]: 0
2_6: 0: [4, 5, 19, 21, 26, 29]: [2, 2, 0, 2, 0, 0, 0, 1, 3, 0, 1]: 0
2_7: 0: [5, 8, 18, 22, 26, 30]: [1, 2, 1, 2, 2, 3, 2, 1, 2, 0, 0]: 2
3_0: 0: [7, 12, 15, 23, 26, 32]: [1, 0, 2, 1, 0, 0, 0, 0, 1, 2, 1]: 0
3_2: 0: [4, 6, 14, 21, 23, 29]: [1, 3, 0, 1, 0, 0, 1, 0, 0, 3, 1]: 0
3_3: 0: [4, 7, 14, 19, 23, 30]: [1, 1, 4, 0, 1, 1, 2, 0, 2, 0, 2]: 1
3_4: 0: [5, 9, 15, 20, 24, 28]: [2, 2, 1, 2, 2, 1, 2, 0, 2, 0, 2]: 1
3_5: 0: [4, 9, 14, 19, 24, 29]: [1, 3, 3, 0, 1, 1, 1, 1, 2, 0, 2]: 0
3_6: 0: [3, 6, 12, 17, 21, 28]: [2, 2, 0, 0, 0, 0, 0, 1, 1, 3, 0]: 1
3_8: 0: [6, 10, 16, 24, 27, 33]: [2, 1, 2, 0, 1, 2, 2, 0, 2, 4, 1]: 1
3_9: 0: [8, 13, 16, 26, 27, 32]: [2, 2, 2, 0, 1, 1, 1, 2, 1, 1, 0]: 1
4_0: 0: [5, 13, 22, 27, 29, 32]: [0, 2, 0, 1, 2, 0, 2, 1, 0, 2, 2]: 0
4_1: 0: [6, 10, 15, 24, 30, 32]: [2, 1, 2, 1, 0, 2, 1, 1, 0, 1, 1]: 2
4_3: 0: [4, 8, 14, 20, 23, 31]: [2, 3, 1, 0, 2, 3, 2, 1, 3, 0, 4]: 3
4_4: 0: [4, 9, 16, 21, 24, 29]: [2, 2, 0, 1, 1, 2, 0, 0, 1, 0, 2]: 0
4_5: 0: [4, 9, 14, 19, 24, 29]: [1, 3, 2, 0, 1, 1, 1, 1, 1, 0, 2]: 0
4_6: 0: [11, 13, 17, 24, 28, 31]: [1, 0, 1, 1, 0, 2, 2, 1, 3, 2, 0]: 1
4_7: 0: [9, 10, 15, 22, 28, 31]: [1, 0, 1, 2, 1, 0, 1, 1, 2, 1, 1]: 2
4_9: 0: [6, 13, 21, 26, 30, 33]: [1, 1, 3, 2, 1, 2, 0, 1, 1, 2, 2]: 1
5_0: 0: [9, 17, 19, 24, 27, 31]: [0, 0, 0, 1, 0, 0, 1, 0, 0, 1, 2]: 1
5_1: 0: [9, 13, 14, 24, 29, 30]: [1, 1, 0, 2, 1, 1, 1, 0, 1, 1, 0]: 1
5_2: 0: [5, 8, 16, 25, 25, 29]: [4, 1, 1, 0, 1, 2, 2, 1, 0, 1, 0]: 1
5_3: 0: [4, 10, 16, 22, 24, 30]: [2, 1, 1, 1, 3, 2, 1, 1, 2, 1, 2]: 2
5_4: 0: [4, 9, 15, 21, 24, 28]: [2, 2, 1, 0, 0, 1, 2, 0, 1, 0, 2]: 0
5_5: 0: [4, 9, 14, 19, 24, 28]: [1, 3, 1, 0, 0, 1, 2, 1, 1, 0, 2]: 0
5_7: 0: [5, 9, 14, 21, 23, 27]: [1, 1, 1, 1, 1, 3, 1, 0, 2, 1, 1]: 0
5_9: 0: [10, 17, 19, 25, 28, 31]: [1, 2, 0, 0, 1, 1, 0, 2, 2, 1, 1]: 2
6_0: 0: [9, 17, 19, 21, 25, 32]: [1, 0, 2, 1, 0, 0, 1, 3, 0, 1, 2]: 0
6_1: 0: [3, 7, 11, 22, 28, 32]: [1, 1, 1, 1, 0, 2, 0, 0, 0, 2, 0]: 1
6_2: 0: [2, 5, 11, 20, 21, 27]: [2, 2, 1, 1, 1, 1, 1, 1, 1, 0, 0]: 1
6_3: 0: [4, 8, 14, 21, 24, 29]: [1, 0, 1, 1, 2, 2, 1, 0, 2, 1, 2]: 1
6_4: 0: [4, 9, 15, 21, 25, 29]: [1, 1, 0, 0, 1, 1, 1, 0, 1, 0, 0]: 0
6_5: 0: [4, 8, 14, 19, 24, 28]: [0, 1, 3, 0, 0, 2, 1, 1, 2, 0, 2]: 1
6_6: 0: [10, 15, 17, 21, 28, 31]: [1, 1, 1, 3, 0, 1, 0, 0, 1, 0, 1]: 2
6_7: 0: [11, 16, 19, 22, 29, 32]: [2, 0, 2, 1, 0, 0, 1, 1, 2, 2, 0]: 0
6_8: 0: [8, 16, 18, 24, 30, 32]: [2, 0, 0, 2, 1, 0, 0, 0, 4, 1, 1]: 2
6_9: 0: [11, 18, 19, 23, 27, 32]: [3, 1, 1, 2, 0, 1, 1, 1, 3, 0, 2]: 0
7_0: 0: [6, 14, 19, 24, 27, 30]: [1, 1, 1, 1, 1, 2, 2, 3, 0, 2, 0]: 1
7_1: 0: [7, 9, 14, 18, 24, 29]: [1, 0, 1, 2, 3, 1, 1, 0, 2, 2, 0]: 0
7_2: 0: [4, 7, 14, 20, 25, 30]: [3, 2, 1, 0, 0, 0, 0, 0, 1, 2, 0]: 2
7_3: 0: [5, 9, 15, 21, 25, 29]: [1, 3, 1, 0, 3, 1, 3, 1, 2, 0, 3]: 0
7_4: 0: [5, 10, 16, 21, 24, 29]: [2, 2, 0, 1, 1, 2, 1, 0, 2, 0, 0]: 1
7_5: 0: [4, 9, 14, 19, 24, 28]: [0, 2, 2, 0, 1, 1, 1, 1, 2, 0, 1]: 0
7_6: 0: [11, 17, 23, 25, 28, 32]: [1, 0, 1, 2, 1, 1, 1, 2, 1, 1, 2]: 0
7_7: 0: [7, 14, 18, 21, 26, 31]: [2, 3, 0, 1, 0, 1, 3, 1, 1, 0, 1]: 1
7_8: 0: [6, 15, 17, 20, 25, 31]: [4, 0, 2, 1, 1, 0, 2, 1, 1, 1, 0]: 2
7_9: 0: [8, 18, 20, 24, 27, 32]: [2, 1, 1, 1, 1, 1, 1, 0, 2, 2, 0]: 2
8_0: 0: [8, 16, 19, 24, 28, 31]: [0, 3, 1, 2, 0, 0, 0, 2, 1, 3, 2]: 2
8_1: 0: [6, 14, 19, 25, 27, 31]: [3, 1, 0, 1, 2, 2, 1, 1, 2, 0, 1]: 1
8_2: 0: [2, 8, 17, 23, 21, 30]: [3, 2, 2, 2, 0, 2, 2, 2, 1, 0, 1]: 2
8_3: 0: [3, 10, 16, 21, 22, 30]: [2, 0, 2, 2, 2, 0, 1, 0, 2, 0, 1]: 3
8_4: 0: [5, 10, 16, 20, 24, 29]: [1, 2, 0, 1, 1, 1, 1, 0, 1, 1, 1]: 2
8_5: 0: [4, 9, 14, 19, 24, 28]: [0, 0, 1, 0, 0, 2, 1, 1, 1, 0, 2]: 0
8_6: 0: [7, 9, 15, 19, 27, 30]: [1, 2, 1, 1, 1, 2, 0, 0, 0, 2, 2]: 1
8_7: 0: [6, 9, 12, 16, 24, 31]: [1, 0, 1, 1, 1, 1, 0, 0, 0, 3, 2]: 1
8_8: 0: [7, 12, 13, 19, 26, 30]: [2, 1, 0, 1, 0, 1, 1, 3, 1, 1, 1]: 1
8_9: 0: [8, 16, 19, 24, 29, 31]: [2, 1, 1, 0, 1, 1, 2, 1, 2, 3, 2]: 2
9_0: 0: [6, 14, 19, 23, 26, 30]: [1, 0, 0, 2, 2, 1, 1, 0, 2, 1, 2]: 1
9_1: 0: [4, 9, 12, 23, 29, 31]: [2, 1, 1, 1, 2, 2, 0, 0, 1, 1, 1]: 1
9_2: 0: [5, 6, 11, 23, 25, 29]: [1, 0, 1, 2, 1, 3, 0, 1, 3, 1, 1]: 0
9_3: 0: [6, 10, 17, 23, 25, 29]: [1, 0, 1, 0, 1, 1, 1, 0, 2, 1, 2]: 1
9_4: 0: [5, 9, 16, 21, 25, 29]: [0, 3, 2, 1, 0, 1, 1, 0, 1, 0, 1]: 0
9_5: 0: [4, 9, 14, 19, 24, 28]: [0, 2, 2, 0, 1, 0, 0, 1, 1, 0, 2]: 0
9_6: 0: [8, 16, 20, 24, 27, 28]: [1, 0, 1, 0, 2, 1, 0, 1, 1, 1, 0]: 2
9_7: 0: [10, 17, 20, 22, 26, 28]: [1, 3, 2, 1, 1, 1, 1, 1, 2, 3, 0]: 2
9_8: 0: [10, 17, 20, 24, 28, 31]: [2, 0, 4, 1, 0, 1, 1, 1, 1, 3, 2]: 3
9_9: 0: [10, 17, 22, 27, 30, 31]: [2, 2, 2, 1, 2, 1, 1, 0, 0, 2, 2]: 3
10_0: 0: [9, 15, 19, 22, 28, 30]: [1, 2, 1, 3, 1, 1, 2, 0, 1, 1, 1]: 1
10_3: 0: [7, 11, 16, 22, 24, 29]: [1, 3, 3, 1, 2, 3, 1, 0, 2, 1, 2]: 0
10_4: 0: [5, 10, 16, 21, 25, 29]: [1, 2, 0, 1, 2, 2, 1, 0, 0, 1, 1]: 1
10_5: 0: [5, 9, 14, 19, 24, 29]: [1, 0, 3, 0, 1, 2, 0, 1, 1, 0, 2]: 0
10_8: 0: [7, 11, 15, 17, 22, 25]: [1, 0, 1, 1, 1, 1, 2, 2, 1, 1, 1]: 0
10_9: 0: [12, 17, 20, 25, 28, 30]: [2, 2, 3, 1, 0, 2, 3, 1, 1, 2, 1]: 2
11_0: 0: [7, 13, 17, 22, 26, 31]: [2, 1, 0, 2, 1, 2, 1, 1, 1, 1, 0]: 1
11_2: 0: [5, 9, 15, 22, 24, 29]: [2, 0, 2, 1, 1, 0, 1, 0, 3, 1, 1]: 0
11_3: 0: [4, 10, 15, 21, 24, 29]: [1, 2, 2, 0, 2, 0, 1, 0, 0, 0, 1]: 1
11_4: 0: [5, 10, 16, 21, 24, 29]: [1, 2, 0, 1, 0, 1, 1, 0, 1, 0, 1]: 1
11_5: 0: [4, 9, 14, 19, 24, 29]: [0, 2, 2, 0, 1, 1, 3, 1, 1, 0, 2]: 0
11_6: 0: [11, 13, 21, 23, 26, 28]: [4, 0, 0, 3, 2, 1, 0, 1, 0, 0, 2]: 0
11_8: 0: [7, 15, 19, 23, 27, 31]: [2, 0, 0, 1, 2, 0, 0, 1, 1, 0, 1]: 1
11_9: 0: [9, 17, 20, 24, 27, 31]: [2, 1, 1, 1, 1, 0, 0, 0, 1, 2, 1]: 2
12_0: 0: [10, 15, 18, 23, 25, 30]: [0, 1, 0, 0, 1, 0, 0, 0, 0, 0, 2]: 2
12_1: 0: [7, 10, 16, 24, 26, 30]: [1, 1, 1, 1, 1, 2, 1, 0, 2, 0, 2]: 2
12_2: 0: [5, 8, 16, 23, 24, 29]: [1, 1, 1, 0, 0, 1, 0, 0, 1, 1, 2]: 1
12_3: 0: [6, 11, 19, 24, 25, 31]: [2, 1, 1, 1, 2, 1, 1, 1, 2, 1, 3]: 1
12_4: 0: [5, 10, 16, 21, 24, 29]: [0, 1, 1, 0, 0, 1, 1, 0, 1, 1, 2]: 1
12_5: 0: [4, 9, 15, 20, 24, 29]: [0, 2, 3, 0, 0, 1, 0, 1, 1, 0, 2]: 1
12_7: 0: [7, 13, 17, 23, 24, 31]: [1, 0, 0, 0, 0, 1, 0, 1, 1, 1, 2]: 1
12_8: 0: [9, 14, 17, 24, 26, 32]: [1, 0, 3, 3, 0, 3, 1, 0, 2, 2, 3]: 0
12_9: 0: [12, 17, 19, 25, 26, 31]: [1, 1, 2, 2, 0, 2, 1, 2, 1, 1, 2]: 1
13_0: 0: [5, 10, 18, 23, 27, 29]: [2, 0, 2, 0, 0, 0, 1, 0, 1, 2, 2]: 1
13_1: 0: [5, 7, 12, 19, 27, 29]: [2, 2, 1, 1, 1, 1, 0, 1, 0, 1, 1]: 0
13_3: 0: [5, 9, 16, 22, 25, 30]: [1, 1, 2, 1, 2, 3, 1, 1, 2, 0, 2]: 1
13_4: 0: [5, 11, 17, 22, 25, 29]: [0, 1, 1, 0, 1, 2, 1, 0, 1, 0, 1]: 0
13_5: 0: [4, 9, 15, 20, 24, 29]: [1, 2, 2, 0, 0, 0, 2, 1, 2, 0, 2]: 1
13_6: 0: [5, 8, 18, 21, 26, 30]: [1, 1, 0, 1, 0, 1, 2, 1, 1, 0, 3]: 2
13_7: 0: [4, 10, 18, 23, 26, 32]: [1, 0, 1, 2, 0, 0, 1, 1, 0, 0, 1]: 1
13_9: 0: [7, 13, 20, 24, 27, 30]: [1, 0, 0, 2, 2, 2, 2, 0, 1, 2, 0]: 2
14_0: 0: [6, 11, 19, 24, 27, 30]: [2, 1, 2, 2, 1, 2, 3, 0, 0, 1, 1]: 1
14_1: 0: [3, 3, 10, 19, 27, 30]: [2, 0, 0, 0, 0, 0, 0, 1, 2, 1, 1]: 3
14_3: 0: [5, 8, 16, 22, 24, 29]: [1, 3, 1, 0, 0, 0, 1, 0, 0, 0, 2]: 1
14_4: 0: [5, 9, 16, 21, 24, 28]: [2, 2, 1, 1, 0, 1, 1, 0, 2, 1, 2]: 0
14_5: 0: [4, 9, 14, 19, 24, 28]: [0, 1, 2, 0, 0, 0, 1, 1, 2, 0, 2]: 0
14_6: 0: [7, 9, 18, 21, 26, 30]: [2, 1, 2, 4, 1, 1, 0, 0, 2, 2, 1]: 1
14_8: 0: [6, 10, 16, 24, 28, 30]: [1, 1, 2, 3, 0, 1, 3, 0, 1, 1, 1]: 2
14_9: 0: [7, 10, 18, 25, 27, 30]: [3, 1, 0, 1, 1, 2, 3, 0, 2, 2, 2]: 2
15_0: 0: [7, 13, 20, 22, 28, 30]: [1, 1, 0, 2, 0, 0, 2, 0, 2, 2, 0]: 2
15_1: 0: [5, 7, 9, 22, 24, 28]: [2, 0, 1, 1, 1, 1, 1, 1, 1, 0, 1]: 0
15_2: 0: [4, 7, 12, 22, 25, 29]: [2, 0, 0, 3, 0, 1, 2, 0, 1, 1, 2]: 0
15_3: 0: [4, 8, 14, 21, 25, 30]: [1, 4, 1, 0, 2, 1, 0, 1, 2, 2, 2]: 2
15_4: 0: [4, 9, 15, 20, 25, 29]: [1, 3, 1, 0, 0, 1, 0, 0, 2, 0, 0]: 1
15_5: 0: [4, 9, 14, 19, 24, 29]: [1, 3, 3, 0, 0, 1, 1, 1, 2, 0, 2]: 0
15_9: 0: [9, 15, 21, 24, 29, 30]: [1, 2, 3, 0, 0, 3, 2, 1, 1, 1, 2]: 1
16_0: 0: [5, 16, 19, 25, 29, 31]: [2, 1, 1, 2, 0, 2, 0, 1, 0, 1, 3]: 1
16_1: 0: [8, 15, 19, 25, 27, 30]: [2, 1, 1, 1, 1, 2, 1, 1, 2, 0, 1]: 2
16_3: 0: [4, 10, 17, 22, 26, 29]: [1, 1, 2, 0, 1, 1, 1, 1, 3, 1, 2]: 1
16_4: 0: [4, 9, 16, 21, 25, 29]: [2, 2, 1, 0, 2, 1, 2, 0, 1, 1, 2]: 0
16_5: 0: [4, 9, 14, 20, 25, 29]: [0, 2, 2, 0, 1, 1, 2, 1, 1, 0, 2]: 1
16_6: 0: [7, 16, 22, 26, 28, 33]: [1, 0, 0, 1, 1, 0, 1, 1, 1, 1, 1]: 0
16_7: 0: [8, 10, 16, 22, 29, 32]: [1, 1, 0, 3, 2, 1, 1, 1, 2, 1, 2]: 2
16_8: 0: [4, 9, 18, 23, 28, 30]: [1, 1, 2, 0, 0, 2, 2, 1, 1, 1, 2]: 1
16_9: 0: [7, 17, 21, 27, 30, 32]: [1, 1, 2, 0, 0, 0, 2, 2, 0, 1, 1]: 1
17_0: 0: [9, 15, 19, 24, 27, 30]: [2, 0, 2, 2, 2, 0, 1, 0, 0, 1, 3]: 1
17_1: 0: [7, 7, 13, 23, 28, 30]: [1, 0, 3, 0, 0, 2, 1, 1, 1, 2, 0]: 1
17_2: 0: [6, 8, 13, 23, 24, 29]: [2, 0, 3, 0, 1, 1, 1, 2, 1, 2, 2]: 1
17_3: 0: [5, 10, 17, 22, 23, 30]: [1, 1, 0, 3, 1, 2, 1, 0, 0, 2, 3]: 2
17_4: 0: [5, 10, 16, 21, 24, 29]: [1, 2, 1, 0, 1, 1, 1, 0, 1, 0, 1]: 1
17_5: 0: [5, 9, 14, 20, 24, 28]: [1, 2, 3, 0, 0, 1, 0, 0, 1, 0, 2]: 1
17_7: 0: [5, 8, 11, 16, 22, 30]: [1, 3, 2, 1, 1, 1, 1, 0, 1, 2, 0]: 2
17_8: 0: [8, 13, 17, 20, 24, 29]: [1, 2, 1, 3, 0, 1, 0, 2, 1, 1, 2]: 2
17_9: 0: [10, 17, 21, 26, 27, 31]: [1, 0, 2, 1, 0, 0, 1, 2, 2, 1, 2]: 2
18_0: 0: [10, 17, 22, 26, 27, 31]: [2, 1, 0, 1, 1, 0, 1, 1, 0, 2, 1]: 2
18_1: 0: [9, 9, 15, 24, 27, 29]: [1, 0, 0, 3, 2, 2, 1, 1, 1, 3, 2]: 0
18_3: 0: [5, 9, 13, 20, 24, 28]: [2, 2, 1, 1, 0, 1, 2, 0, 2, 2, 1]: 1
18_4: 0: [5, 10, 15, 20, 24, 28]: [1, 2, 2, 0, 1, 1, 0, 0, 1, 0, 2]: 2
18_5: 0: [4, 9, 14, 19, 24, 29]: [1, 2, 3, 0, 0, 1, 0, 1, 1, 0, 2]: 0
18_6: 0: [11, 18, 21, 21, 27, 30]: [2, 0, 2, 2, 1, 0, 1, 1, 2, 1, 0]: 1
18_7: 0: [8, 14, 16, 19, 26, 30]: [1, 0, 2, 0, 1, 1, 0, 1, 1, 1, 2]: 2
18_8: 0: [8, 15, 20, 25, 27, 31]: [1, 2, 1, 3, 0, 2, 0, 0, 1, 3, 1]: 3
18_9: 0: [12, 17, 22, 26, 28, 31]: [3, 1, 1, 0, 0, 0, 2, 1, 2, 4, 1]: 1
19_0: 0: [8, 16, 18, 23, 27, 31]: [2, 0, 1, 1, 1, 0, 2, 2, 0, 3, 1]: 2
19_1: 0: [5, 6, 12, 17, 26, 29]: [2, 1, 2, 0, 2, 3, 1, 0, 2, 0, 0]: 0
19_2: 0: [3, 5, 12, 19, 23, 28]: [1, 2, 1, 0, 0, 1, 1, 1, 1, 1, 0]: 1
19_3: 0: [4, 8, 13, 20, 23, 29]: [1, 1, 1, 0, 2, 1, 0, 0, 2, 1, 3]: 2
19_4: 0: [4, 9, 15, 21, 25, 29]: [2, 4, 0, 0, 2, 1, 1, 0, 2, 0, 0]: 0
19_5: 0: [4, 9, 14, 19, 24, 28]: [0, 3, 3, 0, 0, 1, 0, 1, 1, 0, 2]: 0
19_6: 0: [7, 10, 15, 19, 24, 26]: [1, 2, 0, 2, 2, 1, 0, 1, 0, 1, 1]: 1
19_7: 0: [6, 9, 11, 17, 23, 27]: [2, 1, 1, 0, 0, 2, 2, 2, 0, 1, 2]: 0
19_9: 0: [9, 16, 18, 25, 27, 31]: [1, 1, 0, 1, 1, 3, 2, 1, 2, 2, 1]: 1
20_0: 0: [5, 15, 18, 20, 26, 30]: [1, 0, 2, 1, 2, 1, 0, 1, 0, 1, 0]: 2
20_2: 0: [3, 6, 13, 21, 25, 29]: [1, 1, 1, 0, 1, 0, 0, 1, 1, 1, 2]: 1
20_4: 0: [5, 9, 15, 20, 24, 28]: [2, 2, 1, 0, 1, 2, 1, 0, 0, 0, 1]: 1
20_5: 0: [4, 9, 14, 19, 24, 28]: [1, 2, 3, 0, 0, 2, 1, 1, 1, 0, 2]: 0
20_6: 0: [6, 11, 15, 18, 24, 31]: [2, 0, 0, 0, 2, 0, 1, 1, 1, 0, 0]: 1
20_7: 0: [6, 12, 14, 18, 25, 32]: [3, 1, 2, 2, 0, 1, 0, 3, 0, 1, 0]: 0
20_8: 0: [8, 15, 18, 23, 28, 31]: [3, 0, 0, 1, 0, 0, 1, 3, 1, 1, 2]: 2
20_9: 0: [7, 16, 19, 22, 26, 31]: [1, 1, 0, 1, 0, 1, 1, 3, 0, 2, 1]: 1
1_10: 0: [5, 15, 20, 26, 28, 31]: [3, 0, 2, 2, 3, 2, 1, 0, 1, 2, 1]: 2
3_10: 0: [7, 12, 15, 23, 26, 32]: [1, 0, 2, 1, 0, 0, 0, 0, 1, 2, 1]: 0
6_10: 0: [9, 17, 19, 21, 25, 32]: [1, 0, 2, 1, 0, 0, 1, 3, 0, 1, 2]: 0
7_10: 0: [6, 14, 19, 24, 27, 30]: [1, 1, 1, 1, 1, 2, 2, 3, 0, 2, 0]: 1
9_10: 0: [6, 14, 19, 23, 26, 30]: [1, 0, 0, 2, 2, 1, 1, 0, 2, 1, 2]: 1
10_10: 0: [9, 15, 19, 22, 28, 30]: [1, 2, 1, 3, 1, 1, 2, 0, 1, 1, 1]: 1
11_10: 0: [7, 13, 17, 22, 26, 31]: [2, 1, 0, 2, 1, 2, 1, 1, 1, 1, 0]: 1
13_10: 0: [5, 10, 18, 23, 27, 29]: [2, 0, 2, 0, 0, 0, 1, 0, 1, 2, 2]: 1
14_10: 0: [6, 11, 19, 24, 27, 30]: [2, 1, 2, 2, 1, 2, 3, 0, 0, 1, 1]: 1
15_10: 0: [7, 13, 20, 22, 28, 30]: [1, 1, 0, 2, 0, 0, 2, 0, 2, 2, 0]: 2
16_10: 0: [5, 16, 19, 25, 29, 31]: [2, 1, 1, 2, 0, 2, 0, 1, 0, 1, 3]: 1
17_10: 0: [9, 15, 19, 24, 27, 30]: [2, 0, 2, 2, 2, 0, 1, 0, 0, 1, 3]: 1
18_10: 0: [10, 17, 22, 26, 27, 31]: [2, 1, 0, 1, 1, 0, 1, 1, 0, 2, 1]: 2
19_10: 0: [8, 16, 18, 23, 27, 31]: [2, 0, 1, 1, 1, 0, 2, 2, 0, 3, 1]: 2
20_10: 0: [5, 15, 18, 20, 26, 30]: [1, 0, 2, 1, 2, 1, 0, 1, 0, 1, 0]: 2
