red1
1:[0, 64.2, 0, 30.0, 0, 121.9]
2:[6.6, 57.6, 2.1, 27.9, 9.8, 112.1]
3:[21.8, 42.4, 9.7, 20.3, 40.1, 81.8]
4:[39.6, 24.6, 15.4, 14.6, 68.3, 53.6]
5:[48.8, 15.4, 21.3, 8.7, 89.1, 32.8]
6:[55.7, 8.5, 23.6, 6.4, 100.4, 21.5]
7:[64.2, 0, 30.0, 0, 121.9, 0]
8:[3.3, 60.9, 2.4, 27.6, 8.4, 113.5]
9:[1.1, 63.1, 0.9, 29.1, 3.0, 118.9]
10:[0, 64.2, 0, 30.0, 0, 121.9]

red2
3:[0, 59.3, 0, 51.3, 0, 147.2]
4:[1.4, 57.9, 0.9, 50.4, 3.3, 143.9]
5:[1.4, 57.9, 0.9, 50.4, 3.3, 143.9]
6:[1.9, 57.4, 2.3, 49.0, 6.5, 140.7]
7:[9.8, 49.5, 7.5, 43.8, 20.3, 126.9]
8:[59.3, 0, 51.3, 0, 147.2, 0]
9:[37.3, 22.0, 30.6, 20.7, 93.5, 53.7]
10:[33.0, 26.3, 24.0, 27.3, 76.3, 70.9]
11:[20.5, 38.8, 15.6, 35.7, 47.5, 99.7]
12:[9.5, 49.8, 8.2, 43.1, 22.3, 124.9]
13:[6.9, 52.4, 6.4, 44.9, 16.0, 131.2]
14:[0.6, 58.7, 1.6, 49.7, 3.8, 143.4]
15:[0.6, 58.7, 1.6, 49.7, 3.8, 143.4]
16:[0.6, 58.7, 1.6, 49.7, 3.8, 143.4]
17:[0, 59.3, 0, 51.3, 0, 147.2]

red3
6:[0, 181.3, 0, 95.8, 0, 34.8]
7:[4.6, 176.7, 2.6, 93.2, 0.6, 34.2]
8:[4.6, 176.7, 2.6, 93.2, 0.6, 34.2]
9:[21.5, 159.8, 11.2, 84.6, 2.5, 32.3]
10:[39.7, 141.6, 21.1, 74.7, 5.2, 29.6]
11:[53.9, 127.4, 29.0, 66.8, 6.9, 27.9]
12:[85.9, 95.4, 43.3, 52.5, 12.6, 22.2]
13:[111.3, 70.0, 59.5, 36.3, 23.7, 11.1]
14:[131.7, 49.6, 70.4, 25.4, 29.1, 5.7]
15:[144.1, 37.2, 76.5, 19.3, 30.4, 4.4]
16:[156.4, 24.9, 82.7, 13.1, 31.8, 3.0]
17:[166.5, 14.8, 88.2, 7.6, 33.0, 1.8]
18:[170.7, 10.6, 90.1, 5.7, 33.8, 1.0]
19:[175.5, 5.8, 92.7, 3.1, 34.3, 0.5]
20:[181.3, 0, 95.8, 0, 34.8, 0]
21:[181.3, 0, 95.8, 0, 34.8, 0]
22:[0, 181.3, 0, 95.8, 0, 34.8]

red4
12:[0, 107.0, 0, 25.5, 0, 60.5]
13:[7.8, 99.2, 0.5, 25.0, 6.4, 54.1]
14:[7.8, 99.2, 0.5, 25.0, 6.4, 54.1]
15:[14.4, 92.6, 1.6, 23.9, 11.0, 49.5]
16:[26.6, 80.4, 5.0, 20.5, 16.4, 44.1]
17:[37.0, 70.0, 7.4, 18.1, 22.6, 37.9]
18:[49.2, 57.8, 10.1, 15.4, 30.0, 30.5]
19:[58.6, 48.4, 11.4, 14.1, 36.2, 24.3]
20:[75.9, 31.1, 17.0, 8.5, 46.6, 13.9]
21:[84.0, 23.0, 19.9, 5.6, 49.4, 11.1]
22:[99.1, 7.9, 23.9, 1.6, 55.8, 4.7]
23:[99.1, 7.9, 23.9, 1.6, 55.8, 4.7]
24:[104.3, 2.7, 25.3, 0.2, 58.3, 2.2]
25:[107.0, 0, 25.5, 0, 60.5, 0]
26:[107.0, 0, 25.5, 0, 60.5, 0]
27:[0, 107.0, 0, 25.5, 0, 60.5]

red5
17:[0, 299.1, 0, 210.7, 0, 186.1]
18:[3.2, 295.9, 0.9, 209.8, 1.3, 184.8]
19:[12.4, 286.7, 5.1, 205.6, 5.4, 180.7]
20:[23.2, 275.9, 7.9, 202.8, 16.9, 169.2]
21:[78.2, 220.9, 48.4, 162.3, 50.2, 135.9]
22:[112.5, 186.6, 73.8, 136.9, 70.7, 115.4]
23:[186.8, 112.3, 130.3, 80.4, 113.3, 72.8]
24:[240.0, 59.1, 170.0, 40.7, 151.1, 35.0]
25:[261.4, 37.7, 184.6, 26.1, 163.3, 22.8]
26:[296.6, 2.5, 210.6, 0.1, 183.9, 2.2]
27:[299.1, 0, 210.7, 0, 186.1, 0]
28:[299.1, 0, 210.7, 0, 186.1, 0]
29:[299.1, 0, 210.7, 0, 186.1, 0]
30:[0, 299.1, 0, 210.7, 0, 186.1]

red6
22:[0, 122.7, 0, 83.2, 0, 93.3]
23:[0.5, 122.2, 2.0, 81.2, 4.7, 88.6]
24:[0.6, 122.1, 4.2, 79.0, 9.0, 84.3]
25:[10.3, 112.4, 13.3, 69.9, 22.8, 70.5]
26:[20.6, 102.1, 19.6, 63.6, 25.1, 68.2]
27:[41.6, 81.1, 34.0, 49.2, 39.1, 54.2]
28:[72.0, 50.7, 51.8, 31.4, 64.1, 29.2]
29:[106.0, 16.7, 71.3, 11.9, 75.4, 17.9]
30:[122.7, 0, 83.2, 0, 93.3, 0]
31:[1.7, 121.0, 2.6, 80.6, 7.1, 86.2]
32:[0.5, 122.2, 1.8, 81.4, 4.2, 89.1]
33:[0, 122.7, 0, 83.2, 0, 93.3]

red_sum_all
77:[0, 178.2, 0, 84.4, 0, 59.7]
78:[2.5, 175.7, 0.3, 84.1, 3.0, 56.7]
79:[2.5, 175.7, 0.3, 84.1, 3.0, 56.7]
80:[2.5, 175.7, 0.3, 84.1, 3.0, 56.7]
81:[2.5, 175.7, 0.3, 84.1, 3.0, 56.7]
82:[2.5, 175.7, 0.3, 84.1, 3.0, 56.7]
83:[8.3, 169.9, 3.6, 80.8, 3.9, 55.8]
84:[8.3, 169.9, 3.6, 80.8, 3.9, 55.8]
85:[8.3, 169.9, 3.6, 80.8, 3.9, 55.8]
86:[8.3, 169.9, 3.6, 80.8, 3.9, 55.8]
87:[16.1, 162.1, 7.0, 77.4, 7.2, 52.5]
88:[22.4, 155.8, 11.0, 73.4, 8.7, 51.0]
89:[27.4, 150.8, 12.0, 72.4, 12.0, 47.7]
90:[27.4, 150.8, 12.0, 72.4, 12.0, 47.7]
91:[27.4, 150.8, 12.0, 72.4, 12.0, 47.7]
92:[30.1, 148.1, 12.5, 71.9, 13.9, 45.8]
93:[33.1, 145.1, 13.6, 70.8, 14.6, 45.1]
94:[44.8, 133.4, 18.6, 65.8, 20.0, 39.7]
95:[44.8, 133.4, 18.6, 65.8, 20.0, 39.7]
96:[47.3, 130.9, 19.1, 65.3, 21.7, 38.0]
97:[50.1, 128.1, 20.0, 64.4, 22.9, 36.8]
98:[61.9, 116.3, 25.9, 58.5, 27.7, 32.0]
99:[63.7, 114.5, 26.2, 58.2, 30.0, 29.7]
100:[63.7, 114.5, 26.2, 58.2, 30.0, 29.7]
101:[70.3, 107.9, 29.8, 54.6, 30.9, 28.8]
102:[74.0, 104.2, 30.7, 53.7, 32.8, 26.9]
103:[98.4, 79.8, 43.3, 41.1, 35.6, 24.1]
104:[105.6, 72.6, 47.7, 36.7, 37.2, 22.5]
105:[110.8, 67.4, 50.7, 33.7, 38.0, 21.7]
106:[110.8, 67.4, 50.7, 33.7, 38.0, 21.7]
107:[114.3, 63.9, 52.0, 32.4, 38.8, 20.9]
108:[123.0, 55.2, 56.5, 27.9, 41.5, 18.2]
109:[132.1, 46.1, 61.1, 23.3, 42.3, 17.4]
110:[134.9, 43.3, 61.7, 22.7, 43.9, 15.8]
111:[142.5, 35.7, 66.3, 18.1, 45.3, 14.4]
112:[144.9, 33.3, 66.6, 17.8, 47.4, 12.3]
113:[151.7, 26.5, 69.6, 14.8, 50.5, 9.2]
114:[151.7, 26.5, 69.6, 14.8, 50.5, 9.2]
115:[151.7, 26.5, 69.6, 14.8, 50.5, 9.2]
116:[151.7, 26.5, 69.6, 14.8, 50.5, 9.2]
117:[151.7, 26.5, 69.6, 14.8, 50.5, 9.2]
118:[158.3, 19.9, 74.2, 10.2, 53.1, 6.6]
119:[164.7, 13.5, 78.3, 6.1, 55.0, 4.7]
120:[176.1, 2.1, 84.2, 0.2, 57.8, 1.9]
121:[178.2, 0, 84.4, 0, 59.7, 0]
122:[2.1, 176.1, 0.2, 84.2, 1.9, 57.8]
123:[0, 178.2, 0, 84.4, 0, 59.7]

red_sum16
25:[0, 65.0, 0, 43.2, 0, 132.7]
26:[2.5, 62.5, 0.5, 42.7, 3.4, 129.3]
27:[2.5, 62.5, 0.5, 42.7, 3.4, 129.3]
28:[2.5, 62.5, 0.5, 42.7, 3.4, 129.3]
29:[4.1, 60.9, 1.0, 42.2, 6.0, 126.7]
30:[7.4, 57.6, 5.3, 37.9, 17.7, 115.0]
31:[12.4, 52.6, 5.8, 37.4, 21.9, 110.8]
32:[21.2, 43.8, 14.5, 28.7, 46.1, 86.6]
33:[36.2, 28.8, 27.1, 16.1, 85.5, 47.2]
34:[43.6, 21.4, 31.6, 11.6, 101.5, 31.2]
35:[44.1, 20.9, 33.1, 10.1, 105.3, 27.4]
36:[55.6, 9.4, 39.0, 4.2, 115.2, 17.5]
37:[65.0, 0, 43.2, 0, 132.7, 0]
38:[4.4, 60.6, 2.2, 41.0, 8.6, 124.1]
39:[3.3, 61.7, 1.2, 42.0, 5.6, 127.1]
40:[0, 65.0, 0, 43.2, 0, 132.7]

red_gap16
17:[0, 124.9, 0, 80.6, 0, 89.8]
18:[2.2, 122.7, 0.4, 80.2, 2.9, 86.9]
19:[6.3, 118.6, 2.6, 78.0, 3.0, 86.8]
20:[15.5, 109.4, 10.9, 69.7, 18.5, 71.3]
21:[27.5, 97.4, 19.1, 61.5, 23.3, 66.5]
22:[42.9, 82.0, 27.3, 53.3, 30.2, 59.6]
23:[124.9, 0, 80.6, 0, 89.8, 0]
24:[76.3, 48.6, 47.0, 33.6, 50.1, 39.7]
25:[44.0, 80.9, 23.9, 56.7, 26.8, 63.0]
26:[8.2, 116.7, 4.5, 76.1, 6.3, 83.5]
27:[8.2, 116.7, 4.5, 76.1, 6.3, 83.5]
28:[2.1, 122.8, 0.2, 80.4, 2.3, 87.5]
29:[2.1, 122.8, 0.2, 80.4, 2.3, 87.5]
30:[2.1, 122.8, 0.2, 80.4, 2.3, 87.5]
31:[0, 124.9, 0, 80.6, 0, 89.8]

red_sum25
24:[0, 165.3, 0, 98.5, 0, 69.9]
25:[0.6, 164.7, 1.5, 97.0, 3.8, 66.1]
26:[3.3, 162.0, 2.1, 96.4, 5.2, 64.7]
27:[13.9, 151.4, 7.2, 91.3, 10.7, 59.2]
28:[18.1, 147.2, 8.7, 89.8, 14.9, 55.0]
29:[47.9, 117.4, 29.4, 69.1, 31.3, 38.6]
30:[59.3, 106.0, 35.4, 63.1, 36.8, 33.1]
31:[62.6, 102.7, 38.9, 59.6, 41.8, 28.1]
32:[73.0, 92.3, 44.9, 53.6, 43.5, 26.4]
33:[90.2, 75.1, 53.5, 45.0, 48.8, 21.1]
34:[104.3, 61.0, 60.4, 38.1, 54.0, 15.9]
35:[130.1, 35.2, 76.5, 22.0, 59.9, 10.0]
36:[147.3, 18.0, 87.8, 10.7, 65.2, 4.7]
37:[165.3, 0, 98.5, 0, 69.9, 0]
38:[18.0, 147.3, 10.7, 87.8, 4.7, 65.2]
39:[11.9, 153.4, 7.0, 91.5, 3.5, 66.4]
40:[11.9, 153.4, 7.0, 91.5, 3.5, 66.4]
41:[11.9, 153.4, 7.0, 91.5, 3.5, 66.4]
42:[5.0, 160.3, 3.6, 94.9, 3.3, 66.6]
43:[0, 165.3, 0, 98.5, 0, 69.9]

red_gap25
5:[0, 136.1, 0, 78.6, 0, 140.9]
6:[1.5, 134.6, 0.8, 77.8, 3.1, 137.8]
7:[1.5, 134.6, 0.8, 77.8, 3.1, 137.8]
8:[10.4, 125.7, 4.0, 74.6, 16.2, 124.7]
9:[13.0, 123.1, 4.9, 73.7, 17.1, 123.8]
10:[21.7, 114.4, 9.2, 69.4, 32.8, 108.1]
11:[37.2, 98.9, 19.0, 59.6, 49.9, 91.0]
12:[46.3, 89.8, 21.3, 57.3, 61.1, 79.8]
13:[70.1, 66.0, 30.0, 48.6, 84.4, 56.5]
14:[70.1, 66.0, 30.0, 48.6, 84.4, 56.5]
15:[111.9, 24.2, 61.9, 16.7, 112.2, 28.7]
16:[118.1, 18.0, 67.7, 10.9, 125.0, 15.9]
17:[120.2, 15.9, 68.4, 10.2, 128.3, 12.6]
18:[134.3, 1.8, 77.4, 1.2, 137.0, 3.9]
19:[134.3, 1.8, 77.4, 1.2, 137.0, 3.9]
20:[136.1, 0, 78.6, 0, 140.9, 0]
21:[136.1, 0, 78.6, 0, 140.9, 0]
22:[0, 136.1, 0, 78.6, 0, 140.9]

red_sum34
20:[0, 115.6, 0, 28.1, 0, 68.2]
21:[2.4, 113.2, 0.6, 27.5, 1.4, 66.8]
22:[5.5, 110.1, 1.2, 26.9, 3.4, 64.8]
23:[5.5, 110.1, 1.2, 26.9, 3.4, 64.8]
24:[12.3, 103.3, 3.1, 25.0, 6.5, 61.7]
25:[18.5, 97.1, 5.2, 22.9, 8.5, 59.7]
26:[23.7, 91.9, 6.3, 21.8, 11.6, 56.6]
27:[27.8, 87.8, 8.0, 20.1, 12.3, 55.9]
28:[38.3, 77.3, 10.2, 17.9, 21.7, 46.5]
29:[48.3, 67.3, 13.4, 14.7, 25.5, 42.7]
30:[51.7, 63.9, 15.1, 13.0, 25.5, 42.7]
31:[60.4, 55.2, 17.1, 11.0, 30.1, 38.1]
32:[68.2, 47.4, 19.1, 9.0, 36.3, 31.9]
33:[73.7, 41.9, 20.0, 8.1, 40.0, 28.2]
34:[83.1, 32.5, 22.9, 5.2, 43.5, 24.7]
35:[85.5, 30.1, 23.1, 5.0, 45.5, 22.7]
36:[97.0, 18.6, 25.4, 2.7, 52.0, 16.2]
37:[103.3, 12.3, 26.4, 1.7, 56.5, 11.7]
38:[107.9, 7.7, 26.6, 1.5, 61.2, 7.0]
39:[109.9, 5.7, 27.0, 1.1, 63.7, 4.5]
40:[115.6, 0, 28.1, 0, 68.2, 0]
41:[115.6, 0, 28.1, 0, 68.2, 0]
42:[115.6, 0, 28.1, 0, 68.2, 0]
43:[115.6, 0, 28.1, 0, 68.2, 0]
44:[115.6, 0, 28.1, 0, 68.2, 0]
45:[115.6, 0, 28.1, 0, 68.2, 0]
46:[115.6, 0, 28.1, 0, 68.2, 0]
47:[115.6, 0, 28.1, 0, 68.2, 0]
48:[0, 115.6, 0, 28.1, 0, 68.2]

red_gap12
0:[0, 116.7, 0, 49.6, 0, 58.9]
1:[116.7, 0, 49.6, 0, 58.9, 0]
2:[111.3, 5.4, 48.5, 1.1, 56.0, 2.9]
3:[101.9, 14.8, 43.5, 6.1, 54.2, 4.7]
4:[72.0, 44.7, 31.4, 18.2, 42.1, 16.8]
5:[42.8, 73.9, 17.8, 31.8, 28.8, 30.1]
6:[32.7, 84.0, 14.9, 34.7, 21.6, 37.3]
7:[22.5, 94.2, 11.0, 38.6, 15.5, 43.4]
8:[9.1, 107.6, 5.0, 44.6, 7.4, 51.5]
9:[4.9, 111.8, 2.0, 47.6, 3.5, 55.4]
10:[4.9, 111.8, 2.0, 47.6, 3.5, 55.4]
11:[1.1, 115.6, 0.6, 49.0, 2.5, 56.4]
12:[1.1, 115.6, 0.6, 49.0, 2.5, 56.4]
13:[1.1, 115.6, 0.6, 49.0, 2.5, 56.4]
14:[1.1, 115.6, 0.6, 49.0, 2.5, 56.4]
15:[0, 116.7, 0, 49.6, 0, 58.9]

red_gap23
-2:[0, 94.8, 0, 25.1, 0, 110.8]
-1:[0.4, 94.4, 2.9, 22.2, 5.5, 105.3]
0:[2.8, 92.0, 3.1, 22.0, 8.1, 102.7]
1:[7.6, 87.2, 5.7, 19.4, 18.0, 92.8]
2:[17.2, 77.6, 7.4, 17.7, 28.1, 82.7]
3:[44.8, 50.0, 12.0, 13.1, 53.1, 57.7]
4:[72.7, 22.1, 20.3, 4.8, 91.0, 19.8]
5:[80.3, 14.5, 21.5, 3.6, 97.5, 13.3]
6:[81.9, 12.9, 22.5, 2.6, 101.1, 9.7]
7:[91.9, 2.9, 24.3, 0.8, 107.1, 3.7]
8:[91.9, 2.9, 24.3, 0.8, 107.1, 3.7]
9:[91.9, 2.9, 24.3, 0.8, 107.1, 3.7]
10:[94.8, 0, 25.1, 0, 110.8, 0]
11:[94.8, 0, 25.1, 0, 110.8, 0]
12:[94.8, 0, 25.1, 0, 110.8, 0]
13:[94.8, 0, 25.1, 0, 110.8, 0]
14:[0, 94.8, 0, 25.1, 0, 110.8]

red_gap34
1:[0, 90.0, 0, 61.5, 0, 98.0]
2:[2.8, 87.2, 1.5, 60.0, 5.7, 92.3]
3:[11.6, 78.4, 9.0, 52.5, 19.7, 78.3]
4:[36.0, 54.0, 25.5, 36.0, 32.5, 65.5]
5:[90.0, 0, 61.5, 0, 98.0, 0]
6:[44.1, 45.9, 28.1, 33.4, 51.9, 46.1]
7:[17.8, 72.2, 11.6, 49.9, 28.3, 69.7]
8:[2.3, 87.7, 4.2, 57.3, 10.7, 87.3]
9:[1.0, 89.0, 3.5, 58.0, 8.2, 89.8]
10:[1.0, 89.0, 3.5, 58.0, 8.2, 89.8]
11:[0.9, 89.1, 1.2, 60.3, 3.4, 94.6]
12:[0, 90.0, 0, 61.5, 0, 98.0]

red_gap45
-2:[0, 185.9, 0, 147.3, 0, 154.2]
-1:[3.9, 182.0, 1.8, 145.5, 0.3, 153.9]
0:[8.6, 177.3, 2.5, 144.8, 5.0, 149.2]
1:[14.9, 171.0, 8.3, 139.0, 17.4, 136.8]
2:[44.7, 141.2, 33.5, 113.8, 47.6, 106.6]
3:[185.9, 0, 147.3, 0, 154.2, 0]
4:[116.8, 69.1, 92.7, 54.6, 81.4, 72.8]
5:[88.9, 97.0, 72.7, 74.6, 60.7, 93.5]
6:[61.2, 124.7, 52.6, 94.7, 44.4, 109.8]
7:[47.5, 138.4, 39.2, 108.1, 30.6, 123.6]
8:[0, 185.9, 0, 147.3, 0, 154.2]

red_gap56
0:[0, 89.0, 0, 21.0, 0, 59.9]
1:[89.0, 0, 21.0, 0, 59.9, 0]
2:[89.0, 0, 21.0, 0, 59.9, 0]
3:[87.4, 1.6, 20.1, 0.9, 56.6, 3.3]
4:[80.0, 9.0, 17.9, 3.1, 53.3, 6.6]
5:[69.6, 19.4, 15.1, 5.9, 48.7, 11.2]
6:[40.6, 48.4, 9.1, 11.9, 28.9, 31.0]
7:[32.4, 56.6, 7.7, 13.3, 23.3, 36.6]
8:[18.3, 70.7, 3.6, 17.4, 11.0, 48.9]
9:[6.5, 82.5, 0.9, 20.1, 4.7, 55.2]
10:[2.3, 86.7, 0.2, 20.8, 1.9, 58.0]
11:[0, 89.0, 0, 21.0, 0, 59.9]

red_blue
0:[0, 30.0, 0, 61.4, 0, 149.8]
1:[0.7, 29.3, 4.0, 57.4, 8.0, 141.8]
2:[1.7, 28.3, 4.7, 56.7, 10.6, 139.2]
3:[3.7, 26.3, 9.3, 52.1, 21.8, 128.0]
4:[10.0, 20.0, 19.3, 42.1, 48.5, 101.3]
5:[14.9, 15.1, 32.4, 29.0, 77.3, 72.5]
6:[18.3, 11.7, 38.6, 22.8, 93.4, 56.4]
7:[25.3, 4.7, 46.8, 14.6, 116.9, 32.9]
8:[27.1, 2.9, 51.7, 9.7, 128.2, 21.6]
9:[27.8, 2.2, 52.9, 8.5, 131.4, 18.4]
10:[28.6, 1.4, 57.5, 3.9, 140.8, 9.0]
11:[30.0, 0, 61.4, 0, 149.8, 0]
12:[30.0, 0, 61.4, 0, 149.8, 0]
13:[30.0, 0, 61.4, 0, 149.8, 0]
14:[30.0, 0, 61.4, 0, 149.8, 0]
15:[30.0, 0, 61.4, 0, 149.8, 0]
16:[0, 30.0, 0, 61.4, 0, 149.8]

