RedSum25
('0_RedSum25_Top3_Hit_1', 9) [22, 23, 24, 36, 37, 38]
('0_RedSum25_Top2_Hit_1', 8) [22, 23, 24, 37, 38]
('1_RedSum25_Top1_Hit_1', 8) [22, 23, 24, 25, 26, 36, 37, 38]
('1_RedSum25_Top3_Hit_2', 8) [22, 24, 26, 27, 36, 37, 38]
('0_RedSum25_Top1_Hit_1', 7) [22, 23, 24, 25, 26, 36, 37, 38]
('0_RedSum25_Top3_UnHit_2', 6) [22, 23, 24, 25, 26, 35, 36, 37, 38]
('0_RedSum25_Top1_UnHit_0', 5) [22, 23, 24, 25, 37, 38]
('0_RedSum25_Top2_UnHit_0', 5) [22, 23, 24, 25, 26, 31, 35, 36, 37, 38]
('0_RedSum25_Top2_UnHit_2', 5) [27, 28, 29, 30, 33, 34]
('1_RedSum25_Top1_UnHit_0', 5) [22, 23, 24, 31, 37, 38]
('1_RedSum25_Top2_Hit_2', 5) [26, 27, 28, 29, 30, 32, 33, 34, 35, 36]
('1_RedSum25_Top3_UnHit_2', 5) [22, 23, 24, 25, 26, 27, 28, 29, 30, 32, 33, 34, 35, 36, 37, 38]
('1_RedSum25_Top2_UnHit_2', 4) [24, 25, 26, 27, 28, 29, 30, 31, 32, 33, 34, 35, 36, 37]
('1_RedSum25_Top2_UnHit_0', 4) [22, 23, 38]
('0_RedSum25_Top1_Hit_0', 3) [31, 32]
('0_RedSum25_Top1_UnHit_2', 3) [26, 27, 28, 29, 30, 33, 34, 35, 36]
('1_RedSum25_Top3_UnHit_1', 3) []
('1_RedSum25_Top2_Hit_1', 3) [22, 23, 24, 25, 37, 38]
('1_RedSum25_Top1_UnHit_2', 3) [25, 26, 27, 28, 29, 30, 33, 34, 35, 36]
('0_RedSum25_Top1_UnHit_1', 2) [31, 32]
('0_RedSum25_Top2_Hit_0', 2) [31, 32]
('0_RedSum25_Top3_UnHit_0', 2) [31]
('0_RedSum25_Top3_UnHit_1', 2) [27, 28, 29, 30, 32, 33, 34]
('1_RedSum25_Top1_Hit_0', 2) [31, 32]
('1_RedSum25_Top1_UnHit_1', 2) [32]
('1_RedSum25_Top2_Hit_0', 2) [31]
('1_RedSum25_Top3_UnHit_0', 2) [31]
('1_RedSum25_Top2_UnHit_1', 2) []
('0_RedSum25_Top3_Hit_0', 1) [31]
('1_RedSum25_Top3_Hit_1', 1) [23, 25, 28, 29, 30, 31, 32, 33, 34, 35]
('1_RedSum25_Top3_Hit_0', 1) []
Red4
('1_Red4_Top3_Hit_2', 8) [9, 10, 19, 21, 22]
('0_Red4_Top2_Hit_1', 7) [9, 10, 11, 12, 13, 20, 21, 22]
('0_Red4_Top1_Hit_1', 6) [9, 10, 11, 12, 13, 14, 15, 20, 21, 22]
('0_Red4_Top2_UnHit_2', 6) [13, 14, 15, 16, 17, 19, 20]
('1_Red4_Top1_Hit_1', 6) [9, 10, 11, 12, 13, 14, 15, 20, 21, 22]
('1_Red4_Top2_Hit_1', 6) [9, 10, 11, 12, 13, 14, 15, 16, 17, 20, 21, 22]
('0_Red4_Top3_Hit_1', 5) [9, 10, 11, 20, 21, 22]
('0_Red4_Top1_UnHit_1', 5) [17, 19]
('1_Red4_Top3_UnHit_1', 5) [9, 10, 11, 19, 20, 21, 22]
('1_Red4_Top1_UnHit_1', 5) [17, 19]
('1_Red4_Top3_UnHit_2', 5) [12, 13, 14, 15, 16, 17, 18]
('0_Red4_Top1_UnHit_2', 4) [9, 10, 11, 12, 13, 14, 15, 16, 20, 21, 22]
('0_Red4_Top3_UnHit_2', 4) [9, 10, 11, 12, 20, 21, 22]
('0_Red4_Top3_UnHit_1', 4) [13, 14, 15, 16, 17, 19]
('1_Red4_Top1_UnHit_2', 4) [9, 10, 11, 12, 13, 14, 15, 16, 20, 21, 22]
('1_Red4_Top2_UnHit_1', 4) [18, 19]
('1_Red4_Top2_UnHit_2', 4) [9, 10, 11, 12, 13, 14, 15, 16, 17, 20, 21, 22]
('0_Red4_Top3_Hit_2', 3) [12, 13, 14, 15, 16, 19]
('0_Red4_Top1_Hit_0', 2) [18]
('0_Red4_Top2_Hit_2', 2) [14, 15, 16, 17, 19]
('0_Red4_Top2_UnHit_1', 2) []
('0_Red4_Top3_UnHit_0', 2) [18]
('0_Red4_Top2_UnHit_0', 2) [9, 10, 11, 12, 18, 21, 22]
('0_Red4_Top3_Hit_0', 2) [17, 18]
('0_Red4_Top1_Hit_2', 2) [16, 17, 19]
('1_Red4_Top1_Hit_0', 2) [18]
('1_Red4_Top2_Hit_0', 2) []
('1_Red4_Top2_UnHit_0', 2) []
('1_Red4_Top1_Hit_2', 2) [16, 17, 19]
('1_Red4_Top2_Hit_2', 2) [18, 19]
('1_Red4_Top3_Hit_1', 2) [11, 12, 13, 14, 15, 16, 17, 20]
('0_Red4_Top1_UnHit_0', 1) [18]
('0_Red4_Top2_Hit_0', 1) [18]
('1_Red4_Top1_UnHit_0', 1) [18]
RedGap16
('1_RedGap16_Top2_Hit_1', 8) [16, 17, 18, 19, 20, 21, 29]
('0_RedGap16_Top2_Hit_1', 7) [16, 17, 18, 19, 20, 21, 22, 23, 29]
('0_RedGap16_Top3_Hit_1', 7) [16, 17, 18, 19, 20, 21, 22, 29]
('1_RedGap16_Top3_Hit_2', 6) [16, 17, 18, 29]
('0_RedGap16_Top1_Hit_1', 5) [16, 17, 18, 19, 20, 29]
('0_RedGap16_Top1_UnHit_2', 5) [22, 23, 24]
('0_RedGap16_Top2_UnHit_2', 5) [16, 17, 18, 19, 20, 21, 22, 23, 29]
('1_RedGap16_Top1_Hit_1', 5) [16, 17, 18, 19, 20, 29]
('1_RedGap16_Top1_UnHit_2', 5) [22, 23, 24]
('1_RedGap16_Top3_UnHit_2', 5) [16, 17, 18, 19, 20, 29]
('0_RedGap16_Top3_UnHit_1', 4) [16, 17, 18, 19, 20, 21, 22, 23, 29]
('1_RedGap16_Top2_UnHit_0', 4) [16, 17, 18, 19, 20, 21, 22, 23, 24, 29]
('0_RedGap16_Top1_UnHit_0', 3) [16, 17, 18, 19, 20, 21, 26, 27, 28, 29]
('0_RedGap16_Top3_UnHit_2', 3) []
('0_RedGap16_Top2_UnHit_1', 3) [24, 25]
('0_RedGap16_Top3_UnHit_0', 3) [24, 25, 26, 27, 28]
('0_RedGap16_Top1_Hit_2', 3) [21, 22, 23, 24]
('1_RedGap16_Top2_UnHit_2', 3) [25, 26, 27, 28]
('1_RedGap16_Top1_UnHit_0', 3) [16, 17, 18, 19, 20, 21, 26, 27, 28, 29]
('1_RedGap16_Top2_UnHit_1', 3) []
('1_RedGap16_Top3_UnHit_1', 3) []
('1_RedGap16_Top1_Hit_2', 3) [21, 22, 23, 24]
('1_RedGap16_Top3_Hit_1', 3) [19, 20, 21, 22, 23, 24, 25, 26, 27, 28]
('0_RedGap16_Top1_Hit_0', 2) [25, 26, 27, 28]
('0_RedGap16_Top2_UnHit_0', 2) [26, 27, 28]
('0_RedGap16_Top2_Hit_0', 2) [26, 27, 28]
('0_RedGap16_Top3_Hit_2', 2) [23, 24, 25, 26, 27, 28]
('0_RedGap16_Top1_UnHit_1', 2) [25]
('1_RedGap16_Top1_Hit_0', 2) [25, 26, 27, 28]
('1_RedGap16_Top3_UnHit_0', 2) [21, 22, 23, 24, 25, 26, 27, 28]
('1_RedGap16_Top1_UnHit_1', 2) [25]
('0_RedGap16_Top2_Hit_2', 1) [24, 25]
('0_RedGap16_Top3_Hit_0', 1) []
('1_RedGap16_Top2_Hit_0', 1) [26, 27, 28]
('1_RedGap16_Top2_Hit_2', 1) [22, 23, 24, 25]
('1_RedGap16_Top3_Hit_0', 1) []
RedSum34
('0_RedSum34_Top3_Hit_1', 8) [17, 36, 37, 38]
('0_RedSum34_Top2_Hit_1', 7) [17, 18, 19, 20, 36, 37, 38]
('1_RedSum34_Top1_Hit_1', 7) [17, 18, 19, 20, 21, 22, 23, 24, 25, 26, 27, 28, 29, 30, 36, 37, 38]
('1_RedSum34_Top2_UnHit_2', 7) [22, 23, 24, 25, 26, 27, 28, 29, 30, 31, 32, 33, 34, 35]
('1_RedSum34_Top3_Hit_2', 7) [17, 18, 19, 20, 36, 37, 38]
('0_RedSum34_Top1_Hit_1', 6) [17, 18, 19, 20, 21, 22, 23, 24, 25, 26, 27, 28, 29, 36, 37, 38]
('0_RedSum34_Top2_UnHit_2', 5) [17, 18, 19, 20, 21, 22, 23, 24, 25, 26, 36, 37, 38]
('1_RedSum34_Top2_Hit_2', 5) []
('1_RedSum34_Top3_UnHit_2', 5) [21, 22, 23, 24, 25, 26, 27, 28, 29, 30, 31]
('0_RedSum34_Top1_UnHit_2', 4) [17, 38]
('0_RedSum34_Top3_UnHit_2', 4) [17, 18, 19, 20, 36, 37, 38]
('0_RedSum34_Top3_UnHit_1', 4) [21, 22, 23, 24, 25, 26, 27, 28, 29, 30, 31]
('1_RedSum34_Top3_UnHit_1', 4) [17, 18, 19, 20, 36, 37, 38]
('1_RedSum34_Top1_UnHit_1', 4) [17, 18, 19, 20, 21, 22, 23, 24, 25, 26, 27, 28, 29, 30, 31, 36, 37, 38]
('0_RedSum34_Top1_UnHit_0', 3) [33, 34, 35]
('0_RedSum34_Top1_UnHit_1', 3) [18, 19, 20, 21, 22, 23, 24, 25, 26, 27, 28, 29, 30, 31, 32, 36, 37]
('0_RedSum34_Top2_UnHit_0', 3) [32, 33, 34, 35]
('1_RedSum34_Top1_UnHit_2', 3) []
('1_RedSum34_Top2_Hit_1', 3) []
('1_RedSum34_Top1_UnHit_0', 3) [32, 33, 34, 35]
('0_RedSum34_Top1_Hit_0', 2) []
('0_RedSum34_Top2_Hit_0', 2) [31, 32, 33, 34, 35]
('0_RedSum34_Top3_UnHit_0', 2) [32, 33, 34, 35]
('0_RedSum34_Top1_Hit_2', 2) [30, 31, 32, 33, 34, 35]
('0_RedSum34_Top2_UnHit_1', 2) [27, 28, 29, 30, 31]
('1_RedSum34_Top1_Hit_0', 2) []
('1_RedSum34_Top2_Hit_0', 2) []
('1_RedSum34_Top3_Hit_1', 2) [21, 22, 23, 24, 25, 26, 27, 28, 29, 30]
('1_RedSum34_Top2_UnHit_0', 2) []
('0_RedSum34_Top3_Hit_2', 1) [18, 19, 20, 21, 22, 23, 24, 25, 26, 27, 28, 36]
('0_RedSum34_Top2_Hit_2', 1) [21, 22, 23, 24, 25, 26, 27, 28, 29, 30]
('0_RedSum34_Top3_Hit_0', 1) [29, 30, 31, 32, 33, 34, 35]
('1_RedSum34_Top3_UnHit_0', 1) [32, 33, 34, 35]
('1_RedSum34_Top2_UnHit_1', 1) [17, 18, 19, 20, 21, 36, 37, 38]
('1_RedSum34_Top1_Hit_2', 1) [31, 32, 33, 34, 35]
('1_RedSum34_Top3_Hit_0', 1) [31, 32, 33, 34, 35]
RedGap45
('1_RedGap45_Top3_Hit_2', 8) [1, 2, 3, 4, 11, 12, 13, 14]
('0_RedGap45_Top2_Hit_1', 6) [1, 2, 3, 4, 8, 9, 10, 11, 12, 13, 14]
('0_RedGap45_Top1_Hit_1', 5) [1, 2, 3, 4, 6, 7, 8, 9, 10, 11, 12, 13, 14]
('0_RedGap45_Top3_Hit_1', 5) [1, 2, 3, 4, 10, 11, 12, 13, 14]
('0_RedGap45_Top3_UnHit_0', 5) [5]
('1_RedGap45_Top3_UnHit_0', 5) [1, 2, 3, 4, 10, 11, 12, 13, 14]
('1_RedGap45_Top1_Hit_1', 5) [1, 2, 3, 4, 6, 7, 8, 9, 10, 11, 12, 13, 14]
('1_RedGap45_Top2_Hit_1', 5) [1, 2, 3, 4, 9, 10, 11, 12, 13, 14]
('0_RedGap45_Top1_UnHit_2', 4) []
('0_RedGap45_Top2_UnHit_2', 4) [1, 2, 12, 13, 14]
('0_RedGap45_Top2_UnHit_0', 4) [5]
('0_RedGap45_Top1_UnHit_1', 4) [1, 2, 3, 4, 6, 7, 8, 9, 10, 11, 12, 13, 14]
('1_RedGap45_Top1_UnHit_2', 4) []
('1_RedGap45_Top2_UnHit_0', 4) [2, 3, 4]
('1_RedGap45_Top3_UnHit_2', 4) [5, 6]
('1_RedGap45_Top1_UnHit_1', 4) [1, 2, 3, 4, 6, 7, 8, 9, 10, 11, 12, 13, 14]
('0_RedGap45_Top1_Hit_0', 3) []
('0_RedGap45_Top2_Hit_0', 3) [5]
('0_RedGap45_Top3_Hit_0', 3) [5, 6]
('0_RedGap45_Top3_UnHit_2', 3) [1, 2, 3, 4, 10, 11, 12, 13, 14]
('1_RedGap45_Top1_Hit_0', 3) []
('1_RedGap45_Top2_Hit_0', 3) [5, 6, 7, 8]
('1_RedGap45_Top2_UnHit_2', 3) []
('1_RedGap45_Top2_UnHit_1', 3) [1, 5, 6, 7, 8, 9, 10, 11, 12, 13, 14]
('0_RedGap45_Top3_Hit_2', 2) [7, 8, 9]
('0_RedGap45_Top3_UnHit_1', 2) [6, 7, 8, 9]
('0_RedGap45_Top1_UnHit_0', 2) [5]
('0_RedGap45_Top1_Hit_2', 2) [5]
('0_RedGap45_Top2_UnHit_1', 2) [3, 4, 6, 7, 8, 9, 10, 11]
('1_RedGap45_Top1_UnHit_0', 2) [5]
('1_RedGap45_Top1_Hit_2', 2) [5]
('1_RedGap45_Top2_Hit_2', 2) []
('0_RedGap45_Top2_Hit_2', 1) [6, 7]
('1_RedGap45_Top3_UnHit_1', 1) [7, 8, 9]
('1_RedGap45_Top3_Hit_1', 1) [8, 9, 10]
('1_RedGap45_Top3_Hit_0', 1) [5, 6, 7]
RedBlue
('1_RedBlue_Top2_UnHit_1', 8) [4, 5, 6, 7, 9, 10, 11, 12, 13, 14, 15]
('0_RedBlue_Top1_Hit_1', 7) []
('1_RedBlue_Top1_Hit_1', 7) []
('1_RedBlue_Top1_UnHit_1', 7) [7, 8, 9, 10, 11, 12, 13]
('0_RedBlue_Top2_Hit_1', 6) [4, 5, 6, 7, 10, 11, 12, 13, 14, 15]
('0_RedBlue_Top2_UnHit_1', 6) [8, 9, 10]
('1_RedBlue_Top2_Hit_1', 6) [4, 5, 6, 7, 9, 10, 11, 12, 13, 14, 15]
('0_RedBlue_Top3_Hit_1', 5) [4, 5, 6, 7, 12, 13, 14, 15]
('0_RedBlue_Top1_UnHit_1', 5) [7, 8, 9, 10, 11, 12]
('1_RedBlue_Top3_Hit_2', 5) [4, 5, 6, 7, 12, 13, 14, 15]
('1_RedBlue_Top3_UnHit_2', 5) [8, 9]
('0_RedBlue_Top1_UnHit_2', 4) [4, 5, 6, 13, 14, 15]
('0_RedBlue_Top3_UnHit_2', 4) [7, 10, 11, 12, 13]
('1_RedBlue_Top3_UnHit_1', 4) [6, 7, 10, 11, 12, 13, 14]
('0_RedBlue_Top3_UnHit_1', 3) [9]
('0_RedBlue_Top2_Hit_2', 3) [8, 9]
('0_RedBlue_Top3_UnHit_0', 3) [4, 5, 6, 8, 14, 15]
('0_RedBlue_Top2_UnHit_2', 3) [4, 5, 6, 7, 11, 12, 13, 14, 15]
('0_RedBlue_Top3_Hit_0', 3) [8]
('1_RedBlue_Top1_UnHit_2', 3) [4, 5, 6, 14, 15]
('1_RedBlue_Top3_Hit_0', 3) [8, 9]
('0_RedBlue_Top1_Hit_0', 2) []
('0_RedBlue_Top3_Hit_2', 2) [9, 10, 11]
('1_RedBlue_Top1_Hit_0', 2) []
('1_RedBlue_Top2_Hit_2', 2) []
('1_RedBlue_Top3_Hit_1', 2) [10, 11]
('1_RedBlue_Top2_Hit_0', 2) [8]
('0_RedBlue_Top1_UnHit_0', 1) []
('0_RedBlue_Top2_Hit_0', 1) []
('0_RedBlue_Top2_UnHit_0', 1) []
('0_RedBlue_Top1_Hit_2', 1) []
('1_RedBlue_Top2_UnHit_2', 1) [8]
('1_RedBlue_Top2_UnHit_0', 1) []
('1_RedBlue_Top3_UnHit_0', 1) [4, 5, 15]
('1_RedBlue_Top1_Hit_2', 1) []
Red1
('1_Red1_Top2_UnHit_1', 7) []
('1_Red1_Top3_Hit_2', 7) [0, 6, 7, 8, 9]
('0_Red1_Top2_Hit_1', 6) [0, 1, 5, 6, 7, 8, 9]
('1_Red1_Top2_Hit_1', 6) [1, 2, 3, 4]
('1_Red1_Top3_UnHit_1', 6) [0, 1, 5, 6, 7, 8, 9]
('0_Red1_Top1_Hit_1', 5) [0, 1, 2, 5, 6, 7, 8, 9]
('0_Red1_Top2_UnHit_2', 5) [0, 6, 7, 8, 9]
('0_Red1_Top1_UnHit_1', 5) [2, 3, 4, 5, 6, 7]
('0_Red1_Top3_Hit_1', 5) [0, 1, 5, 6, 7, 8, 9]
('1_Red1_Top1_UnHit_1', 5) [2, 4, 5, 6, 7]
('0_Red1_Top1_UnHit_2', 4) [0, 1, 8, 9]
('0_Red1_Top3_UnHit_2', 4) [0, 6, 7, 8, 9]
('1_Red1_Top1_UnHit_2', 4) [0, 1, 8, 9]
('1_Red1_Top1_Hit_1', 4) [0, 1, 5, 6, 7, 8, 9]
('1_Red1_Top1_Hit_2', 4) [2, 3, 4]
('0_Red1_Top2_Hit_0', 3) [3]
('0_Red1_Top2_UnHit_1', 3) [1, 2, 4, 5]
('0_Red1_Top3_Hit_0', 3) [3]
('0_Red1_Top3_UnHit_1', 3) [1, 2, 4, 5]
('0_Red1_Top3_UnHit_0', 3) [3]
('0_Red1_Top1_Hit_2', 3) [3, 4]
('1_Red1_Top2_Hit_2', 3) [0, 5, 6, 7, 8, 9]
('0_Red1_Top1_Hit_0', 2) []
('0_Red1_Top2_UnHit_0', 2) [3]
('0_Red1_Top3_Hit_2', 2) [2, 4]
('1_Red1_Top1_Hit_0', 2) []
('1_Red1_Top2_UnHit_2', 2) []
('1_Red1_Top3_Hit_1', 2) [1, 2, 4, 5]
('1_Red1_Top3_UnHit_0', 2) [3]
('1_Red1_Top3_UnHit_2', 2) [2, 4]
('0_Red1_Top1_UnHit_0', 1) []
('0_Red1_Top2_Hit_2', 1) [2, 4]
('1_Red1_Top2_Hit_0', 1) []
('1_Red1_Top1_UnHit_0', 1) [3]
('1_Red1_Top3_Hit_0', 1) [3]
('1_Red1_Top2_UnHit_0', 1) []
Red2
('0_Red2_Top1_UnHit_2', 7) [3, 4, 5, 6, 7, 10, 11, 12, 13, 14]
('1_Red2_Top1_Hit_1', 7) [3, 4, 5, 6, 7, 10, 11, 12, 13, 14]
('1_Red2_Top2_Hit_2', 7) [3, 4, 9, 10, 11, 12, 13, 14]
('0_Red2_Top1_Hit_1', 6) [3, 4, 5, 6, 7, 10, 11, 12, 13, 14]
('0_Red2_Top2_Hit_1', 6) [3, 4, 5, 6, 9, 10, 11, 12, 13, 14]
('1_Red2_Top3_Hit_2', 6) [3, 4, 5, 6, 9, 10, 11, 12, 13, 14]
('1_Red2_Top2_UnHit_2', 6) [3, 4, 5, 6, 7, 8, 12, 13, 14]
('0_Red2_Top2_UnHit_2', 5) [3, 4, 5, 6, 10, 11, 12, 13, 14]
('0_Red2_Top3_Hit_1', 5) [3, 4, 5, 6, 9, 10, 11, 12, 13, 14]
('0_Red2_Top2_UnHit_1', 5) [7, 8, 9]
('1_Red2_Top1_UnHit_2', 5) [3, 4, 5, 6, 7, 10, 11, 12, 13, 14]
('1_Red2_Top3_UnHit_1', 5) [3, 4, 5, 9, 10, 11, 12, 13, 14]
('0_Red2_Top3_UnHit_2', 4) [3, 4, 5, 9, 10, 11, 12, 13, 14]
('0_Red2_Top3_Hit_2', 4) [7]
('1_Red2_Top2_UnHit_1', 4) [9, 10, 11]
('1_Red2_Top1_UnHit_1', 4) [8, 9]
('1_Red2_Top3_Hit_1', 4) [7, 8]
('1_Red2_Top3_UnHit_2', 4) [6, 7, 8]
('0_Red2_Top3_UnHit_0', 3) [8]
('0_Red2_Top1_UnHit_1', 3) [8, 9]
('0_Red2_Top2_Hit_2', 3) [7, 9]
('0_Red2_Top3_UnHit_1', 3) [6, 7]
('0_Red2_Top1_Hit_0', 2) []
('0_Red2_Top1_Hit_2', 2) [8, 9]
('1_Red2_Top2_Hit_1', 2) [5, 6, 7, 8]
('1_Red2_Top1_Hit_2', 2) [8, 9]
('0_Red2_Top3_Hit_0', 1) [8]
('0_Red2_Top2_Hit_0', 1) [8]
('1_Red2_Top3_UnHit_0', 1) []
('1_Red2_Top1_UnHit_0', 1) []
('1_Red2_Top1_Hit_0', 1) []
('1_Red2_Top2_Hit_0', 1) []
Red3
('0_Red3_Top1_Hit_1', 7) [7, 8, 9, 10, 11, 12, 13, 18]
('1_Red3_Top1_Hit_1', 7) [7, 8, 9, 10, 11, 12, 13, 18]
('1_Red3_Top3_Hit_2', 6) [7, 8, 18]
('0_Red3_Top3_Hit_1', 5) [7, 8, 18]
('0_Red3_Top2_UnHit_2', 5) [7, 8, 9, 10, 11, 12, 18]
('0_Red3_Top1_UnHit_2', 4) []
('0_Red3_Top2_Hit_1', 4) [7, 8, 9, 10, 11, 18]
('0_Red3_Top3_UnHit_0', 4) [7, 8, 18]
('0_Red3_Top1_UnHit_1', 4) [7, 8, 9, 10, 11, 12, 13, 18]
('1_Red3_Top1_UnHit_2', 4) []
('1_Red3_Top2_Hit_2', 4) []
('1_Red3_Top2_UnHit_1', 4) [11, 12, 13]
('1_Red3_Top3_UnHit_1', 4) [9, 10, 11, 12]
('1_Red3_Top2_UnHit_2', 4) [14, 15, 16, 17]
('1_Red3_Top1_UnHit_1', 4) [7, 8, 9, 10, 11, 12, 13, 18]
('0_Red3_Top2_UnHit_0', 3) [16, 17]
('0_Red3_Top3_UnHit_2', 3) [9, 10, 11, 12]
('0_Red3_Top1_Hit_0', 3) []
('0_Red3_Top2_Hit_0', 3) [14, 15, 16, 17]
('0_Red3_Top3_Hit_0', 3) [13, 14, 15, 16, 17]
('0_Red3_Top2_Hit_2', 3) [12, 13]
('0_Red3_Top3_UnHit_1', 3) [13, 14, 15, 16, 17]
('1_Red3_Top1_Hit_0', 3) []
('1_Red3_Top2_Hit_0', 3) [12, 13, 14, 15, 16, 17]
('1_Red3_Top3_Hit_1', 3) [9, 10, 11, 12]
('1_Red3_Top3_UnHit_0', 3) [7, 8, 18]
('1_Red3_Top2_Hit_1', 3) [7, 8, 9, 10, 11, 18]
('1_Red3_Top3_UnHit_2', 3) [13, 14, 15, 16, 17]
('0_Red3_Top1_UnHit_0', 2) [14, 15, 16, 17]
('0_Red3_Top3_Hit_2', 2) [9, 10, 11, 12]
('0_Red3_Top2_UnHit_1', 2) [13, 14, 15]
('1_Red3_Top1_UnHit_0', 2) [14, 15, 16, 17]
('1_Red3_Top2_UnHit_0', 2) [7, 8, 9, 10, 18]
('1_Red3_Top3_Hit_0', 1) [13, 14, 15, 16, 17]
Red5
('1_Red5_Top1_Hit_1', 7) [18, 19, 20, 21, 26, 27, 28, 29]
('0_Red5_Top1_Hit_1', 6) [18, 19, 20, 21, 26, 27, 28, 29]
('1_Red5_Top2_UnHit_1', 6) [18, 19, 23, 24, 25, 26, 27, 28, 29]
('1_Red5_Top2_Hit_1', 6) [18, 19, 21, 23, 24, 25, 26, 27, 28, 29]
('0_Red5_Top3_UnHit_2', 5) [20, 21, 22, 25, 26, 27]
('0_Red5_Top1_UnHit_1', 5) [18, 19, 20, 21, 22, 24, 25, 26, 27, 28, 29]
('0_Red5_Top3_Hit_1', 5) [18, 19, 20, 21, 22, 28, 29]
('0_Red5_Top2_UnHit_1', 4) [24, 25]
('0_Red5_Top2_Hit_1', 4) [18, 19, 20, 21, 28, 29]
('0_Red5_Top2_UnHit_2', 4) [18, 19, 20, 21, 22, 26, 27, 28, 29]
('1_Red5_Top1_UnHit_0', 4) [23]
('1_Red5_Top3_UnHit_2', 4) [23]
('1_Red5_Top3_Hit_1', 4) [25, 26, 27]
('1_Red5_Top3_UnHit_1', 4) [24, 25, 26, 27]
('1_Red5_Top3_Hit_2', 4) [18, 19, 20, 21, 22, 28, 29]
('1_Red5_Top1_UnHit_1', 4) [18, 19, 20, 21, 22, 24, 25, 26, 27, 28, 29]
('0_Red5_Top1_UnHit_0', 3) [23]
('0_Red5_Top2_Hit_0', 3) [23]
('0_Red5_Top2_Hit_2', 3) [22, 24, 25, 26, 27]
('0_Red5_Top3_Hit_2', 3) [24, 25, 26, 27]
('0_Red5_Top3_UnHit_1', 3) [24]
('0_Red5_Top2_UnHit_0', 2) [23]
('0_Red5_Top3_Hit_0', 2) [23]
('0_Red5_Top3_UnHit_0', 2) [18, 19, 23, 28, 29]
('0_Red5_Top1_Hit_2', 2) [22, 23, 24, 25]
('0_Red5_Top1_Hit_0', 2) []
('0_Red5_Top1_UnHit_2', 2) []
('1_Red5_Top2_Hit_0', 2) []
('1_Red5_Top3_Hit_0', 2) [23, 24]
('1_Red5_Top2_UnHit_0', 2) [20, 21, 22]
('1_Red5_Top1_Hit_2', 2) [22, 23, 24, 25]
('1_Red5_Top3_UnHit_0', 2) [18, 19, 20, 21, 22, 28, 29]
('1_Red5_Top1_UnHit_2', 2) []
('1_Red5_Top2_UnHit_2', 2) []
('1_Red5_Top2_Hit_2', 2) [20, 22]
('1_Red5_Top1_Hit_0', 1) []
Red6
('0_Red6_Top1_Hit_1', 7) [20, 21, 22, 23, 24, 25, 32]
('1_Red6_Top1_Hit_1', 7) [20, 21, 22, 23, 24, 32]
('0_Red6_Top2_Hit_1', 6) [20, 21, 22, 23, 24, 25, 26, 27, 28, 32]
('0_Red6_Top2_UnHit_0', 6) [29, 30, 31]
('1_Red6_Top3_Hit_2', 6) [20, 21, 22, 32]
('0_Red6_Top1_UnHit_0', 5) [30, 31]
('0_Red6_Top3_Hit_1', 5) [20, 21, 22, 23, 32]
('0_Red6_Top3_UnHit_2', 5) []
('1_Red6_Top1_UnHit_0', 5) []
('1_Red6_Top2_Hit_2', 4) []
('1_Red6_Top2_UnHit_0', 4) []
('1_Red6_Top3_UnHit_2', 4) [20, 21, 22, 23, 24, 25, 26, 27, 28, 32]
('1_Red6_Top3_UnHit_0', 4) [29, 30, 31]
('1_Red6_Top2_UnHit_1', 4) []
('0_Red6_Top3_Hit_2', 3) [24, 25, 26, 27, 28, 29]
('0_Red6_Top3_UnHit_0', 3) [27, 28, 29, 30, 31]
('0_Red6_Top1_UnHit_1', 3) [26, 27, 28, 29]
('1_Red6_Top2_Hit_0', 3) []
('1_Red6_Top2_Hit_1', 3) []
('1_Red6_Top1_UnHit_1', 3) [27, 28, 29, 30, 31]
('0_Red6_Top1_Hit_0', 2) []
('0_Red6_Top1_UnHit_2', 2) [20, 21, 22, 23, 24, 25, 32]
('0_Red6_Top2_Hit_0', 2) []
('0_Red6_Top2_UnHit_2', 2) []
('0_Red6_Top3_UnHit_1', 2) [20, 21, 22, 23, 24, 25, 26, 32]
('0_Red6_Top3_Hit_0', 2) [30, 31]
('0_Red6_Top2_Hit_2', 2) [29, 30, 31]
('0_Red6_Top2_UnHit_1', 2) [20, 21, 22, 23, 24, 25, 26, 27, 28, 32]
('1_Red6_Top2_UnHit_2', 2) []
('1_Red6_Top3_UnHit_1', 2) []
('1_Red6_Top1_Hit_0', 2) [30, 31]
('1_Red6_Top1_UnHit_2', 2) [20, 21, 22, 23, 24, 25, 26, 32]
('1_Red6_Top3_Hit_0', 2) [30, 31]
('1_Red6_Top3_Hit_1', 2) [23, 24, 25, 26, 27, 28, 29]
('0_Red6_Top1_Hit_2', 1) [26, 27, 28, 29, 30, 31]
('1_Red6_Top1_Hit_2', 1) [25, 26, 27, 28, 29]
RedSum_
('0_RedSum_Top3_Hit_1', 7) [74, 75, 76, 77, 78, 79, 80, 81, 82, 83, 84, 85, 113, 114, 115, 116, 117, 118, 119, 120, 121, 122, 123, 124, 125, 126, 127, 128, 129, 130, 131]
('0_RedSum_Top1_UnHit_0', 6) [100, 101, 102, 103, 104]
('0_RedSum_Top2_UnHit_0', 6) [74, 75, 76, 77, 78, 79, 80, 81, 82, 83, 100, 131]
('0_RedSum_Top1_Hit_1', 6) [74, 75, 76, 77, 78, 79, 80, 81, 82, 83, 84, 85, 86, 87, 88, 89, 90, 91, 92, 93, 94, 95, 96, 97, 98, 99, 108, 109, 110, 111, 112, 113, 114, 115, 116, 117, 118, 119, 120, 121, 122, 123, 124, 125, 126, 127, 128, 129, 130, 131]
('0_RedSum_Top2_Hit_1', 6) [74, 75, 76, 77, 78, 79, 80, 81, 82, 83, 84, 85, 86, 87, 88, 89, 90, 91, 92, 93, 94, 95, 113, 114, 115, 116, 117, 118, 119, 120, 121, 122, 123, 124, 125, 126, 127, 128, 129, 130, 131]
('1_RedSum_Top1_UnHit_0', 6) [100, 101, 102, 103, 104, 105]
('1_RedSum_Top3_Hit_2', 6) []
('1_RedSum_Top1_Hit_1', 6) [74, 75, 76, 77, 78, 79, 80, 81, 82, 83, 84, 85, 86, 87, 88, 89, 90, 91, 92, 93, 94, 95, 96, 97, 110, 111, 112, 113, 114, 115, 116, 117, 118, 119, 120, 121, 122, 123, 124, 125, 126, 127, 128, 129, 130, 131]
('1_RedSum_Top3_UnHit_2', 6) [84, 85, 86, 87, 88, 89, 90, 91, 92, 93, 94, 95, 96, 97, 98, 99, 101, 102, 103, 104, 105, 106, 107, 108, 109, 110, 111, 112]
('0_RedSum_Top3_UnHit_2', 5) [74, 75, 76, 77, 78, 79, 80, 81, 82, 83, 84, 85, 86, 87, 88, 89, 90, 91, 92, 93, 94, 95, 108, 109, 110, 111, 112, 113, 114, 115, 116, 117, 118, 119, 120, 121, 122, 123, 124, 125, 126, 127, 128, 129, 130, 131]
('1_RedSum_Top2_Hit_1', 5) [74, 75, 76, 77, 78, 79, 80, 81, 82, 83, 84, 85, 86, 87, 88, 89, 90, 91, 92, 93, 94, 95, 96, 97, 98, 99, 100, 106, 107, 108, 109, 110, 111, 112, 113, 114, 115, 116, 117, 118, 119, 120, 121, 122, 123, 124, 125, 126, 127, 128, 129, 130, 131]
('1_RedSum_Top2_UnHit_0', 5) []
('0_RedSum_Top1_Hit_0', 3) [100]
('0_RedSum_Top2_Hit_0', 3) [100, 101, 102, 103, 104]
('0_RedSum_Top3_UnHit_0', 3) [100]
('0_RedSum_Top1_UnHit_2', 3) [74, 75, 76, 77, 78, 79, 80, 81, 82, 83, 84, 85, 86, 87, 118, 119, 120, 121, 122, 123, 124, 125, 126, 127, 128, 129, 130, 131]
('0_RedSum_Top2_UnHit_2', 3) [84, 85, 86, 87, 88, 89, 90, 91, 92, 93, 94, 95, 96, 97, 98, 99, 108, 109, 110, 111, 112, 113, 114, 115, 116, 117, 118, 119, 120, 121, 122, 123, 124, 125, 126, 127, 128, 129, 130]
('1_RedSum_Top1_Hit_0', 3) [100]
('1_RedSum_Top3_UnHit_1', 3) [74, 75, 76, 77, 78, 79, 80, 81, 82, 83, 113, 114, 115, 116, 117, 118, 119, 120, 121, 122, 123, 124, 125, 126, 127, 128, 129, 130, 131]
('1_RedSum_Top2_Hit_2', 3) [101, 102, 103, 104, 105]
('1_RedSum_Top2_UnHit_1', 3) [74, 75, 76, 77, 78, 79, 80, 81, 82, 83, 84, 85, 100, 101, 102, 103, 104, 105, 106, 107, 108, 109, 110, 111, 112, 113, 114, 115, 116, 117, 118, 119, 120, 121, 122, 123, 124, 125, 126, 127, 128, 129, 130, 131]
('1_RedSum_Top3_Hit_1', 3) [74, 75, 76, 77, 78, 79, 80, 81, 82, 83, 84, 85, 86, 87, 88, 89, 90, 91, 92, 93, 94, 95, 96, 101, 102, 103, 104, 105, 106, 107, 108, 109, 110, 111, 112, 113, 114, 115, 116, 117, 118, 119, 120, 121, 122, 123, 124, 125, 126, 127, 128, 129, 130, 131]
('0_RedSum_Top3_Hit_2', 2) [86, 87, 88, 89, 90, 91, 92, 93, 94, 95, 96, 97, 98, 99, 102, 103, 104, 105, 106, 107, 108, 109, 110, 111, 112]
('0_RedSum_Top3_UnHit_1', 2) [96, 97, 98, 99, 101, 102, 103, 104, 105, 106, 107]
('1_RedSum_Top2_UnHit_2', 2) [86, 87, 88, 89, 90, 91, 92, 93, 94, 95, 96, 97, 98, 99]
('1_RedSum_Top2_Hit_0', 2) []
('1_RedSum_Top1_UnHit_1', 2) [86, 87, 88, 89, 90, 91, 92, 93, 94, 95, 96, 97, 98, 99, 106, 107, 108, 109, 110, 111, 112, 113, 114, 115, 116, 117, 118, 119, 120, 121, 122, 123, 124, 125, 126, 127, 128, 129, 130]
('1_RedSum_Top1_UnHit_2', 2) [74, 75, 76, 77, 78, 79, 80, 81, 82, 83, 84, 85, 131]
('0_RedSum_Top3_Hit_0', 1) [100, 101]
('0_RedSum_Top1_Hit_2', 1) [101, 102, 103, 104, 105, 106, 107]
('0_RedSum_Top1_UnHit_1', 1) [88, 89, 90, 91, 92, 93, 94, 95, 96, 97, 98, 99, 105, 106, 107, 108, 109, 110, 111, 112, 113, 114, 115, 116, 117]
('0_RedSum_Top2_Hit_2', 1) [96, 97, 98, 99, 105, 106, 107, 108, 109, 110, 111, 112]
('0_RedSum_Top2_UnHit_1', 1) [101, 102, 103, 104, 105, 106, 107]
('1_RedSum_Top3_UnHit_0', 1) [100]
('1_RedSum_Top3_Hit_0', 1) [97, 98, 99, 100]
('1_RedSum_Top1_Hit_2', 1) [98, 99, 101, 102, 103, 104, 105, 106, 107, 108, 109]
RedSum16
('0_RedSum16_Top1_Hit_1', 7) [24, 25, 26, 27, 28, 35, 36, 37, 38]
('0_RedSum16_Top2_UnHit_1', 7) [24, 25, 26, 27, 28, 29, 30, 31, 32, 33, 35, 36, 37, 38]
('1_RedSum16_Top1_UnHit_1', 7) [26, 27, 28, 29, 30, 31, 32, 33, 34, 35, 36]
('1_RedSum16_Top2_UnHit_1', 7) [24, 25, 26, 27, 28, 29, 30, 31, 32, 33, 35, 36, 37, 38]
('0_RedSum16_Top1_UnHit_1', 6) []
('1_RedSum16_Top3_UnHit_1', 6) [24, 25, 26, 27, 28, 29, 35, 36, 37, 38]
('1_RedSum16_Top1_Hit_1', 6) [24, 25, 26, 27, 28, 35, 36, 37, 38]
('0_RedSum16_Top2_Hit_1', 5) [24, 25, 26, 27, 28, 29, 30, 31, 35, 36, 37, 38]
('0_RedSum16_Top3_Hit_1', 5) [24, 25, 26, 27, 28, 35, 36, 37, 38]
('0_RedSum16_Top3_UnHit_2', 5) [24, 25, 26, 27, 28, 35, 36, 37, 38]
('0_RedSum16_Top2_Hit_2', 4) [32, 33, 34]
('0_RedSum16_Top3_UnHit_0', 4) [34]
('1_RedSum16_Top2_Hit_1', 4) [31, 32, 33, 34]
('1_RedSum16_Top3_Hit_2', 4) [24, 25, 26, 27, 28, 29, 35, 36, 37, 38]
('1_RedSum16_Top2_Hit_2', 4) [24, 25, 26, 27, 28, 29, 30, 35, 36, 37, 38]
('1_RedSum16_Top3_Hit_1', 4) [30, 31, 32, 33]
('0_RedSum16_Top3_Hit_2', 3) [29, 30, 31, 32, 33]
('1_RedSum16_Top1_Hit_0', 3) []
('1_RedSum16_Top1_UnHit_2', 3) [24, 25, 37, 38]
('1_RedSum16_Top2_UnHit_2', 3) [34]
('1_RedSum16_Top3_UnHit_2', 3) [30, 31, 32, 33]
('0_RedSum16_Top1_UnHit_2', 2) []
('0_RedSum16_Top1_Hit_0', 2) []
('0_RedSum16_Top2_UnHit_2', 2) []
('0_RedSum16_Top1_UnHit_0', 2) []
('0_RedSum16_Top3_Hit_0', 2) [34]
('1_RedSum16_Top2_Hit_0', 2) []
('1_RedSum16_Top3_Hit_0', 2) [34]
('0_RedSum16_Top1_Hit_2', 1) [29, 30, 31, 32, 33, 34]
('0_RedSum16_Top2_UnHit_0', 1) [34]
('0_RedSum16_Top2_Hit_0', 1) []
('0_RedSum16_Top3_UnHit_1', 1) [29, 30, 31, 32, 33]
('1_RedSum16_Top1_Hit_2', 1) [29, 30, 31, 32, 33, 34]
('1_RedSum16_Top3_UnHit_0', 1) [34]
RedGap25
('0_RedGap25_Top2_UnHit_1', 7) [15, 16]
('1_RedGap25_Top1_Hit_1', 7) []
('1_RedGap25_Top1_UnHit_1', 7) []
('1_RedGap25_Top2_UnHit_1', 7) []
('0_RedGap25_Top1_Hit_1', 6) [12, 13, 14, 16, 17, 18, 19]
('0_RedGap25_Top1_UnHit_1', 6) [12, 13, 14, 16, 17, 18]
('0_RedGap25_Top2_Hit_1', 5) [11, 12, 13, 14, 18, 19, 20, 21]
('1_RedGap25_Top2_Hit_1', 5) [11, 12, 13, 14, 18, 19, 20, 21]
('0_RedGap25_Top2_Hit_2', 4) [16, 17]
('0_RedGap25_Top3_Hit_2', 4) [16, 17]
('0_RedGap25_Top3_UnHit_2', 4) [14, 17, 18]
('1_RedGap25_Top3_Hit_0', 4) [15, 16]
('1_RedGap25_Top2_Hit_2', 4) []
('1_RedGap25_Top3_UnHit_1', 4) [13, 14, 17, 18]
('0_RedGap25_Top3_Hit_1', 3) [12, 13, 14, 18, 19, 20]
('0_RedGap25_Top3_UnHit_1', 3) [15, 16]
('0_RedGap25_Top1_UnHit_2', 3) [11, 19, 20, 21]
('0_RedGap25_Top3_UnHit_0', 3) [11, 12, 13, 19, 20, 21]
('0_RedGap25_Top3_Hit_0', 3) [11, 15, 21]
('1_RedGap25_Top3_UnHit_2', 3) [15, 16]
('1_RedGap25_Top3_Hit_2', 3) [11, 12, 19, 20, 21]
('1_RedGap25_Top3_Hit_1', 3) [13, 14, 17, 18]
('1_RedGap25_Top1_UnHit_2', 3) []
('1_RedGap25_Top2_UnHit_2', 3) []
('1_RedGap25_Top3_UnHit_0', 3) [11, 12, 19, 20, 21]
('0_RedGap25_Top1_Hit_2', 2) [15]
('0_RedGap25_Top2_UnHit_2', 2) [11, 12, 13, 14, 17, 18, 19, 20, 21]
('0_RedGap25_Top1_Hit_0', 2) [11, 20, 21]
('1_RedGap25_Top1_Hit_2', 2) []
('0_RedGap25_Top2_UnHit_0', 1) []
('0_RedGap25_Top1_UnHit_0', 1) [15]
('0_RedGap25_Top2_Hit_0', 1) [15]
('1_RedGap25_Top1_Hit_0', 1) []
('1_RedGap25_Top2_Hit_0', 1) [15, 16, 17]
RedGap12
('1_RedGap12_Top3_Hit_2', 7) [-1, 0, 1, 2, 6, 7, 8, 9, 10]
('0_RedGap12_Top1_Hit_1', 6) [-1, 0, 1, 2, 3, 6, 7, 8, 9, 10]
('0_RedGap12_Top3_Hit_1', 6) [-1, 0, 1, 2, 6, 7, 8, 9, 10]
('1_RedGap12_Top1_Hit_1', 6) [-1, 0, 1, 2, 3, 6, 7, 8, 9, 10]
('1_RedGap12_Top3_UnHit_2', 6) [4, 5]
('1_RedGap12_Top2_Hit_1', 6) []
('0_RedGap12_Top2_Hit_1', 5) [-1, 0, 1, 2, 3, 6, 7, 8, 9, 10]
('0_RedGap12_Top3_UnHit_1', 5) [4]
('0_RedGap12_Top1_UnHit_2', 4) [-1, 10]
('0_RedGap12_Top3_UnHit_2', 4) [3]
('0_RedGap12_Top2_UnHit_1', 4) [4]
('0_RedGap12_Top3_Hit_2', 4) [3, 4]
('0_RedGap12_Top2_UnHit_2', 4) [2, 3]
('1_RedGap12_Top1_UnHit_2', 4) [-1, 10]
('1_RedGap12_Top2_UnHit_1', 4) []
('1_RedGap12_Top3_UnHit_1', 4) [-1, 0, 1, 2, 3, 6, 7, 8, 9, 10]
('0_RedGap12_Top1_UnHit_0', 3) [4, 5]
('0_RedGap12_Top1_UnHit_1', 3) [0, 1, 2, 3, 6, 7, 8, 9]
('0_RedGap12_Top2_Hit_2', 3) [4]
('1_RedGap12_Top2_Hit_2', 3) []
('1_RedGap12_Top2_UnHit_0', 3) []
('1_RedGap12_Top1_UnHit_0', 3) [4, 5]
('1_RedGap12_Top1_UnHit_1', 3) [0, 1, 2, 3, 6, 7, 8, 9]
('1_RedGap12_Top3_Hit_1', 3) [3, 4]
('1_RedGap12_Top2_UnHit_2', 3) []
('0_RedGap12_Top2_UnHit_0', 2) [-1, 0, 1, 5, 6, 7, 8, 9, 10]
('0_RedGap12_Top1_Hit_0', 2) []
('0_RedGap12_Top2_Hit_0', 2) [5]
('0_RedGap12_Top1_Hit_2', 2) [4, 5]
('1_RedGap12_Top1_Hit_0', 2) []
('1_RedGap12_Top1_Hit_2', 2) [4, 5]
('0_RedGap12_Top3_UnHit_0', 1) [-1, 0, 1, 2, 5, 6, 7, 8, 9, 10]
('1_RedGap12_Top2_Hit_0', 1) []
RedGap34
('0_RedGap34_Top2_Hit_1', 7) [4, 5, 6, 7, 8]
('0_RedGap34_Top3_Hit_1', 7) [0, 5, 6, 7, 8, 9, 10, 11]
('1_RedGap34_Top3_Hit_2', 7) [0, 5, 6, 7, 8, 9, 10, 11]
('0_RedGap34_Top3_UnHit_2', 6) [0, 5, 6, 7, 8, 9, 10, 11]
('1_RedGap34_Top1_Hit_1', 6) [0, 7, 8, 9, 10, 11]
('1_RedGap34_Top2_Hit_2', 6) [1, 2, 3, 4, 5, 6, 7]
('0_RedGap34_Top1_Hit_1', 5) [0, 6, 7, 8, 9, 10, 11]
('0_RedGap34_Top2_UnHit_2', 5) [0, 5, 6, 7, 8, 9, 10, 11]
('1_RedGap34_Top1_UnHit_2', 5) [5, 6, 7]
('1_RedGap34_Top2_UnHit_1', 5) [1, 2, 3, 4]
('1_RedGap34_Top3_UnHit_1', 5) [0, 6, 7, 8, 9, 10, 11]
('1_RedGap34_Top3_UnHit_2', 5) [1, 2, 3, 4, 5]
('0_RedGap34_Top1_UnHit_2', 4) [5, 6, 7]
('0_RedGap34_Top3_UnHit_1', 4) [1, 2, 3, 4]
('0_RedGap34_Top1_UnHit_1', 4) [1, 2, 3, 4]
('1_RedGap34_Top1_UnHit_1', 4) [3, 4]
('0_RedGap34_Top1_Hit_2', 3) [4, 5]
('0_RedGap34_Top2_UnHit_1', 3) [1, 2, 3, 4]
('0_RedGap34_Top3_Hit_2', 3) [1, 2, 3, 4]
('1_RedGap34_Top2_UnHit_2', 3) [0, 5, 6, 7, 8, 9, 10, 11]
('1_RedGap34_Top1_Hit_2', 3) [4, 5, 6]
('0_RedGap34_Top1_UnHit_0', 2) [0, 8, 9, 10, 11]
('0_RedGap34_Top2_UnHit_0', 2) []
('0_RedGap34_Top2_Hit_2', 2) [1, 2, 3]
('0_RedGap34_Top1_Hit_0', 2) [1, 2, 3]
('1_RedGap34_Top2_Hit_1', 2) [0, 8, 9, 10, 11]
('1_RedGap34_Top2_UnHit_0', 2) []
('1_RedGap34_Top2_Hit_0', 2) []
('1_RedGap34_Top3_Hit_1', 2) [1, 2, 3, 4]
('0_RedGap34_Top2_Hit_0', 1) [0, 9, 10, 11]
('1_RedGap34_Top1_UnHit_0', 1) [0, 1, 2, 8, 9, 10, 11]
('1_RedGap34_Top1_Hit_0', 1) [1, 2, 3]
('1_RedGap34_Top3_Hit_0', 1) []
RedGap56
('0_RedGap56_Top1_Hit_1', 7) [-2, -1, 0, 1, 9]
('1_RedGap56_Top3_Hit_2', 7) []
('1_RedGap56_Top1_Hit_1', 6) [-2, -1, 0, 1, 9]
('1_RedGap56_Top2_Hit_2', 6) [-2, -1, 0, 1, 2, 9]
('0_RedGap56_Top2_Hit_2', 5) [2, 3, 4]
('0_RedGap56_Top3_Hit_0', 5) []
('0_RedGap56_Top2_Hit_1', 5) [-2, -1, 0, 1, 9]
('0_RedGap56_Top2_UnHit_2', 5) [1, 2]
('0_RedGap56_Top3_Hit_1', 5) [-2, -1, 0, 1, 2, 9]
('1_RedGap56_Top2_UnHit_2', 5) [3, 4, 5, 6, 7, 8]
('1_RedGap56_Top3_UnHit_2', 5) [-2, -1, 0, 1, 2, 9]
('0_RedGap56_Top1_UnHit_1', 4) [5, 6, 7, 8]
('0_RedGap56_Top1_UnHit_2', 4) [2, 3, 4]
('0_RedGap56_Top3_UnHit_2', 4) [-2, -1, 0, 9]
('1_RedGap56_Top1_UnHit_1', 4) [5, 6, 7, 8]
('1_RedGap56_Top1_UnHit_2', 4) [2, 3, 4]
('1_RedGap56_Top1_Hit_2', 4) [2]
('0_RedGap56_Top2_UnHit_1', 3) [3, 4, 5, 6, 7, 8]
('0_RedGap56_Top3_UnHit_1', 3) [1, 2, 3, 4]
('0_RedGap56_Top3_UnHit_0', 3) [5, 6, 7, 8]
('0_RedGap56_Top1_Hit_2', 3) [2]
('1_RedGap56_Top2_Hit_1', 3) []
('1_RedGap56_Top2_UnHit_1', 3) []
('1_RedGap56_Top3_Hit_0', 3) []
('1_RedGap56_Top3_UnHit_0', 3) [3, 4, 5, 6, 7, 8]
('0_RedGap56_Top2_UnHit_0', 2) [-2, -1, 0, 9]
('0_RedGap56_Top1_UnHit_0', 2) [-2, -1, 0, 1, 9]
('1_RedGap56_Top3_UnHit_1', 2) []
('1_RedGap56_Top1_UnHit_0', 2) [-2, -1, 0, 1, 9]
('1_RedGap56_Top2_UnHit_0', 2) [-2, -1, 0, 1, 2, 9]
('1_RedGap56_Top2_Hit_0', 1) [3, 4, 5, 6, 7, 8]
RedGap23
('1_RedGap23_Top1_Hit_1', 6) [-1, 0, 1, 2, 3, 4, 10, 11]
('1_RedGap23_Top3_Hit_2', 6) [-1, 0, 1, 2, 3, 10, 11]
('1_RedGap23_Top2_UnHit_2', 6) []
('0_RedGap23_Top1_Hit_1', 5) [-1, 0, 1, 2, 3, 4, 10, 11]
('0_RedGap23_Top1_UnHit_1', 5) [6, 7, 8, 9]
('0_RedGap23_Top2_Hit_2', 5) [9]
('0_RedGap23_Top2_UnHit_2', 5) [-1, 0, 1, 2, 3, 10, 11]
('0_RedGap23_Top1_Hit_2', 5) [5, 6, 7, 8, 9]
('0_RedGap23_Top2_UnHit_1', 5) [4, 5, 6, 7, 8, 9]
('0_RedGap23_Top1_UnHit_2', 5) [-1, 0, 1, 2, 3, 4, 5, 10, 11]
('0_RedGap23_Top2_Hit_1', 5) [-1, 0, 1, 2, 3, 4, 5, 6, 7, 8, 10, 11]
('1_RedGap23_Top1_UnHit_1', 5) [5, 6, 7, 8, 9]
('1_RedGap23_Top2_Hit_1', 5) [4, 5, 6, 7, 8, 9]
('1_RedGap23_Top1_UnHit_2', 5) [-1, 0, 1, 2, 3, 4, 10, 11]
('0_RedGap23_Top3_Hit_1', 4) [-1, 0, 1, 2, 3, 4, 10, 11]
('0_RedGap23_Top3_UnHit_2', 4) [-1, 0, 1, 2, 10, 11]
('1_RedGap23_Top2_Hit_2', 4) [-1, 0, 1, 2, 3, 10, 11]
('1_RedGap23_Top2_UnHit_1', 4) []
('1_RedGap23_Top3_UnHit_1', 4) [-1, 0, 1, 2, 3, 10, 11]
('1_RedGap23_Top1_Hit_2', 4) [5, 6, 7, 8, 9]
('0_RedGap23_Top3_Hit_2', 3) [5, 6, 7, 8, 9]
('0_RedGap23_Top3_UnHit_1', 3) [3, 4, 5, 6]
('0_RedGap23_Top3_Hit_0', 3) []
('0_RedGap23_Top3_UnHit_0', 3) [7, 8, 9]
('1_RedGap23_Top3_UnHit_2', 3) [4, 5, 6, 7, 8]
('1_RedGap23_Top3_UnHit_0', 3) [9]
('1_RedGap23_Top3_Hit_1', 2) [4, 5, 6, 7, 8]
('1_RedGap23_Top3_Hit_0', 2) [9]
('1_RedGap23_Top2_Hit_0', 1) []
