30
red1
more
('21_6___1__', 15, 3, [0, 0, 4, 0, 1, 0, 2, 0, 0, 1, 0, 0, 1, 2, 0]) (2, 10)
('43_6___1__', 15, 1, [1, 0, 0, 2, 1, 0, 2, 2, 0, 0, 1, 1, 1, 2, 0]) (1, 10)
('46_8___1__', 15, 1, [1, 1, 1, 2, 0, 1, 0, 2, 0, 0, 1, 1, 1, 2, 0]) (4, 10)
('2_7___1__', 14, 1, [1, 1, 2, 1, 0, 2, 2, 0, 0, 1, 1, 1, 2, 0]) (2, 10)
('7_8___1__', 14, 3, [0, 0, 3, 0, 0, 1, 0, 2, 1, 1, 1, 1, 2, 0]) (7, 10)
('9_8___1__', 14, 1, [1, 0, 0, 2, 1, 0, 2, 2, 1, 1, 1, 1, 2, 0]) (4, 10)
('10_2___1__', 14, 3, [0, 0, 2, 1, 0, 2, 2, 1, 1, 0, 0, 3, 0, 0]) (0, 10)
('10_6___1__', 14, 1, [1, 0, 0, 1, 2, 2, 0, 2, 1, 1, 1, 1, 2, 0]) (3, 10)
('11_7___1__', 14, 1, [1, 0, 0, 4, 0, 1, 0, 3, 0, 1, 1, 1, 2, 0]) (0, 10)
('11_8___1__', 14, 1, [1, 0, 0, 4, 0, 1, 0, 4, 1, 1, 1, 1, 0, 0]) (0, 10)
less
('1_6___1__', 8, 3, [1, 2, 1, 3, 6, 1, 4, 0]) (3, 10)
('1_7___1__', 8, 3, [1, 2, 8, 1, 1, 1, 4, 0]) (4, 10)
('4_8___1__', 8, 3, [0, 0, 5, 7, 1, 1, 4, 0]) (6, 10)
('8_7___1__', 8, 3, [1, 8, 4, 1, 1, 1, 2, 0]) (2, 10)
('9_4___1__', 8, 3, [1, 8, 4, 1, 1, 1, 2, 0]) (4, 10)
('16_1___1__', 8, 3, [1, 4, 6, 1, 1, 1, 4, 0]) (2, 10)
('40_1___1__', 8, 3, [1, 4, 3, 2, 1, 3, 4, 0]) (2, 10)
('49_10___1__', 8, 3, [1, 5, 7, 1, 1, 1, 2, 0]) (1, 10)
('3_3___1__', 9, 3, [1, 4, 6, 1, 1, 1, 1, 2, 0]) (5, 10)
('5_3___1__', 9, 3, [1, 4, 3, 4, 1, 1, 1, 2, 0]) (4, 10)
part_in:(0, 6), all_in:(7, 10), all_out:(0, 10)
red2
more
('39_1___2__', 14, 4, [2, 1, 1, 1, 1, 0, 1, 0, 0, 1, 0, 1, 2, 0]) (16, 17)
('48_1___2__', 14, 4, [2, 0, 0, 1, 1, 1, 1, 1, 0, 0, 0, 0, 1, 3]) (15, 17)
('49_1___2__', 14, 4, [2, 1, 1, 1, 1, 2, 0, 0, 0, 0, 0, 1, 2, 0]) (16, 17)
('2_8___2__', 13, 1, [2, 1, 0, 1, 3, 0, 0, 3, 0, 1, 0, 1, 3]) (6, 17)
('2_9___2__', 13, 1, [2, 1, 0, 1, 1, 1, 0, 0, 4, 1, 0, 1, 3]) (4, 17)
('2_10___2__', 13, 4, [1, 0, 1, 3, 0, 0, 3, 0, 1, 0, 1, 0, 2]) (8, 17)
('10_10___2__', 13, 4, [2, 1, 1, 1, 0, 0, 3, 2, 0, 1, 0, 1, 0]) (9, 17)
('11_6___2__', 13, 4, [2, 0, 0, 1, 1, 0, 0, 3, 0, 1, 0, 1, 3]) (8, 17)
('11_7___2__', 13, 1, [2, 2, 0, 0, 3, 0, 0, 2, 0, 2, 0, 1, 3]) (9, 17)
('11_10___2__', 13, 4, [2, 1, 1, 1, 0, 0, 3, 1, 0, 0, 1, 2, 0]) (9, 17)
less
('1_4___2__', 7, 7, [1, 3, 1, 6, 0, 1, 3]) (10, 17)
('17_5___2__', 7, 4, [2, 5, 1, 6, 0, 1, 3]) (9, 17)
('18_4___2__', 7, 7, [1, 3, 1, 6, 0, 1, 3]) (10, 17)
('18_5___2__', 7, 4, [2, 5, 1, 6, 0, 1, 3]) (9, 17)
('21_4___2__', 7, 7, [1, 3, 1, 6, 0, 1, 3]) (9, 17)
('22_4___2__', 7, 7, [1, 3, 1, 6, 0, 1, 3]) (9, 17)
('23_9___2__', 7, 4, [2, 1, 3, 1, 6, 0, 5]) (8, 17)
('28_4___2__', 7, 7, [1, 3, 1, 6, 0, 1, 3]) (9, 17)
('29_4___2__', 7, 7, [1, 3, 1, 6, 0, 1, 3]) (9, 17)
('32_1___2__', 7, 4, [2, 5, 5, 2, 0, 1, 3]) (14, 17)
part_in:(4, 15), all_in:(16, 17), all_out:(4, 17)
red3
more
('3_9___3__', 15, 1, [0, 1, 1, 0, 0, 0, 0, 2, 0, 0, 6, 1, 0, 1, 1]) (13, 20)
('4_1___3__', 15, 0, [3, 1, 0, 1, 0, 2, 1, 0, 0, 1, 2, 1, 0, 1, 1]) (20, 22)
('8_1___3__', 15, 4, [1, 0, 0, 0, 0, 2, 0, 0, 1, 1, 0, 1, 1, 0, 3]) (20, 23)
('12_2___3__', 15, 0, [1, 1, 1, 0, 1, 0, 2, 1, 3, 2, 1, 0, 1, 0, 0]) (19, 20)
('16_1___3__', 15, 0, [2, 0, 2, 0, 0, 0, 2, 1, 3, 0, 1, 1, 0, 2, 0]) (20, 21)
('20_2___3__', 15, 0, [1, 1, 2, 0, 0, 0, 2, 1, 3, 2, 1, 0, 1, 0, 0]) (18, 20)
('24_2___3__', 15, 0, [1, 1, 1, 0, 1, 0, 2, 1, 3, 2, 1, 0, 1, 0, 0]) (14, 20)
('25_2___3__', 15, 0, [1, 1, 1, 0, 0, 0, 0, 2, 1, 6, 1, 0, 1, 0, 0]) (16, 20)
('28_2___3__', 15, 0, [3, 2, 1, 0, 2, 0, 0, 1, 1, 2, 1, 0, 1, 0, 0]) (14, 20)
('36_2___3__', 15, 0, [1, 1, 1, 0, 1, 0, 2, 1, 3, 2, 1, 0, 1, 0, 0]) (17, 20)
less
('6_6___3__', 8, 1, [2, 2, 2, 4, 6, 1, 0, 3]) (18, 20)
('8_3___3__', 8, 4, [2, 2, 2, 1, 6, 1, 0, 3]) (14, 20)
('16_5___3__', 8, 7, [2, 2, 1, 6, 1, 0, 1, 1]) (14, 20)
('34_5___3__', 8, 7, [2, 2, 1, 6, 1, 0, 1, 1]) (14, 20)
('38_9___3__', 8, 2, [1, 2, 2, 4, 6, 1, 0, 3]) (8, 20)
('43_5___3__', 8, 7, [2, 2, 1, 6, 1, 0, 1, 1]) (14, 20)
('1_3___3__', 9, 7, [1, 0, 2, 1, 6, 1, 0, 1, 1]) (15, 20)
('1_4___3__', 9, 7, [1, 0, 2, 1, 6, 1, 0, 1, 1]) (15, 20)
('1_5___3__', 9, 4, [2, 2, 2, 1, 6, 1, 0, 1, 1]) (14, 20)
('5_4___3__', 9, 7, [1, 0, 2, 1, 6, 1, 0, 1, 1]) (15, 20)
part_in:(8, 23), all_in:(20, 20), all_out:(8, 23)
red4
more
('4_8___4__', 17, 0, [1, 1, 1, 2, 0, 1, 1, 0, 1, 0, 1, 1, 1, 1, 0, 0, 0]) (22, 23)
('19_7___4__', 17, 0, [4, 0, 2, 0, 1, 1, 0, 1, 0, 1, 0, 0, 1, 0, 1, 0, 0]) (23, 26)
('37_2___4__', 16, 0, [3, 1, 2, 0, 3, 0, 1, 0, 0, 0, 0, 0, 1, 0, 1, 1]) (19, 23)
('40_7___4__', 16, 0, [1, 3, 1, 0, 0, 1, 1, 0, 2, 1, 0, 0, 1, 0, 1, 1]) (23, 24)
('40_8___4__', 16, 0, [1, 3, 1, 0, 0, 1, 1, 0, 2, 1, 0, 0, 1, 0, 1, 1]) (23, 23)
('45_7___4__', 16, 2, [3, 2, 0, 1, 1, 0, 2, 1, 0, 0, 1, 0, 0, 0, 0, 0]) (18, 23)
('47_2___4__', 16, 0, [3, 1, 2, 0, 4, 1, 0, 0, 0, 0, 0, 1, 0, 1, 0, 0]) (19, 23)
('50_1___4__', 16, 2, [0, 0, 1, 2, 0, 3, 0, 1, 0, 0, 0, 1, 1, 0, 1, 1]) (23, 25)
('3_1___4__', 15, 0, [3, 1, 2, 0, 4, 1, 1, 0, 0, 0, 1, 0, 0, 0, 1]) (23, 25)
('3_2___4__', 15, 0, [3, 1, 2, 0, 4, 1, 0, 0, 0, 0, 0, 1, 0, 1, 1]) (20, 23)
less
('9_6___4__', 7, 9, [0, 4, 2, 1, 1, 1, 4]) (22, 23)
('10_6___4__', 8, 9, [0, 1, 2, 4, 1, 1, 0, 3]) (18, 23)
('21_3___4__', 8, 6, [2, 0, 4, 2, 1, 4, 1, 1]) (19, 23)
('41_4___4__', 8, 6, [2, 0, 4, 2, 1, 4, 1, 1]) (19, 23)
('1_5___4__', 9, 6, [2, 0, 4, 2, 1, 3, 0, 1, 1]) (19, 23)
('1_6___4__', 9, 9, [0, 4, 2, 1, 1, 1, 0, 1, 1]) (15, 23)
('4_5___4__', 9, 6, [2, 0, 4, 2, 1, 3, 0, 1, 1]) (19, 23)
('5_5___4__', 9, 6, [2, 0, 4, 2, 1, 3, 0, 1, 1]) (19, 23)
('6_5___4__', 9, 6, [2, 0, 4, 2, 1, 3, 0, 1, 1]) (19, 23)
('8_5___4__', 9, 6, [2, 0, 4, 2, 1, 3, 0, 1, 1]) (19, 23)
part_in:(15, 26), all_in:(23, 23), all_out:(15, 26)
red5
more
('23_6___5__', 16, 0, [4, 0, 0, 1, 0, 3, 1, 2, 1, 0, 1, 0, 0, 0, 0, 0]) (25, 27)
('23_7___5__', 16, 0, [4, 0, 0, 1, 0, 3, 1, 2, 0, 0, 0, 1, 0, 0, 1, 0]) (21, 27)
('41_7___5__', 16, 0, [1, 2, 0, 0, 1, 0, 3, 1, 2, 0, 0, 0, 1, 0, 0, 2]) (23, 27)
('4_8___5__', 15, 0, [1, 3, 0, 1, 0, 3, 1, 1, 0, 2, 1, 0, 0, 1, 0]) (27, 27)
('7_6___5__', 15, 0, [5, 0, 1, 0, 3, 1, 2, 0, 0, 0, 1, 0, 0, 1, 0]) (26, 27)
('7_7___5__', 15, 0, [5, 0, 1, 0, 3, 1, 2, 0, 0, 0, 1, 0, 0, 1, 0]) (27, 27)
('7_9___5__', 15, 0, [5, 0, 1, 0, 3, 1, 2, 0, 0, 0, 1, 0, 0, 1, 0]) (20, 27)
('9_6___5__', 15, 5, [0, 0, 1, 0, 3, 1, 2, 0, 0, 0, 1, 0, 0, 1, 0]) (27, 27)
('12_8___5__', 15, 0, [1, 3, 0, 1, 0, 3, 1, 1, 0, 1, 0, 1, 0, 0, 2]) (19, 27)
('12_10___5__', 15, 5, [0, 0, 1, 0, 3, 1, 1, 0, 0, 0, 0, 1, 0, 0, 2]) (19, 27)
less
('1_6___5__', 8, 9, [0, 5, 3, 1, 1, 0, 0, 2]) (20, 27)
('1_1___5__', 9, 0, [5, 0, 2, 5, 5, 1, 0, 0, 2]) (27, 27)
('6_1___5__', 9, 3, [2, 2, 0, 5, 5, 1, 0, 0, 2]) (25, 27)
('8_2___5__', 9, 6, [0, 1, 0, 5, 2, 2, 2, 0, 2]) (27, 27)
('11_8___5__', 9, 6, [0, 1, 0, 5, 5, 1, 0, 0, 2]) (25, 27)
('15_8___5__', 9, 6, [0, 1, 0, 5, 4, 0, 1, 0, 3]) (23, 27)
('27_1___5__', 9, 6, [0, 2, 3, 1, 5, 1, 0, 0, 2]) (27, 28)
('40_1___5__', 9, 3, [2, 0, 2, 5, 3, 1, 1, 1, 2]) (27, 28)
('3_1___5__', 10, 0, [5, 0, 2, 5, 3, 1, 1, 0, 0, 2]) (27, 27)
('6_2___5__', 10, 0, [5, 0, 1, 0, 3, 1, 2, 5, 0, 2]) (26, 27)
part_in:(19, 28), all_in:(27, 27), all_out:(19, 28)
red6
more
('10_7___6__', 16, 0, [1, 2, 0, 2, 0, 1, 2, 2, 1, 0, 0, 2, 0, 0, 0, 0]) (30, 30)
('5_7___6__', 15, 0, [2, 1, 3, 0, 1, 2, 1, 0, 1, 0, 0, 2, 0, 1, 0]) (30, 33)
('17_7___6__', 15, 0, [2, 2, 2, 0, 1, 2, 1, 0, 2, 0, 1, 0, 0, 1, 0]) (30, 33)
('18_8___6__', 15, 0, [1, 0, 1, 3, 0, 1, 2, 2, 0, 1, 0, 2, 0, 0, 1]) (30, 30)
('18_10___6__', 15, 0, [1, 0, 1, 4, 1, 2, 2, 0, 1, 0, 2, 0, 0, 0, 0]) (28, 30)
('23_2___6__', 15, 0, [4, 0, 2, 0, 1, 2, 2, 1, 0, 1, 0, 0, 0, 1, 0]) (28, 30)
('23_7___6__', 15, 0, [1, 2, 0, 2, 0, 1, 2, 1, 0, 1, 0, 0, 2, 1, 1]) (29, 30)
('27_2___6__', 15, 0, [2, 1, 0, 2, 0, 1, 2, 2, 1, 0, 2, 0, 0, 1, 0]) (29, 30)
('30_6___6__', 15, 0, [2, 1, 0, 2, 0, 1, 2, 1, 0, 2, 0, 2, 0, 1, 0]) (29, 30)
('39_7___6__', 15, 0, [1, 3, 2, 0, 1, 2, 0, 0, 0, 2, 0, 3, 0, 0, 0]) (30, 30)
less
('1_1___6__', 8, 0, [9, 1, 2, 2, 2, 4, 1, 0]) (30, 31)
('2_3___6__', 8, 0, [9, 1, 2, 2, 2, 4, 1, 0]) (30, 30)
('8_4___6__', 8, 3, [2, 3, 1, 2, 5, 4, 1, 0]) (29, 30)
('9_3___6__', 8, 0, [9, 1, 2, 2, 2, 4, 1, 0]) (29, 30)
('11_4___6__', 8, 3, [2, 3, 1, 2, 5, 4, 1, 0]) (29, 30)
('11_9___6__', 8, 5, [4, 1, 2, 2, 2, 0, 2, 3]) (27, 30)
('13_1___6__', 8, 10, [1, 2, 2, 2, 3, 0, 1, 0]) (30, 30)
('13_4___6__', 8, 6, [3, 1, 2, 2, 2, 4, 1, 0]) (29, 30)
('14_3___6__', 8, 0, [9, 1, 2, 2, 2, 4, 1, 0]) (29, 30)
('14_4___6__', 8, 6, [3, 1, 2, 2, 2, 4, 1, 0]) (29, 30)
part_in:(27, 33), all_in:(30, 30), all_out:(27, 33)
