1,2,3,32,33|1,2,3,32,33|1,2,3,32,33
1,2,3,4,5,6,7,8,9,10,11,12,13,14,15,16,17,18,19,20,21,22,23,24,25,26,27,28,29,30,31,32,33
1,2,3,4,5,6,7,8,9,10,11,12,13,14,15,16


#predict32:
4,14,6
5,18,9
2,24,7
10,31,11
5,13,8
10,18,10
18,26,5
7,30,12
17,20,5
14,21,6
12,29,3
16,19,8
14,28,9
24,29,6
4,12,18,12
7,11,16,8
16,16,26,6
5,13,30,5
2,6,12,10
2,13,23,12
6,17,26,10
7,18,21,9
12,18,24,8
8,25,28,5
7,15,20,6
4,10,22,4
5,12,23,12
8,12,23,14
7,15,23,9
10,21,25,11
12,22,26,7
12,20,26,8
12,17,24,12
19,22,24,5
7,11,12,17,6
8,12,17,25,5
5,11,17,25,2
4,5,18,26,4
6,11,22,26,7
4,7,21,29,5
6,12,15,19,9
6,13,16,25,8
6,13,18,24,13
7,17,18,27,6
9,17,19,24,1
10,14,15,24,5
8,12,20,27,12
10,15,20,26,11
13,16,20,27,15
