30
less8
100_2___2__    12   1  [0, 2, 2, 2, 1, 0, 1, 2, 1, 4, 0, 1]  (2, 4)
100_4___2__    11   1  [0, 2, 2, 4, 2, 2, 1, 3, 0, 0, 1]  (2, 4)
300_4___2__    11   2  [0, 1, 2, 1, 2, 0, 1, 2, 6, 0, 1]  (2, 2)
300_5___2__    11   1  [0, 2, 2, 1, 1, 0, 2, 4, 4, 0, 1]  (2, 4)
100_3___2__    10   2  [2, 2, 4, 0, 1, 2, 5, 0, 0, 1]  (2, 4)
100_5___2__    10   2  [2, 2, 3, 0, 2, 2, 1, 4, 0, 1]  (2, 5)
200_5___2__    10   2  [2, 0, 1, 1, 1, 0, 2, 2, 7, 1]  (2, 6)
100_1___2__    9   1  [0, 2, 2, 2, 4, 2, 6, 0, 1]  (2, 3)
200_4___2__    9   2  [2, 2, 7, 2, 3, 2, 0, 0, 0]  (2, 6)
300_1___2__    9   2  [2, 2, 4, 2, 2, 1, 4, 0, 1]  (2, 3)
300_2___2__    9   2  [2, 2, 4, 2, 2, 1, 4, 0, 1]  (2, 3)
300_3___2__    8   2  [2, 4, 2, 0, 1, 9, 0, 1]  (2, 3)
200_1___2__    7   5  [2, 2, 4, 2, 6, 0, 1]  (2, 4)
200_3___2__    6   5  [2, 7, 2, 6, 0, 1]  (2, 5)
200_2___2__    5   5  [2, 7, 2, 7, 1]  (2, 4)
part_in:(4, 6), all_in:(2, 3), all_out:(2, 6)
sum_all
300_4___9__    11   4  [4, 2, 1, 0, 0, 1, 2, 0, 2, 2, 0]  (82, 83)
200_5___9__    10   4  [4, 2, 2, 0, 1, 2, 0, 1, 0, 3]  (82, 103)
300_5___9__    10   4  [4, 2, 3, 1, 2, 0, 2, 0, 1, 0]  (82, 97)
100_1___9__    8   4  [7, 3, 1, 1, 1, 1, 0, 3]  (82, 118)
100_5___9__    8   1  [2, 7, 3, 1, 2, 0, 3, 2]  (82, 119)
200_1___9__    8   4  [7, 3, 1, 2, 1, 0, 0, 3]  (82, 100)
200_4___9__    8   4  [7, 2, 0, 1, 2, 0, 2, 3]  (82, 84)
300_3___9__    8   4  [7, 2, 0, 1, 2, 0, 2, 3]  (82, 97)
100_3___9__    7   1  [2, 7, 3, 1, 2, 0, 6]  (82, 108)
200_2___9__    7   4  [7, 2, 2, 2, 1, 1, 3]  (82, 98)
200_3___9__    7   4  [7, 2, 2, 2, 0, 2, 3]  (82, 93)
100_4___9__    6   1  [2, 7, 5, 2, 0, 6]  (82, 98)
300_2___9__    6   4  [7, 1, 3, 3, 2, 3]  (82, 106)
100_2___9__    5   4  [7, 5, 3, 2, 3]  (82, 111)
300_1___9__    5   4  [7, 5, 3, 2, 3]  (82, 102)
part_in:(84, 119), all_in:(82, 83), all_out:(82, 119)
sum16
100_1___10__    11   3  [1, 6, 1, 1, 1, 2, 0, 0, 0, 1, 2]  (31, 39)
300_5___10__    11   3  [1, 3, 2, 1, 0, 0, 1, 1, 0, 4, 2]  (31, 33)
100_3___10__    10   1  [1, 8, 1, 0, 2, 1, 0, 1, 2, 2]  (31, 35)
100_4___10__    10   1  [1, 1, 6, 1, 0, 2, 1, 0, 4, 2]  (31, 34)
100_5___10__    10   1  [3, 6, 1, 0, 0, 1, 1, 0, 4, 2]  (31, 40)
200_1___10__    10   3  [1, 6, 1, 1, 1, 2, 0, 0, 2, 2]  (31, 36)
200_2___10__    10   5  [6, 1, 0, 2, 1, 0, 0, 0, 2, 2]  (31, 35)
200_5___10__    10   5  [6, 1, 0, 0, 1, 1, 0, 0, 3, 2]  (31, 35)
300_4___10__    10   5  [6, 1, 0, 0, 1, 2, 1, 2, 1, 0]  (31, 32)
200_3___10__    9   1  [3, 6, 1, 0, 2, 2, 0, 3, 2]  (31, 34)
200_4___10__    9   1  [3, 6, 1, 0, 0, 1, 1, 5, 2]  (31, 33)
300_3___10__    9   12  [1, 0, 0, 1, 1, 0, 1, 2, 2]  (31, 35)
100_2___10__    7   5  [6, 1, 3, 1, 2, 2, 2]  (31, 36)
300_2___10__    7   12  [1, 3, 1, 0, 1, 2, 2]  (31, 36)
300_1___10__    6   12  [1, 1, 1, 4, 2, 2]  (31, 34)
part_in:(33, 40), all_in:(31, 32), all_out:(31, 40)
sum25
100_1___12__    11   3  [2, 2, 2, 3, 1, 1, 0, 1, 0, 0, 3]  (23, 36)
100_3___12__    11   3  [2, 2, 2, 3, 0, 0, 1, 0, 1, 2, 2]  (23, 34)
300_4___12__    11   3  [5, 2, 1, 1, 1, 2, 1, 1, 0, 1, 0]  (23, 27)
100_2___12__    10   3  [2, 2, 2, 4, 0, 1, 2, 1, 2, 0]  (23, 35)
100_4___12__    10   3  [2, 2, 2, 3, 1, 1, 0, 4, 1, 0]  (23, 31)
300_3___12__    10   3  [5, 2, 1, 1, 1, 1, 0, 1, 1, 3]  (23, 32)
300_5___12__    10   3  [5, 2, 3, 1, 1, 0, 3, 0, 1, 0]  (23, 33)
100_5___12__    9   3  [2, 2, 2, 3, 1, 1, 0, 4, 2]  (23, 37)
200_1___12__    9   3  [8, 3, 1, 1, 0, 1, 1, 2, 0]  (23, 31)
200_3___12__    8   3  [5, 2, 3, 1, 1, 0, 3, 3]  (23, 29)
200_4___12__    8   3  [5, 2, 3, 1, 1, 0, 3, 3]  (23, 26)
200_5___12__    8   3  [5, 2, 3, 1, 1, 0, 3, 3]  (23, 33)
300_2___12__    8   3  [8, 1, 1, 1, 1, 2, 1, 3]  (23, 34)
200_2___12__    7   3  [14, 1, 0, 1, 1, 2, 0]  (23, 31)
300_1___12__    6   3  [8, 3, 1, 1, 4, 3]  (23, 32)
part_in:(27, 37), all_in:(23, 26), all_out:(23, 37)
gap25
100_5___13__    13   0  [0, 0, 1, 0, 1, 1, 0, 1, 2, 3, 2, 2, 3]  (17, 18)
100_2___13__    11   0  [0, 0, 1, 0, 3, 0, 4, 6, 2, 1, 1]  (17, 18)
100_4___13__    11   0  [0, 0, 1, 0, 3, 0, 4, 1, 4, 2, 3]  (17, 20)
200_5___13__    10   1  [0, 1, 0, 1, 1, 0, 1, 2, 9, 3]  (16, 17)
100_3___13__    9   0  [0, 0, 1, 0, 3, 0, 4, 9, 3]  (17, 18)
200_3___13__    9   1  [0, 1, 0, 3, 0, 4, 6, 2, 3]  (16, 17)
300_2___13__    9   1  [0, 2, 3, 0, 4, 1, 4, 2, 3]  (17, 19)
300_3___13__    9   1  [0, 2, 3, 0, 4, 1, 4, 2, 3]  (17, 18)
100_1___13__    8   1  [0, 2, 3, 0, 4, 1, 7, 3]  (17, 20)
200_1___13__    8   1  [0, 2, 3, 0, 4, 5, 3, 3]  (16, 17)
200_2___13__    8   1  [3, 0, 2, 0, 4, 1, 7, 3]  (17, 19)
200_4___13__    8   1  [0, 1, 0, 3, 0, 4, 9, 3]  (14, 17)
300_4___13__    8   1  [0, 2, 3, 0, 4, 1, 7, 3]  (17, 17)
300_5___13__    7   1  [0, 2, 3, 0, 4, 3, 9]  (17, 17)
300_1___13__    6   1  [3, 3, 5, 1, 7, 3]  (17, 18)
part_in:(14, 20), all_in:(17, 17), all_out:(14, 20)
sum34
300_5___14__    10   0  [3, 1, 1, 3, 1, 0, 3, 2, 5, 0]  (28, 32)
100_4___14__    9   1  [2, 1, 1, 3, 2, 2, 0, 2, 6]  (28, 30)
200_3___14__    9   4  [1, 2, 2, 2, 2, 0, 4, 0, 3]  (28, 32)
200_5___14__    9   0  [5, 5, 1, 0, 2, 0, 2, 2, 3]  (28, 36)
300_4___14__    9   4  [1, 5, 2, 2, 0, 2, 2, 2, 0]  (23, 28)
100_3___14__    8   4  [1, 5, 2, 2, 0, 2, 1, 4]  (28, 37)
100_5___14__    8   1  [2, 1, 5, 2, 0, 2, 2, 6]  (28, 41)
200_1___14__    8   0  [5, 5, 1, 0, 2, 0, 5, 3]  (28, 33)
200_2___14__    8   0  [5, 1, 3, 2, 3, 4, 0, 3]  (28, 34)
200_4___14__    8   0  [5, 5, 1, 0, 2, 0, 2, 6]  (27, 28)
300_2___14__    8   6  [5, 2, 2, 0, 1, 0, 2, 3]  (28, 36)
100_1___14__    7   4  [1, 2, 2, 1, 0, 3, 9]  (28, 43)
300_1___14__    7   6  [5, 2, 2, 0, 1, 3, 3]  (28, 37)
300_3___14__    7   6  [5, 2, 2, 0, 4, 0, 3]  (28, 30)
100_2___14__    6   4  [1, 5, 2, 3, 2, 6]  (28, 40)
part_in:(23, 43), all_in:(28, 28), all_out:(23, 43)
gap12
100_5___15__    13   4  [1, 0, 1, 0, 1, 1, 4, 1, 0, 1, 0, 1, 1]  (1, 1)
100_3___15__    11   4  [1, 3, 3, 3, 0, 1, 0, 1, 0, 1, 1]  (1, 3)
100_4___15__    11   4  [1, 3, 1, 1, 4, 1, 0, 1, 0, 1, 1]  (1, 2)
200_4___15__    11   4  [1, 3, 1, 1, 1, 2, 1, 0, 2, 1, 1]  (1, 2)
300_5___15__    11   2  [1, 1, 3, 1, 1, 4, 1, 2, 0, 1, 1]  (1, 4)
100_1___15__    10   4  [1, 3, 3, 1, 4, 0, 1, 0, 1, 1]  (0, 1)
100_2___15__    10   4  [1, 3, 3, 4, 1, 0, 1, 0, 1, 1]  (1, 2)
200_5___15__    10   4  [1, 3, 1, 1, 1, 2, 1, 3, 1, 1]  (1, 2)
300_4___15__    10   2  [1, 1, 3, 1, 1, 6, 2, 0, 1, 1]  (1, 3)
200_1___15__    9   0  [1, 3, 3, 1, 1, 6, 3, 1, 1]  (0, 1)
200_2___15__    9   0  [3, 1, 3, 3, 6, 2, 0, 1, 1]  (1, 1)
300_3___15__    9   6  [3, 3, 1, 2, 1, 2, 0, 1, 1]  (1, 3)
200_3___15__    8   4  [1, 3, 1, 1, 6, 3, 1, 1]  (1, 1)
300_2___15__    7   6  [3, 3, 6, 2, 0, 1, 1]  (1, 3)
300_1___15__    6   6  [3, 3, 6, 3, 1, 1]  (1, 3)
part_in:(0, 4), all_in:(1, 1), all_out:(0, 4)
gap45
300_4___18__    10   0  [4, 3, 0, 1, 1, 4, 0, 2, 4, 0]  (4, 9)
300_5___18__    10   0  [4, 3, 0, 1, 2, 3, 0, 6, 0, 0]  (4, 8)
100_1___18__    9   0  [4, 3, 2, 2, 1, 1, 0, 1, 6]  (4, 6)
100_2___18__    9   0  [4, 3, 2, 2, 1, 1, 0, 6, 1]  (4, 6)
100_3___18__    9   0  [3, 0, 3, 2, 4, 1, 0, 2, 5]  (4, 7)
100_5___18__    9   0  [4, 3, 0, 1, 4, 1, 0, 2, 5]  (4, 6)
200_1___18__    9   0  [1, 2, 3, 2, 2, 3, 0, 0, 7]  (4, 5)
200_4___18__    9   5  [3, 2, 2, 3, 0, 2, 2, 1, 0]  (4, 4)
200_5___18__    9   0  [4, 3, 0, 1, 2, 3, 0, 2, 5]  (3, 4)
300_3___18__    9   0  [1, 2, 3, 2, 1, 4, 0, 2, 5]  (4, 9)
100_4___18__    8   0  [4, 3, 2, 4, 1, 0, 2, 5]  (4, 8)
200_2___18__    8   0  [4, 3, 1, 0, 2, 3, 0, 8]  (4, 5)
200_3___18__    8   5  [3, 1, 0, 2, 3, 0, 2, 5]  (4, 4)
300_2___18__    8   0  [1, 2, 3, 2, 2, 3, 0, 8]  (4, 7)
300_1___18__    6   0  [4, 3, 2, 6, 0, 8]  (4, 6)
part_in:(3, 9), all_in:(4, 4), all_out:(3, 9)
blue
200_4___22__    13   0  [3, 1, 0, 0, 1, 3, 1, 2, 0, 0, 3, 0, 2]  (5, 14)
100_1___22__    12   0  [3, 1, 1, 1, 3, 1, 2, 0, 0, 3, 0, 2]  (4, 14)
100_5___22__    12   0  [3, 1, 1, 3, 1, 1, 2, 0, 0, 3, 0, 2]  (3, 14)
300_5___22__    12   0  [1, 1, 3, 1, 3, 1, 2, 0, 0, 3, 0, 2]  (7, 14)
100_3___22__    11   0  [3, 3, 1, 3, 1, 2, 0, 0, 3, 0, 2]  (2, 14)
100_4___22__    11   0  [3, 3, 1, 3, 1, 2, 0, 0, 3, 0, 2]  (2, 14)
200_3___22__    11   0  [3, 1, 1, 1, 4, 0, 3, 0, 3, 0, 2]  (5, 14)
200_5___22__    11   0  [3, 3, 1, 1, 1, 1, 3, 0, 3, 0, 2]  (5, 14)
300_4___22__    11   0  [1, 1, 3, 1, 3, 1, 3, 0, 3, 0, 2]  (8, 14)
100_2___22__    10   0  [3, 3, 1, 5, 2, 0, 0, 3, 0, 2]  (2, 14)
200_1___22__    10   0  [3, 1, 1, 1, 3, 1, 2, 0, 5, 2]  (5, 14)
300_3___22__    10   0  [3, 3, 1, 5, 2, 0, 0, 3, 0, 2]  (7, 14)
200_2___22__    7   0  [3, 1, 1, 1, 9, 5, 2]  (5, 14)
300_1___22__    6   0  [3, 3, 7, 3, 4, 3]  (7, 14)
300_2___22__    6   0  [3, 3, 11, 4, 0, 2]  (8, 14)
part_in:(2, 7), all_in:(8, 14), all_out:(2, 14)
blue_sort
200_2___23__    11   0  [3, 4, 0, 6, 1, 2, 0, 0, 0, 0, 2]  (9, 12)
200_3___23__    11   0  [8, 0, 0, 0, 4, 1, 2, 1, 0, 0, 2]  (6, 12)
100_3___23__    10   0  [3, 5, 0, 0, 3, 0, 1, 4, 1, 2]  (5, 12)
200_4___23__    10   0  [8, 0, 0, 0, 4, 1, 2, 1, 1, 2]  (5, 12)
100_2___23__    9   0  [3, 5, 0, 0, 4, 1, 4, 1, 2]  (6, 12)
100_4___23__    9   0  [3, 5, 0, 0, 6, 2, 1, 1, 2]  (5, 12)
200_5___23__    9   0  [8, 0, 0, 0, 6, 2, 1, 1, 2]  (5, 12)
300_3___23__    9   0  [11, 4, 1, 0, 1, 1, 1, 1, 0]  (10, 12)
300_4___23__    9   0  [10, 0, 4, 1, 2, 1, 1, 1, 0]  (7, 12)
100_5___23__    8   0  [3, 6, 0, 6, 2, 1, 1, 2]  (5, 12)
200_1___23__    7   0  [8, 7, 1, 2, 1, 1, 2]  (8, 12)
300_2___23__    7   0  [11, 6, 2, 1, 1, 1, 0]  (11, 12)
100_1___23__    6   0  [9, 0, 7, 4, 1, 2]  (8, 12)
300_1___23__    6   0  [10, 5, 1, 4, 1, 2]  (12, 12)
300_5___23__    6   0  [11, 6, 4, 1, 1, 0]  (8, 12)
part_in:(5, 10), all_in:(11, 12), all_out:(5, 12)
gap16
100_3___11__    14   0  [2, 0, 0, 1, 0, 1, 2, 3, 1, 0, 2, 2, 0, 1]  (25, 27)
100_4___11__    13   0  [2, 0, 0, 2, 1, 2, 3, 1, 0, 2, 2, 0, 1]  (27, 29)
100_5___11__    12   3  [0, 0, 2, 1, 1, 0, 3, 2, 2, 2, 0, 1]  (24, 27)
200_1___11__    12   0  [3, 3, 0, 0, 2, 3, 1, 1, 1, 1, 1, 1]  (23, 27)
200_2___11__    12   0  [2, 0, 3, 1, 2, 3, 1, 0, 2, 1, 1, 1]  (27, 27)
200_4___11__    12   0  [2, 0, 0, 2, 1, 2, 3, 1, 0, 2, 3, 1]  (26, 27)
200_5___11__    12   0  [2, 0, 0, 2, 1, 2, 3, 1, 0, 2, 3, 1]  (24, 27)
100_2___11__    11   0  [2, 0, 0, 1, 2, 2, 3, 1, 0, 6, 1]  (24, 27)
300_5___11__    11   3  [0, 0, 2, 1, 1, 0, 3, 2, 2, 3, 1]  (27, 27)
300_1___11__    10   0  [3, 2, 0, 1, 2, 3, 1, 0, 1, 6]  (27, 27)
300_2___11__    10   0  [2, 3, 0, 1, 2, 3, 1, 0, 1, 6]  (27, 27)
300_3___11__    10   0  [3, 2, 2, 2, 3, 1, 0, 1, 0, 5]  (27, 28)
300_4___11__    10   4  [0, 1, 0, 1, 2, 3, 1, 0, 6, 1]  (27, 30)
200_3___11__    9   0  [2, 0, 3, 1, 6, 2, 1, 4, 1]  (26, 27)
100_1___11__    7   0  [4, 4, 6, 1, 3, 3, 1]  (23, 27)
part_in:(23, 30), all_in:(27, 27), all_out:(23, 30)
row2
200_3___6__    12   1  [0, 1, 0, 0, 0, 3, 0, 1, 2, 5, 0, 4]  (8, 12)
300_4___6__    12   1  [0, 2, 0, 4, 0, 1, 2, 0, 1, 2, 0, 4]  (8, 11)
100_2___6__    11   2  [2, 0, 4, 0, 1, 3, 1, 2, 0, 2, 1]  (8, 10)
200_1___6__    11   2  [1, 0, 0, 0, 3, 6, 1, 2, 0, 1, 2]  (8, 12)
200_2___6__    11   2  [1, 0, 0, 0, 3, 0, 1, 3, 4, 0, 4]  (8, 11)
300_2___6__    11   2  [2, 0, 4, 0, 1, 3, 1, 1, 0, 0, 4]  (8, 11)
300_3___6__    11   2  [3, 4, 0, 1, 2, 0, 1, 1, 0, 0, 4]  (8, 11)
300_5___6__    11   1  [0, 2, 0, 4, 0, 1, 3, 1, 2, 0, 4]  (8, 11)
100_1___6__    10   2  [2, 0, 1, 2, 0, 5, 1, 2, 0, 4]  (8, 9)
100_3___6__    10   2  [2, 0, 4, 0, 1, 3, 1, 2, 0, 4]  (8, 11)
100_4___6__    10   1  [0, 2, 0, 4, 0, 5, 1, 2, 0, 4]  (8, 10)
100_5___6__    10   1  [0, 2, 0, 4, 0, 5, 1, 2, 0, 4]  (8, 10)
200_4___6__    10   1  [0, 2, 0, 4, 0, 5, 1, 2, 0, 4]  (8, 12)
200_5___6__    10   1  [0, 2, 0, 4, 0, 5, 1, 2, 0, 4]  (8, 12)
300_1___6__    8   2  [3, 4, 0, 4, 0, 4, 0, 4]  (8, 10)
part_in:(10, 12), all_in:(8, 9), all_out:(8, 12)
gap23
100_3___16__    11   1  [0, 0, 1, 7, 2, 0, 0, 2, 4, 1, 0]  (8, 9)
100_5___16__    11   1  [0, 0, 1, 7, 2, 0, 0, 2, 4, 1, 0]  (7, 9)
200_1___16__    11   1  [0, 0, 0, 8, 0, 1, 0, 0, 5, 3, 0]  (7, 9)
200_5___16__    11   1  [0, 0, 1, 7, 0, 1, 0, 0, 6, 2, 0]  (7, 9)
300_2___16__    11   1  [0, 0, 9, 2, 0, 0, 1, 0, 2, 3, 0]  (9, 9)
300_3___16__    11   1  [0, 0, 9, 2, 0, 0, 2, 2, 1, 1, 0]  (6, 9)
300_5___16__    11   1  [0, 0, 1, 7, 2, 0, 0, 2, 4, 1, 0]  (6, 9)
100_1___16__    10   2  [0, 1, 7, 2, 0, 0, 2, 4, 1, 0]  (9, 11)
100_2___16__    10   2  [0, 1, 7, 2, 0, 0, 2, 2, 3, 0]  (9, 9)
100_4___16__    10   1  [0, 0, 1, 7, 2, 0, 0, 2, 6, 0]  (6, 9)
200_4___16__    10   1  [0, 0, 1, 7, 0, 1, 0, 0, 9, 0]  (4, 9)
300_4___16__    10   1  [0, 0, 1, 7, 2, 0, 0, 2, 6, 0]  (5, 9)
200_2___16__    9   1  [0, 0, 9, 2, 0, 0, 5, 3, 0]  (9, 9)
200_3___16__    9   1  [0, 0, 9, 2, 0, 0, 5, 3, 0]  (7, 9)
300_1___16__    8   1  [0, 0, 9, 2, 0, 6, 3, 0]  (9, 10)
part_in:(4, 11), all_in:(9, 9), all_out:(4, 11)
ball_column
100_4___21__    12   1  [0, 2, 2, 2, 0, 1, 3, 0, 2, 1, 0, 3]  (1, 4)
200_4___21__    12   1  [0, 2, 5, 0, 1, 3, 0, 4, 0, 0, 1, 0]  (1, 4)
100_2___21__    11   1  [0, 2, 5, 0, 1, 3, 0, 4, 0, 0, 2]  (1, 2)
100_3___21__    11   1  [0, 2, 2, 3, 1, 3, 0, 2, 1, 0, 3]  (1, 3)
200_2___21__    11   1  [0, 2, 1, 3, 0, 1, 2, 1, 5, 0, 2]  (1, 5)
200_5___21__    11   1  [0, 2, 5, 0, 1, 3, 0, 5, 0, 1, 0]  (1, 5)
300_3___21__    11   1  [0, 9, 1, 4, 0, 1, 1, 0, 0, 1, 0]  (1, 3)
100_1___21__    9   1  [0, 2, 5, 0, 1, 4, 0, 4, 3]  (1, 3)
100_5___21__    9   1  [6, 2, 0, 1, 3, 0, 2, 2, 3]  (1, 4)
200_3___21__    9   1  [0, 2, 5, 0, 1, 3, 0, 2, 6]  (1, 5)
300_1___21__    9   1  [0, 8, 0, 4, 1, 3, 0, 1, 2]  (1, 2)
300_4___21__    9   1  [0, 8, 0, 1, 2, 0, 0, 5, 3]  (1, 3)
300_5___21__    9   1  [0, 8, 0, 1, 2, 1, 5, 0, 2]  (1, 3)
200_1___21__    8   1  [0, 2, 1, 3, 6, 0, 6, 2]  (1, 3)
300_2___21__    8   1  [0, 9, 1, 4, 0, 2, 2, 2]  (1, 1)
part_in:(3, 5), all_in:(1, 2), all_out:(1, 5)
less9
100_5___3__    16   0  [0, 0, 1, 2, 0, 1, 1, 1, 1, 3, 1, 0, 1, 0, 0, 1]  (0, 3)
100_3___3__    15   0  [0, 0, 1, 2, 0, 3, 1, 1, 3, 1, 0, 1, 0, 0, 1]  (0, 2)
100_4___3__    15   0  [0, 0, 1, 2, 0, 3, 1, 1, 3, 1, 0, 0, 0, 0, 2]  (0, 2)
100_2___3__    13   0  [0, 0, 4, 0, 5, 0, 0, 3, 1, 0, 1, 0, 2]  (0, 2)
200_4___3__    13   1  [0, 4, 0, 1, 1, 1, 1, 0, 2, 1, 0, 1, 3]  (0, 1)
300_3___3__    13   1  [0, 4, 0, 1, 3, 1, 0, 2, 1, 0, 1, 0, 2]  (0, 0)
300_4___3__    13   1  [0, 4, 0, 1, 3, 1, 0, 2, 2, 1, 0, 0, 1]  (0, 0)
300_5___3__    13   1  [0, 4, 0, 1, 1, 1, 1, 0, 2, 2, 1, 0, 2]  (0, 1)
200_3___3__    12   1  [0, 4, 0, 1, 3, 1, 0, 2, 1, 0, 2, 2]  (0, 1)
200_5___3__    12   1  [0, 4, 0, 1, 1, 1, 1, 3, 1, 0, 1, 3]  (0, 4)
200_2___3__    11   1  [0, 4, 0, 5, 1, 3, 1, 0, 2, 0, 1]  (0, 1)
300_1___3__    11   1  [0, 4, 0, 1, 4, 0, 0, 2, 4, 0, 2]  (0, 1)
100_1___3__    10   1  [0, 4, 0, 7, 3, 1, 0, 1, 1, 1]  (0, 3)
300_2___3__    10   1  [0, 4, 0, 1, 3, 0, 0, 3, 5, 2]  (0, 0)
200_1___3__    9   1  [0, 4, 0, 7, 3, 1, 0, 2, 2]  (0, 1)
part_in:(2, 4), all_in:(0, 1), all_out:(0, 4)
row3
100_4___7__    11   1  [0, 1, 0, 0, 1, 3, 7, 2, 0, 0, 3]  (8, 9)
100_5___7__    11   1  [0, 1, 0, 0, 1, 3, 8, 1, 0, 0, 3]  (7, 9)
200_5___7__    11   1  [0, 1, 0, 0, 1, 3, 7, 2, 0, 0, 3]  (5, 9)
300_2___7__    11   1  [0, 1, 0, 0, 5, 1, 6, 0, 1, 0, 3]  (4, 9)
100_2___7__    10   2  [1, 0, 0, 1, 5, 0, 4, 3, 0, 3]  (7, 9)
100_3___7__    10   1  [0, 1, 0, 0, 1, 11, 2, 0, 0, 3]  (7, 9)
200_1___7__    10   1  [0, 1, 0, 0, 0, 12, 0, 2, 0, 3]  (6, 9)
200_2___7__    10   1  [0, 1, 0, 0, 0, 12, 0, 2, 0, 3]  (5, 9)
200_3___7__    10   1  [0, 1, 0, 0, 10, 2, 2, 0, 0, 3]  (6, 9)
200_4___7__    10   1  [0, 1, 0, 0, 5, 7, 2, 0, 0, 3]  (5, 9)
300_1___7__    10   1  [0, 1, 0, 0, 5, 7, 0, 2, 0, 3]  (6, 9)
300_3___7__    10   1  [0, 1, 0, 0, 5, 1, 7, 1, 0, 3]  (5, 9)
100_1___7__    9   2  [1, 0, 0, 1, 12, 1, 0, 0, 3]  (8, 9)
300_4___7__    9   1  [0, 1, 0, 0, 5, 1, 9, 0, 3]  (5, 9)
300_5___7__    9   1  [0, 1, 0, 0, 5, 1, 9, 0, 3]  (5, 9)
part_in:(4, 7), all_in:(8, 9), all_out:(4, 9)
gap56
300_4___19__    15   1  [0, 0, 1, 0, 3, 0, 0, 1, 2, 0, 2, 0, 1, 1, 2]  (8, 9)
300_5___19__    15   1  [0, 2, 0, 3, 0, 0, 1, 1, 1, 2, 0, 1, 1, 1, 0]  (4, 9)
300_3___19__    14   1  [0, 0, 2, 3, 0, 0, 0, 0, 2, 3, 0, 1, 1, 2]  (6, 9)
100_2___19__    13   2  [1, 0, 0, 3, 2, 0, 1, 1, 0, 2, 1, 1, 2]  (3, 9)
100_5___19__    13   1  [0, 2, 0, 3, 2, 0, 3, 2, 0, 1, 1, 1, 0]  (3, 9)
200_4___19__    13   2  [0, 1, 0, 3, 2, 0, 1, 0, 0, 2, 0, 1, 4]  (9, 9)
300_2___19__    13   2  [0, 2, 1, 1, 0, 1, 0, 4, 2, 1, 2, 0, 0]  (4, 9)
100_4___19__    12   2  [2, 0, 3, 2, 0, 2, 0, 2, 0, 1, 1, 2]  (5, 9)
200_2___19__    12   2  [0, 1, 0, 3, 2, 0, 1, 1, 2, 0, 1, 4]  (6, 9)
200_5___19__    12   1  [0, 2, 0, 3, 2, 0, 1, 1, 2, 0, 1, 4]  (6, 9)
300_1___19__    12   2  [0, 2, 1, 1, 0, 4, 0, 1, 2, 1, 0, 3]  (5, 9)
200_3___19__    11   2  [0, 1, 0, 3, 2, 0, 6, 0, 1, 1, 2]  (7, 9)
100_1___19__    10   2  [1, 0, 0, 3, 2, 2, 5, 1, 1, 2]  (3, 9)
200_1___19__    10   2  [1, 1, 3, 2, 2, 4, 0, 1, 1, 2]  (5, 9)
100_3___19__    9   2  [3, 3, 2, 0, 6, 0, 1, 1, 2]  (3, 9)
part_in:(3, 7), all_in:(8, 9), all_out:(3, 9)
less5
300_4___1__    14   2  [3, 1, 1, 1, 0, 0, 1, 0, 0, 0, 1, 1, 3, 1]  (6, 7)
100_3___1__    13   2  [3, 1, 1, 1, 0, 0, 3, 0, 1, 1, 3, 0, 0]  (2, 7)
100_4___1__    13   2  [3, 1, 1, 1, 0, 0, 1, 2, 1, 1, 3, 0, 0]  (3, 7)
100_5___1__    13   2  [3, 1, 1, 1, 0, 0, 1, 2, 1, 1, 3, 0, 0]  (1, 7)
200_5___1__    13   2  [3, 1, 1, 1, 1, 3, 0, 1, 1, 2, 0, 0, 0]  (3, 7)
300_2___1__    13   2  [3, 1, 1, 2, 0, 1, 0, 0, 0, 1, 1, 3, 1]  (5, 7)
300_3___1__    13   2  [2, 0, 3, 1, 0, 0, 2, 0, 0, 1, 1, 3, 1]  (5, 7)
200_2___1__    12   2  [3, 1, 1, 3, 2, 1, 1, 1, 1, 0, 0, 1]  (5, 7)
200_4___1__    12   2  [3, 1, 1, 1, 1, 2, 0, 0, 1, 1, 2, 2]  (4, 7)
300_1___1__    12   2  [2, 0, 1, 1, 1, 0, 3, 1, 1, 1, 3, 1]  (5, 7)
100_1___1__    11   2  [3, 1, 1, 2, 2, 1, 0, 1, 1, 3, 1]  (2, 7)
200_3___1__    11   2  [3, 1, 1, 3, 3, 0, 1, 1, 2, 0, 1]  (4, 7)
300_5___1__    11   2  [3, 1, 1, 1, 0, 0, 4, 1, 1, 3, 1]  (5, 7)
100_2___1__    10   2  [3, 1, 1, 2, 0, 4, 1, 1, 3, 1]  (2, 7)
200_1___1__    10   2  [3, 1, 2, 4, 2, 1, 1, 1, 1, 1]  (4, 7)
part_in:(1, 5), all_in:(6, 7), all_out:(1, 7)
less10
200_3___4__    17   2  [1, 1, 1, 3, 1, 0, 0, 0, 0, 0, 0, 0, 1, 0, 0, 1, 1]  (0, 0)
200_5___4__    17   0  [1, 1, 1, 1, 3, 2, 0, 0, 0, 0, 0, 0, 1, 0, 1, 0, 1]  (0, 1)
200_4___4__    15   2  [1, 1, 1, 3, 1, 0, 3, 0, 0, 0, 0, 0, 1, 0, 1]  (0, 0)
100_2___4__    14   0  [1, 1, 1, 1, 3, 2, 1, 1, 0, 0, 1, 0, 2, 1]  (0, 0)
200_2___4__    14   2  [3, 0, 6, 0, 0, 2, 0, 0, 1, 0, 0, 0, 0, 1]  (0, 0)
100_1___4__    13   0  [1, 1, 1, 1, 3, 3, 2, 0, 0, 1, 0, 2, 1]  (0, 0)
100_5___4__    13   0  [1, 1, 1, 1, 3, 3, 2, 0, 0, 1, 0, 2, 1]  (0, 0)
300_2___4__    13   2  [1, 1, 1, 3, 3, 2, 0, 0, 1, 0, 0, 1, 1]  (0, 0)
300_3___4__    13   2  [1, 1, 1, 3, 3, 2, 0, 0, 1, 0, 1, 0, 1]  (0, 0)
300_4___4__    13   2  [1, 1, 1, 3, 2, 0, 2, 0, 0, 1, 0, 2, 1]  (0, 0)
100_3___4__    12   0  [1, 1, 1, 1, 3, 6, 0, 0, 1, 0, 2, 1]  (0, 0)
100_4___4__    12   0  [1, 1, 1, 1, 3, 6, 0, 0, 1, 0, 2, 1]  (0, 0)
200_1___4__    12   0  [1, 3, 0, 5, 2, 1, 0, 1, 2, 0, 1, 1]  (0, 1)
300_5___4__    12   4  [1, 1, 3, 2, 0, 2, 0, 0, 1, 0, 2, 1]  (0, 0)
300_1___4__    10   2  [3, 1, 3, 3, 2, 1, 2, 0, 1, 1]  (0, 0)
part_in:(2, 1), all_in:(0, 1), all_out:(0, 1)
gap34
100_3___17__    14   0  [3, 0, 1, 2, 2, 0, 0, 0, 0, 0, 3, 2, 0, 2]  (3, 4)
100_4___17__    14   0  [3, 0, 1, 2, 2, 0, 1, 0, 0, 3, 0, 1, 0, 2]  (4, 5)
200_2___17__    14   0  [1, 0, 0, 0, 1, 6, 0, 0, 0, 0, 3, 2, 0, 2]  (4, 4)
200_5___17__    14   2  [0, 0, 0, 1, 2, 2, 0, 1, 0, 0, 3, 2, 0, 2]  (4, 5)
300_3___17__    14   0  [1, 1, 0, 1, 3, 2, 0, 1, 0, 3, 0, 1, 0, 2]  (3, 4)
100_5___17__    13   4  [0, 1, 4, 0, 0, 1, 0, 0, 3, 0, 1, 0, 2]  (3, 4)
200_3___17__    13   0  [2, 0, 0, 1, 2, 3, 0, 1, 0, 3, 2, 0, 2]  (4, 4)
200_1___17__    12   0  [1, 1, 0, 1, 3, 2, 2, 0, 3, 2, 0, 2]  (3, 4)
200_4___17__    12   0  [2, 0, 0, 1, 2, 3, 2, 0, 3, 2, 0, 2]  (4, 5)
300_5___17__    12   2  [1, 0, 1, 5, 0, 2, 0, 3, 0, 1, 0, 2]  (3, 4)
300_4___17__    11   2  [1, 0, 1, 2, 3, 2, 0, 3, 2, 0, 2]  (3, 4)
100_1___17__    10   0  [3, 0, 1, 6, 2, 0, 3, 2, 0, 2]  (2, 4)
100_2___17__    10   0  [3, 0, 1, 8, 0, 0, 3, 2, 0, 2]  (2, 4)
300_1___17__    10   0  [1, 1, 2, 3, 5, 0, 3, 2, 0, 2]  (1, 4)
300_2___17__    10   0  [1, 1, 2, 3, 5, 0, 3, 2, 0, 2]  (2, 4)
part_in:(1, 5), all_in:(4, 4), all_out:(1, 5)
row1
100_2___5__    18   0  [0, 0, 0, 0, 1, 0, 0, 3, 5, 0, 0, 1, 1, 0, 0, 0, 0, 0]  (0, 1)
100_4___5__    18   0  [1, 0, 0, 1, 1, 0, 2, 1, 1, 1, 0, 0, 1, 1, 0, 1, 0, 0]  (0, 1)
100_5___5__    18   0  [1, 1, 0, 0, 1, 0, 2, 1, 1, 1, 0, 0, 1, 1, 0, 1, 0, 0]  (0, 1)
100_3___5__    17   0  [1, 0, 0, 0, 0, 0, 0, 3, 1, 5, 1, 1, 0, 0, 0, 0, 0]  (0, 1)
100_1___5__    16   1  [0, 0, 1, 0, 0, 0, 3, 3, 3, 1, 1, 0, 0, 0, 0, 0]  (0, 1)
300_1___5__    16   2  [2, 0, 1, 2, 0, 4, 0, 0, 0, 1, 1, 0, 0, 0, 0, 0]  (1, 1)
300_2___5__    16   2  [2, 0, 1, 2, 0, 1, 3, 0, 0, 1, 1, 0, 0, 0, 0, 0]  (1, 2)
200_1___5__    15   2  [0, 1, 0, 0, 0, 2, 0, 6, 0, 1, 1, 0, 0, 1, 0]  (0, 1)
300_5___5__    15   0  [1, 0, 2, 1, 3, 0, 2, 1, 1, 1, 1, 0, 1, 0, 0]  (1, 2)
300_3___5__    14   2  [2, 0, 1, 2, 0, 6, 0, 1, 1, 0, 0, 0, 0, 0]  (1, 3)
200_2___5__    13   2  [2, 0, 0, 0, 2, 0, 6, 0, 1, 1, 0, 2, 0]  (1, 1)
200_3___5__    13   2  [2, 0, 1, 2, 0, 1, 5, 1, 1, 0, 0, 1, 0]  (0, 1)
200_5___5__    13   2  [3, 1, 2, 0, 3, 1, 1, 1, 1, 0, 1, 0, 0]  (0, 1)
300_4___5__    13   2  [0, 2, 5, 5, 0, 0, 1, 1, 0, 0, 0, 0, 0]  (1, 3)
200_4___5__    12   2  [3, 1, 2, 0, 3, 2, 0, 1, 1, 0, 2, 0]  (0, 1)
part_in:(0, 3), all_in:(1, 1), all_out:(0, 3)
ball
200_4___20__    18   0  [2, 1, 0, 1, 1, 0, 0, 1, 1, 0, 0, 1, 2, 0, 1, 0, 0, 0]  (1, 1)
200_5___20__    18   0  [2, 2, 1, 1, 0, 0, 1, 1, 0, 0, 0, 0, 2, 0, 1, 0, 0, 0]  (1, 1)
100_4___20__    17   0  [0, 3, 0, 1, 1, 0, 0, 1, 1, 0, 0, 1, 2, 0, 1, 0, 1]  (1, 2)
100_1___20__    16   0  [4, 0, 1, 1, 0, 0, 1, 1, 0, 0, 1, 0, 1, 2, 0, 1]  (1, 1)
100_2___20__    16   0  [4, 0, 1, 1, 0, 0, 1, 1, 0, 0, 1, 0, 1, 2, 0, 1]  (1, 1)
100_3___20__    16   0  [4, 0, 1, 1, 0, 0, 1, 1, 0, 0, 0, 0, 2, 2, 0, 1]  (1, 2)
100_5___20__    16   0  [4, 0, 1, 1, 0, 0, 1, 1, 0, 0, 0, 0, 2, 2, 0, 1]  (1, 2)
200_2___20__    16   0  [2, 1, 0, 1, 1, 0, 0, 1, 1, 0, 0, 1, 2, 3, 0, 0]  (1, 1)
200_3___20__    16   0  [5, 1, 1, 0, 0, 1, 1, 0, 0, 1, 2, 0, 1, 0, 0, 0]  (1, 1)
300_5___20__    15   0  [4, 0, 1, 1, 0, 0, 1, 1, 0, 0, 1, 2, 2, 0, 1]  (1, 1)
300_2___20__    14   0  [5, 1, 1, 0, 0, 1, 1, 0, 0, 1, 2, 3, 0, 0]  (1, 1)
300_3___20__    14   0  [5, 1, 1, 0, 0, 1, 1, 0, 0, 1, 2, 3, 0, 0]  (1, 1)
300_4___20__    14   0  [5, 1, 1, 0, 0, 1, 1, 0, 0, 1, 2, 2, 0, 1]  (1, 1)
300_1___20__    13   0  [5, 1, 1, 0, 0, 3, 0, 0, 1, 2, 3, 0, 0]  (1, 1)
200_1___20__    12   0  [5, 1, 1, 0, 0, 3, 0, 0, 1, 2, 3, 1]  (1, 1)
part_in:(3, 2), all_in:(1, 2), all_out:(1, 2)
row4
100_5___8__    21   1  [1, 0, 0, 0, 1, 0, 0, 0, 1, 1, 1, 0, 0, 0, 1, 0, 0, 1, 0, 0, 0]  (0, 2)
100_4___8__    20   1  [1, 0, 0, 0, 1, 0, 0, 0, 1, 3, 0, 0, 0, 1, 0, 0, 1, 0, 0, 0]  (0, 2)
200_5___8__    20   1  [1, 0, 0, 0, 1, 0, 0, 0, 1, 3, 0, 0, 0, 1, 0, 0, 1, 0, 0, 0]  (1, 2)
100_2___8__    19   1  [1, 0, 0, 0, 1, 0, 0, 0, 1, 0, 2, 0, 0, 0, 2, 0, 2, 0, 0]  (0, 2)
200_2___8__    19   1  [1, 0, 0, 0, 1, 0, 0, 0, 1, 1, 1, 1, 0, 2, 0, 1, 0, 0, 0]  (1, 2)
200_3___8__    19   1  [1, 0, 0, 0, 1, 0, 0, 0, 1, 3, 1, 0, 0, 1, 0, 1, 0, 0, 0]  (1, 2)
200_4___8__    19   1  [1, 0, 0, 0, 1, 0, 0, 0, 1, 3, 1, 0, 0, 0, 0, 0, 2, 0, 0]  (0, 2)
300_2___8__    19   1  [1, 0, 0, 0, 1, 0, 0, 0, 1, 1, 1, 1, 0, 2, 0, 1, 0, 0, 0]  (0, 2)
300_4___8__    19   1  [1, 0, 0, 0, 1, 0, 0, 0, 1, 1, 1, 1, 0, 1, 0, 0, 2, 0, 0]  (0, 2)
300_5___8__    19   1  [1, 0, 0, 0, 1, 0, 0, 0, 1, 1, 1, 1, 0, 2, 0, 1, 0, 0, 0]  (0, 2)
100_3___8__    18   1  [1, 0, 0, 0, 1, 0, 0, 0, 1, 3, 1, 0, 2, 0, 1, 0, 0, 0]  (0, 2)
300_1___8__    18   1  [1, 0, 0, 0, 1, 0, 0, 0, 1, 1, 1, 1, 0, 2, 2, 0, 0, 0]  (0, 2)
300_3___8__    18   1  [1, 0, 0, 0, 1, 0, 0, 0, 1, 1, 1, 1, 0, 2, 0, 2, 0, 0]  (0, 2)
100_1___8__    17   3  [0, 0, 0, 1, 0, 0, 0, 1, 3, 1, 0, 2, 0, 1, 0, 0, 0]  (1, 2)
200_1___8__    17   1  [1, 0, 0, 0, 1, 0, 0, 0, 1, 3, 1, 0, 2, 0, 2, 0, 0]  (1, 2)
part_in:(0, 0), all_in:(1, 2), all_out:(0, 2)
