30
less5
600_5___1__    10   0  [2, 2, 1, 0, 3, 3, 1, 4, 2, 1]  (2, 6)
1000_4___1__    9   1  [0, 0, 2, 1, 8, 1, 1, 2, 4]  (2, 3)
600_4___1__    8   0  [2, 2, 1, 8, 1, 4, 2, 1]  (2, 4)
1000_5___1__    8   1  [2, 1, 10, 1, 1, 2, 2, 1]  (2, 4)
400_4___1__    7   3  [2, 1, 8, 1, 1, 5, 1]  (2, 5)
400_5___1__    6   4  [1, 6, 5, 1, 5, 1]  (2, 7)
1000_2___1__    6   1  [2, 7, 4, 6, 2, 1]  (2, 5)
1000_3___1__    6   4  [7, 4, 1, 1, 2, 4]  (2, 5)
400_1___1__    5   1  [4, 11, 5, 2, 1]  (2, 3)
400_3___1__    5   3  [2, 1, 12, 2, 4]  (2, 7)
600_2___1__    5   0  [2, 5, 7, 6, 4]  (2, 3)
600_3___1__    5   3  [4, 0, 7, 6, 4]  (2, 4)
400_2___1__    4   3  [2, 10, 8, 2]  (2, 6)
600_1___1__    4   9  [8, 5, 2, 1]  (2, 4)
1000_1___1__    4   10  [1, 11, 2, 1]  (1, 2)
part_in:(4, 7), all_in:(2, 3), all_out:(2, 7)
less8
400_4___2__    16   0  [0, 2, 1, 1, 3, 1, 0, 1, 0, 0, 1, 0, 2, 0, 0, 1]  (9, 16)
400_5___2__    14   0  [3, 1, 1, 3, 1, 0, 1, 0, 0, 1, 0, 3, 0, 1]  (10, 16)
600_4___2__    13   0  [3, 1, 1, 3, 2, 1, 0, 0, 2, 1, 1, 0, 1]  (13, 16)
600_1___2__    11   0  [3, 3, 2, 0, 2, 1, 0, 3, 1, 2, 1]  (13, 16)
600_2___2__    11   0  [1, 1, 3, 3, 2, 1, 0, 3, 1, 2, 1]  (15, 16)
600_5___2__    11   0  [3, 1, 1, 3, 2, 1, 4, 1, 1, 0, 1]  (13, 16)
1000_4___2__    11   0  [3, 3, 5, 0, 0, 0, 3, 2, 1, 0, 1]  (12, 16)
1000_5___2__    11   0  [3, 1, 1, 3, 1, 0, 0, 0, 8, 0, 1]  (12, 16)
400_3___2__    10   0  [3, 3, 3, 1, 0, 2, 2, 0, 2, 3]  (11, 16)
400_2___2__    9   0  [3, 3, 3, 2, 1, 0, 3, 2, 3]  (12, 16)
600_3___2__    9   0  [3, 3, 3, 2, 1, 3, 0, 4, 1]  (13, 16)
1000_3___2__    9   0  [3, 3, 3, 2, 1, 3, 2, 1, 2]  (12, 16)
400_1___2__    8   0  [3, 3, 3, 1, 0, 2, 3, 6]  (14, 16)
1000_1___2__    8   0  [3, 0, 4, 1, 2, 0, 9, 2]  (13, 16)
1000_2___2__    8   0  [3, 0, 2, 3, 2, 0, 9, 2]  (13, 16)
part_in:(9, 14), all_in:(15, 16), all_out:(9, 16)
less9
400_5___3__    10   3  [0, 0, 0, 2, 3, 2, 0, 4, 5, 0]  (6, 11)
400_3___3__    9   4  [0, 0, 2, 2, 3, 0, 4, 5, 0]  (4, 11)
1000_5___3__    9   0  [2, 0, 0, 0, 9, 0, 8, 1, 0]  (7, 11)
400_4___3__    8   4  [0, 0, 2, 6, 0, 4, 5, 0]  (9, 11)
600_4___3__    8   4  [0, 0, 2, 6, 0, 4, 5, 0]  (6, 11)
600_5___3__    8   4  [0, 0, 2, 6, 0, 4, 5, 0]  (5, 11)
1000_2___3__    8   3  [0, 0, 6, 3, 0, 8, 1, 0]  (8, 11)
600_2___3__    7   4  [0, 3, 6, 0, 4, 5, 0]  (8, 11)
600_3___3__    7   4  [0, 3, 6, 0, 4, 5, 0]  (7, 11)
1000_1___3__    7   5  [3, 0, 1, 3, 9, 1, 0]  (9, 11)
1000_3___3__    7   4  [0, 6, 3, 0, 8, 1, 0]  (9, 11)
1000_4___3__    7   4  [0, 0, 9, 0, 8, 1, 0]  (9, 11)
400_1___3__    6   5  [3, 0, 5, 5, 5, 0]  (6, 11)
400_2___3__    6   4  [0, 10, 0, 4, 5, 0]  (4, 11)
600_1___3__    6   5  [3, 6, 0, 4, 5, 0]  (6, 11)
part_in:(4, 8), all_in:(9, 11), all_out:(4, 11)
less10
600_4___4__    15   0  [0, 1, 2, 1, 0, 2, 4, 0, 0, 1, 0, 1, 0, 1, 1]  (1, 2)
600_5___4__    15   0  [0, 1, 2, 1, 0, 2, 4, 0, 0, 1, 0, 1, 0, 1, 1]  (0, 2)
1000_5___4__    15   0  [0, 1, 0, 1, 1, 0, 2, 4, 0, 0, 1, 2, 0, 1, 1]  (2, 3)
400_4___4__    14   0  [2, 2, 1, 0, 2, 4, 0, 0, 1, 0, 1, 0, 1, 1]  (1, 2)
1000_3___4__    14   0  [0, 1, 0, 3, 2, 0, 4, 0, 0, 1, 0, 1, 0, 3]  (2, 4)
1000_4___4__    14   0  [0, 1, 0, 1, 1, 3, 4, 0, 0, 1, 2, 0, 1, 1]  (2, 3)
400_1___4__    13   0  [0, 1, 2, 0, 0, 0, 2, 5, 0, 4, 0, 1, 1]  (2, 3)
400_3___4__    13   0  [2, 2, 0, 0, 3, 4, 0, 2, 0, 1, 0, 1, 1]  (2, 2)
400_5___4__    13   0  [2, 2, 1, 0, 2, 4, 0, 0, 1, 0, 1, 0, 3]  (1, 2)
600_1___4__    13   0  [2, 1, 1, 0, 0, 2, 5, 0, 2, 1, 0, 1, 1]  (2, 2)
600_3___4__    13   0  [2, 2, 1, 0, 2, 4, 0, 0, 1, 0, 1, 0, 3]  (1, 2)
1000_2___4__    13   0  [0, 1, 0, 3, 3, 4, 0, 0, 1, 0, 1, 0, 3]  (2, 2)
400_2___4__    12   0  [0, 2, 1, 1, 3, 4, 0, 3, 1, 0, 1, 1]  (1, 2)
600_2___4__    12   0  [2, 3, 0, 0, 2, 4, 0, 0, 2, 1, 0, 3]  (0, 2)
1000_1___4__    11   0  [2, 1, 2, 0, 2, 5, 0, 1, 2, 0, 3]  (2, 5)
part_in:(0, 4), all_in:(2, 2), all_out:(0, 4)
row1
1000_5___5__    17   4  [0, 2, 0, 1, 0, 0, 0, 0, 0, 0, 2, 0, 2, 0, 1, 0, 0]  (1, 3)
400_5___5__    15   4  [0, 3, 1, 0, 0, 0, 1, 3, 0, 0, 1, 0, 1, 0, 0]  (1, 6)
600_4___5__    15   0  [3, 0, 2, 0, 1, 0, 2, 0, 0, 3, 0, 2, 1, 0, 0]  (1, 3)
1000_4___5__    15   4  [0, 2, 0, 1, 0, 2, 1, 1, 1, 0, 1, 0, 1, 0, 0]  (1, 1)
600_5___5__    14   0  [3, 0, 2, 0, 1, 0, 3, 0, 3, 0, 2, 1, 0, 0]  (1, 3)
1000_2___5__    14   3  [0, 0, 2, 0, 1, 0, 2, 0, 0, 3, 3, 1, 0, 0]  (1, 3)
400_4___5__    13   4  [0, 3, 1, 0, 2, 0, 0, 3, 0, 2, 1, 0, 0]  (1, 4)
600_3___5__    13   0  [3, 0, 3, 1, 0, 3, 0, 3, 0, 2, 1, 0, 0]  (1, 2)
1000_1___5__    13   3  [0, 0, 3, 1, 0, 2, 0, 3, 0, 3, 1, 0, 0]  (1, 4)
1000_3___5__    13   4  [0, 2, 0, 1, 0, 2, 1, 3, 0, 2, 1, 0, 0]  (1, 2)
400_2___5__    12   3  [0, 0, 5, 0, 2, 1, 3, 0, 2, 1, 0, 0]  (1, 5)
400_3___5__    12   3  [0, 0, 5, 0, 2, 1, 3, 0, 2, 1, 0, 0]  (1, 6)
600_2___5__    12   4  [0, 3, 1, 0, 3, 0, 3, 0, 2, 1, 0, 0]  (1, 1)
600_1___5__    11   5  [2, 0, 1, 0, 3, 3, 0, 3, 1, 0, 0]  (1, 5)
400_1___5__    10   5  [3, 1, 0, 2, 0, 4, 3, 1, 0, 0]  (1, 7)
part_in:(3, 6), all_in:(1, 2), all_out:(1, 6)
row2
600_3___6__    11   1  [0, 1, 2, 0, 2, 5, 4, 1, 0, 0, 2]  (21, 32)
400_3___6__    10   0  [0, 0, 1, 3, 2, 5, 3, 3, 0, 2]  (28, 32)
400_5___6__    10   2  [1, 0, 2, 2, 1, 3, 3, 3, 0, 2]  (26, 32)
600_4___6__    10   1  [0, 1, 2, 0, 2, 5, 4, 2, 0, 2]  (15, 32)
1000_3___6__    10   1  [0, 1, 3, 2, 5, 3, 2, 0, 0, 2]  (26, 32)
1000_4___6__    10   2  [1, 1, 1, 2, 5, 1, 1, 3, 0, 2]  (20, 32)
1000_5___6__    10   2  [1, 0, 5, 1, 3, 1, 1, 3, 0, 2]  (24, 32)
400_1___6__    9   1  [2, 3, 1, 0, 1, 3, 7, 0, 2]  (28, 32)
400_2___6__    9   1  [0, 1, 3, 2, 1, 3, 7, 0, 2]  (26, 32)
600_2___6__    9   1  [0, 1, 2, 0, 2, 5, 4, 2, 3]  (25, 32)
1000_2___6__    9   2  [1, 0, 2, 4, 3, 3, 3, 0, 2]  (27, 32)
400_4___6__    8   2  [1, 3, 2, 5, 3, 3, 0, 2]  (24, 32)
600_1___6__    8   1  [2, 2, 0, 1, 6, 6, 0, 3]  (27, 32)
600_5___6__    8   4  [3, 2, 1, 3, 4, 2, 0, 2]  (19, 32)
1000_1___6__    8   2  [1, 7, 0, 3, 3, 3, 0, 2]  (29, 32)
part_in:(15, 27), all_in:(28, 32), all_out:(15, 32)
row3
400_5___7__    14   0  [1, 1, 0, 2, 0, 1, 1, 3, 3, 0, 1, 0, 1, 1]  (15, 16)
600_3___7__    13   0  [0, 0, 4, 0, 0, 1, 0, 4, 3, 0, 1, 2, 1]  (15, 25)
600_1___7__    12   0  [0, 0, 4, 0, 0, 7, 3, 2, 0, 0, 0, 1]  (15, 16)
600_2___7__    12   0  [1, 1, 2, 0, 0, 7, 3, 2, 0, 0, 0, 1]  (15, 21)
400_2___7__    11   2  [1, 3, 0, 1, 0, 0, 3, 3, 3, 1, 1]  (15, 16)
400_4___7__    11   0  [1, 4, 1, 1, 2, 2, 3, 2, 0, 1, 1]  (15, 20)
1000_5___7__    11   0  [1, 1, 0, 3, 1, 1, 3, 1, 1, 5, 1]  (15, 21)
600_4___7__    10   0  [1, 1, 2, 0, 0, 1, 5, 3, 5, 1]  (15, 29)
600_5___7__    10   0  [1, 5, 0, 1, 1, 3, 3, 3, 1, 1]  (15, 25)
1000_3___7__    10   0  [1, 1, 4, 1, 0, 4, 3, 2, 2, 1]  (15, 19)
400_3___7__    9   2  [1, 4, 1, 0, 4, 3, 3, 1, 1]  (15, 15)
1000_2___7__    9   0  [1, 1, 4, 2, 0, 3, 3, 5, 1]  (15, 18)
1000_4___7__    9   0  [1, 3, 2, 1, 5, 1, 1, 5, 1]  (15, 26)
400_1___7__    8   2  [1, 4, 1, 0, 0, 3, 9, 1]  (14, 15)
1000_1___7__    7   0  [1, 1, 4, 2, 8, 5, 1]  (15, 15)
part_in:(14, 29), all_in:(15, 15), all_out:(14, 29)
row4
400_5___8__    15   1  [0, 1, 0, 0, 1, 0, 1, 4, 2, 0, 0, 1, 0, 1, 2]  (0, 2)
400_4___8__    14   1  [0, 1, 0, 0, 1, 0, 1, 6, 0, 0, 0, 1, 2, 2]  (0, 2)
1000_4___8__    13   5  [0, 1, 0, 0, 0, 2, 1, 1, 0, 1, 2, 1, 2]  (0, 2)
1000_5___8__    13   0  [4, 0, 1, 0, 1, 2, 3, 0, 1, 1, 0, 1, 2]  (0, 2)
400_1___8__    11   1  [0, 1, 0, 2, 0, 0, 6, 1, 1, 4, 2]  (0, 2)
400_2___8__    11   1  [0, 2, 2, 0, 0, 1, 3, 2, 1, 4, 2]  (0, 2)
600_4___8__    11   0  [0, 4, 2, 1, 6, 0, 1, 1, 0, 1, 2]  (1, 2)
600_5___8__    11   1  [2, 1, 2, 1, 4, 1, 0, 1, 2, 1, 2]  (1, 2)
1000_3___8__    11   5  [2, 0, 1, 0, 3, 1, 0, 1, 2, 1, 2]  (1, 2)
400_3___8__    10   1  [0, 1, 0, 2, 0, 2, 3, 2, 1, 7]  (0, 2)
600_1___8__    10   0  [0, 2, 3, 0, 0, 6, 1, 1, 4, 2]  (0, 2)
600_2___8__    10   0  [0, 3, 2, 0, 6, 2, 1, 1, 2, 2]  (1, 2)
600_3___8__    10   0  [4, 2, 0, 6, 1, 0, 1, 1, 2, 2]  (1, 2)
1000_1___8__    7   9  [0, 1, 4, 1, 1, 4, 2]  (1, 2)
1000_2___8__    6   8  [0, 2, 6, 1, 4, 2]  (0, 2)
part_in:(0, 0), all_in:(1, 2), all_out:(0, 2)
sum16
600_2___9__    14   0  [2, 0, 2, 0, 0, 1, 3, 1, 0, 0, 1, 2, 0, 3]  (33, 35)
600_3___9__    14   0  [4, 1, 0, 0, 1, 3, 1, 0, 0, 1, 2, 0, 2, 0]  (30, 35)
1000_3___9__    14   1  [3, 2, 0, 1, 2, 0, 1, 0, 0, 1, 2, 0, 0, 2]  (31, 35)
1000_5___9__    14   0  [1, 2, 2, 0, 1, 3, 1, 0, 0, 1, 2, 0, 0, 2]  (30, 35)
600_4___9__    13   0  [2, 1, 1, 0, 0, 1, 3, 1, 0, 0, 1, 4, 2]  (29, 35)
400_1___9__    12   0  [3, 3, 0, 1, 3, 1, 0, 0, 0, 0, 4, 2]  (33, 35)
400_3___9__    12   0  [4, 2, 0, 1, 5, 0, 0, 0, 0, 3, 0, 2]  (30, 35)
400_4___9__    12   0  [4, 1, 1, 1, 5, 0, 0, 0, 0, 3, 0, 2]  (30, 35)
400_5___9__    12   0  [2, 1, 2, 0, 1, 5, 0, 0, 1, 3, 0, 2]  (29, 35)
600_5___9__    12   0  [2, 1, 3, 1, 5, 0, 0, 1, 3, 0, 1, 0]  (28, 35)
1000_4___9__    12   5  [2, 0, 1, 3, 1, 0, 0, 1, 2, 0, 0, 2]  (30, 35)
400_2___9__    11   5  [2, 0, 1, 5, 0, 0, 0, 0, 3, 0, 2]  (30, 35)
600_1___9__    10   0  [3, 2, 0, 0, 7, 1, 1, 3, 0, 2]  (35, 35)
1000_1___9__    10   0  [3, 4, 4, 2, 0, 0, 1, 3, 0, 2]  (35, 35)
1000_2___9__    10   7  [0, 0, 4, 0, 1, 1, 1, 2, 1, 2]  (35, 35)
part_in:(28, 32), all_in:(33, 35), all_out:(28, 35)
gap16
600_4___10__    15   0  [5, 0, 1, 0, 0, 0, 0, 1, 0, 2, 0, 1, 1, 2, 1]  (22, 25)
600_5___10__    13   0  [5, 0, 1, 0, 0, 3, 0, 2, 0, 1, 1, 2, 1]  (22, 25)
1000_5___10__    13   0  [3, 1, 0, 1, 2, 0, 1, 0, 2, 0, 1, 1, 4]  (21, 25)
400_3___10__    12   0  [1, 1, 2, 2, 1, 2, 0, 2, 0, 1, 1, 4]  (24, 25)
400_4___10__    12   0  [1, 1, 2, 2, 1, 2, 0, 2, 0, 1, 1, 4]  (22, 25)
400_5___10__    12   0  [1, 0, 0, 2, 2, 0, 1, 1, 0, 2, 2, 6]  (23, 25)
600_1___10__    11   0  [3, 1, 0, 1, 3, 1, 0, 2, 4, 2, 1]  (25, 26)
600_2___10__    11   0  [3, 2, 2, 1, 2, 0, 2, 0, 3, 2, 1]  (23, 25)
600_3___10__    11   0  [6, 1, 2, 2, 0, 2, 0, 1, 1, 2, 1]  (22, 25)
1000_2___10__    11   0  [3, 1, 0, 4, 2, 0, 2, 0, 1, 1, 4]  (21, 25)
1000_3___10__    11   0  [3, 1, 0, 4, 2, 0, 2, 0, 1, 1, 4]  (21, 25)
1000_4___10__    10   0  [5, 0, 4, 2, 0, 2, 2, 1, 2, 1]  (20, 25)
400_1___10__    9   2  [3, 2, 3, 1, 0, 2, 0, 3, 4]  (24, 25)
400_2___10__    9   4  [1, 0, 2, 4, 0, 2, 0, 3, 4]  (24, 25)
1000_1___10__    8   0  [3, 1, 0, 7, 0, 2, 4, 4]  (23, 25)
part_in:(20, 26), all_in:(25, 25), all_out:(20, 26)
sum25
600_3___11__    13   0  [0, 2, 0, 0, 0, 0, 2, 1, 6, 4, 0, 1, 0]  (25, 34)
600_4___11__    13   0  [0, 2, 0, 0, 0, 0, 2, 1, 6, 2, 1, 0, 2]  (26, 34)
1000_5___11__    12   0  [0, 0, 1, 0, 0, 1, 10, 0, 2, 1, 0, 2]  (27, 34)
400_4___11__    11   1  [2, 0, 0, 1, 4, 5, 0, 2, 1, 0, 2]  (22, 34)
400_5___11__    11   1  [0, 1, 0, 0, 1, 4, 6, 2, 1, 0, 2]  (20, 34)
600_5___11__    11   1  [0, 1, 0, 0, 1, 2, 8, 2, 1, 0, 2]  (24, 34)
1000_3___11__    11   0  [3, 0, 0, 1, 2, 7, 0, 2, 1, 0, 2]  (30, 34)
1000_4___11__    11   0  [0, 2, 0, 0, 1, 10, 0, 2, 1, 0, 2]  (26, 34)
400_2___11__    10   1  [2, 1, 1, 2, 7, 0, 2, 1, 0, 2]  (21, 34)
400_3___11__    10   4  [0, 0, 1, 2, 7, 0, 2, 1, 0, 2]  (20, 34)
1000_2___11__    10   0  [0, 2, 1, 0, 0, 10, 0, 4, 0, 2]  (31, 34)
600_1___11__    9   0  [0, 2, 1, 1, 4, 4, 1, 5, 2]  (22, 34)
600_2___11__    9   1  [2, 1, 1, 4, 4, 1, 4, 0, 2]  (28, 34)
400_1___11__    7   3  [0, 1, 1, 10, 0, 5, 2]  (22, 34)
1000_1___11__    5   1  [2, 1, 13, 5, 2]  (23, 34)
part_in:(20, 30), all_in:(31, 34), all_out:(20, 34)
gap25
600_2___12__    11   1  [0, 0, 3, 2, 3, 0, 0, 2, 4, 2, 1]  (12, 22)
600_4___12__    11   1  [0, 1, 0, 1, 2, 3, 0, 0, 3, 3, 4]  (11, 22)
1000_2___12__    10   1  [0, 2, 4, 1, 1, 0, 0, 2, 4, 4]  (9, 22)
600_1___12__    9   1  [1, 1, 1, 6, 0, 0, 2, 7, 1]  (9, 22)
600_3___12__    9   1  [3, 1, 2, 3, 0, 0, 7, 2, 1]  (11, 22)
400_3___12__    8   1  [8, 1, 1, 0, 0, 2, 0, 8]  (9, 22)
1000_1___12__    8   2  [0, 8, 1, 0, 0, 2, 4, 4]  (8, 22)
400_1___12__    7   3  [1, 4, 3, 0, 0, 2, 9]  (11, 22)
400_2___12__    7   10  [1, 1, 0, 0, 2, 0, 8]  (10, 22)
400_4___12__    7   3  [6, 3, 0, 0, 2, 0, 8]  (8, 22)
600_5___12__    7   1  [8, 1, 1, 0, 0, 7, 4]  (10, 22)
1000_3___12__    7   1  [0, 2, 8, 0, 0, 2, 9]  (12, 22)
400_5___12__    6   3  [6, 1, 1, 0, 0, 12]  (8, 22)
1000_4___12__    6   1  [0, 2, 8, 0, 0, 12]  (9, 22)
1000_5___12__    6   1  [3, 6, 1, 0, 0, 12]  (9, 22)
part_in:(8, 11), all_in:(12, 22), all_out:(8, 22)
sum34
400_5___13__    14   1  [0, 0, 0, 1, 0, 0, 4, 3, 1, 1, 0, 2, 0, 2]  (21, 24)
600_5___13__    14   1  [0, 0, 0, 1, 0, 0, 2, 0, 4, 1, 1, 0, 3, 2]  (23, 24)
600_3___13__    13   1  [0, 0, 0, 2, 0, 2, 1, 3, 3, 0, 0, 2, 2]  (24, 24)
600_4___13__    13   1  [1, 0, 1, 0, 0, 4, 3, 1, 1, 0, 0, 2, 2]  (24, 24)
1000_4___13__    13   1  [1, 0, 1, 0, 0, 4, 3, 1, 1, 0, 2, 0, 2]  (24, 27)
1000_5___13__    13   1  [0, 0, 0, 1, 0, 0, 8, 0, 0, 1, 0, 3, 2]  (24, 27)
600_2___13__    12   1  [1, 0, 0, 1, 0, 2, 1, 2, 0, 3, 4, 2]  (24, 26)
400_1___13__    11   1  [0, 1, 1, 0, 0, 2, 1, 7, 1, 2, 2]  (22, 24)
400_2___13__    11   1  [1, 0, 2, 0, 2, 1, 3, 3, 1, 2, 2]  (23, 24)
400_3___13__    11   3  [0, 2, 0, 2, 1, 3, 3, 0, 0, 2, 2]  (21, 24)
400_4___13__    11   1  [1, 0, 2, 0, 4, 5, 1, 0, 2, 0, 2]  (24, 24)
1000_2___13__    11   1  [1, 0, 0, 1, 0, 2, 1, 3, 3, 4, 2]  (24, 29)
1000_3___13__    11   1  [1, 0, 2, 0, 2, 1, 3, 3, 0, 3, 2]  (24, 28)
600_1___13__    10   1  [0, 2, 1, 0, 2, 1, 3, 3, 4, 2]  (22, 24)
1000_1___13__    9   1  [1, 3, 0, 2, 5, 3, 0, 3, 2]  (21, 24)
part_in:(21, 29), all_in:(24, 24), all_out:(21, 29)
gap12
400_4___14__    12   1  [0, 1, 3, 1, 1, 3, 3, 0, 1, 1, 0, 2]  (1, 3)
400_5___14__    12   1  [0, 1, 3, 1, 1, 0, 2, 4, 1, 1, 0, 2]  (1, 3)
400_3___14__    11   2  [1, 3, 1, 5, 3, 0, 1, 1, 0, 0, 1]  (1, 2)
600_3___14__    11   1  [6, 3, 0, 2, 3, 0, 1, 1, 0, 1, 0]  (1, 3)
600_4___14__    11   1  [0, 1, 3, 3, 3, 3, 0, 1, 1, 0, 2]  (1, 3)
600_5___14__    11   1  [2, 3, 1, 1, 3, 3, 0, 1, 1, 0, 2]  (1, 3)
1000_3___14__    11   8  [3, 3, 0, 1, 0, 0, 1, 1, 0, 0, 1]  (1, 4)
400_2___14__    10   2  [5, 1, 5, 3, 0, 1, 1, 0, 0, 1]  (1, 2)
1000_2___14__    10   8  [2, 0, 3, 0, 1, 0, 0, 3, 0, 2]  (1, 3)
1000_4___14__    10   4  [3, 3, 3, 0, 2, 0, 1, 2, 0, 1]  (1, 3)
400_1___14__    9   8  [1, 0, 4, 3, 0, 1, 2, 0, 1]  (1, 1)
600_2___14__    8   1  [6, 3, 3, 3, 0, 3, 0, 2]  (1, 2)
1000_5___14__    8   8  [7, 0, 2, 0, 1, 1, 0, 2]  (1, 4)
1000_1___14__    7   11  [0, 3, 2, 1, 3, 0, 2]  (1, 1)
600_1___14__    6   8  [3, 3, 3, 0, 4, 2]  (1, 1)
part_in:(3, 4), all_in:(1, 2), all_out:(1, 4)
gap23
1000_4___15__    13   2  [0, 0, 1, 0, 1, 2, 0, 0, 1, 4, 1, 0, 4]  (2, 5)
600_1___15__    11   4  [1, 0, 1, 2, 1, 1, 1, 2, 2, 2, 1]  (3, 5)
600_2___15__    10   3  [0, 1, 0, 1, 4, 1, 1, 2, 2, 4]  (4, 5)
600_5___15__    10   4  [1, 0, 1, 3, 0, 1, 2, 1, 2, 4]  (1, 5)
1000_3___15__    10   1  [2, 1, 0, 1, 2, 0, 2, 1, 2, 7]  (2, 5)
1000_5___15__    10   3  [0, 1, 0, 1, 2, 5, 2, 1, 0, 4]  (2, 5)
400_4___15__    8   3  [0, 2, 1, 3, 5, 1, 1, 5]  (3, 5)
600_3___15__    8   3  [0, 2, 1, 4, 1, 4, 2, 4]  (2, 5)
1000_2___15__    8   2  [1, 1, 0, 1, 2, 2, 5, 7]  (2, 5)
400_1___15__    7   4  [1, 2, 4, 0, 2, 2, 7]  (2, 5)
400_2___15__    7   2  [1, 1, 2, 4, 0, 5, 7]  (3, 5)
400_5___15__    7   3  [0, 2, 1, 6, 2, 1, 7]  (2, 5)
600_4___15__    7   4  [2, 1, 4, 1, 4, 2, 4]  (1, 5)
400_3___15__    5   4  [2, 1, 4, 6, 7]  (2, 5)
1000_1___15__    5   4  [1, 2, 11, 2, 4]  (0, 5)
part_in:(1, 3), all_in:(4, 5), all_out:(1, 5)
gap34
1000_4___16__    16   2  [1, 0, 0, 1, 0, 2, 1, 0, 2, 0, 2, 1, 1, 0, 0, 0]  (2, 6)
1000_5___16__    13   2  [2, 0, 1, 3, 1, 0, 2, 0, 2, 1, 1, 1, 0]  (2, 4)
400_1___16__    12   1  [0, 1, 0, 0, 1, 5, 0, 3, 2, 1, 1, 2]  (2, 5)
400_4___16__    12   2  [2, 0, 1, 2, 2, 0, 2, 0, 2, 1, 3, 0]  (2, 3)
400_5___16__    12   2  [2, 2, 2, 1, 0, 0, 2, 0, 2, 1, 3, 0]  (2, 4)
600_4___16__    12   2  [1, 0, 0, 7, 0, 2, 0, 2, 1, 1, 1, 0]  (2, 7)
400_2___16__    11   1  [0, 2, 0, 1, 5, 0, 3, 2, 1, 1, 2]  (2, 5)
400_3___16__    11   2  [2, 0, 1, 5, 0, 2, 0, 2, 1, 3, 0]  (2, 4)
600_2___16__    11   2  [2, 0, 7, 0, 2, 0, 2, 1, 1, 1, 0]  (2, 2)
600_3___16__    11   2  [2, 0, 7, 0, 2, 0, 2, 1, 1, 1, 0]  (2, 5)
1000_2___16__    11   2  [2, 0, 1, 5, 0, 2, 0, 4, 1, 1, 0]  (2, 3)
1000_3___16__    11   2  [2, 0, 1, 5, 0, 3, 2, 1, 1, 1, 0]  (2, 5)
600_5___16__    10   2  [2, 2, 5, 0, 2, 0, 2, 1, 3, 0]  (2, 6)
1000_1___16__    10   2  [1, 0, 0, 1, 5, 0, 3, 4, 1, 2]  (2, 5)
600_1___16__    8   2  [2, 8, 0, 2, 0, 4, 1, 2]  (2, 3)
part_in:(4, 7), all_in:(2, 3), all_out:(2, 7)
gap45
1000_5___17__    14   1  [0, 1, 0, 3, 1, 1, 1, 1, 1, 0, 1, 2, 0, 2]  (2, 15)
600_4___17__    13   1  [0, 1, 5, 0, 2, 0, 1, 1, 0, 0, 0, 2, 3]  (3, 15)
600_5___17__    13   1  [0, 1, 5, 0, 1, 1, 1, 1, 0, 1, 2, 2, 0]  (2, 15)
1000_4___17__    12   1  [0, 1, 4, 1, 2, 0, 1, 1, 0, 1, 2, 3]  (1, 15)
400_4___17__    11   2  [1, 5, 0, 2, 0, 1, 1, 0, 1, 2, 3]  (1, 15)
400_5___17__    11   1  [0, 1, 5, 0, 3, 1, 1, 0, 1, 2, 3]  (1, 15)
600_2___17__    11   1  [0, 1, 5, 0, 3, 1, 2, 1, 0, 1, 3]  (5, 15)
600_3___17__    11   1  [0, 1, 5, 0, 3, 1, 1, 0, 1, 2, 3]  (3, 15)
1000_2___17__    11   1  [0, 6, 0, 0, 0, 4, 2, 1, 1, 0, 3]  (4, 15)
400_3___17__    10   1  [0, 1, 5, 0, 5, 2, 1, 1, 0, 3]  (2, 15)
400_1___17__    8   1  [0, 4, 2, 0, 3, 4, 4, 3]  (3, 15)
600_1___17__    8   4  [4, 1, 0, 2, 1, 2, 2, 5]  (2, 15)
1000_3___17__    8   1  [3, 5, 3, 1, 2, 1, 2, 3]  (4, 15)
400_2___17__    7   2  [7, 0, 5, 2, 1, 2, 3]  (1, 15)
1000_1___17__    4   1  [9, 0, 4, 11]  (2, 15)
part_in:(1, 4), all_in:(5, 15), all_out:(1, 15)
gap56
400_3___18__    12   2  [1, 2, 0, 2, 5, 1, 0, 1, 0, 1, 2, 0]  (2, 12)
400_4___18__    12   2  [4, 0, 2, 0, 4, 1, 0, 1, 0, 1, 2, 0]  (2, 10)
600_5___18__    12   2  [4, 0, 2, 0, 4, 1, 0, 1, 0, 1, 2, 0]  (2, 7)
400_5___18__    11   2  [4, 3, 0, 4, 1, 0, 1, 0, 1, 2, 0]  (2, 11)
600_4___18__    11   2  [4, 0, 2, 0, 4, 1, 0, 1, 0, 1, 3]  (2, 6)
1000_4___18__    10   2  [2, 1, 4, 4, 1, 0, 1, 0, 1, 3]  (2, 6)
1000_5___18__    10   0  [1, 1, 0, 1, 2, 1, 9, 0, 1, 3]  (2, 7)
400_2___18__    9   2  [1, 2, 0, 1, 8, 0, 2, 1, 3]  (2, 11)
1000_2___18__    9   2  [1, 2, 3, 0, 6, 2, 0, 1, 3]  (2, 7)
1000_1___18__    8   4  [2, 0, 0, 2, 4, 1, 3, 5]  (2, 13)
600_3___18__    7   2  [4, 0, 2, 5, 4, 0, 5]  (2, 7)
600_1___18__    6   2  [1, 2, 0, 8, 1, 9]  (2, 14)
1000_3___18__    6   4  [2, 9, 1, 2, 0, 5]  (2, 4)
400_1___18__    5   2  [4, 11, 0, 2, 5]  (2, 11)
600_2___18__    5   2  [4, 0, 8, 1, 9]  (2, 7)
part_in:(5, 14), all_in:(2, 4), all_out:(2, 14)
ball
400_1___19__    19   1  [0, 1, 0, 0, 0, 0, 0, 0, 2, 0, 2, 0, 2, 0, 0, 1, 0, 1, 0]  (1, 2)
400_2___19__    18   1  [0, 1, 0, 0, 0, 0, 1, 2, 0, 2, 0, 2, 0, 0, 1, 0, 1, 0]  (1, 2)
400_5___19__    18   1  [0, 1, 0, 0, 1, 0, 3, 0, 2, 0, 0, 1, 0, 0, 1, 0, 1, 0]  (1, 1)
600_2___19__    18   1  [0, 1, 0, 0, 0, 0, 0, 0, 2, 0, 2, 0, 2, 0, 2, 0, 1, 0]  (1, 2)
600_4___19__    18   1  [0, 1, 0, 0, 1, 0, 3, 0, 2, 0, 0, 1, 0, 0, 1, 0, 1, 0]  (1, 3)
600_5___19__    18   1  [0, 1, 0, 0, 1, 0, 3, 0, 2, 0, 0, 1, 0, 0, 1, 0, 1, 0]  (1, 3)
1000_4___19__    18   1  [0, 1, 0, 0, 1, 1, 2, 0, 2, 0, 0, 1, 0, 0, 1, 0, 1, 0]  (1, 3)
400_3___19__    17   1  [0, 1, 0, 0, 0, 0, 4, 0, 2, 0, 2, 0, 0, 1, 0, 1, 0]  (1, 1)
400_4___19__    17   1  [0, 1, 0, 0, 1, 4, 0, 2, 0, 0, 1, 0, 0, 1, 0, 1, 0]  (1, 1)
600_1___19__    17   1  [0, 2, 0, 0, 0, 1, 2, 0, 2, 0, 2, 0, 0, 1, 0, 1, 0]  (1, 3)
600_3___19__    17   1  [0, 1, 0, 0, 1, 0, 3, 0, 2, 0, 2, 0, 0, 1, 0, 1, 0]  (1, 3)
1000_2___19__    17   1  [0, 1, 0, 0, 1, 1, 2, 0, 2, 0, 2, 0, 0, 1, 0, 1, 0]  (1, 3)
1000_5___19__    17   1  [0, 1, 0, 0, 1, 4, 0, 2, 0, 0, 1, 0, 0, 1, 0, 1, 0]  (1, 2)
1000_1___19__    16   1  [0, 2, 0, 1, 1, 2, 0, 2, 0, 2, 0, 0, 1, 0, 1, 0]  (1, 3)
1000_3___19__    16   1  [0, 1, 0, 0, 1, 4, 0, 2, 0, 2, 0, 0, 1, 0, 1, 0]  (1, 3)
part_in:(3, 3), all_in:(1, 2), all_out:(1, 3)
ball_column
600_4___20__    12   0  [0, 1, 0, 1, 0, 1, 9, 1, 3, 1, 0, 0]  (6, 11)
1000_4___20__    12   0  [0, 1, 0, 1, 2, 6, 2, 4, 0, 1, 0, 0]  (5, 6)
400_2___20__    11   0  [0, 1, 0, 1, 2, 0, 6, 3, 2, 3, 0]  (5, 6)
400_5___20__    11   0  [2, 0, 1, 2, 4, 1, 2, 1, 3, 2, 0]  (4, 6)
600_5___20__    11   0  [0, 1, 0, 1, 2, 9, 1, 3, 1, 0, 0]  (6, 7)
1000_2___20__    11   0  [2, 0, 0, 1, 1, 9, 4, 0, 0, 1, 0]  (4, 6)
400_4___20__    10   0  [3, 1, 2, 4, 1, 2, 1, 3, 2, 0]  (4, 6)
1000_3___20__    10   0  [3, 1, 2, 6, 2, 4, 0, 0, 1, 0]  (6, 6)
1000_5___20__    10   0  [0, 2, 1, 2, 6, 2, 5, 1, 0, 0]  (5, 6)
400_1___20__    9   0  [3, 0, 0, 2, 0, 0, 7, 8, 0]  (6, 6)
600_3___20__    9   0  [0, 2, 2, 1, 11, 3, 1, 0, 0]  (6, 11)
400_3___20__    8   0  [3, 1, 2, 6, 4, 2, 3, 0]  (6, 6)
600_2___20__    8   0  [2, 0, 2, 1, 11, 3, 2, 0]  (6, 9)
1000_1___20__    8   0  [2, 1, 3, 0, 5, 2, 8, 0]  (6, 8)
600_1___20__    7   0  [0, 2, 2, 1, 17, 0, 0]  (6, 7)
part_in:(4, 11), all_in:(6, 6), all_out:(4, 11)
blue_sort
1000_5___21__    15   0  [0, 1, 0, 0, 0, 1, 4, 0, 2, 1, 2, 0, 0, 1, 2]  (9, 10)
600_4___21__    13   0  [0, 1, 0, 1, 0, 0, 3, 4, 1, 2, 0, 3, 1]  (9, 12)
600_5___21__    13   0  [0, 1, 0, 1, 0, 0, 3, 4, 1, 2, 0, 1, 3]  (9, 12)
1000_4___21__    13   1  [1, 0, 1, 0, 0, 4, 3, 1, 2, 0, 0, 1, 2]  (9, 10)
400_5___21__    11   0  [0, 1, 0, 1, 1, 1, 0, 5, 1, 3, 5]  (9, 10)
1000_3___21__    11   1  [1, 0, 1, 0, 0, 2, 1, 5, 2, 0, 5]  (9, 10)
400_1___21__    10   1  [1, 0, 1, 1, 4, 5, 3, 2, 0, 1]  (9, 14)
600_2___21__    10   1  [1, 0, 1, 1, 8, 1, 2, 0, 3, 1]  (6, 9)
600_3___21__    10   1  [1, 0, 1, 1, 8, 1, 2, 0, 3, 1]  (9, 12)
400_3___21__    9   1  [1, 0, 1, 1, 1, 5, 0, 5, 5]  (9, 12)
400_4___21__    9   1  [1, 0, 1, 1, 8, 1, 3, 3, 1]  (9, 9)
400_2___21__    8   1  [1, 0, 1, 1, 4, 3, 5, 5]  (9, 12)
1000_1___21__    8   1  [1, 0, 1, 0, 0, 14, 2, 2]  (9, 9)
1000_2___21__    8   1  [1, 0, 1, 0, 0, 4, 5, 9]  (9, 10)
600_1___21__    7   1  [1, 0, 1, 1, 8, 9, 1]  (9, 11)
part_in:(6, 14), all_in:(9, 9), all_out:(6, 14)
