30
less5
400_4___1__    15   1  [0, 2, 0, 0, 0, 0, 0, 3, 2, 2, 1, 2, 0, 1, 0]  (4, 11)
400_5___1__    15   0  [0, 0, 2, 0, 0, 0, 0, 4, 2, 2, 1, 2, 0, 1, 0]  (7, 11)
600_4___1__    14   1  [0, 0, 0, 0, 0, 0, 2, 1, 4, 2, 1, 3, 1, 0]  (3, 11)
400_3___1__    13   1  [1, 1, 0, 0, 0, 0, 7, 2, 1, 2, 0, 1, 0]  (4, 11)
600_5___1__    13   1  [0, 1, 0, 0, 0, 6, 2, 2, 1, 2, 0, 1, 0]  (4, 11)
1000_3___1__    12   1  [0, 0, 1, 0, 0, 9, 2, 1, 1, 1, 1, 0]  (3, 11)
1000_4___1__    12   1  [0, 0, 1, 0, 0, 0, 8, 2, 1, 3, 1, 0]  (3, 11)
400_2___1__    11   1  [3, 0, 0, 6, 2, 2, 1, 2, 0, 1, 0]  (2, 11)
600_3___1__    11   1  [1, 1, 0, 0, 0, 8, 2, 1, 3, 1, 0]  (4, 11)
1000_1___1__    11   1  [1, 2, 0, 4, 4, 2, 1, 1, 1, 1, 0]  (1, 11)
1000_2___1__    11   1  [1, 1, 0, 0, 9, 2, 1, 1, 1, 1, 0]  (1, 11)
1000_5___1__    11   1  [0, 2, 0, 0, 0, 8, 2, 1, 3, 1, 0]  (8, 11)
400_1___1__    10   1  [3, 0, 0, 6, 5, 1, 2, 0, 1, 0]  (1, 11)
600_2___1__    10   1  [1, 1, 0, 0, 9, 2, 1, 3, 1, 0]  (3, 11)
600_1___1__    8   1  [1, 1, 0, 0, 4, 7, 1, 6]  (3, 11)
part_in:(1, 7), all_in:(8, 11), all_out:(1, 11)
less8
400_5___2__    15   2  [2, 2, 0, 0, 1, 1, 1, 0, 0, 2, 1, 0, 1, 1, 0]  (12, 12)
1000_3___2__    14   2  [3, 1, 0, 0, 1, 3, 0, 0, 2, 0, 0, 1, 2, 0]  (12, 15)
400_2___2__    13   2  [1, 1, 1, 0, 2, 3, 0, 0, 3, 0, 2, 1, 0]  (12, 16)
400_3___2__    13   0  [1, 3, 1, 0, 0, 1, 3, 0, 0, 4, 2, 1, 0]  (12, 13)
400_4___2__    13   2  [0, 4, 0, 0, 1, 1, 1, 0, 0, 4, 2, 1, 0]  (12, 14)
600_3___2__    13   2  [2, 0, 1, 0, 0, 1, 3, 0, 0, 3, 0, 2, 2]  (12, 14)
1000_4___2__    13   2  [5, 1, 1, 3, 0, 0, 2, 0, 0, 1, 0, 1, 0]  (12, 14)
600_2___2__    12   2  [3, 1, 0, 2, 3, 0, 0, 2, 0, 0, 4, 0]  (12, 16)
600_4___2__    12   6  [0, 0, 0, 0, 1, 3, 0, 0, 3, 0, 2, 2]  (12, 14)
1000_1___2__    12   2  [3, 1, 3, 3, 0, 0, 2, 0, 0, 1, 2, 0]  (12, 12)
1000_2___2__    12   2  [3, 1, 3, 3, 0, 0, 2, 0, 0, 1, 0, 2]  (12, 14)
1000_5___2__    12   8  [0, 0, 1, 3, 0, 0, 3, 0, 1, 0, 1, 0]  (9, 12)
600_5___2__    11   6  [0, 0, 1, 1, 3, 0, 0, 3, 0, 0, 4]  (12, 14)
600_1___2__    10   6  [0, 0, 1, 1, 3, 0, 0, 3, 0, 5]  (12, 15)
400_1___2__    8   4  [3, 7, 0, 0, 3, 0, 4, 0]  (12, 15)
part_in:(9, 16), all_in:(12, 12), all_out:(9, 16)
less9
600_3___3__    11   3  [1, 0, 0, 0, 1, 2, 3, 2, 4, 0, 2]  (4, 9)
1000_3___3__    11   2  [2, 0, 0, 0, 4, 3, 2, 3, 1, 1, 0]  (4, 9)
400_4___3__    10   5  [0, 0, 0, 1, 2, 3, 2, 5, 1, 0]  (4, 10)
600_5___3__    10   5  [0, 0, 0, 1, 2, 3, 2, 4, 0, 2]  (4, 8)
1000_1___3__    10   5  [0, 0, 0, 4, 3, 2, 3, 1, 1, 0]  (4, 14)
1000_4___3__    10   5  [0, 0, 0, 4, 3, 2, 3, 1, 1, 0]  (4, 12)
400_2___3__    9   5  [0, 0, 0, 4, 3, 2, 5, 1, 0]  (4, 13)
400_3___3__    9   5  [0, 0, 0, 4, 3, 2, 5, 1, 0]  (4, 11)
400_5___3__    9   5  [0, 0, 0, 1, 2, 3, 2, 5, 2]  (4, 5)
600_2___3__    9   5  [0, 0, 0, 4, 3, 2, 5, 1, 0]  (4, 7)
1000_2___3__    9   5  [1, 0, 4, 3, 2, 3, 1, 1, 0]  (4, 13)
1000_5___3__    9   2  [2, 0, 0, 0, 8, 2, 5, 1, 0]  (4, 8)
600_4___3__    8   5  [0, 0, 0, 1, 6, 2, 5, 2]  (4, 8)
400_1___3__    7   5  [1, 0, 8, 2, 5, 1, 0]  (4, 14)
600_1___3__    6   5  [0, 0, 0, 8, 2, 8]  (4, 10)
part_in:(6, 14), all_in:(4, 5), all_out:(4, 14)
less10
400_4___4__    17   3  [0, 1, 0, 1, 0, 0, 0, 0, 0, 1, 0, 0, 1, 1, 3, 1, 0]  (1, 1)
400_3___4__    16   3  [0, 1, 2, 0, 0, 0, 0, 0, 1, 0, 0, 1, 1, 3, 1, 0]  (1, 3)
400_5___4__    16   3  [0, 1, 0, 1, 0, 0, 1, 0, 1, 0, 0, 1, 0, 0, 5, 0]  (1, 1)
600_5___4__    16   3  [0, 1, 0, 2, 0, 0, 0, 0, 0, 0, 0, 0, 1, 5, 1, 0]  (1, 2)
1000_3___4__    16   3  [0, 1, 4, 0, 0, 0, 1, 0, 0, 1, 0, 0, 3, 0, 0, 0]  (1, 3)
600_2___4__    15   3  [0, 1, 3, 0, 0, 0, 0, 0, 0, 0, 0, 1, 5, 1, 0]  (1, 2)
600_3___4__    15   3  [0, 1, 0, 2, 0, 0, 0, 1, 0, 0, 0, 1, 5, 1, 0]  (1, 2)
600_4___4__    15   3  [0, 1, 0, 2, 0, 0, 0, 1, 0, 0, 0, 1, 5, 1, 0]  (1, 2)
1000_4___4__    14   3  [0, 1, 4, 0, 0, 2, 0, 0, 1, 0, 0, 3, 1, 0]  (1, 3)
600_1___4__    13   3  [0, 1, 3, 0, 0, 0, 0, 0, 1, 0, 1, 7, 0]  (1, 3)
1000_2___4__    13   3  [0, 1, 4, 0, 1, 1, 0, 0, 1, 0, 2, 3, 0]  (1, 4)
1000_5___4__    13   3  [0, 1, 0, 3, 0, 0, 0, 1, 0, 0, 1, 1, 6]  (1, 2)
400_1___4__    12   3  [0, 1, 4, 1, 0, 0, 1, 0, 1, 6, 0, 0]  (1, 3)
400_2___4__    12   3  [0, 1, 4, 1, 0, 1, 0, 0, 1, 5, 1, 0]  (1, 3)
1000_1___4__    11   3  [0, 1, 4, 0, 0, 0, 2, 0, 1, 7, 0]  (1, 4)
part_in:(3, 4), all_in:(1, 2), all_out:(1, 4)
row1
400_5___5__    17   1  [0, 0, 0, 1, 0, 0, 0, 3, 0, 1, 1, 4, 1, 0, 0, 0, 0]  (1, 10)
400_4___5__    15   1  [0, 1, 1, 0, 0, 0, 3, 0, 1, 6, 1, 0, 0, 0, 0]  (0, 10)
400_2___5__    13   1  [0, 1, 1, 0, 0, 0, 3, 2, 6, 1, 0, 1, 0]  (0, 10)
400_3___5__    13   1  [0, 1, 1, 0, 0, 0, 3, 2, 6, 1, 0, 1, 0]  (1, 10)
600_2___5__    13   2  [1, 1, 0, 0, 0, 6, 3, 2, 0, 0, 0, 1, 0]  (0, 10)
600_5___5__    13   1  [0, 1, 1, 0, 0, 0, 0, 5, 6, 1, 0, 1, 0]  (0, 10)
1000_2___5__    13   1  [0, 1, 1, 0, 0, 0, 6, 6, 0, 0, 0, 1, 0]  (3, 10)
400_1___5__    12   1  [0, 1, 1, 0, 0, 0, 6, 6, 1, 0, 1, 0]  (0, 10)
600_1___5__    12   2  [1, 1, 0, 0, 0, 6, 6, 0, 0, 0, 1, 0]  (-1, 10)
600_3___5__    12   2  [1, 1, 0, 0, 0, 0, 5, 6, 1, 0, 1, 0]  (0, 10)
600_4___5__    12   1  [0, 1, 1, 0, 0, 0, 0, 12, 1, 0, 1, 0]  (0, 10)
1000_3___5__    12   1  [0, 1, 1, 0, 0, 0, 6, 6, 1, 0, 1, 0]  (3, 10)
1000_5___5__    12   1  [0, 1, 1, 0, 0, 0, 6, 6, 1, 0, 1, 0]  (4, 10)
1000_1___5__    11   2  [1, 1, 0, 0, 0, 6, 6, 1, 0, 1, 0]  (1, 10)
1000_4___5__    11   1  [0, 1, 1, 0, 0, 0, 13, 1, 0, 1, 0]  (3, 10)
part_in:(-1, 3), all_in:(4, 10), all_out:(-1, 10)
row2
400_4___6__    11   4  [1, 0, 1, 5, 0, 3, 0, 0, 4, 0, 0]  (32, 34)
600_1___6__    11   4  [0, 0, 2, 5, 0, 3, 0, 0, 1, 2, 1]  (27, 32)
600_2___6__    11   0  [3, 4, 5, 0, 3, 0, 0, 1, 2, 0, 0]  (32, 35)
600_3___6__    11   4  [1, 2, 5, 0, 3, 0, 0, 1, 1, 0, 1]  (25, 32)
600_5___6__    11   4  [1, 0, 1, 10, 0, 0, 1, 1, 0, 0, 0]  (27, 32)
1000_5___6__    11   3  [1, 1, 1, 2, 3, 3, 0, 0, 4, 0, 0]  (25, 32)
400_2___6__    10   4  [3, 0, 5, 0, 3, 0, 0, 4, 0, 0]  (32, 33)
400_3___6__    10   4  [1, 2, 3, 2, 3, 0, 0, 4, 0, 0]  (32, 32)
400_5___6__    10   3  [0, 1, 2, 6, 3, 0, 0, 4, 0, 0]  (32, 38)
600_4___6__    10   4  [1, 0, 1, 11, 0, 1, 1, 0, 0, 0]  (27, 32)
1000_2___6__    9   8  [0, 6, 3, 0, 0, 1, 2, 0, 0]  (26, 32)
1000_3___6__    9   6  [2, 6, 3, 0, 0, 1, 2, 0, 0]  (25, 32)
1000_4___6__    8   3  [1, 3, 6, 4, 0, 4, 0, 0]  (22, 32)
400_1___6__    6   4  [10, 0, 3, 0, 0, 6]  (31, 32)
1000_1___6__    6   16  [3, 0, 0, 1, 3, 0]  (23, 32)
part_in:(22, 38), all_in:(32, 32), all_out:(22, 38)
row3
600_5___7__    14   1  [1, 0, 1, 0, 1, 0, 6, 2, 2, 0, 1, 0, 0, 0]  (7, 20)
1000_3___7__    13   1  [1, 0, 0, 0, 2, 0, 6, 2, 2, 0, 2, 0, 0]  (7, 18)
600_3___7__    11   1  [2, 1, 2, 0, 5, 0, 2, 3, 1, 0, 1]  (7, 21)
600_4___7__    11   1  [2, 1, 0, 1, 0, 6, 6, 1, 0, 0, 0]  (7, 19)
1000_4___7__    11   1  [1, 0, 0, 0, 2, 0, 5, 0, 9, 0, 0]  (7, 22)
400_3___7__    10   1  [2, 1, 2, 0, 2, 6, 3, 2, 0, 0]  (7, 15)
400_5___7__    10   1  [1, 0, 0, 0, 2, 0, 9, 6, 0, 0]  (7, 9)
600_2___7__    10   1  [2, 1, 2, 7, 2, 3, 1, 0, 0, 0]  (7, 13)
1000_2___7__    10   1  [2, 1, 2, 7, 2, 2, 0, 2, 0, 0]  (7, 19)
1000_5___7__    10   1  [1, 0, 0, 3, 0, 5, 0, 9, 0, 0]  (7, 17)
400_1___7__    9   1  [1, 0, 5, 5, 3, 2, 3, 0, 0]  (7, 17)
400_4___7__    9   1  [2, 1, 0, 1, 0, 6, 9, 0, 0]  (7, 13)
1000_1___7__    9   1  [2, 5, 5, 0, 3, 2, 2, 0, 0]  (7, 23)
400_2___7__    8   1  [2, 1, 3, 9, 3, 2, 0, 0]  (7, 14)
600_1___7__    8   1  [2, 0, 0, 3, 9, 3, 2, 1]  (7, 22)
part_in:(10, 23), all_in:(7, 9), all_out:(7, 23)
row4
600_5___8__    19   0  [0, 1, 1, 0, 1, 1, 1, 1, 0, 0, 0, 1, 1, 0, 0, 0, 1, 1, 0]  (1, 2)
600_4___8__    17   1  [2, 0, 0, 1, 1, 1, 1, 0, 0, 0, 1, 1, 1, 0, 1, 1, 0]  (1, 2)
400_4___8__    16   0  [0, 1, 0, 1, 1, 1, 1, 2, 0, 0, 1, 1, 1, 0, 3, 0]  (0, 1)
600_3___8__    16   0  [0, 2, 0, 0, 1, 3, 2, 0, 0, 1, 1, 1, 0, 1, 1, 0]  (1, 2)
1000_3___8__    15   0  [0, 4, 1, 1, 1, 1, 0, 0, 0, 1, 1, 1, 0, 3, 0]  (1, 2)
400_3___8__    14   0  [0, 1, 2, 1, 1, 1, 2, 0, 0, 1, 1, 1, 4, 0]  (0, 1)
600_1___8__    14   1  [3, 0, 5, 1, 0, 0, 0, 1, 0, 0, 2, 1, 1, 0]  (1, 1)
600_2___8__    14   1  [2, 0, 0, 1, 3, 1, 0, 0, 0, 3, 2, 1, 1, 0]  (1, 1)
400_5___8__    13   0  [0, 4, 1, 1, 1, 3, 0, 1, 1, 0, 1, 3, 0]  (0, 1)
1000_4___8__    13   0  [0, 6, 1, 1, 2, 0, 0, 1, 1, 1, 2, 1, 0]  (1, 1)
1000_1___8__    12   0  [0, 6, 3, 1, 0, 0, 2, 1, 0, 1, 3, 0]  (1, 1)
1000_2___8__    12   0  [0, 6, 3, 1, 0, 0, 2, 1, 1, 0, 3, 0]  (1, 1)
400_1___8__    11   0  [0, 4, 1, 3, 2, 0, 4, 0, 3, 1, 0]  (1, 1)
400_2___8__    11   0  [0, 4, 1, 3, 2, 0, 4, 0, 0, 4, 0]  (0, 1)
1000_5___8__    11   0  [0, 0, 7, 1, 2, 0, 0, 1, 1, 6, 0]  (1, 2)
part_in:(0, 2), all_in:(1, 1), all_out:(0, 2)
sum16
1000_3___9__    14   2  [0, 2, 1, 0, 1, 0, 1, 0, 1, 2, 0, 0, 5, 0]  (25, 38)
400_4___9__    13   1  [0, 0, 0, 1, 1, 0, 1, 5, 2, 1, 1, 3, 0]  (25, 34)
600_5___9__    13   3  [0, 1, 1, 0, 1, 4, 0, 2, 1, 1, 1, 1, 0]  (25, 40)
1000_4___9__    13   2  [0, 0, 1, 2, 1, 0, 2, 1, 2, 1, 1, 3, 0]  (25, 40)
1000_5___9__    12   2  [0, 0, 4, 1, 0, 2, 1, 2, 1, 1, 3, 0]  (25, 35)
600_3___9__    11   3  [0, 3, 0, 2, 2, 1, 2, 1, 1, 3, 0]  (25, 42)
600_4___9__    11   3  [0, 1, 2, 1, 0, 4, 2, 1, 1, 3, 0]  (25, 40)
400_5___9__    10   1  [1, 0, 1, 2, 1, 5, 2, 1, 5, 0]  (25, 28)
400_3___9__    8   3  [0, 3, 0, 7, 2, 1, 5, 0]  (25, 34)
1000_1___9__    8   4  [1, 2, 1, 0, 4, 2, 7, 0]  (25, 40)
1000_2___9__    7   2  [5, 0, 1, 0, 4, 2, 8]  (25, 39)
400_2___9__    6   1  [6, 0, 7, 2, 1, 6]  (25, 38)
600_1___9__    6   9  [1, 0, 4, 6, 2, 1]  (25, 41)
600_2___9__    6   4  [4, 7, 2, 1, 1, 4]  (25, 40)
400_1___9__    5   9  [7, 2, 1, 5, 0]  (25, 36)
part_in:(29, 42), all_in:(25, 28), all_out:(25, 42)
gap16
400_5___10__    12   0  [0, 0, 7, 0, 4, 0, 2, 0, 0, 4, 0, 0]  (20, 23)
400_4___10__    11   0  [0, 0, 7, 0, 4, 0, 2, 0, 5, 0, 0]  (23, 23)
600_4___10__    11   1  [0, 7, 0, 2, 2, 2, 1, 1, 2, 0, 0]  (23, 25)
1000_3___10__    10   1  [0, 7, 0, 2, 1, 3, 1, 4, 0, 0]  (23, 26)
400_1___10__    9   0  [1, 7, 0, 5, 1, 0, 6, 0, 0]  (23, 24)
400_3___10__    9   0  [1, 7, 0, 5, 2, 1, 4, 0, 0]  (23, 26)
600_3___10__    9   1  [8, 0, 2, 2, 2, 3, 2, 0, 0]  (22, 23)
1000_4___10__    9   1  [0, 7, 0, 8, 1, 1, 2, 0, 0]  (23, 23)
400_2___10__    8   0  [0, 0, 7, 0, 5, 2, 7, 0]  (23, 23)
600_2___10__    8   2  [8, 2, 2, 2, 1, 1, 3, 0]  (22, 23)
1000_1___10__    8   1  [0, 7, 0, 5, 2, 3, 3, 0]  (21, 23)
600_5___10__    7   2  [7, 0, 5, 2, 6, 0, 0]  (23, 24)
1000_2___10__    7   1  [0, 8, 5, 2, 0, 6, 0]  (22, 23)
1000_5___10__    7   1  [0, 7, 0, 5, 9, 0, 0]  (20, 23)
600_1___10__    6   2  [8, 2, 5, 3, 3, 0]  (21, 23)
part_in:(20, 26), all_in:(23, 23), all_out:(20, 26)
sum25
1000_3___11__    14   3  [1, 0, 1, 4, 0, 2, 0, 0, 3, 0, 0, 1, 0, 0]  (21, 39)
1000_4___11__    12   2  [0, 1, 0, 6, 0, 2, 0, 4, 0, 2, 0, 0]  (21, 42)
400_5___11__    11   3  [2, 1, 3, 1, 2, 0, 4, 0, 2, 0, 0]  (21, 28)
400_4___11__    10   3  [2, 1, 5, 2, 0, 4, 0, 2, 0, 0]  (21, 36)
1000_5___11__    10   3  [1, 0, 4, 1, 4, 4, 0, 2, 0, 0]  (21, 38)
600_4___11__    9   3  [2, 1, 5, 2, 5, 0, 2, 0, 0]  (21, 40)
600_5___11__    9   3  [2, 1, 5, 2, 5, 0, 2, 0, 0]  (21, 39)
1000_2___11__    9   2  [0, 1, 0, 6, 0, 2, 5, 3, 1]  (21, 43)
400_3___11__    8   3  [2, 7, 3, 4, 1, 1, 0, 0]  (21, 37)
600_3___11__    8   3  [1, 0, 7, 8, 0, 2, 0, 0]  (21, 42)
1000_1___11__    8   3  [2, 5, 0, 0, 2, 5, 4, 0]  (21, 45)
600_2___11__    7   3  [1, 0, 7, 8, 0, 2, 1]  (21, 41)
400_2___11__    6   3  [10, 8, 1, 1, 0, 0]  (21, 40)
600_1___11__    6   3  [2, 7, 2, 5, 0, 4]  (21, 42)
400_1___11__    5   6  [7, 8, 3, 0, 0]  (21, 42)
part_in:(29, 45), all_in:(21, 28), all_out:(21, 45)
gap25
1000_1___12__    11   1  [0, 3, 6, 1, 0, 3, 0, 2, 0, 2, 0]  (9, 15)
1000_2___12__    9   2  [10, 2, 1, 1, 0, 2, 0, 2, 0]  (9, 17)
600_3___12__    8   1  [4, 3, 2, 2, 6, 0, 3, 0]  (9, 16)
1000_4___12__    8   2  [3, 3, 2, 2, 4, 3, 2, 0]  (9, 21)
400_1___12__    7   1  [0, 7, 2, 5, 3, 4, 0]  (9, 18)
400_2___12__    7   1  [0, 10, 7, 1, 1, 2, 0]  (9, 21)
400_5___12__    7   1  [8, 2, 5, 1, 0, 5, 0]  (9, 16)
600_4___12__    7   6  [3, 2, 2, 6, 0, 3, 0]  (9, 19)
600_5___12__    7   1  [0, 7, 2, 2, 4, 6, 0]  (9, 18)
1000_3___12__    7   2  [7, 2, 2, 4, 3, 2, 0]  (9, 23)
400_3___12__    6   9  [0, 10, 1, 1, 2, 0]  (9, 22)
400_4___12__    6   2  [7, 2, 5, 1, 6, 0]  (9, 19)
600_1___12__    6   2  [3, 6, 1, 0, 7, 4]  (9, 15)
1000_5___12__    6   10  [2, 2, 4, 3, 2, 0]  (9, 16)
600_2___12__    5   13  [1, 0, 7, 0, 3]  (9, 19)
part_in:(16, 23), all_in:(9, 15), all_out:(9, 23)
sum34
1000_3___13__    14   2  [0, 1, 2, 0, 2, 0, 3, 3, 1, 0, 0, 1, 0, 0]  (25, 42)
1000_4___13__    12   2  [0, 1, 3, 2, 0, 3, 3, 1, 0, 2, 0, 0]  (25, 43)
400_3___13__    11   2  [0, 1, 2, 0, 7, 3, 1, 0, 2, 0, 0]  (25, 36)
400_5___13__    11   1  [0, 0, 4, 0, 7, 3, 1, 0, 2, 0, 0]  (24, 25)
400_4___13__    10   2  [0, 4, 0, 7, 3, 1, 0, 2, 0, 0]  (25, 31)
600_3___13__    10   3  [1, 2, 0, 7, 3, 1, 0, 2, 0, 0]  (25, 42)
600_5___13__    10   1  [1, 4, 0, 7, 5, 0, 1, 0, 0, 0]  (25, 36)
1000_5___13__    10   2  [0, 5, 2, 4, 3, 1, 0, 2, 0, 0]  (25, 35)
600_4___13__    9   3  [4, 0, 7, 3, 1, 0, 2, 0, 0]  (25, 38)
1000_2___13__    9   2  [2, 2, 0, 2, 0, 3, 3, 2, 4]  (25, 38)
600_2___13__    8   3  [1, 2, 0, 7, 3, 2, 2, 1]  (25, 38)
1000_1___13__    8   5  [3, 2, 4, 3, 2, 1, 1, 0]  (25, 40)
400_1___13__    6   9  [7, 3, 2, 0, 2, 0]  (25, 38)
400_2___13__    5   8  [0, 7, 3, 5, 1]  (25, 36)
600_1___13__    4   3  [5, 7, 6, 4]  (25, 39)
part_in:(24, 43), all_in:(25, 25), all_out:(24, 43)
gap12
400_4___14__    13   0  [1, 0, 2, 0, 4, 0, 3, 0, 1, 4, 0, 1, 0]  (3, 5)
400_3___14__    12   0  [1, 0, 2, 0, 4, 0, 3, 0, 6, 0, 1, 0]  (4, 5)
400_5___14__    12   0  [1, 0, 2, 0, 4, 0, 3, 0, 6, 0, 1, 0]  (2, 5)
600_5___14__    12   0  [1, 0, 2, 0, 5, 0, 2, 0, 1, 5, 1, 0]  (2, 5)
400_1___14__    11   0  [5, 0, 4, 0, 3, 0, 1, 4, 0, 1, 0]  (5, 5)
400_2___14__    11   0  [2, 2, 0, 4, 0, 3, 0, 6, 0, 1, 0]  (2, 5)
600_3___14__    11   0  [2, 3, 5, 0, 2, 0, 1, 2, 2, 1, 0]  (3, 5)
600_4___14__    11   0  [1, 0, 2, 0, 5, 3, 0, 1, 5, 1, 0]  (3, 5)
1000_1___14__    11   0  [0, 1, 2, 0, 4, 0, 3, 0, 6, 0, 2]  (4, 5)
1000_3___14__    11   0  [1, 0, 2, 0, 5, 3, 2, 4, 0, 1, 0]  (1, 5)
1000_4___14__    11   0  [1, 0, 2, 0, 5, 3, 4, 2, 0, 1, 0]  (2, 5)
1000_5___14__    11   0  [1, 0, 2, 0, 5, 3, 2, 4, 0, 1, 0]  (3, 5)
600_2___14__    9   0  [2, 3, 5, 3, 0, 1, 4, 0, 2]  (2, 5)
1000_2___14__    9   0  [1, 0, 3, 5, 3, 2, 4, 0, 2]  (4, 5)
600_1___14__    8   0  [2, 3, 5, 3, 0, 1, 5, 2]  (3, 5)
part_in:(1, 3), all_in:(4, 5), all_out:(1, 5)
gap23
1000_4___15__    13   4  [0, 0, 2, 1, 0, 0, 2, 0, 3, 1, 1, 0, 2]  (6, 6)
400_5___15__    12   4  [0, 0, 2, 1, 1, 2, 0, 2, 0, 3, 0, 2]  (2, 6)
1000_5___15__    12   4  [0, 0, 2, 1, 0, 3, 0, 3, 1, 1, 0, 2]  (2, 6)
400_3___15__    11   1  [2, 0, 0, 2, 3, 2, 0, 3, 3, 0, 2]  (5, 6)
400_4___15__    11   4  [0, 0, 2, 1, 1, 2, 0, 3, 3, 0, 2]  (2, 6)
1000_1___15__    11   2  [2, 0, 4, 0, 3, 0, 3, 3, 0, 1, 0]  (1, 6)
1000_3___15__    11   4  [0, 3, 1, 0, 0, 2, 0, 3, 3, 0, 2]  (6, 8)
600_4___15__    10   5  [0, 4, 0, 3, 0, 2, 0, 1, 2, 2]  (3, 6)
1000_2___15__    10   5  [0, 4, 0, 0, 2, 0, 3, 3, 0, 2]  (2, 6)
600_3___15__    9   5  [0, 6, 2, 0, 2, 0, 1, 2, 2]  (4, 6)
400_1___15__    8   5  [0, 9, 0, 3, 3, 0, 1, 0]  (2, 6)
400_2___15__    8   6  [2, 3, 2, 0, 3, 3, 0, 2]  (3, 6)
600_5___15__    8   4  [0, 0, 4, 5, 3, 1, 2, 2]  (3, 6)
600_1___15__    7   5  [0, 6, 3, 3, 4, 1, 0]  (2, 6)
600_2___15__    5   5  [0, 10, 3, 4, 2]  (3, 6)
part_in:(1, 8), all_in:(6, 6), all_out:(1, 8)
gap34
600_5___16__    15   1  [0, 0, 0, 0, 5, 2, 0, 0, 5, 0, 0, 0, 1, 0, 0]  (1, 9)
1000_2___16__    15   1  [1, 0, 0, 3, 1, 2, 0, 0, 1, 3, 0, 1, 1, 0, 0]  (1, 7)
1000_5___16__    15   2  [0, 0, 0, 3, 1, 2, 0, 2, 3, 0, 0, 0, 1, 0, 0]  (1, 8)
400_4___16__    14   2  [0, 0, 0, 4, 0, 1, 0, 0, 6, 0, 2, 0, 0, 0]  (1, 8)
600_4___16__    14   1  [0, 0, 0, 0, 3, 1, 3, 0, 5, 0, 1, 1, 0, 0]  (1, 9)
400_3___16__    13   1  [0, 0, 0, 0, 7, 0, 0, 6, 0, 2, 0, 0, 0]  (1, 8)
400_5___16__    13   2  [0, 0, 0, 5, 1, 0, 0, 6, 0, 1, 1, 0, 0]  (1, 6)
600_2___16__    13   1  [0, 0, 0, 0, 5, 4, 2, 2, 0, 1, 1, 0, 0]  (1, 8)
600_3___16__    13   1  [0, 0, 0, 0, 5, 3, 0, 5, 0, 1, 1, 0, 0]  (1, 7)
400_2___16__    12   2  [0, 0, 0, 3, 4, 0, 6, 0, 2, 0, 0, 0]  (1, 9)
600_1___16__    12   2  [0, 0, 0, 3, 1, 4, 2, 2, 0, 1, 2, 0]  (1, 8)
1000_3___16__    12   1  [1, 0, 0, 3, 1, 3, 6, 0, 1, 1, 0, 0]  (1, 9)
1000_4___16__    12   1  [1, 0, 0, 3, 1, 3, 6, 0, 1, 1, 0, 0]  (1, 8)
400_1___16__    11   3  [0, 0, 3, 1, 2, 0, 6, 0, 3, 0, 0]  (1, 9)
1000_1___16__    11   3  [0, 0, 3, 1, 3, 6, 0, 1, 0, 1, 0]  (1, 6)
part_in:(7, 9), all_in:(1, 6), all_out:(1, 9)
gap45
400_1___17__    14   1  [0, 1, 0, 1, 1, 2, 0, 0, 1, 2, 3, 1, 1, 1]  (2, 5)
600_1___17__    14   1  [0, 2, 1, 1, 2, 0, 0, 1, 2, 3, 0, 0, 1, 1]  (2, 4)
1000_1___17__    14   1  [0, 1, 0, 0, 0, 1, 3, 0, 1, 2, 3, 0, 0, 3]  (2, 7)
1000_2___17__    14   1  [0, 1, 0, 1, 1, 3, 0, 0, 0, 2, 3, 0, 0, 3]  (2, 7)
400_3___17__    13   1  [2, 0, 1, 1, 2, 1, 1, 2, 3, 0, 0, 2, 0]  (2, 7)
600_2___17__    13   1  [0, 2, 1, 1, 2, 0, 0, 1, 2, 3, 0, 0, 3]  (2, 6)
600_4___17__    13   1  [3, 1, 1, 2, 0, 0, 1, 2, 3, 0, 0, 2, 0]  (2, 5)
400_2___17__    12   1  [2, 0, 1, 1, 2, 0, 0, 1, 2, 3, 1, 3]  (2, 7)
400_4___17__    12   1  [2, 0, 1, 1, 3, 0, 1, 2, 3, 1, 2, 0]  (2, 7)
600_5___17__    12   1  [3, 1, 1, 2, 0, 0, 1, 2, 3, 0, 0, 3]  (2, 5)
1000_3___17__    12   1  [3, 1, 1, 3, 0, 0, 0, 2, 3, 1, 2, 0]  (2, 5)
600_3___17__    11   1  [3, 1, 1, 2, 1, 1, 2, 3, 0, 0, 3]  (2, 3)
1000_4___17__    11   5  [1, 1, 0, 2, 2, 2, 3, 1, 1, 0, 0]  (2, 6)
400_5___17__    10   1  [3, 1, 1, 3, 0, 1, 2, 3, 4, 0]  (2, 7)
1000_5___17__    10   5  [1, 1, 3, 0, 1, 2, 3, 3, 0, 0]  (2, 6)
part_in:(4, 7), all_in:(2, 3), all_out:(2, 7)
gap56
600_5___18__    16   3  [0, 0, 1, 1, 0, 0, 0, 0, 0, 0, 0, 0, 6, 1, 0, 1]  (3, 9)
1000_5___18__    15   1  [1, 1, 1, 2, 1, 0, 0, 0, 0, 0, 2, 3, 1, 0, 1]  (0, 9)
400_4___18__    14   1  [1, 0, 0, 3, 0, 1, 0, 0, 0, 0, 0, 6, 1, 2]  (1, 9)
400_5___18__    14   3  [0, 0, 3, 0, 1, 0, 0, 0, 0, 0, 6, 1, 0, 1]  (2, 9)
600_4___18__    14   1  [1, 0, 0, 3, 0, 1, 0, 0, 0, 0, 0, 6, 1, 2]  (3, 9)
1000_4___18__    14   1  [1, 1, 1, 2, 1, 0, 0, 0, 0, 0, 2, 3, 1, 2]  (0, 9)
400_3___18__    13   3  [1, 1, 1, 0, 1, 0, 0, 0, 0, 0, 6, 1, 2]  (0, 9)
600_3___18__    13   3  [1, 1, 2, 2, 0, 0, 0, 0, 5, 0, 1, 0, 1]  (3, 9)
1000_2___18__    13   1  [1, 1, 2, 1, 1, 0, 0, 0, 0, 0, 6, 1, 2]  (0, 9)
1000_3___18__    13   1  [1, 1, 4, 1, 0, 0, 0, 0, 0, 3, 2, 1, 2]  (1, 9)
400_2___18__    11   3  [4, 1, 1, 0, 0, 0, 0, 0, 6, 1, 2]  (0, 9)
400_1___18__    10   3  [6, 1, 0, 0, 0, 0, 0, 6, 1, 2]  (0, 9)
600_1___18__    10   3  [6, 1, 0, 0, 0, 0, 0, 6, 1, 2]  (2, 9)
1000_1___18__    10   3  [6, 1, 0, 0, 0, 0, 0, 6, 1, 2]  (0, 9)
600_2___18__    9   3  [6, 2, 0, 0, 0, 0, 6, 1, 2]  (1, 9)
part_in:(0, 2), all_in:(3, 9), all_out:(0, 9)
ball
1000_3___19__    14   0  [0, 4, 1, 0, 0, 2, 3, 1, 1, 2, 1, 0, 0, 0]  (2, 3)
600_4___19__    13   0  [0, 1, 2, 0, 1, 0, 2, 3, 1, 1, 4, 1, 0]  (3, 3)
400_4___19__    12   0  [0, 1, 3, 0, 0, 0, 2, 3, 1, 6, 1, 0]  (2, 3)
600_5___19__    12   0  [0, 1, 2, 0, 1, 0, 2, 3, 1, 1, 6, 0]  (2, 3)
1000_4___19__    12   0  [0, 1, 5, 0, 2, 2, 2, 1, 4, 0, 0, 0]  (2, 3)
400_3___19__    11   0  [0, 4, 2, 0, 2, 0, 2, 1, 6, 1, 0]  (3, 3)
400_5___19__    11   0  [0, 1, 3, 1, 0, 2, 0, 4, 0, 7, 0]  (2, 3)
1000_2___19__    11   0  [0, 8, 2, 3, 1, 1, 2, 1, 0, 0, 0]  (2, 3)
1000_5___19__    11   0  [0, 1, 5, 0, 2, 2, 2, 1, 5, 0, 0]  (2, 3)
600_2___19__    10   0  [0, 5, 2, 2, 5, 1, 3, 1, 0, 0]  (3, 3)
600_3___19__    10   0  [0, 5, 2, 2, 5, 1, 4, 0, 0, 0]  (3, 3)
600_1___19__    9   0  [0, 4, 0, 2, 2, 5, 1, 6, 0]  (3, 3)
1000_1___19__    9   0  [0, 5, 2, 2, 5, 1, 2, 3, 0]  (2, 3)
400_1___19__    8   0  [0, 8, 2, 2, 0, 1, 8, 0]  (3, 3)
400_2___19__    8   0  [0, 8, 2, 0, 4, 6, 1, 0]  (3, 3)
part_in:(2, 1), all_in:(2, 3), all_out:(2, 3)
ball_column
1000_5___20__    10   1  [3, 2, 0, 4, 1, 0, 1, 3, 2, 2]  (2, 4)
1000_2___20__    9   1  [3, 1, 0, 0, 7, 1, 0, 5, 2]  (4, 7)
400_1___20__    8   1  [6, 0, 2, 3, 0, 1, 6, 2]  (4, 10)
600_5___20__    8   1  [3, 2, 5, 2, 1, 0, 5, 2]  (4, 5)
1000_3___20__    8   1  [3, 1, 1, 1, 4, 0, 8, 2]  (4, 6)
400_2___20__    7   1  [3, 3, 2, 4, 1, 6, 2]  (4, 9)
400_5___20__    7   1  [1, 1, 6, 1, 2, 8, 2]  (3, 4)
1000_1___20__    7   1  [7, 4, 1, 0, 1, 6, 2]  (4, 8)
600_2___20__    6   1  [3, 2, 10, 0, 5, 2]  (4, 7)
1000_4___20__    6   1  [3, 3, 7, 1, 6, 2]  (4, 6)
400_3___20__    5   1  [3, 3, 7, 8, 2]  (4, 8)
400_4___20__    5   1  [3, 6, 4, 8, 2]  (4, 7)
600_4___20__    5   1  [3, 11, 1, 6, 2]  (4, 7)
600_1___20__    4   1  [6, 10, 0, 8]  (4, 8)
600_3___20__    4   1  [3, 14, 5, 2]  (4, 7)
part_in:(2, 10), all_in:(4, 4), all_out:(2, 10)
blue_sort
400_4___21__    9   2  [1, 0, 4, 0, 3, 0, 2, 4, 4]  (5, 8)
600_5___21__    9   2  [2, 4, 0, 3, 0, 7, 0, 1, 1]  (5, 7)
1000_2___21__    9   0  [1, 2, 5, 4, 2, 4, 2, 0, 0]  (5, 14)
600_3___21__    8   0  [1, 2, 4, 0, 3, 0, 10, 1]  (5, 7)
600_4___21__    8   2  [2, 4, 0, 3, 0, 7, 2, 1]  (5, 7)
1000_3___21__    8   0  [1, 2, 4, 0, 4, 2, 4, 4]  (5, 9)
400_5___21__    7   2  [2, 4, 0, 3, 0, 7, 4]  (5, 7)
600_2___21__    7   0  [1, 2, 5, 3, 11, 0, 0]  (5, 9)
1000_1___21__    7   0  [1, 2, 10, 2, 7, 0, 0]  (5, 5)
1000_5___21__    7   2  [2, 4, 0, 4, 7, 2, 1]  (5, 8)
400_3___21__    6   0  [1, 1, 0, 9, 8, 4]  (5, 10)
1000_4___21__    6   2  [2, 4, 0, 4, 7, 4]  (5, 7)
400_2___21__    5   0  [1, 2, 9, 8, 4]  (5, 14)
600_1___21__    5   2  [2, 5, 3, 11, 1]  (5, 6)
400_1___21__    4   0  [1, 2, 18, 4]  (5, 10)
part_in:(7, 14), all_in:(5, 6), all_out:(5, 14)
