continues1
6_10: 14: [4, 11, 15, 18, 22, 26]: [1, 1, 1, 1, 2, 2, 1, 2, 2, 1, 2, 2, 1, 1]: 1
10_3: 11: [5, 12, 16, 20, 24, 28]: [1, 1, 1, 2, 1, 2, 2, 2, 2, 1, 1]: 1
1_6: 10: [3, 8, 14, 17, 26, 31]: [2, 1, 1, 1, 1, 2, 2, 1, 1, 2]: 0
3_8: 10: [5, 9, 14, 17, 25, 29]: [1, 1, 1, 1, 1, 1, 3, 2, 1, 1]: 0
10_1: 10: [8, 13, 16, 22, 27, 28]: [1, 2, 2, 1, 2, 2, 1, 2, 2, 2]: 1
4_1: 9: [5, 16, 19, 23, 28, 33]: [1, 3, 1, 1, 1, 1, 3, 3, 1]: 2
9_2: 9: [3, 7, 14, 21, 25, 30]: [1, 1, 2, 1, 2, 2, 2, 2, 1]: 1
13_2: 9: [3, 8, 15, 21, 27, 31]: [1, 1, 2, 1, 1, 1, 2, 2, 1]: 2
15_3: 9: [4, 12, 17, 22, 26, 30]: [1, 1, 1, 1, 1, 1, 1, 1, 2]: 0
16_2: 9: [5, 11, 16, 20, 25, 29]: [1, 1, 1, 2, 1, 1, 2, 2, 2]: 1
16_3: 9: [3, 11, 16, 19, 24, 29]: [1, 1, 1, 1, 2, 3, 3, 1, 1]: 1
20_1: 9: [5, 11, 14, 15, 23, 27]: [1, 1, 1, 1, 1, 1, 1, 3, 1]: 2
3_1: 7: [10, 13, 18, 22, 25, 29]: [3, 1, 1, 1, 2, 1, 2]: 0
7_3: 7: [5, 13, 16, 20, 24, 29]: [1, 2, 1, 1, 1, 1, 3]: 1
11_2: 7: [6, 11, 18, 22, 26, 31]: [2, 1, 1, 2, 3, 2, 1]: 1
19_2: 7: [3, 10, 16, 20, 24, 30]: [2, 1, 1, 2, 3, 2, 2]: 1
2_8: 6: [1, 6, 11, 16, 22, 25]: [2, 2, 1, 1, 1, 1]: 2
5_6: 6: [5, 9, 11, 17, 24, 28]: [1, 1, 1, 1, 1, 3]: 0
11_3: 6: [5, 11, 16, 21, 25, 30]: [1, 1, 2, 1, 1, 4]: 2
4_10: 6: [4, 8, 11, 20, 23, 27]: [1, 1, 1, 1, 1, 2]: 1
continues0
19_1: 5: [3, 11, 16, 21, 24, 31]: [0, 0, 0, 0, 0, 1, 2, 0, 1, 1, 0]: 2
17_3: 4: [5, 11, 16, 21, 26, 30]: [0, 0, 0, 0, 2, 1, 1, 1, 2, 1, 1]: 2
6_8: 3: [4, 10, 14, 16, 24, 29]: [0, 0, 0, 1, 1, 0, 1, 1, 1, 0, 2]: 1
11_1: 3: [8, 13, 18, 21, 24, 30]: [0, 0, 0, 2, 0, 1, 2, 1, 2, 1, 1]: 1
17_6: 3: [2, 7, 15, 16, 23, 30]: [0, 0, 0, 2, 2, 3, 1, 2, 1, 1, 1]: 4
7_8: 2: [2, 7, 13, 18, 23, 26]: [0, 0, 1, 0, 1, 2, 1, 0, 0, 2, 0]: 2
9_3: 2: [3, 9, 14, 19, 24, 28]: [0, 0, 2, 2, 1, 2, 1, 0, 3, 2, 1]: 0
10_6: 2: [1, 8, 9, 12, 19, 28]: [0, 0, 1, 1, 0, 1, 2, 2, 1, 1, 0]: 0
11_6: 2: [4, 7, 9, 13, 17, 23]: [0, 0, 2, 1, 1, 2, 1, 1, 1, 0, 2]: 1
12_3: 2: [5, 12, 15, 20, 25, 29]: [0, 0, 2, 1, 0, 2, 3, 1, 2, 0, 0]: 1
12_9: 2: [3, 7, 13, 16, 23, 24]: [0, 0, 1, 1, 1, 1, 1, 1, 2, 0, 2]: 2
15_1: 2: [9, 11, 15, 21, 26, 29]: [0, 0, 1, 0, 0, 1, 1, 0, 2, 2, 0]: 2
16_7: 2: [4, 5, 9, 12, 19, 25]: [0, 0, 1, 0, 1, 0, 2, 1, 2, 0, 2]: 0
18_2: 2: [6, 13, 17, 20, 26, 31]: [0, 0, 1, 0, 0, 2, 2, 0, 1, 2, 2]: 1
18_9: 2: [1, 9, 14, 19, 24, 27]: [0, 0, 3, 0, 1, 3, 1, 2, 3, 1, 1]: 0
17_10: 2: [3, 8, 11, 19, 26, 26]: [0, 0, 2, 0, 1, 2, 2, 2, 1, 1, 0]: 0
1_8: 1: [3, 8, 15, 18, 25, 29]: [0, 2, 2, 1, 2, 1, 0, 1, 1, 1, 2]: 1
5_8: 1: [5, 9, 12, 17, 24, 29]: [0, 1, 0, 2, 3, 1, 2, 1, 1, 2, 1]: 0
5_9: 1: [3, 7, 13, 18, 23, 26]: [0, 2, 1, 0, 0, 1, 0, 1, 2, 3, 1]: 1
6_6: 1: [3, 8, 14, 15, 23, 28]: [0, 1, 0, 1, 0, 2, 0, 1, 2, 3, 1]: 2
7_2: 1: [7, 13, 19, 23, 26, 30]: [0, 1, 2, 1, 2, 0, 1, 2, 2, 2, 2]: 1
7_7: 1: [2, 7, 13, 19, 22, 25]: [0, 1, 1, 2, 0, 2, 1, 1, 2, 1, 1]: 1
8_9: 1: [3, 9, 14, 19, 24, 28]: [0, 1, 3, 1, 1, 2, 1, 2, 0, 1, 0]: 0
12_6: 1: [5, 11, 17, 16, 24, 27]: [0, 1, 1, 2, 3, 1, 3, 1, 1, 0, 1]: 1
12_7: 1: [5, 10, 17, 17, 24, 28]: [0, 1, 1, 2, 1, 2, 1, 0, 3, 3, 3]: 0
13_6: 1: [3, 8, 15, 15, 23, 28]: [0, 1, 0, 0, 0, 3, 2, 2, 2, 1, 2]: 2
13_9: 1: [2, 4, 8, 17, 23, 27]: [0, 1, 3, 1, 1, 2, 1, 0, 1, 1, 1]: 2
14_1: 1: [6, 11, 18, 25, 28, 32]: [0, 1, 2, 1, 0, 0, 2, 0, 1, 1, 2]: 1
14_2: 1: [5, 9, 16, 23, 28, 31]: [0, 1, 1, 3, 3, 3, 1, 0, 1, 1, 0]: 2
15_2: 1: [6, 11, 15, 22, 27, 30]: [0, 2, 1, 0, 2, 1, 1, 1, 2, 0, 2]: 2
15_6: 1: [3, 9, 14, 14, 18, 27]: [0, 4, 1, 0, 1, 0, 0, 0, 2, 2, 1]: 0
16_8: 1: [2, 5, 9, 11, 19, 26]: [0, 3, 0, 1, 0, 0, 2, 0, 2, 3, 0]: 1
16_9: 1: [2, 6, 11, 15, 22, 27]: [0, 2, 1, 1, 0, 2, 1, 0, 0, 1, 2]: 3
18_3: 1: [6, 13, 18, 21, 26, 29]: [0, 1, 3, 1, 2, 1, 2, 1, 2, 1, 2]: 2
18_7: 1: [3, 8, 14, 17, 30, 31]: [0, 3, 2, 0, 2, 2, 1, 2, 4, 2, 0]: 0
19_7: 1: [2, 6, 13, 18, 26, 28]: [0, 1, 1, 1, 0, 1, 2, 2, 0, 1, 1]: 2
19_8: 1: [4, 6, 14, 20, 25, 28]: [0, 1, 1, 0, 0, 2, 1, 2, 0, 0, 0]: 1
20_7: 1: [0, 5, 11, 18, 27, 31]: [0, 1, 1, 1, 3, 0, 3, 2, 1, 0, 1]: 0
20_8: 1: [1, 6, 10, 16, 25, 29]: [0, 1, 2, 1, 1, 1, 0, 0, 2, 1, 2]: 2
1_10: 1: [4, 8, 12, 19, 25, 27]: [0, 1, 0, 2, 1, 1, 0, 0, 1, 1, 1]: 0
7_10: 1: [5, 10, 15, 19, 23, 25]: [0, 1, 0, 1, 1, 0, 0, 1, 1, 2, 1]: 2
8_10: 1: [2, 9, 14, 18, 24, 28]: [0, 2, 2, 1, 0, 2, 0, 2, 1, 1, 0]: 1
12_10: 1: [3, 9, 13, 16, 23, 24]: [0, 2, 2, 0, 1, 1, 1, 1, 1, 1, 1]: 2
16_10: 1: [3, 6, 11, 14, 20, 25]: [0, 2, 1, 1, 0, 2, 1, 1, 1, 3, 1]: 1
20_10: 1: [1, 6, 11, 19, 24, 27]: [0, 1, 4, 0, 1, 1, 0, 1, 2, 4, 0]: 1
1_0: 0: [4, 8, 12, 19, 25, 27]: [0, 1, 0, 2, 1, 1, 0, 0, 1, 1, 1]: 0
1_1: 0: [4, 11, 12, 16, 23, 29]: [1, 0, 3, 2, 1, 2, 1, 1, 0, 0, 2]: 2
1_2: 0: [4, 10, 15, 19, 25, 30]: [1, 0, 2, 1, 1, 1, 1, 1, 1, 2, 1]: 1
1_3: 0: [4, 11, 15, 19, 24, 28]: [1, 0, 1, 3, 0, 1, 3, 2, 2, 0, 2]: 1
1_4: 0: [4, 8, 13, 17, 23, 28]: [0, 0, 1, 1, 1, 0, 2, 0, 1, 0, 1]: 1
1_5: 0: [4, 9, 14, 19, 23, 28]: [0, 1, 0, 1, 0, 0, 0, 1, 1, 0, 2]: 1
1_6: 0: [3, 8, 14, 17, 26, 31]: [2, 1, 1, 1, 1, 2, 2, 1, 1, 2, 0]: 0
1_7: 0: [5, 8, 17, 20, 27, 31]: [1, 1, 0, 1, 2, 0, 0, 1, 1, 1, 3]: 0
1_9: 0: [4, 7, 12, 19, 24, 27]: [2, 0, 2, 1, 1, 2, 1, 0, 0, 2, 3]: 0
2_0: 0: [2, 10, 13, 21, 27, 27]: [1, 0, 1, 1, 0, 2, 2, 3, 1, 3, 2]: 2
2_1: 0: [6, 9, 15, 21, 23, 29]: [2, 0, 0, 1, 0, 2, 2, 1, 1, 1, 2]: 4
2_2: 0: [4, 7, 14, 19, 23, 28]: [3, 0, 1, 1, 3, 0, 1, 1, 1, 2, 1]: 1
2_3: 0: [4, 11, 16, 21, 24, 29]: [3, 4, 2, 0, 0, 2, 2, 1, 2, 1, 2]: 2
2_4: 0: [3, 8, 13, 17, 22, 28]: [2, 1, 0, 1, 2, 0, 2, 0, 1, 1, 0]: 0
2_5: 0: [4, 9, 14, 19, 23, 28]: [0, 1, 0, 1, 0, 0, 1, 1, 0, 0, 3]: 1
2_6: 0: [1, 6, 9, 12, 18, 25]: [3, 0, 2, 1, 0, 2, 2, 1, 2, 2, 1]: 1
2_7: 0: [0, 7, 10, 14, 21, 25]: [1, 1, 0, 1, 0, 4, 0, 2, 1, 1, 2]: 1
2_8: 0: [1, 6, 11, 16, 22, 25]: [2, 2, 1, 1, 1, 1, 0, 1, 1, 1, 3]: 2
2_9: 0: [2, 9, 13, 21, 26, 27]: [3, 1, 0, 0, 0, 2, 2, 4, 2, 3, 1]: 2
3_0: 0: [4, 9, 14, 20, 24, 26]: [3, 1, 0, 3, 2, 0, 2, 1, 1, 2, 1]: 0
3_1: 0: [10, 13, 18, 22, 25, 29]: [3, 1, 1, 1, 2, 1, 2, 0, 2, 0, 1]: 0
3_2: 0: [5, 9, 17, 21, 25, 30]: [2, 0, 0, 1, 1, 1, 0, 0, 0, 1, 0]: 1
3_3: 0: [4, 10, 16, 20, 24, 29]: [1, 1, 2, 0, 3, 2, 2, 0, 2, 2, 2]: 1
3_4: 0: [4, 8, 13, 17, 23, 28]: [0, 1, 1, 1, 2, 0, 1, 1, 1, 0, 1]: 1
3_5: 0: [4, 9, 14, 18, 23, 28]: [0, 1, 0, 1, 0, 1, 0, 1, 1, 0, 2]: 1
3_6: 0: [6, 11, 15, 17, 24, 27]: [2, 0, 2, 2, 2, 3, 1, 2, 1, 0, 0]: 2
3_7: 0: [5, 10, 15, 19, 24, 28]: [1, 1, 1, 1, 0, 0, 0, 2, 1, 0, 1]: 1
3_8: 0: [5, 9, 14, 17, 25, 29]: [1, 1, 1, 1, 1, 1, 3, 2, 1, 1, 0]: 0
3_9: 0: [4, 9, 15, 20, 24, 27]: [2, 1, 1, 1, 0, 1, 2, 2, 1, 2, 1]: 1
4_0: 0: [4, 8, 11, 20, 23, 27]: [1, 1, 1, 1, 1, 2, 0, 3, 1, 2, 1]: 1
4_1: 0: [5, 16, 19, 23, 28, 33]: [1, 3, 1, 1, 1, 1, 3, 3, 1, 0, 1]: 2
4_2: 0: [4, 9, 16, 18, 25, 31]: [2, 0, 1, 1, 1, 1, 2, 0, 0, 1, 2]: 1
4_3: 0: [4, 12, 17, 21, 25, 30]: [1, 0, 1, 2, 1, 2, 2, 2, 2, 2, 1]: 1
4_4: 0: [3, 8, 13, 18, 23, 28]: [1, 1, 1, 0, 2, 1, 2, 0, 0, 1, 0]: 1
4_5: 0: [4, 9, 14, 19, 23, 28]: [1, 1, 0, 1, 0, 1, 1, 1, 0, 0, 3]: 1
4_6: 0: [5, 13, 18, 17, 21, 27]: [1, 2, 2, 0, 2, 3, 1, 2, 2, 2, 2]: 1
4_7: 0: [3, 9, 14, 18, 22, 28]: [2, 1, 2, 1, 0, 1, 2, 0, 2, 1, 1]: 0
4_8: 0: [5, 11, 15, 19, 24, 29]: [1, 2, 0, 0, 0, 0, 1, 2, 1, 2, 3]: 1
4_9: 0: [4, 8, 11, 19, 23, 28]: [1, 1, 0, 1, 1, 0, 0, 2, 1, 3, 2]: 1
5_0: 0: [3, 7, 12, 17, 22, 24]: [1, 1, 0, 1, 2, 2, 1, 1, 2, 2, 1]: 0
5_1: 0: [6, 13, 18, 25, 26, 30]: [2, 1, 1, 0, 0, 1, 0, 2, 1, 1, 0]: 1
5_2: 0: [6, 11, 18, 23, 27, 31]: [1, 1, 2, 1, 0, 1, 1, 2, 0, 1, 1]: 2
5_3: 0: [5, 12, 17, 21, 25, 30]: [1, 0, 0, 3, 2, 0, 3, 1, 1, 1, 2]: 1
5_4: 0: [4, 8, 13, 17, 23, 28]: [0, 0, 1, 0, 1, 0, 1, 1, 1, 0, 2]: 1
5_5: 0: [4, 9, 14, 18, 23, 28]: [1, 1, 1, 0, 0, 0, 1, 1, 2, 0, 3]: 1
5_6: 0: [5, 9, 11, 17, 24, 28]: [1, 1, 1, 1, 1, 3, 0, 2, 1, 3, 0]: 0
5_7: 0: [2, 5, 11, 17, 27, 32]: [1, 1, 1, 0, 0, 0, 1, 1, 1, 2, 3]: 1
6_0: 0: [4, 11, 15, 18, 22, 26]: [1, 1, 1, 1, 2, 2, 1, 2, 2, 1, 2]: 1
6_1: 0: [5, 13, 18, 24, 26, 32]: [1, 0, 2, 1, 1, 2, 0, 1, 0, 2, 2]: 0
6_2: 0: [5, 11, 17, 22, 26, 32]: [2, 1, 2, 0, 0, 2, 0, 1, 2, 1, 1]: 0
6_3: 0: [4, 12, 17, 21, 24, 30]: [1, 1, 1, 1, 0, 0, 2, 3, 2, 0, 1]: 1
6_4: 0: [4, 9, 13, 17, 23, 28]: [1, 1, 2, 1, 3, 0, 1, 0, 2, 0, 1]: 1
6_5: 0: [4, 9, 14, 19, 23, 28]: [0, 1, 1, 1, 0, 1, 0, 0, 1, 0, 3]: 1
6_7: 0: [4, 8, 14, 14, 22, 29]: [2, 0, 0, 0, 1, 1, 3, 1, 1, 1, 1]: 0
6_9: 0: [4, 11, 16, 18, 23, 27]: [2, 2, 0, 2, 2, 2, 0, 2, 1, 0, 0]: 2
7_0: 0: [5, 10, 15, 19, 23, 25]: [0, 1, 0, 1, 1, 0, 0, 1, 1, 2, 1]: 2
7_1: 0: [9, 17, 20, 23, 26, 31]: [1, 1, 0, 0, 0, 0, 0, 2, 2, 3, 0]: 1
7_3: 0: [5, 13, 16, 20, 24, 29]: [1, 2, 1, 1, 1, 1, 3, 0, 1, 2, 1]: 1
7_4: 0: [4, 8, 13, 17, 23, 28]: [1, 1, 0, 1, 3, 1, 3, 0, 1, 0, 1]: 1
7_5: 0: [4, 9, 14, 19, 24, 28]: [1, 1, 0, 1, 0, 1, 0, 1, 0, 0, 3]: 0
7_6: 0: [3, 8, 15, 19, 22, 26]: [4, 0, 1, 3, 1, 0, 1, 0, 0, 2, 0]: 1
7_9: 0: [5, 11, 17, 19, 23, 27]: [1, 0, 0, 1, 2, 2, 0, 1, 1, 2, 1]: 1
8_0: 0: [2, 9, 14, 18, 24, 28]: [0, 2, 2, 1, 0, 2, 0, 2, 1, 1, 0]: 1
8_1: 0: [7, 8, 15, 22, 27, 32]: [1, 1, 0, 1, 1, 2, 0, 1, 1, 0, 1]: 1
8_2: 0: [6, 9, 15, 21, 26, 31]: [1, 0, 3, 1, 1, 1, 0, 1, 1, 0, 3]: 3
8_3: 0: [5, 10, 16, 20, 24, 28]: [1, 0, 1, 2, 1, 3, 3, 1, 1, 2, 1]: 1
8_4: 0: [4, 8, 12, 17, 23, 27]: [1, 0, 1, 1, 2, 0, 2, 1, 1, 0, 0]: 1
8_5: 0: [4, 9, 13, 18, 23, 28]: [1, 1, 1, 1, 0, 0, 0, 1, 1, 0, 2]: 1
8_6: 0: [2, 9, 15, 15, 23, 26]: [2, 0, 2, 0, 1, 1, 2, 2, 2, 1, 1]: 3
8_7: 0: [3, 9, 13, 16, 24, 27]: [3, 1, 1, 1, 0, 2, 2, 3, 3, 1, 1]: 1
8_8: 0: [3, 10, 15, 16, 25, 28]: [1, 2, 0, 0, 1, 2, 3, 2, 1, 2, 1]: 2
9_0: 0: [3, 9, 13, 16, 25, 27]: [1, 0, 0, 0, 1, 1, 0, 2, 0, 2, 1]: 1
9_1: 0: [4, 8, 12, 20, 25, 28]: [2, 2, 0, 1, 1, 0, 2, 1, 2, 1, 0]: 0
9_2: 0: [3, 7, 14, 21, 25, 30]: [1, 1, 2, 1, 2, 2, 2, 2, 1, 0, 0]: 1
9_4: 0: [4, 7, 12, 16, 22, 28]: [1, 1, 1, 1, 2, 0, 1, 1, 1, 0, 1]: 1
9_5: 0: [4, 9, 14, 19, 23, 28]: [1, 1, 1, 1, 0, 0, 0, 1, 0, 0, 3]: 1
9_6: 0: [4, 11, 16, 15, 22, 28]: [1, 1, 1, 0, 0, 2, 2, 1, 1, 0, 1]: 2
9_7: 0: [2, 8, 16, 16, 21, 28]: [1, 0, 0, 1, 0, 2, 1, 0, 1, 1, 1]: 3
9_8: 0: [4, 9, 13, 14, 23, 28]: [1, 2, 0, 1, 1, 1, 0, 1, 1, 1, 2]: 1
9_9: 0: [3, 9, 16, 18, 27, 29]: [2, 2, 0, 0, 0, 3, 0, 2, 1, 2, 2]: 1
10_0: 0: [3, 8, 12, 16, 23, 25]: [2, 1, 2, 3, 1, 1, 0, 1, 1, 1, 0]: 2
10_1: 0: [8, 13, 16, 22, 27, 28]: [1, 2, 2, 1, 2, 2, 1, 2, 2, 2, 0]: 1
10_2: 0: [6, 11, 15, 19, 25, 29]: [3, 0, 1, 1, 2, 1, 1, 0, 1, 1, 2]: 2
10_3: 0: [5, 12, 16, 20, 24, 28]: [1, 1, 1, 2, 1, 2, 2, 2, 2, 1, 1]: 1
10_4: 0: [4, 8, 13, 17, 24, 28]: [0, 1, 2, 0, 2, 0, 3, 1, 2, 1, 1]: 0
10_5: 0: [4, 9, 14, 19, 24, 28]: [0, 1, 1, 1, 0, 0, 0, 1, 1, 0, 3]: 0
10_7: 0: [0, 4, 8, 12, 19, 28]: [1, 0, 0, 1, 0, 0, 1, 2, 0, 1, 1]: 0
10_8: 0: [1, 6, 9, 11, 18, 28]: [2, 1, 0, 0, 1, 1, 0, 0, 2, 1, 1]: 1
10_9: 0: [5, 9, 14, 18, 24, 27]: [1, 0, 1, 1, 1, 1, 0, 0, 1, 2, 3]: 0
11_0: 0: [3, 7, 14, 18, 23, 27]: [1, 0, 1, 0, 0, 1, 1, 1, 2, 2, 2]: 1
11_2: 0: [6, 11, 18, 22, 26, 31]: [2, 1, 1, 2, 3, 2, 1, 0, 0, 1, 2]: 1
11_3: 0: [5, 11, 16, 21, 25, 30]: [1, 1, 2, 1, 1, 4, 0, 0, 3, 0, 1]: 2
11_4: 0: [4, 9, 13, 18, 23, 28]: [0, 0, 0, 1, 2, 0, 0, 1, 1, 0, 0]: 1
11_5: 0: [4, 9, 14, 19, 23, 28]: [1, 1, 0, 1, 0, 1, 0, 1, 1, 0, 3]: 1
11_7: 0: [2, 8, 9, 13, 19, 26]: [2, 0, 2, 2, 0, 3, 2, 0, 2, 2, 1]: 1
11_8: 0: [2, 7, 11, 12, 18, 25]: [1, 0, 1, 2, 0, 1, 1, 1, 2, 1, 1]: 1
11_9: 0: [3, 6, 13, 16, 22, 26]: [1, 0, 1, 1, 0, 1, 1, 1, 1, 2, 1]: 2
12_0: 0: [3, 9, 13, 16, 23, 24]: [0, 2, 2, 0, 1, 1, 1, 1, 1, 1, 1]: 2
12_1: 0: [5, 10, 11, 19, 27, 32]: [1, 1, 1, 1, 1, 0, 0, 2, 1, 1, 2]: 0
12_2: 0: [5, 11, 14, 21, 26, 31]: [1, 1, 1, 1, 2, 0, 0, 0, 1, 2, 1]: 1
12_4: 0: [4, 9, 14, 18, 23, 28]: [1, 1, 0, 1, 0, 1, 0, 1, 2, 0, 0]: 1
12_5: 0: [4, 9, 14, 19, 23, 28]: [0, 1, 0, 1, 0, 1, 0, 1, 1, 0, 2]: 1
12_8: 0: [4, 10, 18, 18, 27, 28]: [1, 0, 1, 2, 1, 4, 2, 1, 1, 2, 1]: 0
13_0: 0: [2, 4, 7, 16, 22, 25]: [3, 1, 2, 2, 1, 1, 0, 0, 1, 2, 1]: 2
13_1: 0: [2, 8, 15, 22, 28, 31]: [1, 0, 1, 1, 1, 2, 2, 2, 1, 1, 0]: 2
13_2: 0: [3, 8, 15, 21, 27, 31]: [1, 1, 2, 1, 1, 1, 2, 2, 1, 0, 3]: 2
13_3: 0: [4, 10, 15, 20, 23, 28]: [2, 0, 2, 0, 3, 2, 2, 3, 0, 2, 2]: 2
13_4: 0: [4, 8, 13, 17, 23, 28]: [1, 1, 2, 0, 1, 0, 3, 0, 1, 0, 2]: 1
13_5: 0: [4, 9, 14, 19, 23, 28]: [0, 1, 1, 1, 0, 0, 1, 1, 0, 0, 2]: 1
13_7: 0: [3, 6, 13, 17, 23, 27]: [1, 0, 2, 0, 1, 0, 2, 1, 2, 1, 0]: 2
13_8: 0: [3, 7, 12, 15, 23, 28]: [4, 1, 1, 2, 0, 1, 2, 2, 1, 2, 1]: 2
14_0: 0: [3, 7, 10, 17, 22, 27]: [1, 1, 2, 2, 0, 1, 1, 0, 2, 2, 2]: 0
14_3: 0: [4, 11, 16, 21, 26, 30]: [1, 0, 1, 0, 0, 3, 1, 1, 3, 0, 1]: 2
14_4: 0: [4, 8, 13, 17, 23, 29]: [0, 1, 1, 1, 1, 2, 3, 1, 1, 0, 2]: 1
14_5: 0: [4, 9, 14, 19, 23, 28]: [0, 1, 1, 1, 0, 1, 0, 1, 1, 0, 2]: 1
14_6: 0: [4, 6, 13, 15, 24, 27]: [1, 1, 1, 0, 2, 0, 1, 1, 1, 0, 0]: 2
14_7: 0: [2, 5, 13, 16, 25, 29]: [1, 0, 1, 0, 0, 2, 0, 1, 1, 1, 0]: 2
14_8: 0: [3, 8, 14, 16, 24, 28]: [1, 0, 0, 1, 1, 0, 2, 3, 1, 1, 1]: 1
14_9: 0: [4, 8, 13, 17, 22, 27]: [1, 3, 1, 2, 0, 2, 1, 1, 1, 3, 0]: 0
15_0: 0: [4, 8, 11, 18, 24, 27]: [1, 0, 0, 1, 1, 0, 1, 0, 1, 2, 2]: 0
15_3: 0: [4, 12, 17, 22, 26, 30]: [1, 1, 1, 1, 1, 1, 1, 1, 2, 0, 1]: 0
15_4: 0: [4, 8, 13, 18, 23, 28]: [0, 1, 1, 1, 2, 0, 3, 0, 2, 1, 1]: 1
15_5: 0: [4, 9, 14, 18, 23, 28]: [0, 1, 1, 1, 0, 1, 1, 1, 1, 1, 1]: 1
15_7: 0: [4, 10, 14, 18, 24, 30]: [1, 0, 2, 0, 1, 1, 2, 1, 0, 1, 2]: 0
15_8: 0: [4, 12, 15, 18, 24, 31]: [2, 1, 1, 0, 0, 1, 0, 2, 1, 2, 1]: 1
15_9: 0: [4, 9, 12, 19, 25, 28]: [1, 1, 1, 0, 1, 3, 0, 0, 2, 0, 1]: 0
16_0: 0: [3, 6, 11, 14, 20, 25]: [0, 2, 1, 1, 0, 2, 1, 1, 1, 3, 1]: 1
16_1: 0: [3, 9, 13, 17, 23, 28]: [2, 1, 1, 0, 2, 1, 1, 3, 1, 1, 0]: 1
16_2: 0: [5, 11, 16, 20, 25, 29]: [1, 1, 1, 2, 1, 1, 2, 2, 2, 0, 1]: 1
16_3: 0: [3, 11, 16, 19, 24, 29]: [1, 1, 1, 1, 2, 3, 3, 1, 1, 0, 1]: 1
16_4: 0: [4, 8, 13, 17, 23, 28]: [1, 0, 2, 1, 3, 0, 3, 1, 2, 0, 0]: 1
16_5: 0: [4, 9, 14, 19, 23, 28]: [1, 1, 1, 1, 0, 1, 1, 1, 0, 0, 2]: 1
16_6: 0: [5, 8, 10, 11, 19, 26]: [2, 0, 3, 1, 0, 0, 0, 1, 2, 3, 3]: 0
17_0: 0: [3, 8, 11, 19, 26, 26]: [0, 0, 2, 0, 1, 2, 2, 2, 1, 1, 0]: 0
17_1: 0: [6, 9, 14, 18, 27, 31]: [3, 0, 0, 2, 0, 1, 1, 1, 2, 0, 0]: 1
17_2: 0: [5, 9, 14, 20, 27, 31]: [1, 1, 2, 0, 0, 3, 2, 0, 1, 2, 2]: 0
17_4: 0: [4, 8, 12, 17, 24, 28]: [0, 1, 1, 0, 3, 1, 2, 0, 2, 1, 1]: 0
17_5: 0: [4, 9, 14, 18, 24, 28]: [0, 1, 0, 1, 0, 1, 0, 0, 0, 0, 3]: 0
17_7: 0: [2, 5, 14, 15, 25, 30]: [2, 1, 2, 3, 0, 1, 2, 1, 0, 1, 0]: 2
17_8: 0: [2, 7, 13, 15, 23, 28]: [2, 1, 1, 1, 0, 2, 1, 2, 0, 0, 1]: 3
17_9: 0: [3, 7, 10, 19, 26, 26]: [1, 0, 1, 1, 2, 1, 0, 1, 0, 2, 2]: 0
18_0: 0: [1, 7, 13, 19, 23, 26]: [1, 2, 0, 0, 0, 0, 1, 1, 2, 1, 1]: 1
18_1: 0: [8, 14, 15, 19, 25, 29]: [1, 1, 0, 0, 1, 1, 3, 2, 2, 0, 1]: 1
18_4: 0: [4, 8, 13, 17, 23, 28]: [0, 1, 0, 1, 2, 0, 3, 0, 3, 1, 1]: 1
18_5: 0: [4, 9, 14, 18, 23, 28]: [0, 1, 0, 1, 0, 0, 0, 0, 1, 1, 2]: 1
18_6: 0: [2, 8, 15, 18, 29, 31]: [1, 1, 0, 1, 2, 1, 2, 3, 1, 2, 1]: 2
18_8: 0: [1, 12, 18, 19, 29, 29]: [2, 1, 0, 1, 2, 3, 1, 3, 0, 1, 1]: 0
19_0: 0: [4, 9, 13, 18, 24, 27]: [2, 1, 0, 1, 1, 0, 0, 0, 2, 1, 1]: 0
19_2: 0: [3, 10, 16, 20, 24, 30]: [2, 1, 1, 2, 3, 2, 2, 0, 0, 2, 1]: 1
19_3: 0: [4, 11, 17, 21, 25, 30]: [2, 1, 1, 1, 0, 2, 1, 1, 1, 2, 1]: 1
19_4: 0: [4, 8, 13, 18, 23, 28]: [0, 1, 0, 1, 1, 1, 1, 1, 2, 1, 0]: 1
19_5: 0: [4, 9, 14, 19, 23, 28]: [2, 1, 0, 1, 0, 1, 0, 0, 0, 0, 2]: 1
19_6: 0: [3, 6, 14, 18, 25, 28]: [2, 1, 0, 1, 1, 3, 2, 1, 1, 1, 2]: 1
19_9: 0: [5, 10, 16, 19, 25, 28]: [1, 1, 1, 2, 0, 1, 1, 1, 2, 2, 1]: 1
20_0: 0: [1, 6, 11, 19, 24, 27]: [0, 1, 4, 0, 1, 1, 0, 1, 2, 4, 0]: 1
20_1: 0: [5, 11, 14, 15, 23, 27]: [1, 1, 1, 1, 1, 1, 1, 3, 1, 0, 0]: 2
20_2: 0: [5, 9, 15, 19, 24, 29]: [1, 2, 0, 0, 1, 2, 0, 2, 1, 1, 1]: 1
20_3: 0: [3, 10, 16, 21, 25, 30]: [1, 0, 2, 1, 1, 1, 1, 1, 1, 2, 0]: 2
20_4: 0: [4, 8, 12, 17, 23, 28]: [0, 1, 0, 0, 1, 0, 2, 1, 1, 2, 1]: 1
20_5: 0: [4, 9, 14, 18, 23, 28]: [0, 1, 0, 1, 0, 0, 1, 1, 0, 1, 3]: 1
20_6: 0: [1, 6, 10, 16, 24, 30]: [1, 1, 0, 0, 0, 0, 0, 2, 1, 1, 1]: 2
20_9: 0: [1, 6, 12, 19, 24, 27]: [1, 1, 2, 0, 2, 3, 0, 1, 1, 2, 1]: 1
2_10: 0: [2, 10, 13, 21, 27, 27]: [1, 0, 1, 1, 0, 2, 2, 3, 1, 3, 2]: 2
3_10: 0: [4, 9, 14, 20, 24, 26]: [3, 1, 0, 3, 2, 0, 2, 1, 1, 2, 1]: 0
4_10: 0: [4, 8, 11, 20, 23, 27]: [1, 1, 1, 1, 1, 2, 0, 3, 1, 2, 1]: 1
5_10: 0: [3, 7, 12, 17, 22, 24]: [1, 1, 0, 1, 2, 2, 1, 1, 2, 2, 1]: 0
6_10: 0: [4, 11, 15, 18, 22, 26]: [1, 1, 1, 1, 2, 2, 1, 2, 2, 1, 2]: 1
9_10: 0: [3, 9, 13, 16, 25, 27]: [1, 0, 0, 0, 1, 1, 0, 2, 0, 2, 1]: 1
10_10: 0: [3, 8, 12, 16, 23, 25]: [2, 1, 2, 3, 1, 1, 0, 1, 1, 1, 0]: 2
11_10: 0: [3, 7, 14, 18, 23, 27]: [1, 0, 1, 0, 0, 1, 1, 1, 2, 2, 2]: 1
13_10: 0: [2, 4, 7, 16, 22, 25]: [3, 1, 2, 2, 1, 1, 0, 0, 1, 2, 1]: 2
14_10: 0: [3, 7, 10, 17, 22, 27]: [1, 1, 2, 2, 0, 1, 1, 0, 2, 2, 2]: 0
15_10: 0: [4, 8, 11, 18, 24, 27]: [1, 0, 0, 1, 1, 0, 1, 0, 1, 2, 2]: 0
18_10: 0: [1, 7, 13, 19, 23, 26]: [1, 2, 0, 0, 0, 0, 1, 1, 2, 1, 1]: 1
19_10: 0: [4, 9, 13, 18, 24, 27]: [2, 1, 0, 1, 1, 0, 0, 0, 2, 1, 1]: 0
