30
red1
more
('24_2___1__', 18, 1, [0, 0, 0, 0, 0, 0, 1, 2, 0, 1, 2, 0, 0, 1, 0, 1, 2, 0]) (3, 12)
('37_1___1__', 18, 1, [0, 0, 0, 1, 0, 1, 3, 1, 2, 1, 0, 0, 0, 1, 0, 0, 0, 0]) (2, 12)
('16_2___1__', 17, 1, [0, 0, 0, 0, 0, 0, 1, 3, 1, 2, 0, 0, 1, 0, 1, 2, 0]) (5, 12)
('25_2___1__', 17, 1, [0, 1, 0, 0, 0, 1, 2, 0, 1, 2, 0, 0, 1, 0, 1, 2, 0]) (3, 12)
('26_1___1__', 17, 1, [0, 0, 0, 0, 0, 0, 1, 3, 1, 2, 0, 0, 1, 0, 3, 0, 0]) (3, 12)
('48_1___1__', 17, 1, [0, 1, 0, 0, 0, 1, 3, 1, 2, 0, 0, 0, 0, 0, 1, 2, 0]) (3, 12)
('4_2___1__', 16, 1, [0, 1, 0, 0, 0, 1, 3, 1, 2, 0, 0, 1, 0, 1, 2, 0]) (5, 12)
('5_1___1__', 16, 1, [0, 1, 0, 0, 0, 1, 3, 1, 2, 0, 0, 1, 0, 1, 2, 0]) (3, 12)
('6_2___1__', 16, 1, [0, 0, 0, 0, 0, 2, 3, 1, 2, 0, 0, 1, 0, 1, 2, 0]) (3, 12)
('10_9___1__', 16, 1, [0, 1, 0, 0, 0, 1, 2, 0, 1, 3, 0, 1, 0, 0, 3, 0]) (7, 12)
('15_8___1__', 16, 1, [0, 1, 0, 0, 0, 1, 2, 0, 1, 3, 0, 1, 0, 3, 0, 0]) (7, 12)
('17_2___1__', 16, 1, [0, 1, 0, 0, 0, 1, 3, 1, 2, 0, 0, 1, 0, 1, 2, 0]) (4, 12)
('20_1___1__', 16, 1, [0, 1, 0, 0, 0, 1, 3, 1, 2, 0, 0, 1, 0, 3, 0, 0]) (2, 12)
('21_2___1__', 16, 1, [0, 0, 0, 1, 0, 1, 2, 0, 4, 0, 0, 1, 0, 1, 2, 0]) (4, 12)
('22_1___1__', 16, 1, [0, 1, 0, 0, 0, 1, 3, 1, 2, 1, 0, 0, 0, 3, 0, 0]) (1, 12)
('23_1___1__', 16, 1, [0, 0, 0, 0, 1, 1, 3, 1, 2, 0, 0, 1, 0, 3, 0, 0]) (4, 12)
('23_9___1__', 16, 1, [0, 1, 0, 0, 0, 1, 2, 0, 5, 0, 1, 0, 1, 0, 1, 0]) (3, 12)
('27_2___1__', 16, 1, [0, 0, 0, 0, 0, 0, 1, 3, 4, 1, 1, 0, 0, 0, 2, 0]) (2, 12)
('35_2___1__', 16, 1, [0, 1, 0, 0, 0, 1, 3, 1, 2, 0, 0, 1, 0, 1, 2, 0]) (3, 12)
('36_2___1__', 16, 1, [0, 0, 0, 0, 0, 0, 1, 3, 4, 0, 0, 1, 0, 1, 2, 0]) (3, 12)
less
('5_10___1__', 10, 1, [0, 1, 0, 1, 1, 3, 6, 1, 0, 5]) (4, 12)
('9_6___1__', 10, 1, [0, 1, 2, 1, 3, 5, 0, 1, 0, 5]) (5, 12)
('9_7___1__', 10, 1, [0, 1, 2, 1, 3, 5, 0, 1, 0, 5]) (5, 12)
('9_10___1__', 10, 1, [0, 1, 1, 2, 3, 5, 0, 1, 0, 5]) (3, 12)
('21_7___1__', 10, 1, [0, 1, 2, 1, 3, 5, 0, 1, 0, 5]) (5, 12)
('27_7___1__', 10, 1, [0, 1, 2, 1, 3, 5, 0, 1, 0, 5]) (5, 12)
('30_3___1__', 10, 1, [0, 0, 0, 0, 3, 3, 6, 1, 0, 5]) (5, 12)
('34_3___1__', 10, 1, [0, 0, 0, 1, 2, 3, 6, 1, 0, 5]) (3, 12)
('38_3___1__', 10, 1, [0, 1, 0, 3, 2, 0, 6, 1, 0, 5]) (4, 12)
('43_6___1__', 10, 1, [0, 1, 2, 4, 0, 5, 0, 1, 0, 5]) (1, 12)
('2_6___1__', 11, 1, [0, 1, 2, 1, 3, 1, 4, 1, 0, 1, 3]) (7, 12)
('2_7___1__', 11, 1, [0, 1, 0, 1, 1, 3, 1, 4, 1, 0, 5]) (7, 12)
('2_10___1__', 11, 1, [0, 1, 1, 0, 1, 3, 4, 1, 1, 0, 5]) (5, 12)
('3_1___1__', 11, 1, [0, 1, 0, 7, 1, 3, 0, 1, 0, 2, 2]) (3, 12)
('3_7___1__', 11, 1, [0, 1, 0, 0, 0, 1, 3, 6, 1, 0, 5]) (7, 12)
('4_3___1__', 11, 1, [0, 0, 0, 1, 2, 2, 0, 6, 1, 0, 5]) (5, 12)
('7_6___1__', 11, 1, [0, 1, 2, 1, 3, 1, 3, 0, 1, 0, 5]) (1, 12)
('8_7___1__', 11, 1, [0, 1, 2, 1, 2, 0, 5, 0, 1, 0, 5]) (5, 12)
('9_3___1__', 11, 1, [0, 0, 0, 4, 2, 0, 6, 1, 0, 4, 0]) (4, 12)
('10_1___1__', 11, 1, [0, 1, 0, 1, 5, 1, 2, 1, 1, 0, 5]) (4, 12)
part_in:(1, 6), all_in:(7, 12), all_out:(1, 12)
red2
more
('22_6___2__', 17, 0, [1, 2, 0, 1, 1, 1, 2, 1, 0, 0, 0, 2, 0, 0, 1, 0, 0]) (10, 14)
('22_8___2__', 17, 0, [1, 2, 0, 1, 1, 1, 4, 0, 0, 0, 1, 0, 0, 0, 1, 0, 0]) (10, 14)
('6_6___2__', 16, 0, [1, 2, 0, 1, 1, 1, 4, 0, 0, 0, 1, 0, 1, 1, 0, 0]) (11, 14)
('6_7___2__', 16, 0, [1, 2, 0, 1, 1, 1, 4, 0, 0, 0, 1, 0, 1, 1, 0, 0]) (13, 14)
('10_6___2__', 16, 0, [1, 2, 2, 1, 1, 2, 1, 0, 1, 1, 0, 0, 0, 1, 0, 0]) (14, 15)
('22_9___2__', 16, 0, [1, 2, 0, 1, 1, 1, 4, 1, 0, 1, 0, 0, 0, 1, 0, 0]) (8, 14)
('44_6___2__', 16, 0, [1, 2, 0, 0, 0, 1, 1, 2, 1, 0, 0, 0, 2, 1, 2, 0]) (9, 14)
('45_1___2__', 16, 0, [3, 0, 0, 1, 1, 1, 4, 1, 0, 1, 0, 0, 0, 1, 0, 0]) (7, 14)
('5_6___2__', 15, 0, [1, 2, 0, 3, 1, 2, 1, 0, 0, 0, 2, 0, 0, 2, 0]) (13, 14)
('10_7___2__', 15, 0, [1, 2, 2, 1, 1, 4, 1, 0, 1, 0, 0, 0, 1, 0, 0]) (13, 14)
('11_6___2__', 15, 0, [1, 2, 3, 0, 1, 2, 1, 0, 0, 0, 1, 2, 1, 0, 0]) (12, 14)
('17_6___2__', 15, 0, [1, 2, 0, 1, 1, 1, 4, 0, 0, 0, 1, 0, 1, 2, 0]) (14, 17)
('17_8___2__', 15, 2, [2, 0, 1, 1, 1, 4, 0, 0, 0, 1, 0, 0, 0, 2, 0]) (8, 14)
('17_9___2__', 15, 0, [1, 2, 0, 1, 1, 1, 4, 1, 0, 1, 0, 0, 0, 2, 0]) (7, 14)
('20_7___2__', 15, 0, [1, 2, 0, 1, 1, 1, 4, 0, 0, 0, 1, 0, 1, 2, 0]) (11, 14)
('20_8___2__', 15, 0, [1, 2, 2, 1, 1, 4, 1, 0, 1, 0, 0, 0, 1, 0, 0]) (9, 14)
('21_6___2__', 15, 0, [1, 2, 0, 1, 1, 1, 2, 1, 0, 0, 0, 2, 1, 2, 0]) (6, 14)
('22_7___2__', 15, 0, [1, 2, 0, 1, 1, 6, 0, 0, 0, 2, 0, 0, 1, 0, 0]) (10, 14)
('26_6___2__', 15, 0, [1, 2, 0, 1, 1, 4, 1, 0, 0, 0, 1, 0, 1, 2, 0]) (14, 15)
('27_6___2__', 15, 0, [1, 3, 1, 0, 0, 1, 4, 0, 0, 0, 1, 0, 1, 2, 0]) (12, 14)
less
('31_1___2__', 7, 0, [7, 0, 0, 9, 6, 0, 0]) (7, 14)
('5_2___2__', 8, 0, [9, 6, 1, 0, 2, 1, 2, 0]) (6, 14)
('5_10___2__', 8, 0, [1, 2, 4, 6, 1, 0, 7, 0]) (8, 14)
('13_1___2__', 8, 0, [4, 2, 1, 9, 1, 2, 2, 0]) (6, 14)
('19_1___2__', 8, 0, [4, 2, 1, 9, 4, 1, 0, 0]) (7, 14)
('28_1___2__', 8, 0, [4, 0, 3, 9, 4, 1, 0, 0]) (9, 14)
('28_7___2__', 8, 0, [1, 7, 1, 4, 1, 0, 7, 0]) (14, 14)
('35_1___2__', 8, 0, [4, 2, 1, 6, 2, 4, 2, 0]) (11, 14)
('44_1___2__', 8, 0, [4, 2, 1, 9, 4, 1, 0, 0]) (6, 14)
('50_6___2__', 8, 2, [2, 4, 1, 6, 0, 4, 2, 0]) (14, 15)
('1_10___2__', 9, 0, [1, 2, 2, 1, 6, 2, 2, 4, 0]) (5, 14)
('2_7___2__', 9, 0, [1, 2, 2, 1, 6, 2, 4, 2, 0]) (13, 14)
('7_2___2__', 9, 0, [7, 1, 8, 0, 1, 0, 1, 2, 0]) (7, 14)
('9_2___2__', 9, 0, [7, 8, 1, 0, 2, 0, 0, 2, 0]) (8, 14)
('11_10___2__', 9, 0, [4, 4, 6, 1, 0, 1, 2, 2, 0]) (8, 14)
('18_1___2__', 9, 0, [7, 1, 6, 2, 1, 2, 1, 0, 0]) (9, 14)
('18_2___2__', 9, 0, [7, 1, 6, 2, 2, 0, 0, 2, 0]) (9, 14)
('18_9___2__', 9, 0, [1, 2, 2, 1, 6, 1, 0, 7, 0]) (9, 14)
('19_2___2__', 9, 0, [7, 1, 6, 1, 0, 3, 0, 2, 0]) (7, 14)
('21_1___2__', 9, 0, [7, 0, 0, 4, 4, 1, 4, 0, 0]) (10, 14)
part_in:(5, 17), all_in:(14, 14), all_out:(5, 17)
red3
more
('43_6___3__', 18, 0, [1, 1, 1, 0, 0, 1, 1, 1, 2, 0, 0, 1, 0, 0, 2, 0, 0, 0]) (9, 19)
('7_7___3__', 17, 0, [1, 1, 1, 0, 0, 1, 1, 1, 2, 0, 0, 2, 1, 0, 0, 1, 0]) (15, 19)
('17_6___3__', 17, 0, [1, 1, 1, 0, 0, 1, 1, 1, 2, 0, 0, 2, 2, 0, 0, 0, 0]) (19, 20)
('26_6___3__', 17, 0, [1, 1, 1, 0, 0, 1, 1, 1, 2, 0, 0, 2, 1, 0, 0, 1, 0]) (19, 20)
('6_1___3__', 16, 0, [3, 1, 0, 0, 0, 0, 1, 1, 2, 1, 2, 0, 2, 0, 0, 0]) (14, 19)
('6_7___3__', 16, 0, [1, 1, 2, 0, 1, 1, 1, 2, 0, 0, 2, 1, 0, 0, 0, 1]) (19, 22)
('14_7___3__', 16, 0, [1, 1, 2, 0, 1, 1, 1, 2, 0, 0, 2, 0, 0, 1, 0, 1]) (14, 19)
('22_6___3__', 16, 0, [1, 1, 1, 0, 0, 1, 1, 1, 2, 0, 0, 2, 3, 0, 0, 0]) (14, 19)
('25_7___3__', 16, 0, [1, 1, 2, 0, 1, 1, 1, 2, 0, 0, 2, 1, 0, 0, 0, 1]) (19, 21)
('26_7___3__', 16, 0, [1, 1, 2, 0, 1, 1, 1, 2, 1, 2, 1, 0, 0, 0, 0, 0]) (18, 19)
('36_6___3__', 16, 0, [1, 1, 1, 1, 1, 1, 1, 2, 0, 0, 2, 2, 0, 0, 0, 0]) (19, 20)
('38_6___3__', 16, 0, [1, 1, 1, 1, 1, 1, 1, 1, 0, 0, 0, 2, 3, 0, 0, 0]) (19, 20)
('40_6___3__', 16, 0, [1, 1, 1, 1, 1, 1, 1, 2, 0, 0, 2, 0, 1, 0, 0, 1]) (18, 19)
('45_6___3__', 16, 0, [1, 1, 1, 1, 1, 1, 1, 2, 0, 0, 2, 2, 0, 0, 0, 0]) (14, 19)
('46_6___3__', 16, 0, [1, 1, 1, 1, 1, 1, 1, 2, 0, 0, 2, 1, 1, 0, 0, 0]) (17, 19)
('2_8___3__', 15, 0, [1, 1, 2, 0, 1, 1, 1, 2, 1, 2, 2, 0, 0, 0, 0]) (15, 19)
('4_1___3__', 15, 0, [1, 1, 3, 0, 0, 1, 1, 2, 0, 0, 2, 0, 2, 0, 1]) (10, 19)
('5_6___3__', 15, 0, [1, 1, 1, 0, 0, 1, 1, 1, 2, 0, 0, 2, 3, 1, 0]) (19, 19)
('6_6___3__', 15, 0, [1, 1, 1, 0, 2, 1, 1, 2, 0, 0, 2, 2, 0, 0, 1]) (19, 21)
('6_8___3__', 15, 0, [1, 1, 2, 0, 1, 1, 1, 2, 1, 2, 2, 0, 0, 0, 0]) (17, 19)
less
('20_2___3__', 7, 0, [3, 3, 3, 4, 1, 6, 2]) (7, 19)
('43_2___3__', 8, 0, [3, 3, 1, 1, 6, 6, 0, 1]) (12, 19)
('8_2___3__', 9, 0, [3, 3, 3, 1, 2, 1, 2, 3, 2]) (12, 19)
('21_2___3__', 9, 0, [3, 3, 1, 1, 4, 1, 6, 0, 1]) (12, 19)
('33_2___3__', 9, 0, [3, 3, 3, 4, 1, 2, 2, 0, 2]) (11, 19)
('50_2___3__', 9, 0, [3, 3, 3, 4, 4, 2, 0, 0, 1]) (11, 19)
('1_2___3__', 10, 0, [3, 3, 3, 1, 2, 1, 2, 2, 0, 2]) (9, 19)
('1_10___3__', 10, 0, [1, 1, 3, 1, 1, 1, 2, 4, 3, 2]) (11, 19)
('3_2___3__', 10, 0, [3, 3, 3, 1, 2, 1, 2, 3, 0, 1]) (9, 19)
('3_9___3__', 10, 0, [1, 1, 3, 1, 1, 1, 2, 4, 3, 2]) (9, 19)
('7_2___3__', 10, 0, [3, 3, 3, 1, 2, 1, 2, 2, 0, 2]) (8, 19)
('8_1___3__', 10, 4, [3, 1, 1, 1, 2, 4, 0, 2, 0, 1]) (11, 19)
('8_3___3__', 10, 0, [3, 3, 3, 1, 0, 1, 1, 2, 3, 2]) (12, 19)
('9_3___3__', 10, 0, [3, 3, 3, 1, 2, 0, 0, 2, 3, 2]) (12, 19)
('11_2___3__', 10, 0, [3, 3, 3, 1, 2, 1, 2, 2, 0, 2]) (11, 19)
('12_10___3__', 10, 0, [1, 1, 3, 1, 1, 1, 2, 4, 3, 2]) (12, 19)
('16_2___3__', 10, 0, [3, 3, 1, 1, 4, 4, 2, 0, 0, 1]) (11, 19)
('20_3___3__', 10, 0, [3, 3, 3, 1, 0, 1, 1, 2, 3, 2]) (11, 19)
('23_8___3__', 10, 0, [1, 1, 3, 1, 1, 1, 2, 4, 3, 2]) (16, 19)
('23_9___3__', 10, 0, [1, 1, 5, 1, 1, 2, 4, 3, 0, 1]) (12, 19)
part_in:(7, 22), all_in:(19, 19), all_out:(7, 22)
red4
more
('6_1___4__', 18, 0, [1, 0, 1, 1, 0, 0, 0, 0, 0, 2, 1, 2, 0, 0, 0, 1, 0, 2]) (17, 21)
('12_6___4__', 18, 0, [2, 1, 1, 0, 1, 0, 0, 2, 1, 0, 1, 0, 0, 1, 0, 0, 1, 0]) (21, 24)
('3_6___4__', 17, 0, [2, 1, 1, 0, 1, 0, 0, 2, 1, 2, 0, 0, 1, 0, 0, 1, 0]) (20, 21)
('7_6___4__', 17, 0, [2, 1, 0, 0, 0, 1, 0, 0, 2, 1, 2, 0, 0, 1, 0, 2, 0]) (21, 29)
('17_1___4__', 17, 2, [0, 1, 1, 0, 0, 0, 0, 0, 2, 1, 2, 0, 0, 0, 1, 0, 2]) (17, 21)
('33_6___4__', 17, 0, [2, 1, 1, 0, 1, 0, 0, 2, 1, 2, 0, 0, 1, 0, 0, 1, 0]) (20, 21)
('33_7___4__', 17, 3, [1, 1, 0, 1, 0, 0, 2, 1, 1, 0, 0, 0, 1, 0, 0, 1, 0]) (19, 21)
('2_1___4__', 16, 2, [0, 1, 2, 0, 0, 0, 0, 2, 1, 2, 0, 0, 2, 0, 0, 1]) (14, 21)
('3_7___4__', 16, 3, [1, 1, 0, 1, 0, 0, 2, 1, 2, 0, 0, 1, 0, 0, 1, 0]) (20, 21)
('7_7___4__', 16, 3, [1, 1, 0, 1, 0, 0, 2, 1, 1, 0, 0, 0, 1, 1, 1, 0]) (21, 24)
('9_9___4__', 16, 0, [2, 1, 2, 1, 0, 0, 2, 1, 2, 0, 0, 1, 0, 0, 1, 0]) (20, 21)
('11_9___4__', 16, 0, [2, 1, 1, 0, 1, 0, 0, 2, 1, 2, 0, 0, 0, 2, 1, 0]) (19, 21)
('17_6___4__', 16, 0, [2, 1, 1, 0, 1, 0, 0, 2, 1, 2, 0, 0, 1, 1, 1, 0]) (21, 26)
('18_6___4__', 16, 0, [2, 1, 0, 0, 0, 1, 0, 0, 2, 1, 2, 0, 0, 3, 1, 0]) (21, 23)
('19_7___4__', 16, 0, [2, 1, 1, 0, 1, 0, 0, 2, 1, 1, 0, 0, 0, 3, 1, 0]) (18, 21)
('20_6___4__', 16, 0, [2, 1, 2, 1, 0, 0, 2, 1, 0, 1, 0, 0, 2, 0, 1, 0]) (21, 21)
('26_6___4__', 16, 3, [1, 0, 0, 0, 1, 0, 0, 2, 1, 2, 0, 0, 1, 1, 1, 0]) (21, 27)
('26_7___4__', 16, 3, [1, 1, 0, 1, 0, 0, 2, 1, 1, 0, 0, 0, 1, 1, 1, 0]) (20, 21)
('30_1___4__', 16, 2, [0, 1, 1, 0, 1, 0, 0, 2, 1, 2, 0, 3, 0, 0, 0, 0]) (12, 21)
('34_6___4__', 16, 3, [1, 0, 1, 1, 0, 0, 2, 1, 0, 1, 0, 0, 2, 0, 1, 0]) (20, 21)
less
('15_2___4__', 9, 2, [2, 2, 2, 0, 7, 0, 0, 3, 2]) (15, 21)
('24_2___4__', 10, 3, [1, 2, 2, 0, 4, 2, 0, 0, 3, 2]) (14, 21)
('27_2___4__', 10, 3, [1, 2, 2, 0, 2, 1, 2, 1, 3, 2]) (15, 21)
('34_7___4__', 10, 3, [1, 4, 0, 0, 2, 1, 2, 0, 0, 6]) (18, 21)
('35_1___4__', 10, 2, [2, 2, 1, 0, 0, 2, 1, 2, 0, 7]) (14, 21)
('35_2___4__', 10, 0, [4, 2, 1, 0, 0, 4, 2, 0, 0, 6]) (13, 21)
('39_2___4__', 10, 0, [1, 2, 2, 2, 0, 7, 0, 0, 3, 2]) (18, 21)
('39_3___4__', 10, 0, [4, 2, 1, 0, 0, 4, 2, 0, 0, 6]) (19, 21)
('42_2___4__', 10, 0, [1, 0, 1, 2, 2, 0, 7, 1, 3, 2]) (16, 21)
('48_3___4__', 10, 0, [4, 2, 2, 0, 4, 2, 0, 0, 2, 3]) (17, 21)
('1_3___4__', 11, 0, [1, 2, 2, 1, 0, 0, 4, 2, 0, 0, 6]) (19, 21)
('1_6___4__', 11, 5, [0, 1, 1, 0, 0, 2, 1, 2, 1, 5, 0]) (21, 23)
('5_2___4__', 11, 2, [2, 1, 0, 2, 0, 2, 1, 2, 1, 3, 2]) (11, 21)
('6_3___4__', 11, 0, [1, 2, 2, 1, 0, 0, 4, 2, 0, 0, 6]) (17, 21)
('8_2___4__', 11, 2, [2, 2, 2, 0, 2, 1, 2, 0, 0, 3, 2]) (16, 21)
('8_3___4__', 11, 0, [1, 2, 2, 1, 0, 0, 4, 2, 0, 0, 6]) (18, 21)
('8_8___4__', 11, 3, [1, 2, 2, 0, 2, 1, 2, 0, 0, 5, 0]) (18, 21)
('10_3___4__', 11, 0, [1, 2, 4, 0, 0, 2, 1, 2, 0, 0, 6]) (17, 21)
('12_3___4__', 11, 0, [1, 2, 2, 1, 0, 0, 4, 2, 0, 0, 6]) (17, 21)
('16_2___4__', 11, 2, [0, 1, 2, 2, 0, 4, 2, 0, 0, 3, 2]) (16, 21)
part_in:(11, 29), all_in:(21, 21), all_out:(11, 29)
red5
more
('7_7___5__', 17, 0, [1, 1, 0, 0, 0, 1, 2, 0, 1, 1, 1, 1, 2, 1, 0, 0, 0]) (24, 27)
('11_8___5__', 17, 0, [1, 1, 0, 0, 0, 1, 2, 0, 1, 1, 1, 1, 1, 0, 1, 0, 1]) (26, 27)
('17_7___5__', 17, 0, [1, 1, 0, 0, 0, 1, 2, 0, 1, 1, 2, 0, 2, 1, 0, 0, 0]) (25, 27)
('21_6___5__', 17, 0, [1, 1, 0, 0, 0, 1, 2, 0, 1, 1, 2, 0, 2, 1, 0, 0, 0]) (23, 27)
('36_6___5__', 17, 0, [1, 1, 0, 0, 0, 1, 2, 0, 1, 1, 0, 2, 2, 1, 0, 0, 0]) (27, 27)
('3_10___5__', 16, 0, [1, 1, 0, 1, 1, 2, 0, 1, 1, 1, 1, 1, 0, 1, 0, 1]) (20, 27)
('6_6___5__', 16, 0, [1, 1, 0, 0, 0, 1, 2, 0, 1, 1, 3, 2, 1, 0, 0, 0]) (27, 29)
('7_8___5__', 16, 0, [1, 1, 0, 0, 0, 1, 2, 0, 1, 1, 3, 2, 1, 0, 0, 0]) (25, 27)
('11_9___5__', 16, 2, [1, 0, 0, 0, 1, 2, 0, 1, 1, 3, 1, 0, 1, 0, 0, 0]) (23, 27)
('12_7___5__', 16, 0, [1, 1, 0, 0, 0, 1, 2, 0, 1, 1, 3, 2, 1, 0, 0, 0]) (26, 27)
('16_9___5__', 16, 0, [1, 2, 1, 1, 2, 0, 1, 1, 1, 1, 1, 0, 1, 0, 0, 0]) (21, 27)
('18_9___5__', 16, 0, [1, 1, 0, 0, 0, 1, 2, 0, 1, 1, 3, 1, 0, 1, 0, 1]) (22, 27)
('19_9___5__', 16, 0, [1, 1, 0, 1, 1, 2, 0, 1, 1, 3, 1, 0, 1, 0, 0, 0]) (21, 27)
('22_6___5__', 16, 0, [1, 1, 0, 0, 0, 1, 2, 0, 1, 1, 3, 2, 1, 0, 0, 0]) (21, 27)
('22_7___5__', 16, 0, [1, 1, 0, 0, 0, 1, 2, 0, 1, 1, 3, 2, 1, 0, 0, 0]) (21, 27)
('29_7___5__', 16, 0, [1, 1, 0, 0, 0, 0, 0, 2, 0, 1, 1, 3, 2, 1, 0, 1]) (24, 27)
('29_9___5__', 16, 0, [1, 1, 0, 0, 0, 1, 2, 0, 1, 1, 3, 1, 0, 1, 0, 1]) (22, 27)
('34_9___5__', 16, 0, [1, 1, 0, 0, 0, 1, 2, 0, 1, 1, 3, 1, 0, 1, 0, 1]) (22, 27)
('35_6___5__', 16, 0, [1, 1, 0, 1, 1, 2, 0, 1, 1, 1, 1, 2, 1, 0, 0, 0]) (27, 27)
('37_6___5__', 16, 0, [1, 2, 0, 0, 1, 2, 0, 1, 1, 1, 0, 0, 2, 1, 0, 1]) (25, 27)
less
('16_2___5__', 6, 2, [2, 3, 2, 0, 7, 7]) (23, 27)
('26_2___5__', 6, 5, [3, 2, 0, 1, 5, 7]) (23, 27)
('9_1___5__', 7, 2, [2, 1, 4, 0, 7, 1, 5]) (26, 27)
('28_1___5__', 7, 2, [2, 1, 4, 0, 4, 8, 1]) (20, 27)
('39_2___5__', 7, 5, [1, 1, 3, 7, 1, 3, 1]) (22, 27)
('45_1___5__', 7, 5, [0, 0, 4, 0, 1, 11, 1]) (26, 27)
('47_2___5__', 7, 3, [1, 3, 2, 0, 1, 5, 7]) (20, 27)
('1_1___5__', 8, 2, [1, 0, 1, 4, 0, 4, 2, 7]) (20, 27)
('1_2___5__', 8, 5, [1, 1, 3, 1, 3, 1, 1, 5]) (19, 27)
('2_2___5__', 8, 5, [1, 1, 3, 1, 2, 0, 1, 7]) (19, 27)
('5_2___5__', 8, 5, [1, 1, 2, 0, 1, 3, 1, 7]) (18, 27)
('11_1___5__', 8, 5, [1, 4, 0, 7, 1, 2, 0, 1]) (19, 27)
('15_2___5__', 8, 4, [0, 1, 1, 2, 0, 1, 5, 7]) (21, 27)
('18_2___5__', 8, 0, [4, 1, 1, 3, 1, 5, 1, 5]) (22, 27)
('20_2___5__', 8, 2, [2, 1, 1, 2, 0, 1, 3, 9]) (19, 27)
('21_1___5__', 8, 2, [1, 0, 1, 4, 0, 9, 3, 1]) (21, 27)
('28_2___5__', 8, 5, [1, 1, 2, 0, 1, 2, 2, 7]) (19, 27)
('30_1___5__', 8, 5, [1, 4, 0, 7, 1, 0, 2, 1]) (20, 27)
('31_1___5__', 8, 2, [2, 1, 4, 0, 7, 1, 3, 1]) (24, 27)
('31_2___5__', 8, 0, [2, 1, 1, 1, 3, 7, 1, 5]) (21, 27)
part_in:(18, 29), all_in:(27, 27), all_out:(18, 29)
red6
more
('2_3___6__', 20, 0, [1, 0, 0, 2, 0, 0, 0, 2, 1, 1, 0, 0, 0, 0, 0, 0, 0, 2, 0, 0]) (28, 31)
('20_6___6__', 20, 0, [1, 4, 0, 0, 0, 2, 1, 1, 0, 0, 0, 0, 0, 0, 0, 0, 0, 0, 0, 0]) (30, 31)
('27_6___6__', 20, 0, [1, 1, 1, 0, 0, 0, 0, 2, 1, 1, 0, 1, 0, 0, 0, 0, 0, 1, 0, 0]) (29, 31)
('45_6___6__', 20, 0, [1, 1, 1, 0, 0, 0, 0, 2, 1, 1, 0, 0, 0, 0, 0, 0, 0, 2, 0, 0]) (31, 32)
('2_2___6__', 19, 2, [1, 2, 0, 0, 0, 1, 0, 1, 1, 0, 0, 1, 0, 0, 0, 1, 0, 0, 0]) (23, 31)
('8_6___6__', 19, 0, [1, 1, 3, 0, 0, 2, 1, 1, 0, 0, 0, 0, 0, 0, 0, 1, 0, 0, 0]) (30, 31)
('14_6___6__', 19, 0, [1, 1, 2, 0, 0, 0, 2, 1, 1, 1, 0, 1, 0, 0, 0, 0, 0, 0, 0]) (30, 31)
('19_6___6__', 19, 0, [1, 3, 1, 0, 0, 2, 1, 1, 1, 0, 0, 0, 0, 0, 0, 0, 0, 0, 0]) (27, 31)
('19_7___6__', 19, 0, [1, 3, 0, 0, 0, 0, 2, 1, 1, 1, 0, 0, 0, 0, 0, 1, 0, 0, 0]) (29, 31)
('20_1___6__', 19, 2, [1, 2, 0, 0, 0, 2, 1, 1, 0, 0, 1, 0, 0, 0, 0, 0, 0, 0, 0]) (24, 31)
('22_6___6__', 19, 0, [1, 3, 0, 0, 0, 0, 2, 1, 1, 0, 0, 0, 0, 0, 0, 0, 2, 0, 0]) (27, 31)
('24_2___6__', 19, 2, [1, 2, 0, 0, 0, 2, 1, 1, 0, 0, 0, 0, 0, 0, 0, 1, 0, 0, 0]) (24, 31)
('27_3___6__', 19, 0, [1, 0, 0, 2, 0, 0, 0, 2, 1, 1, 1, 0, 0, 0, 0, 0, 2, 0, 0]) (24, 31)
('29_6___6__', 19, 0, [1, 1, 1, 0, 0, 0, 0, 2, 1, 1, 1, 1, 0, 0, 0, 1, 0, 0, 0]) (30, 31)
('30_1___6__', 19, 2, [1, 2, 0, 0, 0, 2, 1, 1, 0, 0, 0, 0, 0, 0, 0, 1, 0, 0, 0]) (22, 31)
('32_6___6__', 19, 0, [1, 1, 1, 0, 0, 0, 0, 2, 1, 1, 1, 0, 0, 0, 0, 1, 1, 0, 0]) (29, 31)
('36_3___6__', 19, 0, [1, 1, 2, 0, 0, 0, 2, 1, 1, 0, 0, 0, 0, 0, 0, 0, 2, 0, 0]) (28, 31)
('37_6___6__', 19, 0, [1, 1, 2, 0, 0, 0, 2, 1, 1, 0, 0, 0, 0, 0, 0, 0, 2, 0, 0]) (26, 31)
('47_6___6__', 19, 0, [1, 1, 1, 0, 0, 0, 0, 2, 1, 1, 1, 0, 0, 0, 0, 0, 2, 0, 0]) (29, 31)
('47_8___6__', 19, 0, [1, 1, 1, 0, 0, 0, 0, 2, 1, 1, 0, 0, 0, 1, 0, 0, 2, 0, 0]) (29, 31)
less
('22_9___6__', 11, 0, [1, 5, 0, 0, 2, 1, 1, 4, 0, 4, 0]) (27, 31)
('6_1___6__', 12, 2, [5, 0, 0, 2, 3, 3, 0, 0, 0, 2, 0, 0]) (29, 31)
('27_1___6__', 12, 2, [5, 0, 0, 2, 1, 1, 3, 0, 0, 0, 3, 0]) (30, 31)
('31_1___6__', 12, 2, [5, 1, 2, 1, 1, 3, 0, 0, 0, 2, 0, 0]) (31, 31)
('1_8___6__', 13, 0, [1, 5, 0, 0, 2, 1, 1, 1, 0, 2, 0, 3, 0]) (29, 31)
('4_7___6__', 13, 2, [1, 3, 0, 0, 2, 1, 1, 4, 0, 0, 2, 0, 0]) (30, 31)
('15_8___6__', 13, 0, [1, 5, 0, 0, 2, 1, 1, 1, 1, 1, 0, 3, 0]) (31, 31)
('17_1___6__', 13, 2, [4, 0, 0, 0, 2, 3, 3, 0, 0, 0, 1, 1, 0]) (28, 31)
('21_1___6__', 13, 2, [5, 1, 2, 1, 1, 4, 0, 0, 0, 0, 0, 0, 0]) (25, 31)
('22_10___6__', 13, 0, [1, 5, 0, 0, 2, 1, 1, 4, 0, 0, 0, 2, 0]) (27, 31)
('25_1___6__', 13, 2, [4, 0, 0, 0, 2, 1, 1, 3, 0, 0, 0, 3, 0]) (30, 31)
('30_7___6__', 13, 0, [1, 5, 0, 0, 2, 1, 1, 4, 0, 0, 2, 0, 0]) (26, 31)
('34_7___6__', 13, 0, [1, 5, 0, 0, 2, 1, 1, 3, 0, 0, 0, 3, 0]) (30, 31)
('40_1___6__', 13, 0, [6, 0, 0, 0, 2, 1, 1, 3, 0, 0, 0, 3, 0]) (27, 31)
('42_2___6__', 13, 0, [1, 1, 3, 0, 0, 2, 1, 5, 0, 0, 3, 0, 0]) (27, 31)
('1_6___6__', 14, 0, [3, 1, 1, 0, 0, 2, 1, 1, 1, 0, 1, 0, 4, 0]) (31, 31)
('1_9___6__', 14, 0, [1, 5, 0, 0, 2, 1, 1, 2, 1, 0, 0, 2, 0, 0]) (29, 31)
('4_1___6__', 14, 2, [4, 0, 0, 0, 2, 3, 1, 1, 0, 0, 0, 2, 0, 0]) (27, 31)
('6_8___6__', 14, 0, [1, 4, 0, 0, 0, 2, 1, 1, 4, 0, 0, 2, 0, 0]) (31, 32)
('11_1___6__', 14, 2, [5, 0, 0, 2, 3, 0, 0, 1, 0, 0, 0, 2, 0, 0]) (23, 31)
part_in:(22, 32), all_in:(31, 31), all_out:(22, 32)
