continues1
17_6: 21: [2, 7, 10, 15, 17, 26]: [1, 2, 1, 1, 2, 1, 1, 3, 2, 1, 2, 2, 2, 1, 2, 1, 3, 1, 2, 1, 1]: 1
12_3: 19: [6, 11, 18, 25, 27, 31]: [1, 2, 1, 1, 2, 1, 1, 2, 2, 2, 1, 3, 1, 1, 1, 1, 1, 2, 1]: 1
9_2: 18: [7, 14, 18, 23, 27, 29]: [1, 1, 4, 1, 2, 2, 2, 1, 2, 1, 1, 1, 1, 1, 2, 2, 1, 1]: 1
6_10: 17: [2, 7, 13, 17, 22, 28]: [2, 1, 1, 2, 1, 1, 1, 2, 1, 2, 2, 2, 3, 1, 1, 1, 1]: 0
12_6: 14: [0, 5, 8, 12, 18, 26]: [1, 3, 2, 1, 2, 3, 3, 1, 2, 1, 2, 1, 2, 1]: 1
8_10: 14: [1, 7, 9, 16, 22, 28]: [1, 1, 1, 1, 1, 1, 1, 2, 1, 1, 1, 2, 1, 1]: 0
14_2: 13: [9, 15, 18, 25, 28, 29]: [2, 2, 2, 2, 1, 2, 1, 1, 1, 1, 1, 1, 2]: 2
11_3: 12: [5, 11, 16, 24, 29, 31]: [1, 1, 1, 3, 1, 2, 2, 2, 1, 1, 1, 3]: 0
9_3: 10: [4, 9, 14, 21, 27, 29]: [1, 1, 2, 1, 2, 2, 1, 1, 2, 2]: 1
16_6: 10: [2, 4, 10, 15, 17, 20]: [1, 1, 2, 2, 1, 3, 3, 1, 1, 2]: 1
5_2: 9: [7, 13, 18, 27, 29, 31]: [1, 1, 1, 1, 1, 1, 2, 1, 1]: 0
17_2: 9: [8, 14, 19, 25, 28, 30]: [1, 1, 2, 2, 1, 1, 1, 2, 3]: 2
12_9: 8: [2, 8, 12, 14, 21, 24]: [1, 1, 1, 2, 2, 3, 1, 4]: 2
16_3: 8: [5, 10, 17, 24, 27, 31]: [2, 1, 3, 1, 2, 2, 2, 2]: 0
17_1: 8: [8, 15, 21, 25, 28, 30]: [1, 1, 1, 2, 1, 1, 1, 1]: 4
18_1: 8: [8, 16, 20, 28, 28, 30]: [1, 3, 1, 2, 1, 1, 1, 3]: 1
2_6: 7: [3, 5, 10, 16, 18, 23]: [1, 3, 1, 1, 1, 1, 1]: 1
14_1: 7: [10, 16, 21, 25, 29, 30]: [1, 2, 2, 2, 2, 2, 1]: 3
8_1: 6: [6, 13, 18, 27, 26, 31]: [1, 1, 3, 3, 2, 3]: 0
8_7: 6: [0, 6, 7, 19, 21, 29]: [1, 2, 3, 2, 2, 1]: 1
continues0
1_1: 3: [9, 15, 16, 26, 29, 30]: [0, 0, 0, 1, 1, 1, 1, 0, 2, 0, 2]: 2
20_8: 3: [1, 6, 11, 14, 20, 29]: [0, 0, 0, 1, 2, 1, 2, 0, 1, 2, 2]: 0
4_3: 2: [5, 10, 15, 22, 26, 29]: [0, 0, 3, 1, 1, 1, 2, 1, 2, 1, 0]: 1
4_9: 2: [4, 7, 10, 14, 21, 28]: [0, 0, 1, 1, 1, 1, 2, 2, 0, 3, 2]: 1
5_8: 2: [2, 6, 13, 17, 20, 30]: [0, 0, 2, 1, 3, 0, 3, 1, 0, 1, 2]: 1
5_9: 2: [3, 7, 12, 16, 20, 29]: [0, 0, 2, 2, 0, 0, 2, 1, 1, 2, 0]: 1
7_7: 2: [1, 5, 8, 9, 15, 27]: [0, 0, 1, 0, 0, 1, 2, 2, 0, 1, 0]: 1
10_8: 2: [3, 7, 13, 17, 20, 27]: [0, 0, 1, 2, 1, 0, 1, 1, 2, 0, 4]: 0
11_8: 2: [2, 3, 6, 14, 19, 29]: [0, 0, 2, 1, 0, 1, 2, 1, 1, 1, 1]: 0
14_9: 2: [4, 6, 13, 17, 21, 30]: [0, 0, 2, 1, 1, 1, 0, 2, 1, 0, 1]: 2
16_1: 2: [7, 14, 19, 26, 30, 32]: [0, 0, 1, 3, 1, 1, 0, 0, 1, 1, 0]: 1
20_6: 2: [2, 3, 5, 15, 21, 28]: [0, 0, 2, 2, 1, 1, 1, 0, 0, 0, 0]: 2
17_10: 2: [0, 5, 9, 15, 20, 25]: [0, 0, 1, 1, 2, 0, 1, 2, 2, 0, 1]: 2
19_10: 2: [1, 6, 9, 16, 24, 26]: [0, 0, 1, 2, 1, 0, 0, 2, 1, 0, 2]: 0
1_7: 1: [3, 7, 11, 17, 20, 23]: [0, 1, 2, 0, 0, 2, 2, 1, 3, 2, 2]: 1
2_2: 1: [10, 13, 18, 25, 28, 31]: [0, 1, 2, 2, 1, 0, 1, 0, 3, 2, 0]: 1
2_3: 1: [5, 9, 15, 23, 27, 31]: [0, 1, 0, 2, 3, 1, 0, 2, 0, 1, 2]: 2
2_7: 1: [2, 5, 9, 17, 18, 24]: [0, 1, 1, 1, 0, 0, 1, 1, 1, 4, 2]: 0
3_1: 1: [9, 16, 17, 26, 30, 28]: [0, 1, 1, 0, 1, 1, 1, 1, 2, 1, 0]: 1
3_6: 1: [2, 6, 5, 8, 15, 27]: [0, 2, 1, 2, 3, 1, 1, 1, 1, 1, 1]: 1
4_1: 1: [5, 13, 17, 24, 25, 28]: [0, 1, 1, 0, 0, 1, 2, 0, 0, 1, 2]: 1
4_7: 1: [2, 3, 8, 12, 16, 23]: [0, 3, 0, 1, 2, 1, 2, 1, 1, 2, 2]: 2
4_8: 1: [3, 5, 10, 12, 19, 28]: [0, 1, 1, 1, 0, 1, 2, 3, 0, 1, 0]: 1
5_6: 1: [1, 6, 7, 12, 13, 20]: [0, 2, 2, 2, 1, 1, 2, 2, 4, 1, 0]: 1
5_7: 1: [1, 5, 9, 14, 16, 23]: [0, 1, 1, 1, 0, 1, 0, 1, 0, 0, 0]: 1
6_1: 1: [8, 12, 15, 21, 25, 29]: [0, 1, 1, 2, 0, 1, 1, 0, 1, 0, 1]: 4
6_6: 1: [0, 6, 10, 15, 20, 25]: [0, 2, 1, 1, 1, 2, 1, 2, 1, 1, 1]: 2
6_7: 1: [0, 6, 12, 16, 20, 26]: [0, 1, 1, 0, 2, 2, 1, 2, 0, 3, 1]: 1
6_8: 1: [2, 8, 13, 16, 22, 29]: [0, 1, 0, 1, 3, 1, 2, 2, 1, 1, 2]: 0
7_2: 1: [9, 14, 20, 26, 29, 31]: [0, 1, 1, 1, 4, 3, 0, 2, 1, 2, 1]: 0
7_9: 1: [1, 8, 14, 15, 20, 28]: [0, 1, 1, 0, 0, 1, 1, 0, 0, 2, 0]: 1
9_1: 1: [8, 16, 21, 24, 27, 30]: [0, 1, 1, 2, 2, 0, 1, 1, 1, 1, 0]: 2
9_7: 1: [3, 7, 11, 17, 23, 32]: [0, 2, 1, 1, 0, 0, 2, 0, 0, 0, 0]: 1
10_3: 1: [4, 12, 18, 24, 27, 31]: [0, 2, 2, 1, 3, 1, 1, 2, 2, 2, 0]: 1
11_1: 1: [11, 15, 22, 25, 27, 30]: [0, 1, 1, 1, 1, 1, 2, 2, 2, 1, 1]: 3
11_7: 1: [2, 1, 3, 14, 19, 26]: [0, 1, 1, 2, 0, 1, 2, 1, 3, 2, 1]: 0
12_7: 1: [1, 6, 13, 13, 18, 28]: [0, 1, 1, 2, 0, 0, 1, 1, 0, 0, 1]: 0
13_1: 1: [11, 18, 24, 28, 30, 31]: [0, 1, 0, 1, 0, 0, 0, 0, 2, 0, 1]: 1
13_6: 1: [1, 5, 6, 14, 17, 22]: [0, 1, 1, 0, 2, 1, 2, 1, 1, 0, 1]: 0
13_9: 1: [2, 7, 13, 18, 22, 26]: [0, 2, 2, 1, 0, 0, 1, 1, 1, 1, 0]: 0
14_3: 1: [6, 10, 16, 23, 28, 30]: [0, 2, 1, 2, 2, 3, 1, 1, 2, 0, 2]: 2
14_7: 1: [2, 6, 11, 16, 16, 25]: [0, 1, 1, 1, 1, 0, 1, 2, 1, 1, 3]: 1
15_1: 1: [7, 15, 20, 25, 28, 30]: [0, 2, 0, 0, 0, 0, 1, 1, 0, 0, 0]: 3
15_2: 1: [8, 13, 17, 22, 26, 29]: [0, 1, 0, 0, 1, 1, 1, 1, 4, 1, 2]: 0
15_6: 1: [3, 5, 8, 12, 22, 30]: [0, 2, 1, 1, 2, 1, 2, 0, 0, 3, 1]: 2
15_8: 1: [2, 5, 11, 13, 22, 27]: [0, 1, 1, 1, 0, 0, 3, 1, 2, 1, 3]: 0
16_9: 1: [3, 8, 13, 17, 21, 28]: [0, 2, 3, 1, 0, 2, 1, 2, 2, 0, 1]: 1
17_3: 1: [6, 11, 16, 23, 27, 30]: [0, 2, 0, 2, 1, 2, 2, 1, 1, 2, 0]: 2
17_8: 1: [2, 5, 10, 14, 15, 29]: [0, 1, 1, 3, 2, 1, 1, 2, 1, 2, 1]: 1
18_9: 1: [3, 5, 12, 14, 17, 29]: [0, 1, 1, 0, 0, 1, 1, 1, 1, 1, 1]: 1
19_1: 1: [8, 14, 19, 24, 26, 28]: [0, 1, 3, 0, 1, 3, 1, 0, 1, 3, 1]: 0
19_2: 1: [8, 15, 20, 25, 29, 32]: [0, 1, 1, 0, 3, 3, 2, 0, 2, 0, 1]: 2
19_7: 1: [1, 8, 9, 17, 22, 29]: [0, 1, 1, 2, 2, 1, 2, 2, 1, 1, 1]: 0
20_1: 1: [5, 10, 15, 23, 29, 33]: [0, 2, 1, 1, 1, 2, 2, 1, 3, 0, 0]: 2
20_7: 1: [1, 2, 6, 15, 18, 27]: [0, 1, 0, 3, 1, 2, 1, 1, 1, 1, 2]: 1
1_10: 1: [2, 8, 16, 19, 25, 27]: [0, 1, 0, 1, 1, 2, 2, 0, 0, 1, 0]: 1
4_10: 1: [2, 6, 9, 15, 22, 27]: [0, 1, 1, 0, 2, 0, 1, 1, 1, 0, 1]: 1
5_10: 1: [3, 7, 11, 15, 20, 26]: [0, 2, 0, 1, 1, 0, 0, 1, 1, 0, 1]: 1
7_10: 1: [2, 8, 12, 17, 23, 28]: [0, 1, 2, 0, 1, 1, 1, 3, 0, 0, 1]: 2
9_10: 1: [1, 5, 9, 16, 22, 28]: [0, 1, 0, 1, 2, 1, 1, 2, 0, 0, 2]: 0
10_10: 1: [2, 7, 12, 16, 23, 28]: [0, 1, 0, 1, 1, 1, 2, 3, 0, 1, 2]: 2
11_10: 1: [4, 8, 11, 17, 24, 27]: [0, 2, 2, 1, 0, 0, 1, 1, 0, 2, 1]: 0
16_10: 1: [5, 8, 13, 16, 22, 27]: [0, 1, 1, 1, 1, 1, 2, 3, 2, 0, 0]: 0
1_0: 0: [2, 8, 16, 19, 25, 27]: [0, 1, 0, 1, 1, 2, 2, 0, 0, 1, 0]: 1
1_2: 0: [7, 14, 15, 22, 28, 30]: [2, 1, 1, 0, 2, 1, 2, 1, 3, 0, 2]: 2
1_3: 0: [4, 8, 12, 19, 25, 29]: [1, 2, 0, 2, 1, 3, 1, 3, 0, 2, 0]: 2
1_4: 0: [4, 7, 11, 17, 25, 29]: [0, 2, 0, 1, 1, 0, 2, 2, 0, 1, 1]: 1
1_5: 0: [4, 8, 13, 18, 24, 29]: [0, 1, 1, 1, 1, 1, 2, 2, 0, 1, 2]: 0
1_6: 0: [2, 8, 10, 16, 21, 25]: [1, 0, 1, 2, 1, 1, 2, 1, 0, 1, 1]: 2
1_8: 0: [3, 8, 15, 20, 22, 29]: [1, 0, 1, 0, 1, 0, 1, 0, 2, 1, 2]: 1
1_9: 0: [2, 8, 14, 19, 23, 29]: [1, 1, 1, 1, 1, 0, 3, 1, 1, 0, 0]: 1
2_0: 0: [3, 6, 9, 18, 22, 29]: [1, 0, 2, 1, 1, 1, 3, 2, 1, 1, 1]: 0
2_1: 0: [11, 14, 19, 24, 28, 31]: [2, 2, 0, 1, 1, 1, 0, 0, 0, 1, 0]: 0
2_4: 0: [4, 8, 14, 19, 25, 29]: [0, 1, 1, 1, 1, 2, 2, 2, 0, 1, 1]: 1
2_5: 0: [4, 9, 14, 19, 25, 29]: [0, 1, 1, 1, 1, 0, 2, 2, 0, 1, 0]: 1
2_6: 0: [3, 5, 10, 16, 18, 23]: [1, 3, 1, 1, 1, 1, 1, 0, 2, 1, 1]: 1
2_8: 0: [3, 8, 9, 19, 21, 29]: [1, 1, 2, 1, 0, 0, 0, 0, 0, 0, 2]: 1
2_9: 0: [3, 6, 9, 16, 19, 28]: [2, 1, 0, 2, 2, 1, 2, 2, 0, 2, 1]: 0
3_0: 0: [3, 7, 11, 16, 22, 29]: [1, 1, 0, 1, 2, 1, 1, 3, 3, 1, 1]: 0
3_2: 0: [6, 13, 16, 24, 29, 29]: [2, 1, 1, 0, 1, 0, 2, 1, 1, 2, 1]: 0
3_3: 0: [3, 8, 14, 22, 27, 31]: [1, 0, 2, 1, 0, 2, 2, 2, 1, 1, 0]: 0
3_4: 0: [3, 8, 13, 19, 24, 29]: [0, 0, 1, 0, 2, 3, 2, 3, 0, 2, 1]: 0
3_5: 0: [4, 9, 14, 19, 24, 29]: [0, 1, 1, 0, 1, 1, 3, 2, 0, 2, 1]: 0
3_7: 0: [1, 7, 8, 13, 19, 29]: [1, 1, 0, 1, 3, 1, 1, 1, 1, 2, 2]: 0
3_8: 0: [2, 7, 10, 13, 19, 29]: [1, 0, 2, 1, 0, 0, 1, 2, 0, 2, 0]: 0
3_9: 0: [3, 8, 12, 15, 21, 30]: [1, 1, 0, 2, 1, 1, 1, 2, 0, 1, 3]: 4
4_0: 0: [2, 6, 9, 15, 22, 27]: [0, 1, 1, 0, 2, 0, 1, 1, 1, 0, 1]: 1
4_2: 0: [6, 14, 18, 24, 29, 29]: [1, 2, 2, 0, 1, 0, 0, 1, 1, 2, 1]: 0
4_4: 0: [4, 9, 15, 20, 25, 28]: [0, 1, 2, 0, 1, 1, 2, 1, 1, 2, 2]: 2
4_5: 0: [4, 9, 14, 19, 24, 28]: [0, 2, 0, 0, 1, 0, 3, 2, 0, 1, 2]: 0
4_6: 0: [4, 5, 10, 12, 13, 21]: [1, 1, 0, 1, 2, 1, 2, 1, 1, 1, 3]: 2
5_0: 0: [3, 7, 11, 15, 20, 26]: [0, 2, 0, 1, 1, 0, 0, 1, 1, 0, 1]: 1
5_1: 0: [7, 13, 19, 28, 29, 30]: [1, 1, 1, 2, 2, 0, 1, 3, 1, 0, 0]: 1
5_2: 0: [7, 13, 18, 27, 29, 31]: [1, 1, 1, 1, 1, 1, 2, 1, 1, 0, 0]: 0
5_3: 0: [3, 7, 14, 24, 26, 30]: [1, 2, 0, 2, 2, 1, 2, 2, 1, 0, 0]: 1
5_4: 0: [3, 7, 13, 20, 24, 28]: [1, 1, 2, 0, 1, 1, 1, 1, 0, 0, 2]: 0
5_5: 0: [3, 9, 14, 19, 24, 28]: [0, 1, 1, 0, 0, 3, 2, 2, 0, 2, 2]: 0
6_0: 0: [2, 7, 13, 17, 22, 28]: [2, 1, 1, 2, 1, 1, 1, 2, 1, 2, 2]: 0
6_2: 0: [6, 12, 15, 22, 26, 29]: [1, 2, 0, 2, 2, 2, 1, 0, 2, 2, 1]: 2
6_3: 0: [4, 9, 13, 20, 25, 29]: [1, 1, 0, 2, 0, 2, 1, 2, 2, 0, 1]: 1
6_4: 0: [3, 7, 12, 17, 24, 29]: [0, 0, 2, 0, 0, 3, 1, 1, 0, 1, 1]: 1
6_5: 0: [4, 8, 13, 18, 24, 29]: [0, 1, 1, 0, 1, 3, 2, 2, 0, 1, 1]: 0
6_9: 0: [2, 9, 14, 16, 21, 29]: [1, 0, 0, 0, 2, 1, 0, 1, 0, 1, 0]: 1
7_0: 0: [2, 8, 12, 17, 23, 28]: [0, 1, 2, 0, 1, 1, 1, 3, 0, 0, 1]: 2
7_1: 0: [7, 14, 18, 25, 28, 30]: [2, 1, 1, 0, 1, 1, 1, 0, 1, 1, 2]: 2
7_3: 0: [5, 11, 18, 24, 28, 30]: [1, 1, 2, 3, 3, 0, 1, 1, 3, 0, 1]: 1
7_4: 0: [5, 9, 14, 19, 24, 29]: [0, 1, 1, 0, 2, 3, 2, 1, 0, 1, 1]: 0
7_5: 0: [4, 8, 14, 19, 24, 29]: [0, 2, 0, 0, 1, 1, 2, 2, 0, 2, 1]: 0
7_6: 0: [0, 8, 10, 12, 17, 28]: [1, 2, 0, 0, 0, 2, 1, 3, 1, 2, 2]: 1
7_8: 0: [1, 6, 11, 13, 16, 28]: [1, 1, 0, 4, 1, 0, 2, 3, 1, 1, 1]: 0
8_0: 0: [1, 7, 9, 16, 22, 28]: [1, 1, 1, 1, 1, 1, 1, 2, 1, 1, 1]: 0
8_1: 0: [6, 13, 18, 27, 26, 31]: [1, 1, 3, 3, 2, 3, 0, 2, 1, 2, 0]: 0
8_2: 0: [8, 14, 16, 26, 27, 30]: [1, 2, 2, 1, 0, 2, 2, 2, 1, 0, 2]: 1
8_3: 0: [4, 10, 14, 21, 26, 29]: [2, 2, 1, 3, 1, 0, 2, 3, 1, 2, 0]: 1
8_4: 0: [4, 8, 13, 17, 25, 29]: [0, 1, 1, 1, 2, 3, 2, 3, 0, 1, 1]: 1
8_5: 0: [4, 9, 14, 18, 25, 29]: [0, 1, 0, 0, 1, 2, 2, 2, 0, 1, 1]: 1
8_6: 0: [0, 5, 8, 19, 20, 26]: [1, 1, 0, 3, 1, 1, 1, 1, 0, 1, 1]: 0
8_7: 0: [0, 6, 7, 19, 21, 29]: [1, 2, 3, 2, 2, 1, 0, 1, 1, 3, 1]: 1
8_8: 0: [2, 9, 10, 18, 20, 29]: [1, 2, 1, 3, 1, 2, 0, 1, 0, 2, 2]: 0
8_9: 0: [3, 9, 11, 17, 20, 26]: [1, 1, 0, 1, 1, 0, 2, 2, 0, 3, 0]: 0
9_0: 0: [1, 5, 9, 16, 22, 28]: [0, 1, 0, 1, 2, 1, 1, 2, 0, 0, 2]: 0
9_2: 0: [7, 14, 18, 23, 27, 29]: [1, 1, 4, 1, 2, 2, 2, 1, 2, 1, 1]: 1
9_3: 0: [4, 9, 14, 21, 27, 29]: [1, 1, 2, 1, 2, 2, 1, 1, 2, 2, 0]: 1
9_4: 0: [3, 8, 13, 19, 25, 29]: [0, 1, 1, 0, 2, 3, 2, 1, 0, 2, 1]: 1
9_5: 0: [3, 9, 14, 19, 24, 29]: [0, 1, 1, 0, 1, 0, 2, 2, 0, 1, 1]: 0
9_6: 0: [1, 4, 6, 13, 19, 28]: [2, 2, 1, 1, 0, 1, 1, 0, 1, 0, 2]: 0
9_8: 0: [2, 5, 9, 15, 20, 29]: [1, 1, 1, 2, 0, 1, 0, 0, 3, 1, 2]: 1
9_9: 0: [3, 7, 11, 16, 20, 29]: [1, 1, 0, 1, 2, 1, 4, 1, 0, 1, 3]: 0
10_0: 0: [2, 7, 12, 16, 23, 28]: [0, 1, 0, 1, 1, 1, 2, 3, 0, 1, 2]: 2
10_1: 0: [6, 14, 18, 25, 29, 30]: [1, 0, 1, 0, 1, 2, 0, 1, 0, 0, 2]: 2
10_2: 0: [6, 13, 18, 24, 28, 30]: [1, 0, 2, 1, 2, 1, 2, 0, 2, 0, 1]: 1
10_4: 0: [4, 9, 15, 20, 25, 29]: [0, 1, 1, 0, 1, 1, 2, 1, 0, 1, 2]: 2
10_5: 0: [4, 9, 14, 19, 24, 29]: [0, 2, 0, 0, 1, 0, 2, 2, 0, 2, 1]: 0
10_6: 0: [3, 7, 12, 18, 23, 27]: [1, 1, 1, 1, 0, 0, 0, 0, 0, 0, 3]: 2
10_7: 0: [2, 5, 10, 16, 20, 24]: [2, 0, 0, 1, 1, 0, 3, 3, 1, 2, 1]: 0
10_9: 0: [3, 9, 15, 19, 22, 28]: [3, 3, 0, 2, 1, 0, 2, 2, 0, 1, 2]: 1
11_0: 0: [4, 8, 11, 17, 24, 27]: [0, 2, 2, 1, 0, 0, 1, 1, 0, 2, 1]: 0
11_2: 0: [10, 14, 20, 25, 28, 31]: [1, 0, 1, 1, 0, 1, 2, 2, 1, 1, 1]: 1
11_3: 0: [5, 11, 16, 24, 29, 31]: [1, 1, 1, 3, 1, 2, 2, 2, 1, 1, 1]: 0
11_4: 0: [4, 8, 14, 19, 25, 29]: [0, 1, 1, 0, 0, 2, 1, 1, 0, 2, 2]: 1
11_5: 0: [4, 9, 14, 18, 24, 28]: [0, 2, 0, 0, 0, 2, 2, 2, 0, 2, 2]: 0
11_6: 0: [1, 2, 2, 11, 19, 28]: [2, 1, 2, 1, 0, 1, 1, 1, 0, 1, 3]: 0
11_9: 0: [3, 5, 8, 16, 21, 29]: [1, 1, 1, 0, 1, 2, 1, 0, 1, 3, 0]: 1
12_0: 0: [1, 7, 11, 17, 25, 27]: [1, 0, 1, 0, 1, 1, 2, 2, 0, 1, 2]: 1
12_1: 0: [10, 14, 20, 27, 29, 31]: [2, 0, 1, 1, 0, 1, 2, 1, 1, 1, 0]: 0
12_2: 0: [9, 15, 20, 27, 30, 31]: [1, 1, 1, 3, 2, 0, 3, 0, 1, 0, 0]: 2
12_3: 0: [6, 11, 18, 25, 27, 31]: [1, 2, 1, 1, 2, 1, 1, 2, 2, 2, 1]: 1
12_4: 0: [4, 8, 14, 18, 25, 30]: [1, 1, 0, 0, 2, 2, 1, 3, 1, 1, 1]: 2
12_5: 0: [4, 8, 14, 18, 24, 29]: [0, 1, 0, 0, 0, 0, 2, 2, 0, 1, 1]: 0
12_6: 0: [0, 5, 8, 12, 18, 26]: [1, 3, 2, 1, 2, 3, 3, 1, 2, 1, 2]: 1
12_8: 0: [3, 8, 13, 14, 19, 25]: [1, 1, 0, 2, 1, 2, 1, 3, 1, 0, 1]: 1
12_9: 0: [2, 8, 12, 14, 21, 24]: [1, 1, 1, 2, 2, 3, 1, 4, 0, 2, 0]: 2
13_0: 0: [1, 7, 12, 17, 24, 29]: [1, 0, 1, 0, 2, 2, 1, 1, 1, 0, 1]: 1
13_2: 0: [8, 14, 20, 25, 29, 31]: [1, 1, 1, 2, 2, 1, 0, 0, 3, 1, 0]: 1
13_3: 0: [5, 10, 16, 21, 25, 29]: [1, 1, 1, 0, 2, 0, 2, 1, 1, 2, 0]: 2
13_4: 0: [4, 8, 14, 18, 23, 28]: [0, 1, 2, 0, 1, 0, 2, 1, 1, 1, 2]: 1
13_5: 0: [4, 8, 14, 19, 24, 29]: [0, 1, 0, 0, 1, 0, 2, 2, 0, 2, 1]: 0
13_7: 0: [2, 5, 11, 15, 23, 28]: [1, 2, 2, 0, 0, 1, 1, 2, 1, 1, 3]: 2
13_8: 0: [1, 6, 11, 16, 19, 27]: [1, 1, 1, 0, 1, 3, 2, 1, 0, 2, 2]: 0
14_0: 0: [3, 7, 12, 18, 24, 29]: [3, 1, 1, 0, 0, 0, 0, 2, 2, 0, 1]: 1
14_1: 0: [10, 16, 21, 25, 29, 30]: [1, 2, 2, 2, 2, 2, 1, 0, 0, 2, 2]: 3
14_2: 0: [9, 15, 18, 25, 28, 29]: [2, 2, 2, 2, 1, 2, 1, 1, 1, 1, 1]: 2
14_4: 0: [3, 8, 13, 19, 24, 29]: [0, 1, 1, 0, 1, 3, 2, 2, 0, 1, 0]: 0
14_5: 0: [3, 8, 13, 18, 24, 28]: [0, 1, 1, 0, 1, 2, 2, 2, 0, 2, 1]: 0
14_6: 0: [2, 5, 10, 15, 16, 24]: [1, 0, 0, 0, 1, 1, 1, 1, 0, 2, 2]: 1
14_8: 0: [3, 5, 12, 18, 19, 29]: [1, 0, 0, 0, 2, 0, 1, 2, 1, 1, 0]: 1
15_0: 0: [3, 7, 11, 16, 23, 26]: [1, 0, 1, 1, 0, 1, 0, 2, 1, 1, 0]: 1
15_3: 0: [5, 12, 16, 21, 26, 29]: [1, 1, 0, 1, 2, 2, 1, 2, 2, 1, 2]: 2
15_4: 0: [4, 9, 14, 20, 24, 29]: [0, 1, 1, 1, 0, 0, 2, 2, 0, 1, 2]: 0
15_5: 0: [4, 9, 14, 19, 25, 29]: [0, 1, 0, 1, 0, 2, 2, 2, 0, 1, 1]: 1
15_7: 0: [3, 5, 8, 13, 20, 28]: [1, 1, 0, 1, 0, 1, 1, 0, 0, 0, 0]: 0
15_9: 0: [3, 8, 12, 16, 22, 27]: [2, 2, 3, 2, 0, 2, 0, 1, 0, 1, 0]: 1
16_0: 0: [5, 8, 13, 16, 22, 27]: [0, 1, 1, 1, 1, 1, 2, 3, 2, 0, 0]: 0
16_2: 0: [7, 13, 18, 26, 29, 32]: [2, 0, 1, 1, 1, 1, 1, 0, 1, 0, 0]: 0
16_3: 0: [5, 10, 17, 24, 27, 31]: [2, 1, 3, 1, 2, 2, 2, 2, 0, 0, 1]: 0
16_4: 0: [4, 9, 14, 20, 25, 29]: [0, 1, 0, 0, 2, 3, 2, 2, 0, 1, 0]: 1
16_5: 0: [4, 9, 13, 19, 24, 29]: [0, 2, 0, 0, 1, 1, 2, 2, 0, 1, 1]: 0
16_6: 0: [2, 4, 10, 15, 17, 20]: [1, 1, 2, 2, 1, 3, 3, 1, 1, 2, 0]: 1
16_7: 0: [3, 6, 9, 15, 18, 20]: [1, 0, 1, 2, 0, 2, 1, 2, 1, 2, 0]: 1
16_8: 0: [3, 7, 12, 17, 19, 27]: [1, 0, 2, 1, 2, 1, 2, 3, 2, 1, 0]: 1
17_0: 0: [0, 5, 9, 15, 20, 25]: [0, 0, 1, 1, 2, 0, 1, 2, 2, 0, 1]: 2
17_1: 0: [8, 15, 21, 25, 28, 30]: [1, 1, 1, 2, 1, 1, 1, 1, 0, 0, 0]: 4
17_2: 0: [8, 14, 19, 25, 28, 30]: [1, 1, 2, 2, 1, 1, 1, 2, 3, 0, 0]: 2
17_4: 0: [5, 9, 14, 20, 26, 30]: [0, 1, 1, 0, 1, 3, 2, 1, 1, 1, 1]: 1
17_5: 0: [4, 9, 14, 19, 24, 29]: [0, 1, 1, 0, 0, 0, 3, 2, 0, 2, 1]: 0
17_6: 0: [2, 7, 10, 15, 17, 26]: [1, 2, 1, 1, 2, 1, 1, 3, 2, 1, 2]: 1
17_7: 0: [4, 7, 10, 16, 15, 28]: [1, 0, 1, 2, 0, 1, 3, 0, 0, 1, 0]: 1
17_9: 0: [1, 6, 11, 15, 17, 30]: [1, 0, 1, 0, 2, 1, 2, 2, 2, 1, 1]: 2
18_0: 0: [2, 6, 13, 17, 20, 28]: [1, 0, 0, 1, 1, 1, 2, 1, 1, 3, 1]: 0
18_1: 0: [8, 16, 20, 28, 28, 30]: [1, 3, 1, 2, 1, 1, 1, 3, 0, 2, 0]: 1
18_2: 0: [6, 14, 17, 27, 27, 30]: [1, 1, 1, 0, 3, 2, 1, 1, 2, 1, 0]: 1
18_3: 0: [5, 7, 14, 24, 27, 32]: [2, 2, 1, 0, 2, 1, 1, 1, 2, 1, 0]: 0
18_4: 0: [4, 8, 15, 21, 26, 31]: [0, 1, 0, 0, 2, 3, 2, 2, 1, 1, 1]: 2
18_5: 0: [4, 9, 13, 19, 25, 29]: [0, 1, 1, 0, 1, 1, 3, 2, 0, 2, 2]: 1
18_6: 0: [2, 4, 10, 12, 14, 27]: [2, 2, 2, 1, 0, 1, 1, 1, 2, 0, 1]: 1
18_7: 0: [2, 5, 11, 13, 15, 28]: [1, 1, 2, 1, 0, 0, 1, 0, 2, 2, 1]: 1
18_8: 0: [3, 5, 12, 13, 15, 29]: [2, 0, 2, 0, 0, 1, 1, 2, 1, 1, 2]: 2
19_0: 0: [1, 6, 9, 16, 24, 26]: [0, 0, 1, 2, 1, 0, 0, 2, 1, 0, 2]: 0
19_3: 0: [7, 12, 17, 23, 27, 31]: [1, 0, 2, 1, 2, 2, 3, 1, 1, 1, 2]: 2
19_4: 0: [4, 9, 14, 19, 24, 30]: [0, 1, 2, 0, 0, 2, 2, 3, 0, 1, 0]: 1
19_5: 0: [4, 9, 14, 19, 24, 29]: [0, 1, 1, 0, 1, 1, 2, 2, 0, 2, 1]: 0
19_6: 0: [1, 6, 10, 14, 21, 24]: [2, 1, 0, 1, 1, 0, 0, 1, 1, 3, 1]: 1
19_8: 0: [3, 9, 8, 16, 22, 29]: [1, 0, 1, 0, 1, 0, 1, 1, 1, 2, 2]: 0
19_9: 0: [3, 8, 9, 17, 22, 29]: [1, 2, 0, 0, 1, 1, 0, 2, 0, 2, 4]: 0
20_0: 0: [3, 7, 11, 15, 24, 25]: [1, 1, 0, 0, 3, 2, 1, 1, 1, 1, 0]: 2
20_2: 0: [5, 11, 18, 24, 28, 32]: [1, 1, 1, 2, 3, 0, 2, 1, 1, 0, 1]: 0
20_3: 0: [3, 8, 13, 20, 24, 29]: [2, 1, 3, 2, 0, 1, 2, 1, 1, 0, 1]: 0
20_4: 0: [3, 7, 12, 17, 23, 29]: [0, 1, 2, 0, 0, 1, 2, 2, 0, 1, 0]: 2
20_5: 0: [4, 9, 13, 18, 24, 29]: [0, 1, 1, 0, 1, 0, 2, 2, 0, 1, 1]: 0
20_9: 0: [3, 6, 11, 15, 21, 29]: [3, 1, 0, 2, 3, 2, 0, 2, 0, 2, 3]: 2
2_10: 0: [3, 6, 9, 18, 22, 29]: [1, 0, 2, 1, 1, 1, 3, 2, 1, 1, 1]: 0
3_10: 0: [3, 7, 11, 16, 22, 29]: [1, 1, 0, 1, 2, 1, 1, 3, 3, 1, 1]: 0
6_10: 0: [2, 7, 13, 17, 22, 28]: [2, 1, 1, 2, 1, 1, 1, 2, 1, 2, 2]: 0
8_10: 0: [1, 7, 9, 16, 22, 28]: [1, 1, 1, 1, 1, 1, 1, 2, 1, 1, 1]: 0
12_10: 0: [1, 7, 11, 17, 25, 27]: [1, 0, 1, 0, 1, 1, 2, 2, 0, 1, 2]: 1
13_10: 0: [1, 7, 12, 17, 24, 29]: [1, 0, 1, 0, 2, 2, 1, 1, 1, 0, 1]: 1
14_10: 0: [3, 7, 12, 18, 24, 29]: [3, 1, 1, 0, 0, 0, 0, 2, 2, 0, 1]: 1
15_10: 0: [3, 7, 11, 16, 23, 26]: [1, 0, 1, 1, 0, 1, 0, 2, 1, 1, 0]: 1
18_10: 0: [2, 6, 13, 17, 20, 28]: [1, 0, 0, 1, 1, 1, 2, 1, 1, 3, 1]: 0
20_10: 0: [3, 7, 11, 15, 24, 25]: [1, 1, 0, 0, 3, 2, 1, 1, 1, 1, 0]: 2
