continues1
1_7: 19: [6, 6, 15, 20, 21, 30]: [1, 1, 1, 1, 2, 1, 2, 1, 4, 1, 1, 2, 3, 2, 2, 1, 1, 2, 1]
9_7: 14: [2, 11, 17, 21, 28, 30]: [1, 2, 2, 2, 1, 3, 2, 1, 1, 1, 1, 1, 2, 3]
2_7: 13: [0, 7, 15, 21, 20, 30]: [2, 1, 1, 2, 1, 2, 1, 2, 2, 3, 2, 1, 2]
6_2: 13: [3, 13, 18, 21, 27, 29]: [2, 1, 1, 1, 2, 2, 1, 1, 1, 1, 1, 1, 1]
1_6: 11: [6, 9, 15, 19, 22, 28]: [1, 1, 1, 1, 1, 2, 1, 2, 3, 1, 1]
7_9: 11: [0, 7, 15, 17, 23, 29]: [2, 3, 2, 2, 2, 1, 1, 1, 1, 1, 1]
9_9: 11: [0, 8, 16, 19, 27, 30]: [2, 1, 2, 3, 2, 2, 2, 1, 2, 1, 1]
12_1: 11: [3, 12, 16, 22, 27, 30]: [2, 1, 1, 2, 1, 1, 1, 1, 1, 2, 1]
17_7: 11: [1, 2, 10, 20, 25, 33]: [1, 2, 1, 2, 1, 3, 2, 1, 1, 1, 1]
10_10: 11: [3, 13, 19, 23, 26, 32]: [2, 1, 1, 1, 1, 2, 1, 3, 1, 1, 2]
14_10: 11: [0, 7, 9, 16, 24, 31]: [2, 3, 1, 1, 2, 1, 2, 2, 1, 2, 3]
4_9: 10: [3, 6, 10, 12, 19, 32]: [1, 1, 1, 1, 1, 1, 3, 2, 1, 2]
8_6: 10: [7, 10, 20, 20, 25, 32]: [1, 2, 1, 1, 1, 2, 1, 1, 1, 2]
14_6: 10: [1, 12, 14, 21, 24, 30]: [1, 2, 1, 1, 2, 1, 2, 4, 1, 1]
11_9: 9: [0, 6, 12, 15, 22, 33]: [1, 2, 2, 2, 2, 1, 1, 1, 1]
4_1: 8: [2, 8, 12, 23, 27, 28]: [2, 1, 1, 2, 2, 1, 2, 1]
8_2: 8: [5, 11, 16, 21, 26, 30]: [1, 1, 1, 2, 3, 2, 2, 2]
10_9: 8: [3, 11, 18, 23, 29, 33]: [4, 2, 2, 2, 2, 2, 3, 1]
14_8: 8: [1, 7, 12, 16, 21, 28]: [2, 2, 1, 2, 1, 1, 2, 3]
16_10: 8: [3, 9, 16, 20, 25, 31]: [1, 1, 2, 1, 2, 1, 1, 2]
continues0
14_2: 3: [3, 9, 14, 20, 26, 29]: [0, 0, 0, 1, 0, 1, 1, 1, 0, 2, 1]
18_3: 3: [3, 11, 15, 20, 27, 30]: [0, 0, 0, 1, 2, 2, 1, 1, 0, 1, 2]
5_6: 2: [2, 12, 19, 20, 25, 34]: [0, 0, 1, 0, 0, 0, 0, 1, 1, 0, 1]
6_3: 2: [4, 11, 15, 19, 25, 29]: [0, 0, 1, 1, 1, 0, 1, 1, 2, 2, 1]
8_7: 2: [3, 5, 17, 18, 24, 32]: [0, 0, 1, 1, 1, 0, 1, 1, 1, 1, 0]
9_3: 2: [3, 8, 13, 19, 25, 30]: [0, 0, 1, 1, 1, 0, 1, 0, 1, 1, 1]
11_3: 2: [3, 9, 14, 19, 25, 29]: [0, 0, 2, 1, 1, 2, 2, 0, 2, 0, 1]
14_7: 2: [2, 8, 14, 18, 21, 29]: [0, 0, 3, 1, 0, 1, 2, 1, 1, 1, 1]
16_3: 2: [3, 10, 15, 19, 26, 29]: [0, 0, 1, 1, 1, 1, 2, 0, 1, 1, 1]
17_2: 2: [4, 10, 17, 22, 27, 31]: [0, 0, 1, 1, 2, 0, 3, 0, 1, 1, 1]
18_8: 2: [3, 11, 17, 17, 20, 29]: [0, 0, 1, 3, 1, 2, 1, 3, 0, 2, 0]
2_6: 1: [2, 12, 20, 25, 25, 31]: [0, 1, 0, 0, 2, 2, 0, 2, 0, 0, 0]
3_3: 1: [4, 10, 15, 20, 25, 29]: [0, 1, 3, 1, 1, 1, 4, 0, 1, 1, 2]
3_9: 1: [3, 6, 16, 18, 21, 32]: [0, 2, 0, 1, 2, 2, 2, 0, 1, 1, 1]
4_6: 1: [4, 9, 14, 19, 23, 30]: [0, 2, 2, 1, 1, 0, 1, 1, 0, 2, 2]
4_7: 1: [4, 6, 13, 15, 19, 31]: [0, 2, 4, 2, 1, 0, 1, 2, 1, 0, 1]
5_3: 1: [4, 9, 13, 18, 25, 29]: [0, 1, 1, 2, 2, 1, 1, 1, 3, 2, 1]
5_8: 1: [0, 8, 11, 15, 23, 30]: [0, 1, 0, 1, 0, 3, 1, 1, 1, 2, 1]
7_1: 1: [5, 12, 14, 21, 23, 29]: [0, 1, 3, 0, 1, 0, 1, 2, 3, 1, 1]
7_6: 1: [6, 9, 16, 22, 25, 30]: [0, 1, 2, 0, 1, 0, 1, 2, 1, 1, 1]
7_8: 1: [0, 5, 10, 14, 21, 28]: [0, 2, 2, 2, 4, 0, 2, 1, 1, 0, 2]
9_8: 1: [1, 10, 17, 20, 26, 31]: [0, 1, 1, 3, 2, 0, 4, 1, 0, 1, 1]
10_7: 1: [3, 12, 17, 24, 27, 33]: [0, 2, 2, 0, 0, 0, 0, 0, 0, 1, 0]
15_3: 1: [3, 9, 14, 19, 26, 30]: [0, 1, 0, 2, 1, 4, 1, 0, 2, 1, 0]
15_8: 1: [2, 10, 12, 17, 24, 31]: [0, 1, 1, 1, 0, 0, 1, 2, 1, 0, 1]
17_1: 1: [4, 11, 16, 21, 28, 32]: [0, 2, 2, 1, 1, 0, 3, 0, 0, 2, 1]
17_3: 1: [4, 10, 15, 20, 26, 30]: [0, 2, 1, 2, 1, 1, 0, 3, 1, 2, 1]
18_9: 1: [1, 7, 16, 16, 22, 32]: [0, 2, 1, 1, 3, 1, 1, 0, 0, 0, 2]
19_8: 1: [2, 4, 9, 14, 25, 29]: [0, 1, 1, 1, 0, 2, 3, 3, 0, 1, 2]
19_9: 1: [1, 5, 9, 15, 26, 29]: [0, 1, 0, 1, 1, 1, 0, 1, 1, 3, 2]
20_6: 1: [3, 10, 16, 16, 22, 31]: [0, 1, 1, 1, 2, 0, 0, 0, 2, 0, 1]
7_10: 1: [0, 7, 12, 16, 21, 27]: [0, 3, 1, 1, 1, 1, 1, 1, 1, 2, 2]
13_10: 1: [1, 7, 12, 18, 24, 30]: [0, 2, 1, 1, 2, 0, 2, 0, 0, 0, 1]
17_10: 1: [0, 7, 12, 19, 22, 31]: [0, 2, 0, 1, 2, 0, 2, 2, 2, 0, 1]
1_0: 0: [3, 10, 14, 20, 22, 29]: [1, 3, 1, 2, 3, 0, 2, 2, 3, 2, 1]
1_1: 0: [7, 10, 12, 18, 23, 28]: [2, 2, 1, 0, 3, 0, 2, 3, 2, 1, 1]
1_2: 0: [4, 11, 17, 21, 26, 28]: [1, 1, 2, 0, 2, 3, 1, 0, 1, 1, 1]
1_3: 0: [3, 10, 14, 20, 26, 30]: [1, 0, 1, 1, 2, 1, 2, 2, 3, 3, 3]
1_4: 0: [4, 9, 13, 18, 23, 28]: [1, 1, 1, 1, 1, 2, 1, 0, 1, 2, 1]
1_5: 0: [4, 9, 14, 19, 23, 29]: [0, 1, 2, 0, 1, 1, 2, 0, 1, 1, 0]
1_6: 0: [6, 9, 15, 19, 22, 28]: [1, 1, 1, 1, 1, 2, 1, 2, 3, 1, 1]
1_7: 0: [6, 6, 15, 20, 21, 30]: [1, 1, 1, 1, 2, 1, 2, 1, 4, 1, 1]
1_8: 0: [6, 6, 14, 19, 22, 31]: [1, 3, 1, 1, 1, 1, 1, 0, 1, 1, 0]
1_9: 0: [3, 8, 15, 20, 23, 30]: [2, 2, 1, 2, 2, 0, 2, 2, 3, 1, 2]
2_0: 0: [0, 9, 15, 21, 23, 30]: [1, 2, 2, 2, 0, 0, 3, 1, 1, 1, 1]
2_1: 0: [4, 11, 14, 21, 26, 28]: [1, 0, 2, 2, 2, 1, 3, 1, 0, 1, 1]
2_2: 0: [3, 11, 15, 19, 26, 30]: [1, 1, 1, 1, 0, 3, 1, 1, 1, 1, 1]
2_3: 0: [4, 9, 14, 19, 25, 30]: [1, 0, 2, 1, 0, 2, 2, 0, 0, 2, 0]
2_4: 0: [4, 8, 12, 18, 23, 28]: [0, 2, 1, 2, 2, 3, 1, 1, 0, 1, 0]
2_5: 0: [4, 9, 14, 19, 23, 29]: [0, 2, 1, 0, 0, 3, 3, 0, 1, 1, 0]
2_7: 0: [0, 7, 15, 21, 20, 30]: [2, 1, 1, 2, 1, 2, 1, 2, 2, 3, 2]
2_8: 0: [0, 8, 16, 21, 21, 29]: [2, 1, 1, 1, 0, 1, 2, 1, 1, 1, 2]
2_9: 0: [0, 8, 15, 21, 24, 30]: [2, 1, 1, 2, 0, 1, 2, 2, 0, 3, 1]
3_0: 0: [0, 4, 14, 15, 22, 30]: [2, 2, 0, 0, 1, 0, 2, 1, 0, 0, 0]
3_1: 0: [3, 8, 14, 19, 22, 27]: [1, 1, 1, 1, 0, 0, 1, 2, 1, 2, 1]
3_2: 0: [4, 11, 17, 22, 26, 28]: [1, 1, 1, 0, 1, 3, 0, 1, 0, 0, 1]
3_4: 0: [4, 9, 13, 18, 23, 28]: [0, 1, 1, 1, 2, 2, 1, 2, 2, 1, 2]
3_5: 0: [4, 9, 14, 19, 24, 29]: [0, 2, 2, 0, 1, 3, 3, 0, 1, 1, 1]
3_6: 0: [3, 8, 17, 16, 21, 32]: [1, 0, 2, 1, 2, 2, 0, 0, 0, 0, 0]
3_7: 0: [2, 7, 16, 14, 18, 30]: [1, 2, 2, 1, 0, 2, 0, 1, 0, 0, 2]
3_8: 0: [4, 6, 15, 14, 19, 31]: [2, 2, 1, 1, 2, 1, 2, 0, 1, 2, 2]
4_0: 0: [2, 8, 12, 15, 19, 30]: [1, 2, 2, 0, 0, 2, 0, 1, 2, 0, 2]
4_1: 0: [2, 8, 12, 23, 27, 28]: [2, 1, 1, 2, 2, 1, 2, 1, 0, 2, 1]
4_2: 0: [3, 10, 16, 21, 27, 30]: [1, 0, 0, 2, 0, 1, 1, 0, 1, 1, 2]
4_3: 0: [3, 9, 14, 18, 24, 29]: [1, 0, 0, 3, 2, 3, 1, 0, 2, 3, 2]
4_4: 0: [3, 8, 12, 17, 23, 28]: [0, 1, 1, 0, 2, 2, 0, 1, 1, 2, 0]
4_5: 0: [4, 9, 14, 18, 24, 29]: [0, 2, 1, 0, 1, 3, 2, 0, 1, 1, 1]
4_8: 0: [4, 7, 9, 11, 17, 31]: [1, 1, 0, 2, 0, 1, 0, 1, 0, 1, 3]
4_9: 0: [3, 6, 10, 12, 19, 32]: [1, 1, 1, 1, 1, 1, 3, 2, 1, 2, 0]
5_0: 0: [1, 8, 16, 16, 23, 32]: [2, 2, 1, 1, 0, 0, 0, 1, 0, 0, 1]
5_1: 0: [3, 9, 13, 20, 24, 27]: [2, 0, 3, 1, 1, 1, 0, 2, 1, 1, 1]
5_2: 0: [4, 10, 15, 21, 26, 29]: [2, 0, 0, 1, 4, 1, 1, 0, 1, 2, 2]
5_4: 0: [4, 9, 13, 18, 23, 29]: [0, 0, 2, 0, 2, 2, 1, 0, 0, 1, 2]
5_5: 0: [4, 9, 14, 19, 24, 29]: [0, 1, 2, 0, 1, 3, 1, 0, 0, 1, 2]
5_7: 0: [0, 9, 14, 19, 25, 32]: [1, 1, 1, 0, 1, 1, 1, 1, 1, 3, 1]
5_9: 0: [2, 10, 17, 20, 26, 31]: [2, 2, 1, 2, 1, 2, 0, 0, 1, 1, 0]
6_0: 0: [5, 12, 16, 22, 25, 31]: [1, 1, 2, 0, 1, 0, 2, 1, 0, 0, 1]
6_1: 0: [1, 9, 17, 23, 26, 28]: [1, 0, 1, 1, 1, 1, 1, 1, 0, 2, 0]
6_2: 0: [3, 13, 18, 21, 27, 29]: [2, 1, 1, 1, 2, 2, 1, 1, 1, 1, 1]
6_4: 0: [4, 9, 13, 18, 23, 28]: [0, 1, 0, 0, 1, 1, 0, 0, 1, 1, 1]
6_5: 0: [4, 9, 14, 19, 24, 29]: [0, 1, 1, 1, 0, 1, 3, 0, 0, 2, 1]
6_6: 0: [8, 15, 18, 24, 25, 30]: [1, 1, 0, 2, 1, 1, 1, 3, 0, 1, 0]
6_7: 0: [4, 10, 15, 21, 25, 31]: [3, 0, 1, 0, 2, 0, 2, 1, 0, 0, 1]
6_8: 0: [5, 8, 13, 19, 24, 31]: [1, 2, 1, 2, 2, 0, 0, 2, 1, 0, 0]
6_9: 0: [5, 8, 15, 20, 25, 31]: [1, 2, 1, 0, 3, 1, 1, 2, 0, 1, 1]
7_0: 0: [0, 7, 12, 16, 21, 27]: [0, 3, 1, 1, 1, 1, 1, 1, 1, 2, 2]
7_2: 0: [4, 10, 13, 18, 24, 29]: [2, 0, 2, 2, 3, 2, 1, 0, 0, 0, 0]
7_3: 0: [4, 10, 14, 18, 24, 29]: [2, 0, 1, 0, 1, 3, 1, 0, 3, 1, 3]
7_4: 0: [4, 9, 13, 18, 23, 28]: [0, 1, 1, 1, 2, 2, 0, 1, 1, 2, 1]
7_5: 0: [4, 9, 14, 19, 24, 29]: [1, 1, 1, 0, 0, 2, 2, 0, 1, 1, 1]
7_7: 0: [1, 7, 15, 20, 23, 30]: [1, 2, 0, 1, 2, 3, 0, 1, 0, 1, 3]
7_9: 0: [0, 7, 15, 17, 23, 29]: [2, 3, 2, 2, 2, 1, 1, 1, 1, 1, 1]
8_0: 0: [3, 8, 15, 18, 25, 32]: [1, 1, 1, 2, 0, 3, 1, 2, 0, 0, 0]
8_1: 0: [4, 9, 14, 18, 26, 26]: [2, 1, 1, 1, 3, 1, 0, 1, 2, 2, 1]
8_2: 0: [5, 11, 16, 21, 26, 30]: [1, 1, 1, 2, 3, 2, 2, 2, 0, 2, 2]
8_3: 0: [4, 10, 15, 19, 25, 29]: [3, 0, 0, 3, 2, 0, 2, 2, 2, 0, 1]
8_4: 0: [4, 9, 13, 18, 23, 28]: [1, 1, 1, 2, 1, 2, 0, 1, 1, 1, 1]
8_5: 0: [4, 9, 14, 19, 24, 28]: [0, 1, 2, 0, 0, 0, 1, 0, 0, 2, 1]
8_6: 0: [7, 10, 20, 20, 25, 32]: [1, 2, 1, 1, 1, 2, 1, 1, 1, 2, 0]
8_8: 0: [2, 4, 12, 16, 23, 31]: [1, 2, 0, 1, 2, 1, 0, 1, 0, 1, 1]
8_9: 0: [3, 4, 13, 17, 24, 31]: [1, 1, 1, 2, 2, 1, 1, 0, 1, 1, 2]
9_0: 0: [0, 9, 14, 17, 25, 30]: [1, 2, 2, 1, 1, 0, 0, 2, 2, 1, 1]
9_1: 0: [4, 8, 15, 21, 25, 30]: [1, 0, 2, 1, 2, 1, 1, 1, 2, 2, 0]
9_2: 0: [2, 9, 14, 18, 26, 30]: [1, 1, 0, 0, 1, 0, 1, 2, 1, 3, 0]
9_4: 0: [4, 8, 13, 18, 23, 29]: [1, 0, 1, 0, 0, 3, 2, 1, 0, 1, 1]
9_5: 0: [4, 9, 14, 19, 24, 29]: [0, 1, 1, 0, 0, 2, 2, 0, 1, 0, 0]
9_6: 0: [4, 15, 16, 20, 25, 29]: [2, 0, 1, 2, 1, 0, 1, 0, 2, 1, 0]
9_7: 0: [2, 11, 17, 21, 28, 30]: [1, 2, 2, 2, 1, 3, 2, 1, 1, 1, 1]
9_9: 0: [0, 8, 16, 19, 27, 30]: [2, 1, 2, 3, 2, 2, 2, 1, 2, 1, 1]
10_0: 0: [3, 13, 19, 23, 26, 32]: [2, 1, 1, 1, 1, 2, 1, 3, 1, 1, 2]
10_1: 0: [1, 7, 14, 21, 26, 29]: [2, 0, 3, 2, 0, 2, 2, 0, 2, 2, 1]
10_2: 0: [3, 11, 14, 18, 23, 27]: [3, 3, 0, 1, 0, 2, 2, 0, 1, 0, 1]
10_3: 0: [3, 9, 13, 18, 23, 29]: [1, 0, 1, 0, 1, 3, 3, 1, 2, 3, 1]
10_4: 0: [3, 8, 12, 18, 23, 28]: [2, 1, 2, 1, 1, 2, 0, 1, 2, 2, 1]
10_5: 0: [4, 9, 14, 19, 24, 29]: [0, 2, 2, 0, 1, 0, 3, 0, 1, 2, 0]
10_6: 0: [7, 13, 18, 23, 27, 32]: [1, 2, 3, 1, 0, 4, 0, 1, 1, 2, 1]
10_8: 0: [5, 13, 19, 24, 28, 34]: [1, 1, 1, 0, 1, 0, 1, 1, 1, 1, 2]
10_9: 0: [3, 11, 18, 23, 29, 33]: [4, 2, 2, 2, 2, 2, 3, 1, 0, 2, 3]
11_0: 0: [0, 8, 15, 17, 21, 29]: [1, 2, 2, 1, 2, 1, 0, 2, 1, 2, 1]
11_1: 0: [3, 13, 16, 22, 29, 29]: [1, 1, 1, 1, 0, 1, 2, 1, 1, 3, 1]
11_2: 0: [3, 12, 17, 22, 27, 29]: [2, 2, 1, 0, 2, 0, 2, 1, 1, 0, 1]
11_4: 0: [4, 9, 13, 18, 23, 28]: [1, 1, 1, 1, 1, 2, 0, 1, 0, 1, 1]
11_5: 0: [4, 9, 14, 19, 24, 28]: [0, 2, 1, 0, 0, 2, 2, 0, 1, 1, 3]
11_6: 0: [2, 10, 15, 23, 26, 29]: [1, 1, 1, 0, 4, 0, 0, 3, 2, 1, 0]
11_7: 0: [1, 7, 13, 20, 24, 30]: [1, 1, 0, 1, 0, 0, 0, 1, 1, 0, 0]
11_8: 0: [1, 7, 13, 20, 24, 30]: [3, 2, 1, 1, 2, 0, 0, 1, 2, 0, 0]
11_9: 0: [0, 6, 12, 15, 22, 33]: [1, 2, 2, 2, 2, 1, 1, 1, 1, 0, 0]
12_0: 0: [1, 9, 15, 20, 25, 31]: [1, 1, 1, 2, 0, 1, 0, 0, 1, 0, 0]
12_1: 0: [3, 12, 16, 22, 27, 30]: [2, 1, 1, 2, 1, 1, 1, 1, 1, 2, 1]
12_2: 0: [3, 12, 16, 20, 26, 30]: [1, 1, 2, 1, 1, 1, 1, 0, 0, 1, 0]
12_3: 0: [3, 11, 15, 19, 26, 29]: [3, 1, 0, 1, 2, 1, 1, 1, 2, 1, 1]
12_4: 0: [4, 9, 13, 18, 24, 28]: [1, 0, 2, 1, 0, 1, 1, 0, 0, 1, 1]
12_5: 0: [4, 9, 14, 19, 24, 29]: [0, 1, 2, 1, 0, 2, 3, 0, 0, 1, 0]
12_6: 0: [4, 12, 15, 24, 26, 31]: [1, 2, 2, 1, 0, 0, 1, 2, 1, 2, 0]
12_7: 0: [2, 10, 15, 19, 21, 31]: [2, 1, 2, 1, 1, 0, 0, 0, 0, 1, 0]
12_8: 0: [2, 9, 15, 17, 20, 29]: [1, 2, 0, 0, 1, 0, 3, 3, 0, 3, 1]
12_9: 0: [2, 8, 13, 20, 24, 30]: [2, 0, 1, 1, 1, 1, 2, 2, 0, 2, 1]
13_0: 0: [1, 7, 12, 18, 24, 30]: [0, 2, 1, 1, 2, 0, 2, 0, 0, 0, 1]
13_1: 0: [3, 10, 13, 22, 26, 30]: [2, 0, 2, 0, 2, 2, 1, 1, 1, 1, 0]
13_2: 0: [3, 13, 16, 20, 28, 30]: [2, 1, 0, 1, 0, 1, 2, 1, 1, 2, 2]
13_3: 0: [3, 10, 15, 21, 27, 29]: [2, 0, 2, 1, 1, 1, 2, 1, 2, 3, 1]
13_4: 0: [3, 8, 13, 18, 24, 29]: [1, 2, 2, 0, 0, 1, 1, 0, 1, 2, 1]
13_5: 0: [4, 9, 14, 19, 24, 28]: [0, 1, 2, 1, 1, 2, 2, 0, 0, 0, 2]
13_6: 0: [4, 9, 13, 15, 18, 33]: [1, 2, 1, 2, 1, 1, 0, 1, 0, 1, 2]
13_7: 0: [1, 7, 12, 14, 20, 32]: [2, 3, 1, 1, 1, 0, 1, 2, 0, 0, 1]
13_8: 0: [1, 6, 15, 15, 22, 30]: [2, 1, 1, 0, 0, 1, 0, 2, 0, 1, 2]
13_9: 0: [0, 7, 13, 16, 25, 33]: [2, 2, 1, 2, 1, 0, 0, 2, 2, 2, 2]
14_0: 0: [0, 7, 9, 16, 24, 31]: [2, 3, 1, 1, 2, 1, 2, 2, 1, 2, 3]
14_1: 0: [4, 10, 12, 20, 26, 30]: [2, 2, 3, 3, 2, 0, 0, 0, 0, 0, 0]
14_3: 0: [3, 9, 13, 20, 26, 29]: [2, 3, 1, 1, 1, 3, 1, 0, 0, 0, 1]
14_4: 0: [4, 9, 13, 18, 23, 28]: [1, 1, 1, 0, 2, 2, 1, 1, 0, 1, 1]
14_5: 0: [4, 9, 14, 19, 24, 29]: [1, 2, 2, 0, 0, 1, 2, 0, 0, 0, 1]
14_6: 0: [1, 12, 14, 21, 24, 30]: [1, 2, 1, 1, 2, 1, 2, 4, 1, 1, 0]
14_8: 0: [1, 7, 12, 16, 21, 28]: [2, 2, 1, 2, 1, 1, 2, 3, 0, 1, 3]
14_9: 0: [0, 8, 10, 16, 23, 31]: [1, 0, 0, 2, 3, 1, 0, 1, 1, 2, 3]
15_0: 0: [3, 9, 14, 19, 23, 30]: [2, 0, 2, 2, 1, 1, 0, 2, 0, 0, 2]
15_1: 0: [1, 4, 10, 20, 25, 27]: [1, 1, 1, 0, 2, 0, 1, 1, 1, 1, 1]
15_2: 0: [1, 7, 14, 20, 26, 29]: [1, 0, 1, 0, 2, 0, 0, 3, 0, 1, 2]
15_4: 0: [3, 8, 13, 18, 24, 28]: [0, 1, 1, 1, 1, 3, 1, 0, 0, 1, 0]
15_5: 0: [4, 9, 14, 19, 24, 29]: [0, 1, 2, 0, 1, 3, 3, 0, 0, 1, 1]
15_6: 0: [6, 18, 22, 25, 29, 32]: [1, 1, 0, 0, 0, 1, 2, 1, 1, 0, 0]
15_7: 0: [3, 11, 15, 20, 26, 31]: [2, 1, 1, 2, 0, 1, 0, 1, 0, 1, 2]
15_9: 0: [3, 10, 15, 21, 26, 33]: [2, 2, 1, 1, 1, 2, 3, 0, 0, 3, 2]
16_0: 0: [3, 9, 16, 20, 25, 31]: [1, 1, 2, 1, 2, 1, 1, 2, 0, 2, 0]
16_1: 0: [2, 7, 11, 17, 25, 29]: [2, 2, 0, 2, 2, 1, 1, 1, 1, 2, 1]
16_2: 0: [5, 11, 18, 20, 26, 29]: [2, 2, 0, 0, 0, 1, 1, 0, 1, 1, 1]
16_4: 0: [4, 9, 13, 18, 23, 28]: [2, 1, 2, 0, 2, 2, 1, 0, 2, 1, 2]
16_5: 0: [4, 9, 14, 18, 24, 29]: [0, 1, 2, 1, 0, 2, 2, 0, 1, 1, 2]
16_6: 0: [6, 13, 19, 21, 25, 33]: [2, 2, 1, 0, 1, 0, 0, 1, 1, 0, 1]
16_7: 0: [2, 6, 11, 14, 17, 30]: [2, 3, 0, 2, 1, 1, 0, 3, 2, 1, 1]
16_8: 0: [1, 5, 9, 13, 19, 31]: [1, 0, 1, 1, 1, 1, 2, 0, 0, 2, 2]
16_9: 0: [2, 7, 14, 17, 22, 32]: [2, 0, 2, 1, 1, 1, 2, 0, 0, 0, 2]
17_0: 0: [0, 7, 12, 19, 22, 31]: [0, 2, 0, 1, 2, 0, 2, 2, 2, 0, 1]
17_4: 0: [3, 8, 12, 17, 23, 28]: [1, 1, 1, 1, 1, 2, 1, 0, 1, 1, 1]
17_5: 0: [4, 9, 14, 19, 24, 29]: [0, 1, 2, 1, 1, 2, 3, 0, 0, 1, 0]
17_6: 0: [2, 3, 14, 24, 28, 30]: [1, 2, 0, 4, 0, 0, 3, 2, 1, 1, 1]
17_7: 0: [1, 2, 10, 20, 25, 33]: [1, 2, 1, 2, 1, 3, 2, 1, 1, 1, 1]
17_8: 0: [0, 3, 8, 17, 24, 32]: [2, 0, 2, 2, 1, 2, 1, 3, 0, 1, 0]
17_9: 0: [1, 7, 11, 19, 24, 34]: [2, 1, 0, 2, 1, 0, 2, 1, 0, 0, 1]
18_0: 0: [1, 8, 19, 18, 26, 32]: [1, 0, 1, 2, 2, 1, 0, 1, 1, 0, 1]
18_1: 0: [2, 11, 13, 17, 25, 28]: [2, 0, 2, 0, 1, 0, 0, 3, 2, 2, 1]
18_2: 0: [4, 11, 18, 23, 28, 30]: [1, 2, 0, 1, 0, 0, 2, 2, 0, 2, 1]
18_4: 0: [3, 8, 13, 18, 24, 28]: [1, 1, 1, 2, 1, 2, 2, 0, 1, 1, 0]
18_5: 0: [4, 9, 14, 19, 24, 29]: [1, 2, 2, 0, 1, 2, 3, 0, 0, 1, 0]
18_6: 0: [4, 12, 17, 19, 22, 30]: [1, 1, 0, 1, 2, 0, 2, 2, 1, 0, 1]
18_7: 0: [1, 9, 18, 19, 20, 29]: [1, 3, 0, 2, 1, 0, 2, 0, 1, 1, 0]
19_0: 0: [2, 6, 12, 16, 24, 28]: [1, 1, 1, 2, 2, 0, 1, 1, 1, 0, 2]
19_1: 0: [5, 13, 18, 23, 25, 28]: [1, 1, 2, 0, 2, 1, 2, 0, 2, 3, 1]
19_2: 0: [5, 13, 18, 21, 27, 31]: [2, 3, 2, 1, 1, 2, 1, 0, 0, 1, 1]
19_3: 0: [4, 10, 14, 19, 25, 29]: [2, 0, 4, 2, 1, 1, 1, 0, 2, 1, 0]
19_4: 0: [4, 10, 14, 19, 24, 29]: [1, 1, 2, 0, 2, 4, 0, 0, 2, 1, 1]
19_5: 0: [4, 9, 15, 19, 24, 29]: [0, 2, 2, 0, 0, 3, 3, 0, 0, 1, 0]
19_6: 0: [3, 8, 14, 18, 23, 31]: [1, 2, 2, 1, 1, 2, 0, 2, 2, 1, 0]
19_7: 0: [2, 4, 9, 15, 25, 27]: [1, 2, 1, 0, 2, 1, 1, 0, 0, 2, 2]
20_0: 0: [0, 11, 16, 17, 21, 29]: [1, 3, 1, 2, 1, 0, 2, 1, 2, 1, 0]
20_1: 0: [2, 10, 15, 24, 28, 29]: [1, 1, 2, 1, 0, 2, 2, 1, 1, 4, 0]
20_2: 0: [5, 12, 17, 21, 28, 30]: [2, 1, 1, 1, 1, 1, 1, 0, 1, 0, 0]
20_3: 0: [4, 10, 15, 20, 27, 30]: [1, 0, 1, 1, 0, 0, 2, 2, 1, 1, 1]
20_4: 0: [4, 9, 13, 18, 24, 29]: [1, 0, 2, 1, 2, 2, 1, 0, 1, 2, 1]
20_5: 0: [4, 9, 14, 19, 24, 29]: [0, 1, 2, 0, 1, 2, 3, 0, 0, 2, 1]
20_7: 0: [0, 8, 11, 15, 19, 30]: [1, 3, 3, 0, 3, 1, 2, 2, 0, 1, 0]
20_8: 0: [0, 7, 8, 11, 19, 30]: [2, 3, 2, 2, 3, 0, 0, 1, 0, 0, 1]
20_9: 0: [0, 7, 11, 14, 20, 28]: [1, 1, 3, 1, 1, 1, 0, 1, 0, 1, 1]
1_10: 0: [3, 10, 14, 20, 22, 29]: [1, 3, 1, 2, 3, 0, 2, 2, 3, 2, 1]
2_10: 0: [0, 9, 15, 21, 23, 30]: [1, 2, 2, 2, 0, 0, 3, 1, 1, 1, 1]
3_10: 0: [0, 4, 14, 15, 22, 30]: [2, 2, 0, 0, 1, 0, 2, 1, 0, 0, 0]
4_10: 0: [2, 8, 12, 15, 19, 30]: [1, 2, 2, 0, 0, 2, 0, 1, 2, 0, 2]
5_10: 0: [1, 8, 16, 16, 23, 32]: [2, 2, 1, 1, 0, 0, 0, 1, 0, 0, 1]
6_10: 0: [5, 12, 16, 22, 25, 31]: [1, 1, 2, 0, 1, 0, 2, 1, 0, 0, 1]
8_10: 0: [3, 8, 15, 18, 25, 32]: [1, 1, 1, 2, 0, 3, 1, 2, 0, 0, 0]
9_10: 0: [0, 9, 14, 17, 25, 30]: [1, 2, 2, 1, 1, 0, 0, 2, 2, 1, 1]
10_10: 0: [3, 13, 19, 23, 26, 32]: [2, 1, 1, 1, 1, 2, 1, 3, 1, 1, 2]
11_10: 0: [0, 8, 15, 17, 21, 29]: [1, 2, 2, 1, 2, 1, 0, 2, 1, 2, 1]
12_10: 0: [1, 9, 15, 20, 25, 31]: [1, 1, 1, 2, 0, 1, 0, 0, 1, 0, 0]
14_10: 0: [0, 7, 9, 16, 24, 31]: [2, 3, 1, 1, 2, 1, 2, 2, 1, 2, 3]
15_10: 0: [3, 9, 14, 19, 23, 30]: [2, 0, 2, 2, 1, 1, 0, 2, 0, 0, 2]
16_10: 0: [3, 9, 16, 20, 25, 31]: [1, 1, 2, 1, 2, 1, 1, 2, 0, 2, 0]
18_10: 0: [1, 8, 19, 18, 26, 32]: [1, 0, 1, 2, 2, 1, 0, 1, 1, 0, 1]
19_10: 0: [2, 6, 12, 16, 24, 28]: [1, 1, 1, 2, 2, 0, 1, 1, 1, 0, 2]
20_10: 0: [0, 11, 16, 17, 21, 29]: [1, 3, 1, 2, 1, 0, 2, 1, 2, 1, 0]
