30
row3
100_5___7__    10   1  [3, 8, 1, 0, 0, 3, 1, 1, 1, 0]  (5, 10)
100_2___7__    8   1  [5, 0, 4, 3, 0, 7, 1, 0]  (6, 10)
100_3___7__    8   1  [11, 2, 0, 0, 3, 3, 1, 0]  (5, 10)
100_4___7__    8   1  [3, 7, 2, 0, 0, 7, 1, 0]  (6, 10)
200_5___7__    8   1  [3, 7, 2, 0, 0, 7, 1, 0]  (7, 10)
300_2___7__    8   5  [1, 6, 0, 1, 0, 7, 1, 0]  (6, 10)
100_1___7__    7   1  [12, 1, 0, 0, 7, 1, 0]  (8, 10)
200_1___7__    7   0  [12, 0, 2, 0, 7, 1, 0]  (5, 10)
200_2___7__    7   0  [12, 0, 2, 0, 7, 1, 0]  (4, 10)
200_3___7__    7   10  [2, 2, 0, 0, 7, 1, 0]  (6, 10)
200_4___7__    7   5  [7, 2, 0, 0, 5, 3, 0]  (6, 10)
300_1___7__    7   5  [7, 0, 2, 0, 7, 1, 0]  (7, 10)
300_3___7__    7   5  [1, 7, 1, 0, 7, 1, 0]  (5, 10)
300_5___7__    6   5  [1, 9, 0, 7, 1, 0]  (6, 10)
300_4___7__    5   5  [1, 9, 0, 9, 0]  (6, 10)
part_in:(4, 7), all_in:(8, 10), all_out:(4, 10)
gap25
100_5___13__    10   0  [1, 0, 1, 2, 3, 2, 2, 5, 2, 1]  (12, 19)
200_5___13__    9   0  [1, 0, 1, 2, 9, 4, 2, 0, 1]  (14, 19)
300_3___13__    9   2  [0, 4, 1, 4, 2, 4, 1, 1, 1]  (18, 19)
100_4___13__    8   2  [0, 4, 1, 4, 2, 7, 0, 1]  (13, 19)
100_1___13__    7   2  [0, 4, 1, 7, 7, 0, 1]  (15, 19)
100_2___13__    7   2  [0, 4, 6, 2, 1, 6, 1]  (15, 19)
200_1___13__    7   2  [0, 4, 5, 3, 7, 0, 1]  (12, 19)
200_2___13__    7   2  [0, 4, 1, 7, 7, 0, 1]  (10, 19)
200_3___13__    7   2  [0, 4, 6, 2, 4, 3, 1]  (12, 19)
300_2___13__    7   2  [0, 4, 1, 4, 2, 6, 3]  (18, 19)
300_4___13__    7   2  [0, 4, 1, 7, 6, 1, 1]  (19, 19)
300_1___13__    6   2  [5, 1, 7, 6, 1, 1]  (19, 19)
300_5___13__    6   2  [0, 4, 3, 12, 1, 1]  (17, 19)
100_3___13__    5   2  [0, 4, 9, 8, 1]  (15, 19)
200_4___13__    5   2  [0, 4, 9, 8, 1]  (13, 19)
part_in:(10, 17), all_in:(18, 19), all_out:(10, 19)
gap45
100_5___18__    11   2  [0, 1, 4, 1, 0, 2, 5, 0, 0, 2, 1]  (2, 11)
100_2___18__    10   2  [2, 2, 1, 1, 0, 6, 1, 0, 3, 1]  (4, 11)
200_1___18__    10   2  [2, 2, 3, 0, 0, 7, 0, 2, 0, 1]  (4, 11)
200_3___18__    10   2  [1, 0, 2, 3, 0, 2, 5, 0, 3, 1]  (2, 11)
200_4___18__    10   2  [2, 2, 3, 0, 2, 2, 1, 0, 4, 1]  (2, 11)
200_5___18__    10   2  [0, 1, 2, 3, 0, 2, 5, 0, 3, 1]  (2, 11)
300_4___18__    10   2  [0, 1, 1, 4, 0, 2, 4, 0, 4, 1]  (6, 11)
300_5___18__    10   2  [0, 1, 2, 3, 0, 6, 0, 0, 4, 1]  (6, 11)
100_1___18__    9   2  [2, 2, 1, 1, 0, 1, 6, 0, 5]  (6, 11)
100_3___18__    9   2  [2, 4, 1, 0, 2, 5, 0, 3, 1]  (2, 11)
200_2___18__    9   2  [1, 0, 2, 3, 0, 8, 0, 3, 1]  (2, 11)
100_4___18__    8   2  [2, 4, 1, 0, 2, 5, 4, 1]  (2, 11)
300_3___18__    8   2  [2, 1, 4, 0, 2, 5, 4, 1]  (5, 11)
300_2___18__    6   2  [2, 2, 3, 0, 13, 1]  (6, 11)
300_1___18__    5   2  [2, 6, 0, 13, 1]  (7, 11)
part_in:(2, 5), all_in:(6, 11), all_out:(2, 11)
blue
100_3___22__    13   1  [1, 3, 1, 2, 0, 0, 3, 0, 2, 1, 0, 2, 0]  (6, 7)
100_2___22__    12   1  [1, 5, 2, 0, 0, 3, 0, 4, 0, 1, 0, 0]  (6, 7)
100_1___22__    11   1  [1, 3, 1, 2, 0, 0, 3, 0, 4, 0, 3]  (6, 8)
100_4___22__    11   1  [1, 3, 1, 2, 0, 0, 3, 0, 4, 0, 3]  (6, 7)
100_5___22__    11   1  [3, 1, 1, 2, 0, 0, 3, 0, 4, 0, 3]  (6, 8)
200_4___22__    11   0  [0, 1, 3, 1, 2, 0, 0, 3, 0, 5, 3]  (6, 11)
200_5___22__    11   1  [1, 1, 1, 1, 3, 0, 3, 0, 4, 0, 3]  (6, 7)
300_3___22__    11   1  [1, 5, 2, 0, 0, 3, 0, 4, 0, 2, 0]  (2, 6)
300_5___22__    11   1  [1, 3, 1, 2, 0, 0, 3, 0, 4, 0, 3]  (5, 6)
300_4___22__    10   1  [1, 3, 1, 3, 0, 3, 0, 4, 0, 3]  (4, 6)
200_1___22__    9   1  [1, 3, 1, 2, 0, 5, 5, 1, 1]  (6, 9)
200_3___22__    9   1  [1, 4, 0, 3, 0, 3, 0, 5, 3]  (6, 11)
300_2___22__    7   1  [11, 4, 0, 4, 0, 2, 0]  (3, 6)
300_1___22__    6   1  [7, 3, 4, 5, 0, 3]  (4, 6)
200_2___22__    5   1  [1, 9, 5, 5, 3]  (6, 10)
part_in:(2, 11), all_in:(6, 6), all_out:(2, 11)
sum_all
300_4___9__    13   2  [2, 1, 0, 0, 1, 2, 0, 2, 2, 0, 1, 2, 1]  (77, 95)
200_5___9__    12   2  [2, 2, 0, 1, 2, 0, 1, 0, 3, 2, 1, 1]  (77, 98)
300_3___9__    12   5  [2, 0, 1, 2, 0, 2, 3, 0, 0, 0, 1, 1]  (77, 100)
300_5___9__    12   2  [2, 3, 1, 2, 0, 2, 0, 1, 0, 2, 1, 1]  (77, 92)
200_1___9__    11   5  [3, 1, 2, 1, 0, 0, 3, 2, 1, 0, 0]  (77, 83)
200_2___9__    10   5  [2, 2, 2, 1, 1, 3, 0, 1, 1, 1]  (77, 87)
100_1___9__    9   5  [3, 1, 1, 1, 1, 0, 3, 0, 5]  (74, 77)
200_3___9__    9   5  [2, 2, 2, 0, 2, 3, 2, 1, 1]  (77, 88)
200_4___9__    9   5  [2, 0, 1, 2, 0, 2, 3, 4, 1]  (77, 97)
100_3___9__    8   5  [3, 1, 2, 0, 6, 0, 3, 1]  (77, 87)
100_5___9__    8   5  [3, 1, 2, 0, 3, 2, 4, 1]  (77, 79)
300_2___9__    8   5  [1, 3, 3, 2, 4, 3, 0, 0]  (77, 102)
100_2___9__    7   5  [5, 3, 2, 3, 0, 3, 1]  (77, 86)
100_4___9__    6   5  [5, 2, 0, 6, 4, 1]  (77, 80)
300_1___9__    6   5  [5, 3, 2, 4, 3, 1]  (77, 99)
part_in:(74, 102), all_in:(77, 77), all_out:(74, 102)
row2
300_3___6__    12   4  [0, 1, 2, 0, 1, 1, 0, 0, 6, 1, 0, 1]  (9, 12)
100_3___6__    11   4  [0, 1, 3, 1, 2, 0, 4, 1, 1, 0, 1]  (9, 11)
300_4___6__    11   4  [0, 1, 2, 0, 1, 2, 0, 6, 1, 0, 1]  (9, 11)
100_1___6__    10   1  [2, 0, 5, 1, 2, 0, 6, 1, 0, 1]  (9, 10)
100_2___6__    10   4  [0, 1, 3, 1, 2, 0, 2, 3, 1, 2]  (9, 11)
200_1___6__    10   0  [3, 6, 1, 2, 0, 1, 4, 1, 0, 1]  (9, 12)
200_2___6__    10   0  [3, 0, 1, 3, 4, 0, 6, 1, 0, 1]  (9, 13)
200_3___6__    10   0  [3, 0, 1, 2, 5, 0, 6, 1, 0, 1]  (9, 10)
300_2___6__    10   4  [0, 1, 3, 1, 1, 0, 0, 8, 0, 1]  (9, 11)
300_5___6__    10   4  [0, 1, 3, 1, 2, 0, 6, 1, 0, 1]  (9, 11)
100_4___6__    9   4  [0, 5, 1, 2, 0, 6, 1, 0, 1]  (9, 11)
100_5___6__    9   4  [0, 5, 1, 2, 0, 6, 1, 0, 1]  (9, 12)
200_4___6__    9   4  [0, 5, 1, 2, 0, 6, 1, 0, 1]  (9, 9)
200_5___6__    9   4  [0, 5, 1, 2, 0, 6, 1, 0, 1]  (9, 9)
300_1___6__    7   4  [0, 4, 0, 4, 0, 8, 2]  (9, 11)
part_in:(11, 13), all_in:(9, 10), all_out:(9, 13)
sum16
200_2___10__    13   5  [1, 0, 2, 1, 0, 0, 0, 2, 3, 1, 1, 0, 0]  (27, 32)
200_5___10__    12   5  [1, 0, 0, 1, 1, 0, 0, 3, 3, 1, 1, 1]  (27, 35)
300_3___10__    12   5  [1, 0, 0, 1, 1, 0, 1, 2, 3, 1, 1, 1]  (27, 35)
300_4___10__    12   5  [1, 0, 0, 1, 2, 1, 2, 1, 1, 1, 1, 1]  (27, 34)
300_5___10__    12   2  [2, 1, 0, 0, 1, 1, 0, 4, 3, 1, 1, 1]  (27, 35)
100_1___10__    11   5  [1, 1, 1, 2, 0, 0, 0, 1, 7, 0, 0]  (27, 28)
100_3___10__    11   5  [1, 0, 2, 1, 0, 1, 2, 3, 3, 0, 0]  (27, 32)
100_5___10__    11   5  [1, 0, 0, 1, 1, 0, 4, 3, 3, 0, 0]  (27, 33)
200_1___10__    11   5  [1, 1, 1, 2, 0, 0, 2, 3, 1, 1, 1]  (27, 31)
200_3___10__    11   5  [1, 0, 2, 2, 0, 3, 3, 1, 1, 0, 0]  (27, 33)
200_4___10__    11   5  [1, 0, 0, 1, 1, 5, 3, 1, 1, 0, 0]  (27, 34)
100_4___10__    10   5  [1, 0, 2, 1, 0, 4, 3, 3, 0, 0]  (27, 31)
300_2___10__    9   5  [1, 3, 1, 0, 1, 2, 5, 1, 1]  (27, 36)
100_2___10__    8   5  [1, 3, 1, 2, 2, 7, 0, 0]  (27, 31)
300_1___10__    7   5  [1, 1, 1, 4, 2, 7, 1]  (27, 35)
part_in:(29, 36), all_in:(27, 28), all_out:(27, 36)
sum25
300_4___12__    13   2  [2, 1, 1, 1, 2, 1, 1, 0, 1, 1, 0, 3, 0]  (27, 31)
100_1___12__    12   2  [2, 3, 1, 1, 0, 1, 0, 0, 3, 0, 4, 0]  (20, 27)
300_3___12__    12   2  [2, 1, 1, 1, 1, 0, 1, 1, 4, 0, 3, 0]  (27, 32)
100_3___12__    11   2  [2, 3, 0, 0, 1, 0, 1, 2, 3, 4, 0]  (23, 27)
100_2___12__    10   2  [2, 4, 0, 1, 2, 1, 2, 1, 4, 0]  (23, 27)
200_1___12__    10   5  [3, 1, 1, 0, 1, 1, 2, 0, 5, 0]  (26, 27)
300_2___12__    10   5  [1, 1, 1, 1, 2, 1, 3, 0, 4, 0]  (27, 33)
300_5___12__    10   2  [2, 3, 1, 1, 0, 3, 0, 1, 6, 0]  (27, 30)
300_1___12__    9   5  [3, 1, 1, 4, 3, 0, 0, 3, 0]  (27, 32)
100_4___12__    8   2  [2, 3, 1, 1, 0, 4, 1, 7]  (20, 27)
200_2___12__    8   11  [1, 0, 1, 1, 2, 1, 4, 0]  (26, 27)
200_3___12__    8   2  [2, 3, 1, 1, 0, 3, 9, 0]  (25, 27)
200_4___12__    8   2  [2, 3, 1, 1, 0, 3, 9, 0]  (27, 28)
200_5___12__    8   2  [2, 3, 1, 1, 0, 3, 9, 0]  (27, 28)
100_5___12__    7   2  [2, 3, 1, 1, 0, 4, 9]  (20, 27)
part_in:(20, 33), all_in:(27, 27), all_out:(20, 33)
gap23
300_3___16__    12   6  [2, 0, 0, 2, 2, 1, 1, 0, 1, 0, 1, 1]  (3, 7)
300_2___16__    11   6  [2, 0, 0, 1, 0, 2, 3, 0, 1, 0, 3]  (6, 7)
100_2___16__    10   6  [2, 0, 0, 2, 2, 3, 0, 1, 0, 3]  (6, 7)
100_3___16__    10   6  [2, 0, 0, 2, 4, 1, 2, 0, 1, 1]  (6, 7)
100_5___16__    10   6  [2, 0, 0, 2, 4, 1, 2, 0, 1, 1]  (4, 7)
200_4___16__    10   6  [0, 1, 0, 0, 9, 1, 0, 0, 1, 1]  (6, 7)
200_5___16__    10   6  [0, 1, 0, 0, 6, 2, 2, 0, 1, 1]  (7, 8)
300_4___16__    10   6  [2, 0, 0, 2, 6, 0, 0, 1, 1, 1]  (3, 7)
100_1___16__    9   6  [2, 0, 0, 2, 4, 1, 2, 0, 3]  (6, 7)
100_4___16__    9   6  [2, 0, 0, 2, 6, 2, 0, 1, 1]  (5, 7)
200_1___16__    9   6  [0, 1, 0, 0, 5, 3, 2, 0, 3]  (5, 7)
200_3___16__    9   6  [2, 0, 0, 5, 3, 2, 0, 1, 1]  (6, 7)
300_5___16__    9   6  [2, 0, 0, 2, 4, 1, 2, 0, 3]  (2, 7)
200_2___16__    8   6  [2, 0, 0, 5, 3, 2, 0, 3]  (4, 7)
300_1___16__    7   6  [2, 0, 6, 3, 2, 0, 3]  (6, 7)
part_in:(2, 8), all_in:(7, 7), all_out:(2, 8)
blue_sort
200_3___23__    13   2  [0, 0, 0, 4, 1, 2, 1, 0, 0, 2, 1, 0, 3]  (5, 12)
200_2___23__    12   2  [0, 6, 1, 2, 0, 0, 0, 0, 2, 1, 0, 3]  (5, 13)
200_4___23__    12   2  [0, 0, 0, 4, 1, 2, 1, 1, 2, 1, 0, 3]  (5, 10)
100_3___23__    11   3  [0, 0, 3, 0, 1, 4, 1, 2, 1, 0, 3]  (5, 8)
100_4___23__    11   3  [0, 0, 6, 2, 1, 1, 2, 1, 0, 2, 0]  (5, 9)
200_5___23__    11   2  [0, 0, 0, 6, 2, 1, 1, 4, 0, 0, 2]  (5, 8)
100_2___23__    10   3  [0, 0, 4, 1, 4, 1, 4, 0, 2, 0]  (5, 8)
300_3___23__    10   5  [4, 1, 0, 1, 1, 1, 1, 2, 0, 3]  (5, 12)
300_4___23__    10   4  [0, 4, 1, 2, 1, 1, 1, 2, 0, 3]  (5, 12)
100_5___23__    9   4  [0, 6, 2, 1, 1, 2, 1, 0, 3]  (5, 10)
200_1___23__    8   2  [7, 1, 2, 1, 1, 4, 0, 3]  (5, 13)
300_2___23__    8   5  [6, 2, 1, 1, 1, 2, 0, 3]  (5, 12)
100_1___23__    7   3  [0, 7, 4, 1, 4, 0, 3]  (5, 7)
300_1___23__    7   4  [5, 1, 4, 1, 4, 0, 3]  (5, 11)
300_5___23__    7   5  [6, 4, 1, 1, 2, 0, 3]  (5, 9)
part_in:(8, 13), all_in:(5, 7), all_out:(5, 13)
less8
100_2___2__    13   1  [2, 1, 0, 1, 2, 1, 4, 0, 1, 1, 1, 1, 0]  (5, 8)
100_3___2__    12   1  [4, 0, 1, 2, 5, 0, 0, 1, 1, 1, 1, 0]  (5, 8)
100_4___2__    12   1  [4, 2, 2, 1, 3, 0, 0, 1, 1, 1, 1, 0]  (5, 8)
100_5___2__    12   1  [3, 0, 2, 2, 1, 4, 0, 1, 1, 1, 1, 0]  (5, 8)
300_4___2__    12   1  [1, 2, 0, 1, 2, 6, 0, 1, 1, 1, 1, 0]  (5, 8)
200_4___2__    11   1  [7, 2, 3, 2, 0, 0, 0, 1, 1, 1, 0]  (4, 8)
200_5___2__    11   1  [1, 1, 0, 2, 2, 7, 1, 1, 1, 1, 0]  (3, 8)
300_5___2__    11   1  [1, 1, 0, 2, 4, 4, 0, 1, 1, 3, 0]  (5, 8)
300_1___2__    10   1  [4, 2, 2, 1, 4, 0, 1, 1, 3, 0]  (5, 8)
300_2___2__    10   1  [4, 2, 2, 1, 4, 0, 1, 1, 3, 0]  (5, 8)
100_1___2__    9   1  [2, 4, 2, 6, 0, 3, 1, 1, 0]  (4, 8)
200_1___2__    9   1  [2, 4, 2, 6, 0, 1, 1, 3, 0]  (5, 8)
200_3___2__    9   1  [7, 2, 6, 0, 1, 1, 1, 1, 0]  (4, 8)
300_3___2__    9   3  [2, 0, 1, 9, 0, 1, 1, 3, 0]  (5, 8)
200_2___2__    8   1  [7, 2, 7, 1, 1, 1, 1, 0]  (5, 8)
part_in:(3, 4), all_in:(5, 8), all_out:(3, 8)
gap16
100_3___11__    13   0  [0, 1, 2, 3, 1, 0, 2, 2, 0, 2, 0, 2, 1]  (23, 29)
100_4___11__    12   1  [1, 2, 3, 1, 0, 2, 2, 0, 2, 0, 2, 1]  (23, 28)
100_5___11__    12   1  [1, 1, 0, 3, 2, 2, 2, 0, 2, 0, 2, 1]  (23, 30)
200_1___11__    12   1  [0, 0, 2, 3, 1, 1, 1, 1, 1, 2, 3, 1]  (22, 23)
200_2___11__    12   1  [1, 2, 3, 1, 0, 2, 1, 1, 2, 0, 2, 1]  (23, 24)
200_4___11__    11   1  [1, 2, 3, 1, 0, 2, 3, 2, 0, 2, 1]  (23, 25)
200_5___11__    11   1  [1, 2, 3, 1, 0, 2, 3, 2, 0, 2, 1]  (23, 27)
300_3___11__    11   0  [2, 2, 3, 1, 0, 1, 0, 6, 0, 2, 1]  (23, 28)
300_5___11__    11   1  [1, 1, 0, 3, 2, 2, 3, 2, 0, 2, 1]  (23, 29)
100_2___11__    10   0  [2, 2, 3, 1, 0, 6, 2, 0, 2, 1]  (23, 28)
300_1___11__    10   0  [0, 1, 2, 3, 1, 0, 1, 7, 3, 1]  (23, 28)
300_2___11__    10   0  [0, 1, 2, 3, 1, 0, 1, 7, 3, 1]  (23, 28)
300_4___11__    10   0  [0, 1, 2, 3, 1, 0, 6, 2, 3, 1]  (23, 27)
200_3___11__    9   1  [1, 6, 2, 1, 4, 2, 0, 2, 1]  (23, 26)
100_1___11__    8   3  [6, 1, 3, 3, 2, 0, 2, 1]  (23, 28)
part_in:(22, 30), all_in:(23, 23), all_out:(22, 30)
sum34
200_2___14__    12   1  [3, 2, 3, 4, 0, 3, 0, 0, 0, 0, 0, 1]  (23, 28)
200_5___14__    11   5  [1, 0, 2, 0, 2, 2, 3, 1, 1, 0, 1]  (23, 34)
300_2___14__    11   5  [2, 2, 0, 1, 0, 2, 4, 1, 0, 0, 1]  (23, 32)
300_3___14__    11   5  [2, 2, 0, 4, 0, 3, 0, 1, 0, 0, 1]  (23, 30)
100_3___14__    10   5  [2, 2, 0, 2, 1, 4, 0, 2, 0, 1]  (23, 26)
100_4___14__    10   1  [3, 2, 2, 0, 2, 6, 1, 1, 0, 1]  (22, 23)
200_3___14__    10   2  [2, 2, 2, 0, 4, 0, 3, 3, 0, 1]  (23, 30)
300_4___14__    10   5  [2, 2, 0, 2, 2, 2, 0, 3, 0, 1]  (23, 28)
300_5___14__    10   1  [3, 1, 0, 3, 2, 5, 0, 3, 0, 1]  (23, 26)
100_1___14__    9   2  [2, 1, 0, 3, 9, 0, 0, 1, 2]  (20, 23)
100_2___14__    9   5  [2, 3, 2, 6, 0, 0, 1, 0, 1]  (23, 24)
100_5___14__    9   5  [2, 0, 2, 2, 6, 1, 1, 0, 1]  (22, 23)
200_1___14__    9   5  [1, 0, 2, 0, 5, 6, 0, 0, 1]  (23, 27)
200_4___14__    9   5  [1, 0, 2, 0, 2, 6, 3, 0, 1]  (23, 34)
300_1___14__    8   5  [2, 2, 0, 1, 3, 7, 0, 1]  (23, 30)
part_in:(20, 34), all_in:(23, 23), all_out:(20, 34)
ball_column
300_3___21__    13   5  [1, 4, 0, 1, 1, 0, 0, 1, 0, 3, 0, 0, 0]  (3, 4)
100_4___21__    12   1  [2, 0, 1, 3, 0, 2, 1, 0, 3, 1, 3, 0]  (1, 4)
100_5___21__    12   1  [2, 0, 1, 3, 0, 2, 2, 3, 1, 2, 0, 0]  (1, 4)
300_5___21__    12   4  [0, 1, 2, 1, 5, 0, 2, 1, 1, 0, 0, 0]  (4, 4)
100_3___21__    11   1  [3, 1, 3, 0, 2, 1, 0, 3, 1, 1, 2]  (1, 4)
200_2___21__    11   0  [3, 0, 1, 2, 1, 5, 0, 2, 1, 3, 0]  (3, 4)
200_4___21__    11   4  [0, 1, 3, 0, 4, 0, 0, 1, 2, 2, 1]  (2, 4)
200_5___21__    11   4  [0, 1, 3, 0, 5, 0, 1, 0, 1, 2, 1]  (2, 4)
300_1___21__    11   4  [0, 4, 1, 3, 0, 1, 2, 3, 0, 0, 0]  (2, 4)
300_4___21__    11   4  [0, 1, 2, 0, 0, 5, 3, 1, 2, 0, 0]  (4, 4)
100_1___21__    9   4  [0, 1, 4, 0, 4, 5, 1, 1, 0]  (2, 4)
100_2___21__    9   4  [0, 1, 3, 0, 4, 0, 0, 8, 0]  (2, 4)
200_3___21__    9   4  [0, 1, 3, 0, 2, 6, 1, 2, 1]  (2, 4)
200_1___21__    8   0  [3, 6, 0, 6, 2, 1, 3, 0]  (3, 4)
300_2___21__    8   5  [1, 4, 0, 2, 2, 6, 1, 0]  (2, 4)
part_in:(1, 2), all_in:(3, 4), all_out:(1, 4)
less5
200_5___1__    13   1  [1, 1, 1, 3, 0, 1, 1, 2, 0, 0, 4, 1, 0]  (0, 7)
300_4___1__    13   1  [1, 1, 0, 0, 1, 0, 0, 0, 1, 1, 3, 5, 2]  (0, 5)
100_3___1__    12   1  [1, 1, 0, 0, 3, 0, 1, 1, 3, 0, 4, 2]  (0, 6)
100_4___1__    12   1  [1, 1, 0, 0, 1, 2, 1, 1, 3, 0, 4, 2]  (0, 5)
100_5___1__    12   1  [1, 1, 0, 0, 1, 2, 1, 1, 3, 0, 4, 2]  (0, 5)
300_2___1__    12   1  [1, 2, 0, 1, 0, 0, 0, 1, 1, 3, 5, 2]  (0, 6)
200_2___1__    11   1  [1, 3, 2, 1, 1, 1, 1, 0, 0, 5, 2]  (0, 4)
200_4___1__    11   1  [1, 1, 1, 2, 0, 0, 1, 1, 2, 6, 2]  (0, 6)
300_3___1__    11   3  [1, 0, 0, 2, 0, 0, 1, 1, 3, 5, 2]  (0, 6)
100_1___1__    10   1  [1, 2, 2, 1, 0, 1, 1, 3, 5, 2]  (0, 5)
200_3___1__    10   1  [1, 3, 3, 0, 1, 1, 2, 0, 5, 2]  (0, 6)
300_1___1__    10   1  [1, 1, 0, 3, 1, 1, 1, 3, 5, 2]  (0, 6)
300_5___1__    10   1  [1, 1, 0, 0, 4, 1, 1, 3, 5, 2]  (0, 7)
100_2___1__    9   1  [1, 2, 0, 4, 1, 1, 3, 5, 2]  (0, 5)
200_1___1__    9   1  [2, 4, 2, 1, 1, 1, 1, 5, 2]  (0, 3)
part_in:(5, 7), all_in:(0, 4), all_out:(0, 7)
less9
100_5___3__    14   0  [0, 1, 1, 1, 1, 3, 1, 0, 1, 0, 0, 1, 1, 4]  (0, 3)
300_3___3__    14   0  [0, 1, 3, 1, 0, 2, 1, 0, 1, 0, 4, 1, 1, 0]  (0, 3)
300_4___3__    14   0  [0, 1, 3, 1, 0, 2, 2, 1, 0, 0, 3, 1, 1, 0]  (0, 3)
300_5___3__    14   0  [0, 1, 1, 1, 1, 0, 2, 2, 1, 0, 4, 1, 1, 0]  (0, 3)
100_3___3__    13   0  [0, 3, 1, 1, 3, 1, 0, 1, 0, 0, 1, 1, 4]  (0, 3)
200_5___3__    13   0  [0, 1, 1, 1, 1, 3, 1, 0, 1, 3, 1, 3, 0]  (1, 3)
300_1___3__    13   0  [0, 1, 4, 0, 0, 2, 4, 0, 2, 1, 1, 1, 0]  (0, 3)
100_4___3__    12   0  [0, 3, 1, 1, 3, 1, 0, 0, 0, 0, 4, 4]  (0, 3)
200_1___3__    12   0  [0, 7, 3, 1, 0, 2, 2, 1, 0, 0, 1, 0]  (0, 3)
200_3___3__    12   0  [0, 1, 3, 1, 0, 2, 1, 0, 2, 4, 3, 0]  (0, 3)
200_4___3__    12   0  [0, 1, 1, 1, 1, 0, 2, 1, 0, 1, 5, 4]  (0, 3)
100_2___3__    11   0  [0, 5, 0, 0, 3, 1, 0, 1, 0, 4, 4]  (0, 3)
200_2___3__    11   0  [0, 5, 1, 3, 1, 0, 2, 0, 1, 1, 4]  (0, 3)
300_2___3__    11   0  [0, 1, 3, 0, 0, 3, 5, 2, 1, 1, 2]  (0, 3)
100_1___3__    9   0  [0, 7, 3, 1, 0, 1, 1, 3, 4]  (0, 3)
part_in:(0, 0), all_in:(1, 3), all_out:(0, 3)
gap12
100_5___15__    13   0  [1, 0, 1, 1, 4, 1, 0, 1, 0, 1, 1, 0, 5]  (2, 3)
200_4___15__    12   3  [1, 1, 1, 2, 1, 0, 2, 1, 1, 0, 4, 0]  (2, 2)
300_5___15__    12   3  [1, 1, 4, 1, 2, 0, 1, 1, 0, 2, 1, 0]  (2, 3)
100_1___15__    11   3  [3, 1, 4, 0, 1, 0, 1, 1, 0, 4, 0]  (2, 2)
100_2___15__    11   3  [3, 4, 1, 0, 1, 0, 1, 1, 0, 4, 0]  (2, 2)
100_3___15__    11   3  [3, 3, 0, 1, 0, 1, 0, 1, 1, 0, 5]  (2, 2)
100_4___15__    11   3  [1, 1, 4, 1, 0, 1, 0, 1, 1, 0, 5]  (1, 2)
200_5___15__    11   3  [1, 1, 1, 2, 1, 3, 1, 1, 0, 4, 0]  (2, 3)
300_4___15__    11   3  [1, 1, 6, 2, 0, 1, 1, 0, 2, 1, 0]  (2, 2)
200_1___15__    10   3  [1, 1, 6, 3, 1, 1, 0, 2, 1, 0]  (1, 2)
300_2___15__    10   3  [3, 6, 2, 0, 1, 1, 0, 2, 1, 0]  (2, 3)
300_3___15__    10   3  [3, 1, 2, 1, 2, 0, 1, 1, 0, 5]  (2, 3)
200_2___15__    9   3  [3, 6, 2, 0, 1, 1, 0, 4, 0]  (2, 3)
200_3___15__    9   3  [1, 1, 6, 3, 1, 1, 0, 4, 0]  (2, 2)
300_1___15__    9   3  [3, 6, 3, 1, 1, 0, 2, 1, 0]  (2, 3)
part_in:(1, 3), all_in:(2, 2), all_out:(1, 3)
gap34
100_3___17__    14   0  [2, 2, 0, 0, 0, 0, 0, 3, 2, 0, 4, 1, 1, 0]  (1, 3)
100_4___17__    12   0  [2, 2, 0, 1, 0, 0, 3, 0, 1, 0, 4, 4]  (1, 4)
100_5___17__    12   0  [4, 0, 0, 1, 0, 0, 3, 0, 1, 0, 4, 4]  (1, 4)
300_3___17__    12   0  [3, 2, 0, 1, 0, 3, 0, 1, 0, 4, 1, 2]  (1, 8)
200_5___17__    11   0  [2, 2, 0, 1, 0, 0, 3, 2, 0, 4, 4]  (1, 3)
200_4___17__    10   0  [2, 3, 2, 0, 3, 2, 0, 4, 0, 3]  (1, 4)
300_5___17__    10   0  [5, 0, 2, 0, 3, 0, 1, 0, 4, 4]  (1, 8)
100_1___17__    9   0  [6, 2, 0, 3, 2, 0, 4, 1, 2]  (1, 1)
100_2___17__    9   0  [8, 0, 0, 3, 2, 0, 4, 3, 0]  (1, 2)
200_1___17__    9   0  [3, 2, 2, 0, 3, 2, 0, 8, 0]  (1, 2)
200_2___17__    9   0  [6, 0, 0, 0, 0, 3, 2, 0, 9]  (1, 3)
200_3___17__    9   0  [2, 3, 0, 1, 0, 3, 2, 0, 9]  (1, 4)
300_1___17__    9   0  [3, 5, 0, 3, 2, 0, 4, 1, 2]  (1, 6)
300_2___17__    9   0  [3, 5, 0, 3, 2, 0, 4, 1, 2]  (1, 6)
300_4___17__    9   0  [2, 3, 2, 0, 3, 2, 0, 4, 4]  (1, 8)
part_in:(3, 8), all_in:(1, 2), all_out:(1, 8)
gap56
300_5___19__    17   3  [0, 0, 1, 1, 1, 2, 0, 1, 1, 1, 0, 0, 0, 0, 1, 0, 0]  (2, 8)
300_3___19__    16   3  [0, 0, 0, 0, 2, 3, 0, 1, 1, 2, 0, 0, 0, 1, 0, 0]  (2, 6)
300_4___19__    16   3  [0, 0, 1, 2, 0, 2, 0, 1, 1, 2, 0, 0, 0, 1, 0, 0]  (2, 5)
300_2___19__    15   1  [1, 0, 1, 0, 4, 2, 1, 2, 0, 0, 0, 0, 0, 2, 0]  (2, 6)
100_5___19__    14   3  [2, 0, 3, 2, 0, 1, 1, 1, 0, 0, 0, 2, 0, 0]  (2, 14)
200_4___19__    14   3  [2, 0, 1, 0, 0, 2, 0, 1, 4, 0, 0, 2, 0, 0]  (2, 8)
100_2___19__    13   3  [2, 0, 1, 1, 0, 2, 1, 1, 2, 0, 0, 3, 0]  (2, 9)
100_4___19__    13   3  [2, 0, 2, 0, 2, 0, 1, 1, 2, 0, 0, 3, 0]  (2, 12)
200_5___19__    13   3  [2, 0, 1, 1, 2, 0, 1, 4, 0, 0, 2, 0, 0]  (2, 9)
300_1___19__    13   1  [1, 0, 4, 0, 1, 2, 1, 0, 3, 0, 0, 3, 0]  (2, 6)
200_2___19__    12   3  [2, 0, 1, 1, 2, 0, 1, 4, 0, 0, 3, 0]  (2, 9)
200_3___19__    12   3  [2, 0, 6, 0, 1, 1, 2, 0, 0, 2, 0, 0]  (2, 10)
100_3___19__    11   3  [2, 0, 6, 0, 1, 1, 2, 0, 0, 3, 0]  (2, 11)
200_1___19__    11   3  [2, 2, 4, 0, 1, 1, 2, 0, 0, 3, 0]  (2, 7)
100_1___19__    9   3  [2, 2, 5, 1, 1, 2, 0, 0, 4]  (2, 9)
part_in:(6, 14), all_in:(2, 5), all_out:(2, 14)
less10
200_3___4__    18   1  [3, 1, 0, 0, 0, 0, 0, 0, 0, 1, 0, 0, 1, 1, 0, 0, 2, 1]  (0, 2)
200_5___4__    17   1  [3, 2, 0, 0, 0, 0, 0, 0, 1, 0, 1, 0, 1, 0, 0, 2, 1]  (0, 2)
300_5___4__    16   1  [3, 2, 0, 2, 0, 0, 1, 0, 2, 1, 0, 0, 0, 0, 0, 1]  (0, 2)
200_2___4__    15   0  [6, 0, 0, 2, 0, 0, 1, 0, 0, 0, 0, 1, 0, 0, 4]  (0, 2)
200_4___4__    15   1  [3, 1, 0, 3, 0, 0, 0, 0, 0, 1, 0, 1, 0, 0, 4]  (0, 2)
300_3___4__    15   1  [3, 3, 2, 0, 0, 1, 0, 1, 0, 1, 0, 0, 1, 0, 1]  (0, 2)
300_4___4__    15   1  [3, 2, 0, 2, 0, 0, 1, 0, 2, 1, 0, 0, 1, 0, 1]  (0, 2)
300_2___4__    14   1  [3, 3, 2, 0, 0, 1, 0, 0, 1, 1, 0, 0, 1, 2]  (0, 2)
100_2___4__    13   1  [3, 2, 1, 1, 0, 0, 1, 0, 2, 1, 0, 0, 4]  (0, 2)
100_5___4__    13   1  [3, 3, 2, 0, 0, 1, 0, 2, 1, 0, 0, 2, 1]  (0, 2)
300_1___4__    13   1  [3, 3, 2, 1, 2, 0, 1, 1, 0, 0, 1, 0, 1]  (0, 2)
100_1___4__    12   1  [3, 3, 2, 0, 0, 1, 0, 2, 1, 0, 0, 4]  (0, 2)
200_1___4__    12   0  [5, 2, 1, 0, 1, 2, 0, 1, 1, 0, 0, 4]  (0, 2)
100_3___4__    11   1  [3, 6, 0, 0, 1, 0, 2, 1, 0, 0, 4]  (0, 2)
100_4___4__    11   1  [3, 6, 0, 0, 1, 0, 2, 1, 0, 0, 4]  (0, 2)
part_in:(3, 2), all_in:(0, 2), all_out:(0, 2)
ball
200_5___20__    18   1  [1, 0, 0, 1, 1, 0, 0, 0, 0, 2, 0, 1, 0, 0, 0, 2, 1, 1]  (2, 3)
200_4___20__    17   1  [1, 0, 0, 1, 1, 0, 0, 1, 2, 0, 1, 0, 0, 0, 1, 2, 1]  (2, 3)
100_1___20__    16   1  [1, 0, 0, 1, 1, 0, 0, 1, 0, 1, 2, 0, 3, 1, 0, 1]  (1, 3)
100_3___20__    16   1  [1, 0, 0, 1, 1, 0, 0, 0, 0, 2, 2, 0, 1, 1, 2, 1]  (1, 3)
100_5___20__    16   1  [1, 0, 0, 1, 1, 0, 0, 0, 0, 2, 2, 0, 1, 1, 2, 1]  (1, 3)
200_3___20__    16   1  [1, 0, 0, 1, 1, 0, 0, 1, 2, 0, 1, 0, 0, 0, 4, 1]  (2, 3)
100_4___20__    15   1  [1, 0, 0, 1, 1, 0, 0, 1, 2, 0, 1, 0, 1, 4, 1]  (1, 3)
300_3___20__    15   1  [1, 0, 0, 1, 1, 0, 0, 1, 2, 3, 0, 0, 3, 0, 1]  (2, 3)
300_4___20__    15   1  [1, 0, 0, 1, 1, 0, 0, 1, 2, 2, 0, 1, 2, 1, 1]  (2, 3)
300_5___20__    15   1  [1, 0, 0, 1, 1, 0, 0, 1, 2, 2, 0, 1, 2, 1, 1]  (2, 3)
100_2___20__    14   1  [1, 0, 0, 1, 1, 0, 0, 1, 0, 1, 2, 0, 1, 6]  (2, 3)
200_2___20__    14   1  [1, 0, 0, 1, 1, 0, 0, 1, 2, 3, 0, 0, 4, 1]  (2, 3)
300_1___20__    14   1  [1, 0, 0, 3, 0, 0, 1, 2, 3, 0, 0, 3, 0, 1]  (2, 3)
300_2___20__    14   1  [1, 0, 0, 1, 1, 0, 0, 1, 2, 3, 0, 0, 4, 1]  (2, 3)
200_1___20__    11   1  [1, 0, 0, 3, 0, 0, 1, 2, 3, 6, 1]  (2, 3)
part_in:(1, 1), all_in:(2, 3), all_out:(1, 3)
row4
100_5___8__    22   1  [0, 0, 0, 1, 1, 1, 0, 0, 0, 1, 0, 0, 1, 0, 0, 0, 0, 0, 1, 0, 0, 0]  (0, 1)
100_4___8__    20   1  [0, 0, 0, 1, 3, 0, 0, 0, 1, 0, 0, 1, 0, 0, 0, 0, 2, 0, 0, 0]  (0, 1)
200_5___8__    20   1  [0, 0, 0, 1, 3, 0, 0, 0, 1, 0, 0, 1, 0, 0, 1, 0, 1, 0, 0, 0]  (0, 1)
300_5___8__    19   1  [0, 0, 0, 1, 1, 1, 1, 0, 2, 0, 1, 0, 0, 1, 0, 1, 0, 0, 0]  (0, 1)
100_2___8__    18   1  [0, 0, 0, 1, 0, 2, 0, 0, 0, 2, 0, 2, 0, 1, 2, 0, 0, 0]  (0, 1)
200_2___8__    18   1  [0, 0, 0, 1, 1, 1, 1, 0, 2, 0, 1, 0, 0, 1, 2, 0, 0, 0]  (0, 1)
200_3___8__    18   1  [0, 0, 0, 1, 3, 1, 0, 0, 1, 0, 1, 0, 0, 1, 2, 0, 0, 0]  (0, 1)
200_4___8__    18   1  [0, 0, 0, 1, 3, 1, 0, 0, 0, 0, 0, 2, 0, 1, 2, 0, 0, 0]  (0, 1)
300_2___8__    18   1  [0, 0, 0, 1, 1, 1, 1, 0, 2, 0, 1, 0, 0, 1, 2, 0, 0, 0]  (0, 1)
300_4___8__    18   1  [0, 0, 0, 1, 1, 1, 1, 0, 1, 0, 0, 2, 0, 1, 2, 0, 0, 0]  (1, 1)
100_3___8__    17   1  [0, 0, 0, 1, 3, 1, 0, 2, 0, 1, 0, 0, 1, 2, 0, 0, 0]  (0, 1)
300_3___8__    17   1  [0, 0, 0, 1, 1, 1, 1, 0, 2, 0, 2, 0, 1, 2, 0, 0, 0]  (0, 1)
100_1___8__    16   1  [0, 0, 0, 1, 3, 1, 0, 2, 0, 1, 0, 0, 1, 3, 0, 0]  (0, 1)
300_1___8__    16   1  [0, 0, 0, 1, 1, 1, 1, 0, 2, 2, 0, 0, 1, 3, 0, 0]  (0, 1)
200_1___8__    15   1  [0, 0, 0, 1, 3, 1, 0, 2, 0, 2, 0, 1, 3, 0, 0]  (0, 1)
part_in:(0, -1), all_in:(0, 1), all_out:(0, 1)
row1
300_1___5__    19   1  [2, 0, 4, 0, 0, 0, 1, 1, 0, 0, 0, 0, 0, 0, 0, 0, 0, 1, 0]  (0, 1)
300_2___5__    19   1  [2, 0, 1, 3, 0, 0, 1, 1, 0, 0, 0, 0, 0, 0, 0, 0, 0, 1, 0]  (0, 1)
100_2___5__    18   0  [0, 3, 5, 0, 0, 1, 1, 0, 0, 0, 0, 0, 0, 0, 0, 0, 1, 0]  (0, 1)
100_4___5__    18   1  [0, 2, 1, 1, 1, 0, 0, 1, 1, 0, 1, 0, 0, 1, 0, 0, 1, 0]  (0, 2)
100_5___5__    18   1  [0, 2, 1, 1, 1, 0, 0, 1, 1, 0, 1, 0, 0, 1, 0, 0, 1, 0]  (0, 2)
100_1___5__    17   0  [0, 3, 3, 3, 1, 1, 0, 0, 0, 0, 0, 0, 0, 0, 0, 1, 0]  (0, 1)
200_1___5__    17   0  [0, 2, 0, 6, 0, 1, 1, 0, 0, 1, 0, 0, 0, 0, 0, 1, 0]  (0, 1)
200_5___5__    17   1  [2, 0, 3, 1, 1, 1, 1, 0, 1, 0, 0, 0, 0, 0, 0, 1, 0]  (0, 2)
300_3___5__    17   1  [2, 0, 6, 0, 1, 1, 0, 0, 0, 0, 0, 0, 0, 0, 0, 1, 0]  (0, 1)
300_5___5__    17   1  [3, 0, 2, 1, 1, 1, 1, 0, 1, 0, 0, 0, 0, 0, 0, 1, 0]  (0, 1)
100_3___5__    16   0  [0, 3, 1, 5, 1, 1, 0, 0, 0, 0, 0, 0, 0, 0, 0, 2]  (0, 2)
200_2___5__    16   0  [0, 2, 0, 6, 0, 1, 1, 0, 2, 0, 0, 0, 0, 0, 1, 0]  (0, 1)
200_3___5__    16   1  [2, 0, 1, 5, 1, 1, 0, 0, 1, 0, 0, 0, 0, 0, 1, 0]  (0, 2)
200_4___5__    16   1  [2, 0, 3, 2, 0, 1, 1, 0, 2, 0, 0, 0, 0, 0, 1, 0]  (0, 2)
300_4___5__    16   5  [5, 0, 0, 1, 1, 0, 0, 0, 0, 0, 0, 0, 0, 0, 1, 0]  (0, 1)
part_in:(2, 2), all_in:(0, 1), all_out:(0, 2)
