30
less5
400_5___1__    14   1  [3, 0, 1, 0, 3, 1, 0, 1, 1, 0, 0, 4, 1]  (0, 3)
1000_4___1__    14   0  [0, 3, 0, 1, 0, 3, 1, 0, 3, 0, 0, 4, 1]  (0, 3)
1000_5___1__    14   1  [2, 1, 1, 0, 3, 1, 0, 1, 1, 0, 0, 4, 1]  (0, 4)
400_4___1__    13   5  [0, 1, 0, 1, 1, 1, 0, 3, 0, 0, 4, 1]  (0, 2)
600_4___1__    13   1  [3, 0, 1, 0, 1, 1, 1, 0, 3, 0, 0, 4, 1]  (0, 1)
600_5___1__    13   1  [2, 0, 0, 1, 0, 3, 1, 0, 3, 0, 0, 4, 1]  (0, 1)
1000_3___1__    12   0  [4, 0, 1, 0, 3, 1, 0, 3, 1, 4, 1]  (0, 2)
400_3___1__    10   5  [0, 1, 0, 6, 3, 0, 0, 4, 1]  (0, 1)
600_3___1__    10   0  [0, 3, 0, 1, 0, 3, 2, 5, 4, 1]  (0, 1)
400_1___1__    9   5  [0, 1, 0, 4, 0, 0, 5, 6]  (0, 1)
1000_2___1__    9   0  [5, 1, 0, 3, 1, 0, 5, 6]  (0, 0)
400_2___1__    8   5  [0, 1, 0, 6, 4, 0, 6]  (0, 1)
600_1___1__    8   4  [0, 0, 1, 0, 5, 0, 5, 6]  (0, 3)
600_2___1__    8   0  [4, 0, 1, 0, 3, 2, 5, 6]  (0, 2)
1000_1___1__    8   0  [5, 1, 0, 5, 0, 3, 1, 6]  (0, 1)
part_in:(2, 4), all_in:(0, 1), all_out:(0, 4)
less8
400_2___2__    13   0  [0, 3, 5, 7, 0, 1, 0, 0, 0, 1, 0, 0]  (13, 13)
400_3___2__    13   0  [0, 3, 3, 1, 7, 0, 2, 0, 0, 1, 0, 0]  (13, 13)
400_5___2__    13   0  [0, 3, 3, 1, 1, 5, 0, 3, 0, 1, 0, 0]  (13, 13)
400_4___2__    12   0  [4, 3, 1, 1, 5, 0, 3, 0, 1, 0, 0]  (13, 13)
400_1___2__    11   0  [4, 3, 1, 10, 0, 0, 0, 1, 0, 0]  (13, 13)
1000_3___2__    11   5  [3, 1, 1, 5, 0, 2, 0, 0, 1, 0, 0]  (13, 13)
1000_5___2__    11   5  [3, 1, 1, 5, 0, 2, 0, 0, 1, 0, 0]  (10, 13)
600_4___2__    10   5  [3, 1, 1, 5, 0, 3, 0, 1, 0, 0]  (13, 15)
1000_4___2__    10   4  [0, 3, 1, 1, 6, 2, 0, 0, 1, 1]  (13, 13)
600_1___2__    9   4  [0, 3, 1, 7, 4, 0, 1, 0, 0]  (12, 13)
600_5___2__    9   5  [3, 1, 7, 0, 3, 0, 1, 0, 0]  (13, 14)
1000_2___2__    9   9  [1, 1, 6, 2, 0, 0, 1, 0, 0]  (12, 13)
600_2___2__    8   5  [5, 7, 2, 1, 0, 1, 0, 0]  (13, 14)
600_3___2__    8   5  [5, 7, 0, 3, 0, 1, 0, 0]  (13, 15)
1000_1___2__    8   5  [3, 1, 8, 2, 0, 0, 1, 1]  (12, 13)
part_in:(10, 15), all_in:(13, 13), all_out:(10, 15)
less9
400_5___3__    15   1  [1, 0, 0, 0, 1, 0, 1, 3, 2, 0, 1, 0, 1, 2, 1]  (7, 15)
600_3___3__    15   1  [1, 0, 0, 0, 1, 0, 1, 0, 6, 1, 0, 1, 2, 1]  (12, 15)
600_5___3__    15   1  [1, 0, 0, 0, 1, 0, 1, 0, 6, 1, 0, 1, 2, 1]  (9, 15)
400_4___3__    13   1  [1, 0, 0, 0, 1, 0, 5, 3, 1, 0, 1, 2, 1]  (9, 15)
600_4___3__    13   1  [1, 0, 0, 0, 1, 0, 2, 6, 1, 0, 1, 4]  (9, 15)
1000_5___3__    13   1  [1, 0, 0, 0, 1, 0, 3, 5, 1, 0, 1, 2, 1]  (11, 15)
400_1___3__    12   4  [0, 0, 1, 0, 1, 2, 0, 3, 1, 0, 1, 4]  (12, 15)
400_3___3__    12   1  [1, 0, 0, 0, 1, 0, 1, 7, 1, 0, 1, 4]  (11, 15)
600_2___3__    12   1  [1, 0, 0, 0, 1, 0, 1, 7, 1, 0, 1, 4]  (12, 15)
1000_4___3__    12   1  [1, 0, 0, 0, 1, 0, 9, 1, 0, 1, 2, 1]  (11, 15)
400_2___3__    11   3  [1, 0, 1, 0, 1, 6, 0, 1, 0, 1, 4]  (11, 15)
1000_1___3__    11   4  [0, 0, 2, 0, 0, 3, 3, 1, 0, 1, 4]  (14, 15)
1000_2___3__    11   4  [0, 0, 1, 0, 1, 3, 3, 1, 0, 1, 4]  (14, 15)
1000_3___3__    10   3  [0, 0, 0, 1, 0, 9, 1, 0, 1, 4]  (12, 15)
600_1___3__    9   4  [0, 0, 1, 0, 9, 1, 0, 1, 4]  (12, 15)
part_in:(7, 13), all_in:(14, 15), all_out:(7, 15)
less10
400_4___4__    15   2  [1, 0, 0, 2, 2, 0, 0, 0, 5, 0, 1, 2, 0, 0]  (3, 8)
400_5___4__    14   2  [1, 0, 0, 2, 2, 1, 0, 5, 0, 1, 2, 0, 0]  (3, 8)
1000_3___4__    14   2  [2, 0, 2, 0, 0, 0, 1, 6, 0, 1, 0, 1, 0, 0]  (5, 8)
400_2___4__    13   2  [2, 0, 2, 1, 0, 0, 0, 3, 3, 1, 2, 0, 0]  (5, 8)
600_5___4__    13   2  [2, 0, 2, 2, 0, 0, 2, 3, 0, 1, 2, 0, 0]  (5, 8)
1000_1___4__    13   2  [2, 0, 0, 2, 0, 0, 1, 0, 6, 1, 0, 2, 0]  (7, 8)
1000_2___4__    13   2  [2, 0, 3, 0, 0, 1, 0, 6, 1, 0, 1, 0, 0]  (7, 8)
1000_4___4__    13   2  [2, 0, 0, 1, 1, 0, 1, 6, 0, 1, 0, 1, 1]  (3, 8)
400_1___4__    12   2  [2, 0, 2, 1, 0, 0, 0, 7, 1, 2, 0, 0]  (5, 8)
1000_5___4__    12   2  [2, 0, 2, 0, 0, 0, 1, 6, 0, 1, 3, 0]  (2, 8)
400_3___4__    11   2  [2, 3, 2, 1, 3, 2, 0, 1, 2, 0, 0]  (4, 8)
600_1___4__    11   2  [2, 0, 3, 1, 1, 7, 1, 1, 0, 0, 0]  (5, 8)
600_2___4__    11   2  [2, 0, 3, 1, 1, 7, 1, 1, 0, 0, 0]  (5, 8)
600_3___4__    11   1  [0, 2, 0, 5, 1, 7, 1, 1, 0, 0, 0]  (4, 8)
600_4___4__    10   2  [2, 0, 5, 1, 7, 1, 1, 0, 0, 0]  (3, 8)
part_in:(2, 6), all_in:(7, 8), all_out:(2, 8)
row1
400_4___5__    16   1  [1, 1, 3, 4, 0, 1, 1, 0, 0, 0, 0, 0, 0, 1, 1]  (2, 2)
400_5___5__    16   3  [0, 0, 3, 4, 0, 1, 0, 0, 0, 0, 0, 1, 0, 1, 1]  (2, 2)
400_1___5__    14   0  [4, 3, 2, 1, 0, 1, 1, 0, 0, 0, 0, 1, 3]  (2, 2)
600_4___5__    14   1  [1, 0, 0, 3, 4, 0, 1, 1, 0, 0, 0, 2, 3]  (1, 2)
600_5___5__    14   1  [1, 0, 0, 3, 4, 0, 1, 1, 0, 0, 0, 2, 3]  (2, 2)
1000_4___5__    14   4  [0, 3, 3, 0, 0, 1, 1, 0, 0, 0, 1, 0, 3]  (2, 2)
1000_5___5__    14   4  [0, 3, 3, 0, 0, 1, 1, 0, 0, 0, 1, 0, 3]  (1, 2)
400_3___5__    13   3  [1, 3, 4, 0, 3, 0, 0, 0, 0, 0, 0, 3]  (2, 2)
1000_1___5__    13   3  [1, 3, 4, 0, 1, 1, 0, 0, 0, 0, 1, 3]  (2, 2)
1000_3___5__    13   4  [0, 3, 4, 0, 1, 1, 0, 0, 0, 0, 1, 3]  (2, 2)
400_2___5__    12   5  [3, 4, 0, 1, 1, 0, 0, 0, 0, 1, 3]  (2, 2)
600_1___5__    12   4  [0, 3, 4, 0, 1, 1, 0, 0, 0, 2, 3]  (2, 3)
600_3___5__    12   3  [0, 0, 3, 4, 0, 3, 0, 0, 0, 2, 3]  (0, 2)
600_2___5__    11   4  [0, 8, 0, 1, 1, 0, 0, 0, 2, 3]  (2, 2)
1000_2___5__    10   3  [5, 4, 0, 3, 0, 0, 0, 2, 3]  (2, 2)
part_in:(0, 3), all_in:(2, 2), all_out:(0, 3)
row2
1000_5___6__    16   4  [0, 0, 0, 1, 2, 0, 1, 1, 0, 1, 0, 0, 2, 2, 0]  (24, 28)
400_4___6__    15   4  [0, 0, 0, 1, 2, 2, 1, 0, 1, 0, 0, 2, 2, 0]  (24, 28)
1000_4___6__    15   4  [0, 0, 0, 1, 2, 0, 1, 1, 0, 1, 1, 2, 2, 0]  (24, 27)
400_5___6__    14   4  [0, 0, 0, 1, 2, 2, 2, 1, 0, 0, 2, 2, 0]  (24, 29)
600_5___6__    13   4  [0, 0, 0, 1, 2, 2, 2, 2, 0, 2, 2, 0]  (24, 26)
1000_3___6__    13   4  [0, 0, 0, 4, 2, 1, 0, 1, 1, 2, 2, 0]  (24, 26)
400_2___6__    12   4  [0, 0, 0, 4, 2, 1, 0, 2, 3, 2, 0]  (24, 25)
400_3___6__    12   4  [0, 0, 0, 4, 2, 2, 2, 0, 2, 2, 0]  (24, 24)
600_1___6__    12   0  [3, 0, 0, 0, 4, 2, 2, 3, 2, 2, 0]  (22, 24)
600_2___6__    12   4  [0, 0, 0, 4, 2, 1, 0, 3, 2, 2, 0]  (22, 24)
600_4___6__    12   4  [0, 0, 0, 4, 2, 2, 1, 1, 2, 2, 0]  (24, 25)
1000_1___6__    12   4  [0, 0, 0, 4, 2, 1, 0, 3, 2, 2, 0]  (23, 24)
1000_2___6__    12   4  [0, 0, 0, 4, 2, 2, 1, 1, 2, 2, 0]  (24, 24)
600_3___6__    11   4  [0, 0, 0, 4, 2, 2, 3, 2, 2, 0]  (22, 24)
400_1___6__    9   4  [1, 0, 4, 2, 6, 2, 2, 0]  (23, 24)
part_in:(22, 29), all_in:(24, 24), all_out:(22, 29)
row3
600_5___7__    13   0  [0, 2, 0, 3, 1, 3, 1, 0, 1, 0, 0, 2, 3]  (20, 21)
400_5___7__    12   1  [2, 0, 3, 2, 2, 1, 0, 1, 0, 0, 2, 3]  (16, 21)
1000_4___7__    12   0  [0, 2, 0, 3, 3, 1, 2, 1, 0, 0, 2, 3]  (18, 21)
1000_5___7__    12   0  [0, 2, 4, 1, 1, 1, 2, 1, 0, 0, 2, 3]  (19, 21)
400_3___7__    11   1  [2, 0, 5, 0, 2, 1, 2, 0, 0, 2, 3]  (19, 21)
600_3___7__    11   0  [0, 2, 0, 5, 3, 1, 0, 1, 1, 2, 3]  (21, 22)
1000_3___7__    11   0  [0, 2, 0, 5, 3, 2, 1, 0, 0, 2, 3]  (18, 21)
400_4___7__    10   0  [0, 3, 3, 5, 2, 1, 0, 0, 2, 3]  (17, 21)
400_1___7__    9   1  [2, 4, 1, 0, 2, 1, 4, 2, 3]  (21, 21)
600_1___7__    9   1  [2, 0, 5, 0, 2, 1, 4, 2, 3]  (21, 21)
600_2___7__    9   0  [0, 2, 0, 9, 1, 2, 1, 2, 3]  (21, 21)
600_4___7__    9   1  [2, 0, 3, 5, 1, 2, 1, 2, 3]  (20, 21)
1000_2___7__    9   0  [0, 2, 6, 3, 1, 2, 1, 2, 3]  (20, 21)
400_2___7__    8   1  [3, 5, 3, 2, 2, 0, 2, 3]  (19, 21)
1000_1___7__    7   1  [2, 6, 3, 4, 1, 2, 3]  (20, 21)
part_in:(16, 22), all_in:(21, 21), all_out:(16, 22)
row4
600_1___8__    14   2  [1, 0, 0, 0, 0, 3, 0, 2, 0, 0, 1, 1, 2, 3]  (2, 3)
400_3___8__    13   5  [0, 0, 4, 0, 2, 0, 0, 2, 0, 0, 0, 0, 3]  (3, 3)
400_4___8__    13   5  [0, 0, 1, 2, 0, 2, 0, 0, 2, 0, 0, 1, 3]  (2, 3)
1000_5___8__    13   0  [4, 0, 0, 4, 0, 2, 0, 0, 2, 0, 2, 3]  (0, 3)
400_1___8__    12   5  [0, 0, 4, 0, 2, 0, 0, 2, 0, 0, 1, 3]  (2, 3)
400_2___8__    12   2  [2, 0, 0, 4, 0, 2, 0, 0, 2, 0, 2, 3]  (2, 3)
400_5___8__    12   5  [0, 0, 1, 2, 0, 2, 0, 0, 2, 0, 2, 3]  (2, 3)
600_2___8__    12   5  [0, 0, 0, 3, 0, 2, 0, 0, 1, 1, 2, 3]  (3, 3)
600_3___8__    12   5  [0, 0, 2, 1, 0, 2, 0, 0, 1, 1, 2, 3]  (3, 3)
1000_2___8__    12   5  [0, 0, 1, 0, 1, 0, 2, 0, 0, 3, 2, 3]  (3, 3)
1000_3___8__    12   5  [0, 0, 2, 1, 0, 2, 0, 0, 3, 0, 1, 3]  (2, 3)
1000_4___8__    12   5  [0, 0, 1, 2, 0, 2, 0, 0, 2, 0, 2, 3]  (2, 3)
600_4___8__    11   5  [0, 0, 2, 1, 0, 2, 0, 0, 3, 2, 3]  (2, 3)
600_5___8__    11   5  [0, 0, 4, 0, 2, 0, 0, 2, 0, 2, 3]  (1, 3)
1000_1___8__    11   5  [0, 0, 1, 2, 0, 2, 0, 0, 3, 2, 3]  (3, 3)
part_in:(0, 1), all_in:(2, 3), all_out:(0, 3)
sum16
400_3___9__    15   1  [1, 2, 1, 1, 0, 0, 1, 0, 1, 0, 2, 3, 2, 0]  (29, 31)
400_5___9__    14   1  [1, 2, 1, 1, 0, 0, 2, 1, 0, 2, 5, 0, 0]  (29, 33)
400_2___9__    13   0  [0, 4, 1, 1, 0, 0, 1, 2, 7, 0, 1, 0]  (29, 31)
400_4___9__    13   1  [4, 1, 1, 0, 0, 2, 1, 3, 3, 0, 1, 0]  (29, 33)
600_5___9__    13   1  [4, 1, 1, 1, 1, 0, 0, 0, 0, 6, 0, 1, 0]  (29, 32)
1000_4___9__    11   0  [5, 1, 2, 0, 2, 0, 0, 0, 3, 5, 0]  (29, 30)
1000_5___9__    11   0  [5, 1, 1, 1, 2, 0, 0, 0, 9, 0]  (28, 29)
600_1___9__    10   6  [1, 3, 1, 1, 0, 0, 6, 2, 0]  (29, 29)
1000_3___9__    10   0  [5, 1, 1, 0, 0, 4, 0, 3, 5, 0]  (29, 30)
400_1___9__    9   0  [0, 4, 1, 1, 1, 1, 2, 7, 3]  (29, 30)
600_4___9__    9   6  [1, 3, 1, 0, 0, 0, 0, 9, 0]  (29, 33)
1000_1___9__    9   5  [0, 7, 1, 0, 0, 3, 2, 2, 0]  (29, 29)
1000_2___9__    9   0  [5, 3, 1, 4, 0, 3, 2, 2, 0]  (29, 29)
600_2___9__    8   0  [5, 1, 6, 1, 0, 6, 2, 0]  (29, 31)
600_3___9__    8   1  [4, 1, 2, 3, 1, 0, 9, 0]  (29, 33)
part_in:(28, 33), all_in:(29, 29), all_out:(28, 33)
gap16
600_5___10__    13   0  [1, 1, 0, 3, 2, 0, 1, 1, 2, 0, 0, 2, 3]  (20, 25)
1000_3___10__    13   0  [0, 1, 0, 4, 0, 1, 1, 2, 2, 0, 0, 2, 3]  (24, 25)
400_5___10__    12   3  [0, 4, 2, 0, 1, 1, 2, 0, 0, 2, 1, 1]  (25, 26)
1000_5___10__    12   0  [1, 0, 0, 4, 2, 0, 3, 2, 0, 0, 2, 3]  (22, 25)
400_4___10__    11   3  [0, 4, 2, 0, 1, 0, 0, 3, 0, 2, 3]  (25, 26)
1000_2___10__    11   0  [0, 1, 5, 0, 1, 1, 2, 3, 0, 2, 3]  (25, 25)
600_4___10__    10   0  [3, 0, 3, 2, 2, 1, 3, 0, 2, 3]  (21, 25)
1000_4___10__    10   0  [3, 4, 2, 0, 3, 2, 0, 0, 2, 3]  (23, 25)
400_3___10__    9   3  [0, 4, 2, 2, 1, 3, 0, 2, 3]  (24, 25)
600_3___10__    9   0  [3, 0, 8, 0, 1, 3, 0, 2, 3]  (22, 25)
400_2___10__    8   0  [2, 5, 2, 4, 3, 0, 2, 3]  (25, 26)
600_1___10__    8   0  [2, 0, 0, 11, 3, 0, 2, 3]  (24, 25)
1000_1___10__    8   0  [0, 2, 7, 4, 3, 0, 2, 3]  (24, 25)
400_1___10__    7   4  [4, 2, 4, 3, 0, 2, 3]  (25, 25)
600_2___10__    7   0  [3, 10, 1, 3, 0, 2, 3]  (24, 25)
part_in:(20, 26), all_in:(25, 25), all_out:(20, 26)
sum25
400_5___11__    11   0  [0, 1, 0, 1, 1, 0, 4, 2, 0, 8, 1]  (29, 31)
1000_4___11__    11   0  [0, 2, 1, 1, 0, 4, 2, 0, 2, 5, 1]  (25, 31)
1000_5___11__    11   0  [0, 2, 1, 2, 4, 2, 0, 2, 5, 1]  (24, 31)
400_1___11__    10   0  [0, 2, 1, 1, 0, 2, 1, 2, 0, 10]  (30, 31)
400_3___11__    10   0  [0, 1, 0, 1, 1, 0, 4, 3, 9, 0]  (31, 32)
400_4___11__    9   0  [0, 2, 1, 1, 0, 4, 3, 8, 1]  (31, 31)
600_3___11__    9   0  [0, 2, 1, 1, 0, 1, 2, 3, 10]  (31, 34)
600_4___11__    9   0  [0, 2, 1, 1, 0, 1, 2, 3, 10]  (31, 33)
600_5___11__    9   0  [0, 2, 1, 1, 0, 1, 2, 3, 10]  (31, 31)
400_2___11__    8   0  [0, 2, 1, 1, 0, 4, 3, 10]  (31, 31)
600_1___11__    8   0  [0, 2, 1, 1, 5, 3, 10]  (31, 32)
600_2___11__    8   0  [0, 2, 1, 1, 2, 2, 3, 10]  (31, 31)
1000_1___11__    8   0  [3, 1, 2, 4, 0, 2, 8, 1]  (31, 31)
1000_3___11__    8   1  [2, 1, 1, 0, 4, 3, 8, 1]  (29, 31)
1000_2___11__    7   0  [3, 1, 2, 4, 3, 8, 1]  (29, 31)
part_in:(24, 34), all_in:(31, 31), all_out:(24, 34)
gap25
400_5___12__    10   1  [1, 0, 4, 0, 1, 0, 7, 0, 4, 1]  (11, 12)
600_2___12__    10   1  [1, 0, 2, 2, 1, 6, 1, 0, 0, 5]  (11, 12)
600_5___12__    10   1  [1, 0, 4, 0, 2, 3, 1, 1, 0, 6]  (11, 11)
1000_5___12__    10   1  [1, 0, 2, 1, 0, 1, 0, 8, 0, 5]  (9, 11)
600_3___12__    9   1  [1, 0, 4, 0, 1, 6, 1, 0, 6]  (11, 12)
600_4___12__    9   1  [1, 0, 4, 0, 6, 1, 1, 0, 6]  (11, 12)
1000_3___12__    9   1  [1, 0, 4, 2, 0, 7, 0, 0, 5]  (11, 11)
400_4___12__    8   1  [2, 4, 0, 1, 0, 7, 0, 6]  (11, 12)
600_1___12__    8   1  [1, 0, 4, 9, 1, 0, 0, 5]  (10, 11)
1000_4___12__    8   1  [2, 4, 2, 0, 8, 0, 2, 2]  (9, 11)
400_3___12__    7   1  [1, 0, 4, 2, 8, 0, 6]  (11, 12)
1000_2___12__    7   1  [2, 2, 1, 2, 9, 0, 5]  (11, 11)
400_1___12__    6   1  [2, 4, 2, 8, 0, 6]  (11, 11)
400_2___12__    6   1  [2, 4, 2, 8, 0, 6]  (11, 13)
1000_1___12__    5   1  [2, 4, 12, 0, 5]  (11, 11)
part_in:(9, 12), all_in:(11, 11), all_out:(9, 12)
sum34
600_5___13__    15   0  [0, 1, 0, 0, 2, 0, 1, 2, 1, 0, 2, 5, 0, 1]  (25, 29)
1000_4___13__    15   0  [0, 1, 1, 2, 0, 1, 2, 2, 2, 0, 0, 3, 0, 1]  (22, 25)
1000_5___13__    15   0  [0, 3, 2, 0, 1, 0, 1, 2, 2, 0, 0, 3, 0, 1]  (22, 25)
1000_3___13__    14   0  [0, 1, 1, 2, 0, 1, 0, 1, 5, 1, 3, 0, 1]  (25, 26)
400_5___13__    13   0  [0, 3, 2, 0, 1, 2, 2, 2, 1, 3, 0, 1]  (23, 25)
600_4___13__    13   0  [0, 1, 1, 2, 0, 1, 2, 5, 1, 3, 0, 1]  (25, 31)
400_1___13__    12   0  [0, 1, 1, 2, 0, 1, 2, 2, 4, 3, 2]  (23, 25)
400_2___13__    12   0  [0, 3, 2, 0, 1, 2, 5, 1, 2, 0, 2]  (23, 25)
400_4___13__    12   0  [0, 3, 2, 0, 1, 2, 5, 1, 3, 0, 1]  (25, 25)
600_3___13__    12   0  [0, 1, 1, 2, 0, 1, 2, 5, 5, 0, 1]  (25, 33)
1000_1___13__    12   0  [4, 2, 0, 1, 2, 0, 1, 3, 0, 3, 2]  (25, 26)
1000_2___13__    12   0  [4, 2, 0, 1, 2, 5, 0, 0, 3, 0, 1]  (23, 25)
400_3___13__    11   0  [0, 3, 2, 0, 1, 2, 5, 1, 3, 2]  (25, 27)
600_2___13__    11   1  [1, 1, 2, 0, 1, 2, 5, 5, 0, 1]  (25, 27)
600_1___13__    9   3  [1, 2, 0, 1, 2, 7, 3, 0, 1]  (25, 27)
part_in:(22, 33), all_in:(25, 25), all_out:(22, 33)
gap12
600_4___14__    11   0  [2, 3, 3, 3, 2, 1, 0, 2, 3, 0]  (4, 8)
600_5___14__    11   0  [2, 3, 1, 4, 0, 2, 1, 0, 6, 0]  (4, 8)
1000_5___14__    11   0  [1, 0, 5, 5, 2, 1, 0, 4, 1, 0]  (3, 8)
400_1___14__    10   0  [3, 3, 0, 4, 3, 1, 6, 0, 0]  (6, 8)
400_2___14__    10   0  [6, 0, 0, 4, 3, 1, 6, 0, 0]  (5, 8)
400_5___14__    10   0  [6, 1, 1, 2, 3, 1, 0, 6, 0]  (4, 8)
600_2___14__    10   0  [2, 3, 6, 0, 2, 1, 0, 6, 0]  (5, 8)
400_4___14__    9   0  [1, 6, 1, 6, 1, 0, 6, 0]  (5, 8)
600_3___14__    9   0  [2, 3, 7, 2, 1, 0, 6, 0]  (5, 8)
1000_4___14__    9   0  [1, 6, 8, 1, 0, 4, 1, 0]  (4, 8)
600_1___14__    8   0  [2, 10, 3, 1, 0, 5, 0, 0]  (8, 8)
1000_2___14__    8   0  [1, 11, 3, 1, 0, 6, 0]  (6, 8)
1000_3___14__    8   0  [1, 15, 1, 0, 4, 1, 0]  (6, 8)
400_3___14__    7   0  [8, 8, 1, 0, 6, 0]  (6, 8)
1000_1___14__    7   0  [13, 3, 0, 0, 0, 6, 0]  (7, 8)
part_in:(3, 5), all_in:(6, 8), all_out:(3, 8)
gap23
600_5___15__    12   1  [0, 1, 4, 0, 2, 1, 3, 1, 2, 2, 1]  (1, 3)
1000_4___15__    9   0  [0, 0, 10, 1, 5, 2, 2, 1]  (1, 1)
400_5___15__    8   1  [0, 7, 0, 1, 1, 5, 7]  (1, 2)
600_3___15__    8   1  [7, 0, 0, 3, 3, 7, 1]  (1, 4)
600_4___15__    8   1  [0, 6, 0, 0, 3, 11, 1]  (1, 4)
1000_3___15__    8   0  [1, 8, 3, 1, 6, 2, 1]  (1, 2)
1000_5___15__    8   1  [0, 7, 2, 1, 5, 5, 1]  (1, 1)
400_2___15__    6   2  [4, 3, 3, 5, 7]  (1, 1)
400_4___15__    6   1  [0, 8, 3, 5, 7]  (1, 2)
600_1___15__    6   2  [1, 10, 3, 7, 1]  (0, 1)
400_3___15__    5   1  [0, 8, 9, 7]  (1, 2)
600_2___15__    5   2  [8, 3, 11, 1]  (1, 1)
1000_1___15__    5   0  [1, 12, 1, 11]  (1, 1)
1000_2___15__    5   0  [1, 12, 1, 11]  (1, 1)
400_1___15__    4   2  [8, 3, 13]  (1, 1)
part_in:(0, 4), all_in:(1, 1), all_out:(0, 4)
gap34
1000_4___16__    15   1  [2, 0, 0, 0, 7, 0, 1, 0, 0, 0, 2, 1, 1, 0]  (2, 3)
400_5___16__    12   0  [0, 2, 0, 1, 7, 0, 1, 2, 5, 0, 0]  (1, 3)
400_2___16__    11   0  [0, 2, 0, 0, 8, 2, 2, 5, 0, 0]  (2, 3)
600_5___16__    11   0  [0, 1, 0, 0, 1, 7, 2, 2, 6, 0]  (2, 3)
400_4___16__    10   1  [2, 0, 9, 2, 2, 1, 3, 0, 0]  (2, 3)
600_2___16__    10   0  [0, 1, 0, 0, 1, 6, 0, 3, 9]  (3, 4)
600_3___16__    10   0  [0, 1, 0, 0, 1, 6, 0, 12, 0]  (3, 3)
600_4___16__    10   0  [0, 1, 0, 0, 1, 7, 3, 8, 0]  (2, 3)
1000_2___16__    10   1  [2, 0, 1, 6, 0, 2, 5, 3, 0]  (2, 3)
400_3___16__    9   0  [0, 3, 1, 6, 0, 5, 6, 0]  (2, 3)
600_1___16__    9   0  [0, 1, 0, 0, 8, 0, 7, 5]  (3, 3)
1000_5___16__    9   1  [2, 0, 1, 8, 2, 1, 2, 4]  (3, 4)
1000_3___16__    8   1  [2, 0, 1, 11, 4, 3, 0]  (3, 3)
400_1___16__    7   0  [0, 3, 7, 1, 11, 1]  (2, 3)
1000_1___16__    7   1  [3, 0, 7, 0, 8, 4]  (2, 3)
part_in:(1, 4), all_in:(3, 3), all_out:(1, 4)
gap45
1000_5___17__    18   0  [0, 0, 0, 3, 0, 1, 2, 0, 0, 0, 0, 1, 1, 1, 3, 0, 0]  (3, 7)
1000_4___17__    15   0  [0, 0, 4, 0, 5, 0, 0, 0, 1, 1, 1, 3, 0, 0]  (4, 7)
1000_3___17__    14   1  [0, 4, 0, 6, 0, 0, 1, 1, 0, 0, 3, 0, 0]  (5, 7)
400_5___17__    13   2  [0, 3, 0, 0, 0, 3, 1, 0, 1, 1, 6, 0]  (7, 7)
600_4___17__    13   1  [0, 4, 0, 3, 1, 0, 1, 1, 1, 1, 3, 0, 0]  (5, 7)
600_5___17__    13   2  [0, 3, 0, 1, 3, 0, 0, 0, 1, 1, 5, 0, 0]  (4, 7)
600_2___17__    12   1  [0, 4, 0, 1, 1, 1, 4, 1, 1, 3, 0, 0]  (6, 7)
400_4___17__    11   2  [0, 3, 0, 0, 4, 1, 4, 1, 4, 0]  (7, 8)
600_1___17__    11   2  [3, 0, 0, 5, 2, 1, 1, 1, 3, 0, 0]  (6, 7)
600_3___17__    11   1  [0, 3, 0, 0, 1, 8, 1, 1, 3, 0, 0]  (5, 7)
1000_2___17__    11   1  [0, 4, 0, 5, 0, 1, 3, 1, 3, 0, 0]  (7, 7)
400_1___17__    10   2  [4, 0, 0, 4, 2, 3, 1, 3, 0, 0]  (7, 7)
400_2___17__    10   2  [3, 0, 0, 0, 4, 4, 1, 5, 0, 0]  (7, 8)
400_3___17__    10   2  [0, 3, 0, 0, 7, 3, 1, 3, 0, 0]  (7, 7)
1000_1___17__    9   1  [0, 4, 0, 5, 2, 1, 3, 4, 0]  (6, 7)
part_in:(3, 8), all_in:(7, 7), all_out:(3, 8)
gap56
400_3___18__    14   1  [2, 2, 1, 1, 1, 0, 3, 0, 0, 2, 0, 0, 1, 1]  (6, 6)
400_4___18__    14   1  [1, 0, 0, 3, 1, 1, 0, 3, 0, 0, 3, 0, 1, 1]  (6, 8)
600_3___18__    14   1  [1, 0, 0, 1, 1, 1, 2, 2, 0, 0, 0, 1, 2, 3]  (4, 6)
600_5___18__    14   1  [1, 0, 0, 1, 3, 2, 2, 0, 0, 0, 1, 1, 0, 3]  (4, 6)
400_5___18__    13   1  [1, 0, 3, 0, 1, 2, 3, 0, 0, 3, 0, 1, 1]  (6, 9)
600_1___18__    13   1  [2, 3, 2, 2, 3, 0, 0, 0, 0, 2, 1, 1]  (5, 6)
1000_3___18__    13   1  [2, 2, 1, 1, 1, 0, 2, 1, 0, 2, 1, 1, 1]  (6, 7)
1000_4___18__    13   1  [1, 0, 2, 1, 0, 0, 2, 4, 0, 0, 3, 1, 1]  (6, 9)
1000_5___18__    13   1  [2, 2, 1, 1, 2, 3, 0, 0, 0, 3, 1, 1]  (6, 8)
400_1___18__    12   1  [2, 4, 1, 1, 0, 4, 0, 1, 1, 0, 1, 1]  (6, 6)
400_2___18__    12   1  [2, 2, 1, 1, 1, 0, 4, 0, 3, 0, 1, 1]  (6, 7)
600_2___18__    12   1  [2, 2, 0, 2, 2, 2, 0, 0, 0, 1, 2, 3]  (5, 6)
1000_2___18__    12   1  [2, 2, 1, 1, 2, 4, 0, 0, 1, 0, 0, 3]  (6, 6)
1000_1___18__    11   1  [2, 4, 1, 2, 2, 1, 0, 2, 1, 1, 1]  (5, 6)
600_4___18__    10   1  [2, 2, 3, 2, 2, 1, 0, 1, 2, 3]  (4, 6)
part_in:(4, 9), all_in:(6, 6), all_out:(4, 9)
ball
400_5___19__    19   0  [0, 2, 1, 0, 0, 1, 0, 0, 1, 0, 0, 1, 1, 0, 3, 1, 0, 0]  (3, 4)
400_4___19__    17   0  [0, 2, 1, 1, 1, 0, 0, 1, 0, 0, 1, 1, 0, 3, 2, 0]  (3, 4)
600_5___19__    17   0  [0, 0, 1, 1, 0, 0, 1, 0, 0, 3, 1, 1, 0, 3, 2, 0]  (3, 4)
1000_5___19__    16   0  [1, 1, 2, 0, 1, 0, 0, 1, 1, 1, 1, 0, 3, 2, 0]  (3, 4)
600_4___19__    15   0  [1, 1, 1, 0, 0, 1, 0, 0, 3, 1, 2, 3, 2, 0]  (2, 4)
1000_4___19__    15   0  [1, 1, 2, 0, 1, 0, 0, 3, 1, 2, 3, 0, 1, 0]  (3, 4)
400_1___19__    14   0  [0, 2, 3, 1, 0, 0, 1, 1, 1, 2, 3, 2, 0]  (3, 4)
400_3___19__    14   0  [0, 2, 3, 1, 0, 0, 3, 1, 1, 0, 3, 2, 0]  (3, 4)
600_3___19__    14   0  [3, 1, 0, 0, 1, 0, 0, 3, 1, 2, 3, 2, 0]  (3, 4)
1000_1___19__    14   0  [3, 2, 0, 1, 0, 0, 2, 0, 1, 2, 3, 2, 0]  (3, 4)
400_2___19__    13   0  [0, 2, 3, 1, 1, 1, 1, 1, 2, 3, 2, 0]  (3, 4)
600_2___19__    13   0  [3, 1, 1, 1, 0, 0, 3, 1, 2, 3, 2, 0]  (3, 4)
1000_3___19__    13   0  [3, 2, 0, 1, 0, 0, 3, 1, 2, 3, 2, 0]  (3, 4)
600_1___19__    12   0  [3, 1, 0, 2, 1, 3, 1, 2, 3, 2, 0]  (3, 4)
1000_2___19__    12   0  [3, 2, 2, 1, 2, 0, 1, 2, 3, 2, 0]  (3, 4)
part_in:(2, 2), all_in:(3, 4), all_out:(2, 4)
ball_column
400_5___20__    13   0  [2, 2, 1, 3, 0, 0, 2, 0, 2, 3, 1, 0, 0]  (12, 16)
600_5___20__    12   0  [1, 1, 1, 1, 1, 1, 0, 0, 3, 2, 3, 3]  (7, 16)
1000_4___20__    12   0  [5, 1, 3, 0, 0, 2, 0, 2, 3, 2, 0]  (12, 16)
600_2___20__    11   0  [3, 1, 1, 2, 0, 0, 0, 2, 7, 3]  (14, 16)
600_3___20__    11   0  [3, 1, 1, 1, 0, 0, 0, 3, 7, 3]  (10, 16)
600_4___20__    11   0  [3, 1, 1, 2, 0, 0, 0, 2, 7, 3]  (8, 16)
1000_5___20__    11   0  [5, 1, 1, 2, 0, 2, 0, 2, 3, 2, 0]  (12, 16)
400_3___20__    10   0  [5, 1, 2, 0, 0, 0, 2, 3, 3, 3]  (11, 16)
400_4___20__    10   0  [2, 2, 1, 3, 0, 0, 2, 3, 3, 3]  (12, 16)
1000_3___20__    9   6  [1, 1, 2, 3, 0, 6, 2, 0]  (13, 16)
400_2___20__    8   6  [1, 3, 0, 0, 2, 0, 6, 3]  (13, 16)
600_1___20__    8   0  [3, 1, 1, 4, 0, 2, 7, 3]  (13, 16)
1000_1___20__    8   6  [1, 3, 0, 0, 0, 1, 7, 3]  (14, 16)
1000_2___20__    8   6  [1, 1, 2, 0, 2, 0, 6, 3]  (14, 16)
400_1___20__    7   0  [5, 1, 4, 0, 2, 7, 3]  (13, 16)
part_in:(7, 13), all_in:(14, 16), all_out:(7, 16)
blue_sort
600_5___21__    12   0  [0, 4, 3, 2, 0, 0, 3, 2, 1, 2, 0, 0]  (7, 11)
1000_5___21__    11   0  [0, 4, 3, 2, 0, 0, 1, 1, 6, 1, 0]  (6, 11)
600_4___21__    10   0  [0, 4, 6, 0, 0, 3, 2, 1, 3, 0]  (6, 11)
1000_1___21__    10   0  [0, 4, 3, 2, 1, 3, 5, 0, 1, 0]  (10, 11)
400_4___21__    9   1  [4, 6, 0, 0, 3, 4, 1, 1, 0]  (10, 11)
400_5___21__    9   1  [4, 6, 0, 0, 3, 4, 1, 1, 0]  (9, 11)
600_1___21__    9   0  [0, 4, 6, 1, 3, 2, 5, 0]  (6, 11)
1000_4___21__    9   0  [0, 4, 6, 0, 0, 3, 6, 1, 0]  (8, 11)
400_3___21__    8   1  [4, 6, 0, 0, 3, 6, 1, 0]  (11, 11)
600_2___21__    8   0  [0, 4, 6, 0, 0, 3, 8, 0]  (7, 11)
600_3___21__    8   0  [0, 4, 6, 1, 3, 2, 5, 0]  (6, 11)
1000_2___21__    8   0  [0, 8, 2, 1, 3, 5, 2, 0]  (9, 11)
1000_3___21__    8   0  [0, 4, 6, 0, 0, 3, 8, 0]  (8, 11)
400_1___21__    6   1  [4, 6, 1, 3, 8, 0]  (10, 11)
400_2___21__    6   1  [11, 0, 0, 3, 8, 0]  (10, 11)
part_in:(6, 9), all_in:(10, 11), all_out:(6, 11)
