30
blue
100_3___22__    9   5  [3, 0, 1, 2, 0, 2, 0, 4, 3]  (9, 15)
100_4___22__    9   2  [3, 2, 0, 1, 2, 3, 0, 4, 3]  (10, 15)
300_1___22__    8   3  [5, 2, 2, 0, 2, 5, 0, 2]  (10, 15)
300_2___22__    8   9  [2, 2, 0, 2, 0, 4, 0, 2]  (8, 15)
100_1___22__    7   2  [6, 0, 4, 0, 3, 2, 5]  (14, 15)
200_4___22__    7   2  [6, 2, 0, 5, 0, 4, 3]  (14, 15)
300_3___22__    7   9  [2, 2, 0, 2, 5, 0, 2]  (8, 15)
300_4___22__    7   2  [6, 2, 2, 3, 0, 4, 3]  (6, 15)
100_2___22__    6   6  [2, 0, 1, 2, 4, 8]  (11, 15)
100_5___22__    6   2  [6, 2, 2, 3, 0, 8]  (13, 15)
200_2___22__    6   9  [0, 1, 0, 8, 3, 2]  (11, 15)
200_3___22__    6   2  [6, 0, 1, 6, 5, 3]  (15, 15)
300_5___22__    6   9  [2, 2, 3, 0, 4, 3]  (9, 15)
200_1___22__    5   2  [7, 1, 7, 1, 6]  (11, 15)
200_5___22__    4   9  [2, 6, 0, 8]  (14, 15)
part_in:(6, 13), all_in:(14, 15), all_out:(6, 15)
less9
100_5___3__    12   0  [1, 0, 2, 3, 2, 4, 0, 2, 1, 1, 0, 1]  (1, 3)
200_4___3__    9   0  [1, 3, 3, 7, 0, 6, 0, 0, 0]  (1, 4)
200_5___3__    9   0  [1, 3, 3, 7, 0, 2, 4, 0, 0]  (1, 4)
100_2___3__    8   0  [1, 3, 3, 7, 0, 7, 0, 0]  (1, 2)
100_4___3__    8   0  [1, 3, 3, 7, 0, 6, 0, 1]  (1, 2)
200_2___3__    8   0  [1, 2, 0, 3, 7, 0, 8, 0]  (1, 3)
200_3___3__    8   0  [1, 3, 3, 2, 4, 0, 6, 2]  (1, 3)
300_5___3__    8   0  [2, 0, 1, 3, 7, 0, 7, 1]  (1, 2)
100_3___3__    7   2  [3, 3, 7, 0, 1, 5, 1]  (1, 1)
200_1___3__    7   2  [3, 3, 7, 0, 3, 4, 0]  (1, 1)
300_2___3__    7   3  [1, 0, 3, 7, 0, 7, 1]  (1, 1)
100_1___3__    6   0  [1, 3, 3, 7, 0, 9]  (0, 1)
300_1___3__    5   0  [4, 0, 11, 0, 9]  (1, 1)
300_3___3__    5   6  [3, 7, 0, 7, 1]  (1, 1)
300_4___3__    5   0  [5, 3, 7, 8, 1]  (1, 2)
part_in:(0, 4), all_in:(1, 1), all_out:(0, 4)
sum25
200_4___12__    12   2  [1, 0, 0, 0, 4, 0, 2, 2, 3, 1, 0, 2]  (28, 53)
100_3___12__    11   2  [1, 0, 0, 0, 4, 2, 0, 1, 4, 1, 3]  (35, 53)
100_4___12__    11   2  [1, 0, 0, 0, 4, 5, 0, 3, 2, 1, 0]  (31, 53)
300_5___12__    11   2  [0, 0, 0, 0, 0, 4, 2, 2, 0, 3, 5]  (30, 53)
100_5___12__    10   2  [1, 0, 0, 0, 4, 2, 2, 4, 2, 2]  (28, 53)
200_1___12__    10   2  [1, 1, 0, 4, 3, 1, 0, 2, 2, 3]  (30, 53)
300_3___12__    10   2  [0, 0, 0, 0, 0, 4, 2, 0, 6, 5]  (31, 53)
200_2___12__    9   2  [1, 1, 0, 4, 3, 1, 0, 5, 3]  (28, 53)
200_3___12__    9   2  [1, 0, 0, 0, 4, 3, 6, 1, 3]  (28, 53)
300_2___12__    9   2  [1, 1, 0, 4, 2, 0, 1, 4, 5]  (33, 53)
300_4___12__    9   2  [1, 0, 0, 0, 1, 2, 5, 4, 5]  (27, 53)
100_1___12__    8   4  [1, 0, 4, 3, 1, 3, 2, 3]  (34, 53)
200_5___12__    8   2  [1, 0, 0, 0, 4, 3, 2, 9]  (24, 53)
300_1___12__    8   2  [0, 0, 1, 0, 4, 2, 2, 10]  (31, 53)
100_2___12__    6   4  [1, 0, 4, 5, 3, 6]  (34, 53)
part_in:(24, 34), all_in:(35, 53), all_out:(24, 53)
sum34
100_4___14__    10   3  [0, 0, 1, 4, 3, 3, 0, 1, 2, 2]  (30, 50)
200_1___14__    10   2  [0, 0, 0, 6, 3, 1, 1, 0, 0, 6]  (22, 50)
200_4___14__    10   2  [1, 0, 1, 4, 0, 2, 4, 1, 2, 2]  (18, 50)
300_5___14__    10   2  [1, 0, 1, 4, 3, 2, 1, 1, 2, 2]  (20, 50)
100_1___14__    9   3  [0, 0, 1, 4, 3, 3, 0, 0, 6]  (32, 50)
100_2___14__    9   3  [0, 0, 1, 4, 3, 4, 0, 0, 5]  (34, 50)
100_5___14__    9   2  [1, 0, 1, 4, 3, 4, 1, 2, 2]  (25, 50)
200_2___14__    9   2  [1, 0, 1, 4, 1, 1, 4, 0, 6]  (19, 50)
300_2___14__    9   2  [0, 0, 0, 1, 4, 3, 4, 1, 5]  (24, 50)
300_4___14__    9   2  [0, 0, 0, 1, 1, 6, 4, 1, 5]  (20, 50)
100_3___14__    8   4  [0, 1, 4, 3, 4, 0, 0, 5]  (34, 50)
200_3___14__    8   2  [1, 0, 6, 1, 1, 4, 0, 6]  (18, 50)
300_1___14__    8   2  [2, 1, 4, 3, 4, 0, 0, 5]  (26, 50)
200_5___14__    7   2  [1, 0, 1, 4, 3, 4, 7]  (15, 50)
300_3___14__    7   2  [1, 0, 6, 3, 4, 1, 5]  (23, 50)
part_in:(15, 33), all_in:(34, 50), all_out:(15, 50)
gap23
200_4___16__    14   1  [1, 0, 0, 3, 1, 1, 0, 2, 4, 1, 0, 0, 1, 0]  (2, 4)
200_5___16__    13   1  [1, 0, 0, 3, 1, 1, 0, 7, 1, 1, 0, 0, 0]  (2, 3)
300_4___16__    13   1  [1, 1, 2, 0, 1, 2, 0, 6, 1, 0, 0, 1, 0]  (2, 5)
200_3___16__    12   1  [0, 0, 0, 0, 3, 1, 2, 7, 2, 0, 1, 0]  (2, 4)
200_1___16__    11   1  [1, 1, 3, 1, 2, 8, 0, 0, 0, 1, 0]  (2, 3)
200_2___16__    11   1  [0, 0, 1, 3, 1, 1, 0, 10, 0, 1, 0]  (2, 4)
100_5___16__    10   1  [1, 1, 0, 4, 2, 5, 5, 0, 0, 0]  (2, 4)
300_1___16__    10   1  [1, 1, 2, 0, 1, 2, 10, 0, 1, 0]  (2, 3)
300_2___16__    10   1  [1, 1, 2, 0, 1, 2, 10, 0, 1, 0]  (2, 4)
300_5___16__    10   1  [1, 1, 3, 1, 2, 0, 6, 3, 1, 0]  (2, 3)
100_1___16__    9   1  [0, 0, 1, 2, 2, 2, 11, 1, 0]  (2, 5)
100_3___16__    9   1  [0, 0, 1, 5, 2, 10, 0, 1, 0]  (2, 7)
300_3___16__    9   1  [1, 1, 3, 1, 2, 0, 10, 1, 0]  (2, 4)
100_2___16__    7   1  [1, 1, 5, 2, 11, 1, 0]  (2, 6)
100_4___16__    7   1  [1, 1, 2, 2, 14, 1, 0]  (2, 8)
part_in:(4, 7), all_in:(2, 3), all_out:(2, 7)
gap56
200_2___19__    14   1  [1, 0, 2, 0, 0, 2, 0, 2, 1, 3, 3, 0, 0, 0]  (1, 5)
100_4___19__    13   3  [0, 0, 1, 4, 3, 0, 4, 0, 1, 0, 0, 0, 0]  (1, 5)
200_1___19__    12   1  [1, 0, 2, 1, 2, 3, 1, 3, 3, 0, 0, 0]  (1, 7)
200_4___19__    12   1  [1, 0, 2, 1, 2, 0, 2, 1, 3, 3, 1, 0]  (1, 5)
100_3___19__    11   4  [0, 1, 4, 3, 0, 4, 0, 1, 1, 0, 0]  (1, 4)
200_3___19__    11   3  [0, 2, 0, 0, 2, 3, 1, 3, 3, 1, 0]  (1, 6)
200_5___19__    11   3  [0, 2, 1, 2, 0, 2, 1, 3, 3, 1, 0]  (1, 4)
300_5___19__    11   3  [0, 0, 1, 1, 2, 3, 2, 2, 3, 1, 0]  (1, 3)
300_1___19__    10   4  [2, 0, 0, 2, 2, 0, 1, 3, 5, 0]  (1, 5)
300_2___19__    10   3  [0, 2, 1, 2, 3, 1, 3, 3, 1, 0]  (1, 5)
300_4___19__    10   3  [0, 0, 1, 0, 0, 6, 5, 3, 1, 0]  (1, 7)
100_2___19__    9   3  [0, 2, 4, 3, 0, 0, 3, 0, 5]  (1, 4)
100_5___19__    9   3  [0, 2, 4, 3, 5, 2, 0, 1, 0]  (1, 5)
300_3___19__    8   4  [2, 1, 2, 3, 5, 3, 1, 0]  (1, 6)
100_1___19__    7   4  [2, 8, 5, 0, 1, 2, 0]  (1, 4)
part_in:(4, 7), all_in:(1, 3), all_out:(1, 7)
sum_all
100_2___9__    11   2  [1, 0, 1, 4, 2, 0, 1, 1, 1, 0, 5]  (104, 148)
200_2___9__    10   2  [0, 0, 0, 1, 4, 3, 1, 4, 1, 3]  (80, 148)
200_4___9__    10   2  [1, 0, 1, 4, 0, 1, 0, 6, 1, 3]  (78, 148)
300_1___9__    10   2  [1, 0, 1, 4, 1, 0, 0, 1, 4, 5]  (89, 148)
100_3___9__    9   2  [1, 0, 1, 4, 2, 0, 6, 1, 3]  (104, 148)
100_4___9__    9   2  [1, 0, 1, 4, 2, 4, 2, 2, 2]  (93, 148)
100_5___9__    9   2  [0, 0, 0, 1, 4, 2, 7, 2, 2]  (84, 148)
200_1___9__    9   2  [1, 2, 4, 3, 1, 1, 1, 2, 3]  (87, 148)
200_3___9__    9   2  [1, 0, 1, 4, 2, 0, 6, 1, 3]  (79, 148)
300_2___9__    9   2  [1, 0, 1, 4, 2, 0, 1, 4, 5]  (92, 148)
300_3___9__    9   2  [1, 0, 1, 1, 2, 2, 0, 6, 5]  (89, 148)
100_1___9__    8   4  [2, 4, 2, 0, 3, 1, 0, 5]  (103, 148)
200_5___9__    8   2  [1, 0, 1, 4, 2, 0, 6, 5]  (66, 148)
300_4___9__    8   2  [1, 0, 1, 1, 2, 2, 7, 5]  (81, 148)
300_5___9__    8   2  [1, 0, 1, 4, 2, 2, 4, 5]  (84, 148)
part_in:(66, 103), all_in:(104, 148), all_out:(66, 148)
gap45
100_5___18__    13   0  [3, 1, 0, 1, 1, 1, 3, 1, 0, 1, 3, 1, 0]  (5, 9)
200_2___18__    12   0  [1, 3, 0, 1, 1, 1, 3, 2, 1, 3, 1, 0]  (5, 12)
100_1___18__    10   3  [0, 1, 2, 1, 1, 3, 1, 3, 2, 2]  (5, 9)
100_2___18__    10   0  [3, 1, 2, 1, 1, 3, 2, 1, 0, 5]  (5, 9)
100_3___18__    10   0  [1, 3, 2, 1, 1, 3, 2, 1, 3, 2]  (5, 10)
100_4___18__    10   0  [5, 2, 1, 1, 3, 1, 0, 1, 5, 0]  (5, 10)
200_3___18__    10   0  [5, 2, 1, 1, 3, 2, 1, 3, 1, 0]  (5, 14)
200_4___18__    10   0  [5, 2, 1, 1, 3, 2, 1, 3, 1, 0]  (5, 14)
200_5___18__    10   0  [5, 2, 1, 1, 3, 2, 1, 3, 1, 0]  (5, 13)
300_5___18__    10   0  [5, 2, 1, 5, 1, 0, 1, 3, 1, 0]  (5, 14)
300_2___18__    9   0  [5, 2, 1, 1, 3, 2, 1, 3, 2]  (5, 12)
300_4___18__    9   0  [5, 2, 1, 5, 1, 2, 3, 1, 0]  (5, 12)
200_1___18__    8   6  [2, 1, 1, 3, 4, 3, 1, 0]  (5, 10)
300_1___18__    8   6  [2, 1, 5, 1, 2, 3, 1, 0]  (5, 9)
300_3___18__    8   0  [5, 2, 1, 5, 1, 2, 3, 2]  (5, 12)
part_in:(10, 14), all_in:(5, 9), all_out:(5, 14)
row3
100_1___7__    13   4  [2, 0, 3, 0, 2, 0, 1, 2, 0, 0, 1, 0, 1]  (2, 4)
100_5___7__    12   4  [2, 0, 4, 1, 0, 1, 0, 2, 0, 0, 2, 1]  (2, 9)
200_5___7__    12   4  [1, 0, 0, 4, 1, 0, 2, 2, 0, 0, 2, 1]  (2, 6)
300_5___7__    12   4  [2, 0, 4, 1, 0, 1, 3, 0, 0, 2, 0, 0]  (2, 8)
100_2___7__    11   4  [2, 0, 4, 1, 0, 2, 2, 0, 0, 2, 1]  (2, 8)
100_3___7__    11   4  [2, 0, 4, 1, 0, 2, 2, 0, 0, 2, 1]  (2, 7)
100_4___7__    11   4  [2, 0, 4, 1, 0, 2, 2, 0, 0, 2, 1]  (2, 8)
300_1___7__    11   4  [2, 0, 3, 3, 1, 0, 2, 0, 0, 2, 1]  (2, 5)
200_1___7__    10   7  [0, 4, 2, 0, 1, 3, 0, 1, 0, 1]  (2, 4)
200_2___7__    10   7  [0, 4, 2, 0, 4, 0, 0, 1, 0, 1]  (2, 5)
300_2___7__    10   4  [2, 0, 5, 1, 5, 0, 0, 1, 0, 1]  (2, 7)
300_4___7__    10   4  [2, 0, 6, 0, 5, 0, 0, 2, 0, 0]  (2, 6)
200_3___7__    9   7  [0, 4, 2, 0, 4, 0, 0, 2, 1]  (2, 6)
200_4___7__    9   7  [0, 4, 2, 0, 1, 2, 0, 0, 4]  (2, 6)
300_3___7__    9   7  [0, 5, 0, 0, 1, 4, 0, 2, 1]  (2, 6)
part_in:(5, 9), all_in:(2, 4), all_out:(2, 9)
gap12
100_1___15__    14   2  [1, 0, 1, 2, 0, 0, 1, 0, 1, 0, 3, 3, 1, 0]  (7, 9)
200_5___15__    14   2  [4, 2, 0, 0, 1, 0, 1, 0, 3, 0, 0, 1, 1, 0]  (2, 9)
100_3___15__    13   2  [2, 1, 2, 0, 0, 1, 0, 1, 0, 3, 3, 1, 0]  (6, 9)
100_4___15__    13   2  [2, 1, 2, 0, 0, 1, 0, 1, 0, 3, 1, 1, 2]  (4, 9)
100_2___15__    12   2  [2, 1, 2, 1, 1, 0, 1, 0, 3, 3, 1, 0]  (6, 9)
100_5___15__    12   2  [2, 1, 2, 0, 0, 1, 0, 1, 0, 3, 3, 2]  (4, 9)
200_2___15__    11   2  [2, 1, 2, 1, 1, 0, 6, 1, 1, 1, 0]  (3, 9)
200_3___15__    11   2  [4, 2, 1, 1, 0, 2, 3, 1, 1, 1, 0]  (2, 9)
300_2___15__    11   2  [1, 0, 1, 2, 4, 2, 3, 0, 2, 1, 0]  (3, 9)
300_4___15__    11   2  [1, 0, 1, 2, 3, 0, 2, 3, 3, 1, 0]  (2, 9)
200_1___15__    10   2  [2, 1, 4, 1, 0, 2, 3, 1, 3, 0]  (4, 9)
300_1___15__    10   2  [2, 1, 2, 3, 0, 6, 0, 2, 1, 0]  (4, 9)
200_4___15__    9   2  [4, 6, 0, 2, 3, 1, 1, 1, 0]  (2, 9)
300_3___15__    9   2  [2, 1, 2, 4, 2, 3, 3, 1, 0]  (3, 9)
300_5___15__    9   2  [2, 1, 2, 4, 1, 0, 3, 3, 2]  (1, 9)
part_in:(2, 6), all_in:(7, 9), all_out:(2, 9)
gap34
100_5___17__    14   1  [1, 0, 3, 0, 2, 1, 3, 0, 1, 0, 1, 0, 2, 0]  (2, 4)
200_1___17__    14   2  [1, 2, 0, 0, 0, 1, 1, 3, 0, 2, 2, 1, 0, 0]  (2, 4)
200_2___17__    14   2  [1, 2, 0, 0, 0, 3, 1, 1, 0, 2, 2, 1, 0, 0]  (2, 4)
100_1___17__    13   1  [0, 0, 0, 3, 0, 0, 3, 1, 1, 3, 1, 3, 0]  (2, 4)
100_2___17__    13   1  [2, 3, 0, 0, 3, 1, 1, 2, 0, 2, 1, 0, 0]  (1, 4)
100_3___17__    13   1  [1, 0, 3, 0, 0, 3, 1, 1, 0, 2, 2, 2, 0]  (1, 4)
300_2___17__    12   1  [2, 3, 0, 4, 3, 0, 1, 0, 2, 1, 0, 0]  (3, 4)
100_4___17__    11   1  [1, 0, 3, 0, 4, 4, 2, 1, 0, 2, 0]  (1, 4)
300_1___17__    11   1  [2, 3, 0, 4, 3, 0, 1, 0, 2, 2, 0]  (2, 4)
300_4___17__    11   4  [3, 0, 2, 1, 4, 1, 0, 1, 0, 2, 0]  (3, 4)
300_5___17__    11   4  [3, 0, 2, 1, 4, 1, 0, 1, 0, 2, 0]  (3, 4)
200_4___17__    10   4  [3, 0, 4, 1, 2, 2, 2, 1, 0, 0]  (2, 4)
200_5___17__    10   4  [3, 0, 4, 0, 0, 2, 1, 3, 2, 0]  (3, 4)
300_3___17__    10   0  [3, 3, 0, 4, 4, 1, 0, 2, 2, 0]  (2, 4)
200_3___17__    9   2  [1, 3, 0, 4, 3, 3, 2, 2, 0]  (1, 4)
part_in:(1, 2), all_in:(3, 4), all_out:(1, 4)
less5
200_5___1__    16   2  [0, 0, 0, 0, 0, 1, 1, 6, 0, 2, 1, 0, 0, 0, 0, 0]  (4, 15)
200_4___1__    15   2  [0, 0, 0, 0, 0, 1, 0, 0, 6, 0, 5, 0, 0, 0, 0]  (4, 15)
100_1___1__    14   3  [0, 0, 0, 2, 1, 4, 0, 1, 3, 0, 0, 1, 0, 0]  (12, 15)
100_4___1__    14   2  [0, 0, 1, 2, 0, 0, 4, 1, 1, 3, 0, 1, 0, 0]  (8, 15)
100_3___1__    13   3  [0, 0, 0, 2, 0, 0, 4, 1, 0, 0, 4, 2, 0]  (10, 15)
100_5___1__    13   2  [0, 0, 1, 2, 1, 4, 1, 5, 0, 0, 0, 0, 0]  (6, 15)
100_2___1__    12   3  [0, 0, 3, 0, 0, 4, 1, 0, 5, 1, 0, 0]  (10, 15)
200_2___1__    12   2  [0, 0, 1, 2, 0, 0, 2, 4, 3, 1, 2, 0]  (6, 15)
200_3___1__    12   2  [0, 0, 1, 0, 1, 0, 0, 6, 0, 5, 2, 0]  (5, 15)
300_4___1__    12   2  [0, 0, 1, 0, 1, 1, 4, 2, 5, 1, 0, 0]  (6, 15)
300_5___1__    12   3  [0, 1, 0, 1, 1, 4, 0, 1, 5, 1, 0, 0]  (7, 15)
200_1___1__    11   2  [0, 0, 1, 0, 1, 1, 7, 3, 1, 2, 0]  (8, 15)
300_1___1__    11   2  [0, 0, 1, 0, 1, 1, 4, 2, 5, 2, 0]  (8, 15)
300_3___1__    11   2  [0, 0, 1, 0, 1, 1, 4, 2, 5, 2, 0]  (8, 15)
300_2___1__    10   3  [0, 1, 0, 1, 1, 7, 5, 1, 0, 0]  (7, 15)
part_in:(4, 11), all_in:(12, 15), all_out:(4, 15)
row2
100_4___6__    15   3  [0, 0, 0, 0, 4, 2, 0, 1, 0, 1, 1, 0, 1, 0, 1]  (9, 16)
100_1___6__    14   3  [0, 1, 0, 4, 2, 0, 1, 0, 1, 1, 0, 1, 0, 1]  (11, 16)
100_2___6__    14   3  [0, 1, 0, 4, 2, 0, 1, 0, 1, 1, 0, 1, 0, 1]  (9, 16)
100_5___6__    14   4  [0, 0, 0, 4, 2, 0, 1, 0, 1, 1, 0, 1, 0, 1]  (9, 16)
200_5___6__    14   3  [0, 1, 0, 4, 1, 0, 0, 1, 0, 3, 0, 1, 0, 1]  (11, 16)
100_3___6__    13   3  [0, 2, 4, 2, 0, 1, 0, 1, 1, 0, 1, 0, 1]  (10, 16)
300_1___6__    13   3  [0, 2, 4, 1, 0, 0, 1, 0, 3, 0, 1, 0, 1]  (12, 16)
300_2___6__    13   3  [0, 2, 4, 1, 0, 0, 1, 0, 3, 0, 1, 0, 1]  (10, 16)
200_1___6__    12   3  [3, 4, 1, 1, 0, 0, 0, 2, 1, 1, 0, 1]  (12, 16)
200_3___6__    12   3  [3, 4, 1, 0, 0, 0, 0, 4, 0, 1, 0, 1]  (12, 16)
300_3___6__    12   3  [3, 4, 1, 0, 0, 1, 3, 0, 0, 1, 0, 1]  (11, 16)
300_4___6__    12   3  [0, 2, 4, 1, 0, 0, 1, 4, 0, 1, 0, 1]  (12, 16)
300_5___6__    12   4  [2, 4, 1, 0, 0, 1, 4, 0, 1, 0, 0, 0]  (10, 16)
200_2___6__    11   3  [3, 4, 1, 1, 0, 0, 4, 0, 1, 0, 1]  (12, 16)
200_4___6__    10   3  [3, 4, 1, 1, 1, 0, 3, 0, 1, 2]  (11, 16)
part_in:(9, 11), all_in:(12, 16), all_out:(9, 16)
sum16
100_1___10__    16   1  [0, 2, 0, 0, 1, 2, 1, 0, 4, 0, 0, 0, 0, 0, 1, 1]  (33, 45)
200_3___10__    16   2  [2, 0, 0, 1, 2, 0, 0, 1, 1, 0, 1, 1, 0, 0, 1, 1]  (32, 45)
100_3___10__    15   1  [0, 2, 0, 0, 1, 2, 1, 0, 4, 0, 1, 0, 0, 1, 1]  (34, 45)
200_2___10__    15   1  [0, 0, 1, 1, 1, 2, 1, 1, 1, 0, 0, 0, 1, 1, 3]  (31, 45)
200_4___10__    15   1  [0, 2, 0, 0, 1, 2, 0, 0, 3, 0, 0, 0, 1, 1, 3]  (31, 45)
100_4___10__    14   1  [0, 2, 0, 0, 1, 2, 2, 4, 0, 1, 0, 0, 0, 2]  (32, 45)
200_5___10__    14   2  [2, 0, 0, 1, 2, 1, 0, 0, 1, 1, 0, 1, 1, 3]  (27, 45)
200_1___10__    13   1  [0, 2, 0, 0, 4, 0, 0, 1, 2, 0, 0, 3, 3]  (33, 45)
300_1___10__    13   1  [0, 2, 0, 0, 1, 2, 0, 0, 0, 5, 1, 1, 3]  (32, 45)
300_3___10__    13   1  [0, 2, 1, 1, 1, 0, 0, 0, 0, 5, 1, 1, 3]  (34, 45)
300_5___10__    13   1  [0, 2, 0, 0, 1, 1, 0, 1, 0, 4, 2, 1, 3]  (32, 45)
300_4___10__    12   1  [0, 2, 0, 0, 1, 1, 0, 1, 0, 7, 1, 3]  (32, 45)
100_5___10__    11   2  [2, 0, 0, 1, 2, 2, 4, 0, 1, 2, 2]  (29, 45)
300_2___10__    11   1  [0, 2, 1, 1, 2, 0, 0, 0, 7, 1, 3]  (34, 45)
100_2___10__    10   1  [0, 2, 1, 1, 2, 2, 4, 0, 1, 5]  (33, 45)
part_in:(27, 33), all_in:(34, 45), all_out:(27, 45)
gap25
300_1___13__    15   0  [0, 1, 0, 4, 1, 4, 1, 0, 1, 0, 1, 0, 0, 1, 0]  (11, 16)
300_2___13__    14   0  [0, 1, 0, 4, 1, 4, 2, 1, 0, 1, 0, 0, 1, 0]  (11, 19)
300_5___13__    13   0  [0, 1, 0, 4, 1, 4, 2, 1, 1, 0, 0, 0, 2]  (11, 21)
100_3___13__    12   0  [0, 0, 0, 0, 4, 1, 1, 8, 1, 0, 0, 2]  (11, 20)
100_4___13__    12   0  [0, 1, 0, 4, 1, 4, 5, 1, 0, 0, 1, 0]  (11, 21)
100_2___13__    11   0  [0, 1, 0, 4, 1, 2, 7, 1, 0, 0, 2]  (11, 19)
100_5___13__    11   0  [0, 2, 4, 1, 1, 2, 6, 0, 0, 2, 0]  (11, 17)
200_2___13__    11   0  [0, 1, 0, 4, 1, 6, 3, 1, 0, 0, 2]  (11, 19)
300_4___13__    11   0  [0, 1, 0, 4, 1, 4, 4, 1, 0, 0, 3]  (11, 21)
100_1___13__    10   0  [0, 2, 4, 1, 6, 3, 1, 0, 0, 2]  (11, 17)
200_1___13__    10   1  [1, 0, 4, 1, 6, 3, 1, 0, 0, 2]  (11, 15)
200_3___13__    10   0  [0, 1, 0, 4, 1, 10, 1, 0, 0, 2]  (11, 20)
200_4___13__    10   0  [0, 1, 0, 4, 1, 7, 4, 0, 0, 2]  (11, 21)
200_5___13__    10   0  [0, 1, 0, 4, 1, 7, 4, 0, 0, 2]  (11, 19)
300_3___13__    10   0  [0, 1, 0, 4, 1, 4, 7, 0, 0, 2]  (11, 19)
part_in:(16, 21), all_in:(11, 15), all_out:(11, 21)
ball_column
300_2___21__    14   2  [0, 1, 0, 0, 2, 1, 0, 1, 2, 0, 2, 0, 1, 3]  (0, 1)
100_4___21__    13   2  [0, 1, 0, 0, 2, 1, 0, 1, 3, 2, 1, 0, 3]  (0, 2)
200_5___21__    13   2  [0, 1, 0, 0, 2, 1, 0, 1, 3, 2, 1, 0, 3]  (0, 3)
100_2___21__    12   2  [0, 1, 0, 0, 2, 1, 0, 1, 3, 2, 2, 3]  (0, 1)
100_3___21__    12   2  [0, 1, 0, 0, 2, 1, 0, 1, 3, 2, 2, 3]  (0, 1)
100_5___21__    12   3  [1, 0, 0, 2, 1, 0, 1, 3, 2, 1, 0, 3]  (0, 2)
300_1___21__    12   2  [0, 1, 0, 0, 2, 1, 0, 5, 2, 0, 1, 3]  (0, 1)
300_4___21__    12   2  [0, 1, 0, 0, 2, 1, 0, 1, 2, 3, 2, 3]  (0, 1)
100_1___21__    11   2  [0, 1, 0, 0, 2, 1, 0, 5, 2, 2, 3]  (0, 0)
200_1___21__    11   2  [0, 1, 0, 0, 2, 1, 0, 3, 1, 5, 3]  (0, 1)
200_2___21__    11   2  [0, 1, 0, 0, 2, 1, 0, 5, 2, 2, 3]  (0, 2)
200_4___21__    11   2  [2, 0, 0, 2, 1, 0, 5, 2, 1, 0, 3]  (0, 3)
300_3___21__    11   2  [0, 1, 0, 0, 4, 0, 4, 0, 2, 2, 3]  (0, 1)
200_3___21__    10   2  [2, 0, 0, 2, 1, 0, 5, 2, 2, 3]  (0, 3)
300_5___21__    10   3  [1, 0, 0, 4, 0, 1, 2, 3, 2, 3]  (0, 1)
part_in:(2, 3), all_in:(0, 1), all_out:(0, 3)
blue_sort
100_3___23__    16   0  [2, 0, 1, 1, 0, 1, 0, 0, 2, 2, 0, 0, 1, 1, 1, 1]  (11, 11)
100_2___23__    13   0  [2, 0, 1, 1, 0, 1, 0, 6, 0, 2, 1, 1, 1]  (11, 11)
100_4___23__    13   0  [2, 0, 1, 1, 0, 1, 0, 0, 5, 0, 2, 1, 3]  (10, 11)
300_1___23__    13   0  [3, 1, 1, 0, 2, 0, 2, 2, 2, 0, 1, 1, 1]  (9, 11)
300_4___23__    13   0  [2, 0, 3, 0, 2, 0, 2, 2, 3, 0, 0, 1, 1]  (9, 11)
300_5___23__    13   0  [2, 0, 1, 2, 2, 0, 2, 2, 3, 0, 0, 1, 1]  (9, 11)
100_1___23__    12   0  [2, 0, 1, 1, 0, 1, 0, 3, 6, 1, 1, 1]  (11, 14)
200_1___23__    12   0  [1, 1, 1, 1, 0, 1, 0, 3, 2, 3, 3, 1]  (10, 11)
200_2___23__    12   0  [1, 1, 1, 1, 0, 1, 0, 3, 2, 3, 3, 1]  (10, 11)
200_5___23__    12   0  [2, 0, 1, 1, 0, 1, 0, 3, 2, 3, 3, 1]  (8, 11)
300_2___23__    12   0  [3, 1, 1, 0, 2, 0, 2, 2, 3, 1, 1, 1]  (9, 11)
300_3___23__    12   0  [3, 3, 0, 2, 0, 2, 2, 0, 2, 1, 1, 1]  (8, 11)
200_4___23__    11   0  [1, 0, 0, 3, 0, 1, 0, 3, 6, 3, 1]  (11, 11)
100_5___23__    10   0  [2, 0, 1, 2, 1, 0, 6, 0, 2, 5]  (11, 12)
200_3___23__    10   0  [1, 1, 3, 0, 1, 0, 3, 6, 3, 1]  (11, 11)
part_in:(8, 14), all_in:(11, 11), all_out:(8, 14)
gap16
100_3___11__    14   0  [1, 1, 4, 1, 2, 3, 0, 2, 0, 0, 0, 0, 1, 0]  (21, 32)
200_3___11__    14   0  [1, 0, 0, 4, 1, 1, 0, 3, 0, 2, 0, 1, 2, 0]  (21, 30)
200_4___11__    14   0  [1, 0, 0, 4, 1, 1, 0, 3, 0, 2, 0, 1, 2, 0]  (21, 30)
100_1___11__    13   0  [1, 1, 4, 3, 0, 4, 2, 0, 0, 0, 0, 1, 0]  (21, 29)
100_2___11__    13   0  [1, 1, 4, 1, 2, 3, 0, 2, 0, 1, 0, 1, 0]  (21, 30)
100_4___11__    13   0  [1, 1, 4, 1, 2, 3, 0, 2, 0, 1, 0, 1, 0]  (21, 31)
100_5___11__    13   0  [1, 1, 4, 1, 2, 3, 0, 2, 0, 1, 0, 1, 0]  (21, 27)
200_2___11__    13   0  [2, 0, 4, 1, 1, 0, 3, 0, 2, 0, 1, 2, 0]  (21, 29)
200_5___11__    13   0  [1, 1, 4, 1, 1, 0, 3, 0, 2, 0, 1, 2, 0]  (21, 26)
300_1___11__    13   0  [1, 1, 4, 3, 0, 4, 2, 0, 0, 0, 1, 0, 0]  (21, 26)
300_3___11__    13   0  [1, 1, 4, 3, 0, 3, 0, 2, 0, 0, 0, 2, 0]  (21, 30)
300_5___11__    13   0  [1, 1, 4, 3, 0, 3, 0, 2, 0, 0, 0, 2, 0]  (21, 28)
200_1___11__    12   0  [1, 1, 4, 1, 1, 0, 4, 2, 0, 1, 2, 0]  (21, 27)
300_2___11__    12   0  [1, 1, 4, 3, 0, 3, 0, 2, 0, 1, 2, 0]  (21, 29)
300_4___11__    11   0  [3, 4, 3, 0, 3, 0, 2, 0, 1, 2, 0]  (21, 32)
part_in:(27, 32), all_in:(21, 26), all_out:(21, 32)
less8
200_1___2__    16   2  [7, 0, 0, 0, 1, 0, 1, 1, 1, 0, 0, 0, 0, 0, 0, 0]  (0, 0)
200_3___2__    16   2  [3, 3, 0, 1, 1, 0, 1, 0, 0, 1, 1, 0, 0, 0, 0, 0]  (0, 1)
100_3___2__    15   2  [2, 4, 0, 3, 0, 1, 0, 0, 0, 0, 2, 0, 0, 0, 0]  (-1, 0)
100_4___2__    15   2  [2, 3, 0, 0, 3, 0, 1, 1, 0, 0, 2, 0, 0, 0, 0]  (0, 0)
100_5___2__    15   2  [2, 3, 0, 0, 3, 0, 1, 1, 0, 0, 2, 0, 0, 0, 0]  (0, 0)
200_2___2__    15   2  [3, 3, 0, 0, 0, 1, 0, 1, 1, 1, 2, 0, 0, 0, 0]  (0, 1)
200_4___2__    15   2  [2, 3, 0, 0, 1, 1, 0, 1, 1, 1, 2, 0, 0, 0, 0]  (0, 2)
300_4___2__    15   2  [2, 3, 0, 0, 3, 0, 0, 0, 3, 1, 0, 0, 0, 0, 0]  (0, 0)
100_2___2__    14   2  [2, 0, 3, 0, 3, 0, 1, 1, 1, 2, 0, 0, 0, 0]  (0, 0)
200_5___2__    14   2  [2, 4, 0, 3, 0, 1, 1, 1, 1, 0, 0, 0, 0, 0]  (0, 2)
300_1___2__    14   2  [2, 1, 2, 0, 3, 0, 1, 3, 1, 0, 0, 0, 0, 0]  (0, 2)
300_2___2__    14   2  [2, 4, 0, 3, 0, 0, 0, 1, 1, 2, 0, 0, 0, 0]  (0, 1)
300_3___2__    14   2  [2, 3, 0, 0, 3, 0, 1, 0, 2, 2, 0, 0, 0, 0]  (0, 0)
300_5___2__    14   2  [2, 4, 0, 3, 0, 1, 1, 1, 1, 0, 0, 0, 0, 0]  (0, 0)
100_1___2__    12   2  [2, 4, 0, 3, 0, 1, 3, 2, 0, 0, 0, 0]  (0, 0)
part_in:(-1, 2), all_in:(0, 0), all_out:(-1, 2)
row1
100_4___5__    19   2  [0, 0, 1, 0, 1, 0, 1, 2, 0, 0, 1, 0, 1, 0, 0, 0, 1, 0, 0]  (1, 2)
200_4___5__    19   2  [0, 0, 1, 0, 0, 0, 0, 1, 3, 0, 1, 0, 1, 0, 0, 0, 1, 0, 0]  (0, 2)
100_3___5__    18   2  [0, 0, 1, 0, 1, 0, 1, 1, 0, 0, 0, 1, 0, 2, 1, 1, 0, 0]  (2, 2)
200_2___5__    18   2  [0, 0, 1, 0, 0, 0, 0, 1, 3, 0, 1, 0, 1, 0, 1, 1, 0, 0]  (1, 2)
100_5___5__    17   2  [0, 0, 1, 0, 1, 2, 2, 0, 0, 1, 0, 1, 0, 1, 1, 0, 0]  (1, 2)
200_3___5__    17   2  [0, 0, 1, 0, 0, 0, 0, 1, 3, 0, 1, 0, 2, 1, 1, 0, 0]  (0, 2)
200_5___5__    17   2  [0, 0, 1, 0, 0, 0, 0, 1, 3, 0, 1, 0, 1, 0, 3, 0, 0]  (0, 2)
300_1___5__    17   2  [0, 0, 1, 0, 1, 0, 1, 3, 0, 0, 0, 0, 0, 1, 1, 1, 1]  (1, 2)
300_2___5__    17   2  [0, 0, 1, 0, 1, 0, 1, 1, 1, 0, 1, 0, 2, 1, 1, 0, 0]  (1, 2)
300_4___5__    17   2  [0, 0, 1, 0, 1, 0, 0, 0, 3, 0, 1, 0, 2, 1, 1, 0, 0]  (0, 2)
100_2___5__    16   2  [0, 0, 1, 0, 1, 0, 1, 1, 1, 0, 1, 0, 0, 1, 3, 1]  (2, 2)
300_3___5__    16   1  [0, 0, 0, 1, 0, 1, 0, 1, 3, 0, 1, 0, 2, 1, 1, 1]  (1, 2)
300_5___5__    16   1  [0, 0, 0, 1, 0, 1, 0, 1, 3, 0, 1, 0, 2, 3, 0, 0]  (0, 2)
100_1___5__    15   2  [0, 0, 1, 0, 1, 0, 1, 1, 1, 0, 1, 0, 2, 3, 1]  (2, 2)
200_1___5__    15   2  [0, 2, 0, 1, 0, 1, 3, 0, 0, 0, 0, 2, 1, 1, 1]  (1, 2)
part_in:(0, 0), all_in:(1, 2), all_out:(0, 2)
row4
100_5___8__    20   0  [0, 1, 1, 0, 2, 0, 1, 0, 0, 0, 0, 0, 0, 1, 0, 1, 0, 1, 0, 1]  (0, 0)
300_4___8__    19   0  [0, 1, 1, 0, 2, 0, 1, 0, 0, 0, 0, 0, 0, 1, 0, 1, 0, 2, 1]  (0, 0)
300_5___8__    19   0  [0, 1, 1, 0, 2, 0, 1, 0, 0, 0, 0, 0, 0, 1, 0, 1, 0, 2, 1]  (0, 0)
100_3___8__    18   0  [0, 3, 0, 2, 0, 1, 0, 0, 0, 0, 0, 0, 1, 0, 1, 0, 1, 2]  (0, 0)
100_4___8__    18   0  [0, 3, 0, 2, 0, 1, 0, 0, 0, 0, 0, 0, 1, 0, 1, 0, 1, 2]  (0, 0)
200_2___8__    18   0  [0, 3, 0, 2, 0, 1, 0, 0, 0, 0, 0, 0, 1, 0, 1, 0, 2, 1]  (0, 0)
300_3___8__    18   0  [0, 1, 1, 0, 2, 0, 1, 1, 0, 0, 0, 0, 1, 0, 1, 0, 2, 1]  (0, 0)
100_1___8__    17   0  [0, 1, 1, 0, 2, 0, 1, 0, 0, 0, 0, 0, 0, 1, 0, 2, 4]  (0, 0)
100_2___8__    17   0  [0, 3, 0, 2, 0, 1, 0, 0, 0, 0, 0, 0, 1, 0, 1, 0, 4]  (-1, 0)
200_5___8__    17   0  [0, 1, 1, 0, 2, 0, 1, 0, 0, 0, 0, 0, 0, 1, 0, 2, 4]  (0, 0)
300_1___8__    17   0  [2, 1, 0, 2, 0, 1, 0, 0, 0, 0, 0, 0, 1, 0, 2, 2, 1]  (0, 1)
200_1___8__    16   0  [0, 3, 0, 2, 0, 1, 0, 0, 0, 0, 0, 0, 1, 3, 2, 1]  (0, 0)
200_3___8__    16   0  [0, 4, 2, 0, 1, 0, 0, 0, 0, 0, 0, 1, 0, 1, 0, 4]  (0, 0)
200_4___8__    16   0  [0, 3, 0, 2, 0, 1, 0, 0, 0, 0, 0, 0, 1, 2, 0, 4]  (0, 1)
300_2___8__    16   0  [2, 1, 0, 2, 0, 1, 1, 0, 0, 0, 0, 1, 0, 2, 2, 1]  (0, 0)
part_in:(-1, 1), all_in:(0, 0), all_out:(-1, 1)
ball
100_1___20__    19   2  [0, 0, 0, 0, 0, 1, 0, 2, 0, 0, 0, 2, 0, 0, 0, 1, 1, 1, 0]  (0, 0)
100_2___20__    19   2  [0, 0, 0, 0, 0, 1, 0, 2, 0, 0, 0, 1, 0, 0, 0, 0, 1, 3, 0]  (0, 1)
100_3___20__    19   2  [0, 0, 0, 0, 0, 1, 0, 2, 0, 0, 0, 1, 0, 0, 0, 0, 1, 3, 0]  (0, 1)
100_4___20__    19   2  [0, 0, 0, 0, 0, 1, 0, 2, 0, 0, 0, 1, 0, 0, 0, 0, 1, 3, 0]  (0, 0)
100_5___20__    19   2  [0, 0, 0, 0, 0, 1, 0, 2, 0, 0, 0, 1, 0, 0, 0, 0, 1, 3, 0]  (0, 1)
200_5___20__    19   2  [0, 0, 0, 0, 0, 1, 0, 2, 0, 0, 0, 2, 0, 0, 0, 1, 1, 1, 0]  (0, 1)
200_1___20__    18   2  [0, 0, 0, 0, 0, 1, 0, 2, 0, 1, 2, 0, 0, 0, 1, 1, 1, 0]  (0, 0)
200_2___20__    18   2  [0, 0, 0, 0, 0, 1, 0, 2, 0, 1, 2, 0, 0, 0, 1, 1, 1, 0]  (0, 1)
200_3___20__    18   2  [0, 0, 0, 0, 0, 1, 0, 2, 0, 0, 0, 3, 0, 0, 1, 1, 1, 0]  (0, 1)
200_4___20__    17   2  [0, 0, 0, 0, 0, 1, 0, 2, 0, 0, 0, 3, 0, 0, 1, 3, 0]  (0, 1)
300_1___20__    17   2  [0, 0, 0, 0, 0, 1, 0, 3, 0, 0, 2, 0, 0, 0, 1, 3, 0]  (0, 1)
300_2___20__    17   2  [0, 0, 0, 0, 0, 1, 0, 2, 0, 0, 0, 3, 0, 0, 1, 3, 0]  (0, 0)
300_5___20__    17   2  [0, 0, 0, 0, 0, 1, 0, 2, 0, 0, 0, 3, 0, 0, 1, 3, 0]  (0, 0)
300_3___20__    16   2  [0, 0, 0, 0, 0, 1, 3, 0, 0, 0, 3, 0, 0, 1, 3, 0]  (0, 1)
300_4___20__    16   2  [0, 0, 0, 0, 0, 1, 3, 0, 0, 0, 3, 0, 0, 1, 3, 0]  (0, 1)
part_in:(2, 1), all_in:(0, 1), all_out:(0, 1)
less10
100_3___4__    20   2  [1, 0, 1, 0, 0, 0, 1, 0, 0, 0, 0, 1, 0, 2, 0, 0, 0, 0, 1, 0]  (0, 0)
100_4___4__    20   0  [1, 1, 0, 0, 0, 2, 1, 0, 0, 0, 0, 1, 0, 2, 0, 0, 0, 0, 1, 0]  (0, 0)
100_5___4__    20   0  [1, 1, 0, 0, 2, 0, 1, 0, 0, 0, 0, 1, 0, 2, 0, 0, 0, 0, 1, 0]  (0, 0)
200_4___4__    20   0  [1, 1, 0, 0, 0, 2, 1, 0, 0, 0, 0, 1, 0, 2, 0, 0, 0, 0, 1, 0]  (0, 1)
300_4___4__    20   0  [1, 1, 0, 0, 0, 2, 1, 0, 0, 0, 0, 1, 0, 2, 0, 0, 0, 0, 1, 0]  (0, 0)
300_5___4__    20   0  [1, 1, 0, 0, 0, 2, 1, 0, 0, 0, 0, 1, 0, 2, 0, 0, 0, 0, 1, 0]  (0, 0)
100_2___4__    19   0  [1, 1, 0, 1, 1, 0, 1, 0, 0, 0, 0, 1, 0, 2, 0, 1, 0, 1, 0]  (0, 0)
200_1___4__    19   0  [1, 1, 0, 0, 0, 2, 1, 0, 0, 1, 1, 0, 2, 0, 0, 0, 0, 1, 0]  (0, 0)
200_2___4__    19   0  [1, 1, 0, 0, 3, 1, 0, 0, 0, 0, 1, 0, 2, 0, 0, 0, 0, 1, 0]  (0, 1)
200_3___4__    19   0  [1, 1, 0, 1, 0, 1, 1, 0, 0, 0, 0, 1, 0, 2, 1, 0, 0, 1, 0]  (0, 1)
300_2___4__    19   0  [1, 1, 0, 0, 0, 2, 1, 0, 0, 1, 1, 0, 2, 0, 0, 0, 0, 1, 0]  (0, 0)
200_5___4__    18   0  [1, 1, 0, 0, 3, 1, 0, 0, 0, 0, 1, 0, 2, 1, 0, 0, 1, 0]  (0, 1)
300_1___4__    18   0  [1, 1, 0, 1, 2, 1, 0, 0, 1, 1, 0, 2, 0, 0, 0, 0, 1, 0]  (0, 0)
300_3___4__    18   2  [1, 0, 0, 3, 1, 0, 0, 0, 0, 1, 0, 2, 0, 0, 0, 0, 1, 0]  (0, 0)
100_1___4__    17   0  [1, 2, 1, 1, 0, 1, 0, 0, 0, 0, 1, 0, 3, 1, 0, 1, 0]  (0, 0)
part_in:(2, 1), all_in:(0, 1), all_out:(0, 1)
