30
row3
100_5___7__    13   0  [1, 2, 1, 0, 4, 2, 0, 4, 1, 0, 1, 0, 0]  (7, 9)
100_4___7__    11   0  [1, 2, 2, 4, 2, 0, 4, 1, 0, 2, 0]  (7, 9)
200_5___7__    10   2  [2, 7, 1, 0, 0, 4, 1, 0, 2, 0]  (9, 10)
300_5___7__    10   2  [2, 2, 4, 2, 0, 4, 1, 0, 1, 1]  (9, 9)
100_1___7__    9   5  [7, 2, 0, 3, 0, 2, 0, 1, 0]  (9, 10)
100_2___7__    9   5  [2, 4, 2, 0, 4, 1, 0, 2, 0]  (6, 9)
100_3___7__    8   5  [7, 2, 0, 4, 1, 0, 2, 0]  (9, 9)
200_4___7__    8   2  [2, 10, 0, 4, 2, 0, 1, 0]  (9, 9)
300_1___7__    8   5  [7, 2, 0, 3, 3, 1, 0, 0]  (6, 9)
200_1___7__    7   5  [10, 0, 4, 2, 0, 1, 0]  (9, 9)
200_2___7__    7   2  [2, 10, 0, 4, 2, 0, 2]  (6, 9)
200_3___7__    7   2  [2, 10, 0, 4, 2, 0, 2]  (8, 9)
300_3___7__    7   5  [10, 0, 5, 0, 0, 1, 1]  (9, 9)
300_2___7__    6   5  [7, 2, 0, 5, 1, 3]  (6, 9)
300_4___7__    6   5  [7, 2, 0, 6, 0, 3]  (9, 9)
part_in:(6, 10), all_in:(9, 9), all_out:(6, 10)
blue
100_4___22__    11   4  [0, 0, 0, 3, 3, 2, 0, 1, 2, 3, 0]  (3, 5)
100_2___22__    10   0  [3, 0, 0, 0, 7, 2, 0, 1, 2, 4]  (3, 6)
100_3___22__    10   5  [0, 0, 6, 3, 0, 1, 2, 0, 2, 0]  (3, 4)
100_5___22__    9   3  [1, 0, 0, 3, 6, 2, 2, 3, 0]  (3, 7)
200_3___22__    9   3  [1, 0, 0, 3, 6, 0, 1, 6, 0]  (1, 3)
200_4___22__    9   3  [1, 0, 0, 3, 6, 2, 0, 5, 0]  (3, 3)
100_1___22__    8   5  [0, 0, 3, 6, 0, 4, 0, 3]  (1, 3)
300_1___22__    8   6  [0, 4, 5, 2, 2, 0, 2, 0]  (3, 5)
300_2___22__    8   5  [0, 0, 10, 2, 2, 0, 2, 0]  (3, 7)
300_4___22__    8   5  [0, 0, 3, 6, 2, 2, 3, 0]  (3, 13)
300_5___22__    8   4  [0, 0, 0, 10, 2, 2, 3, 0]  (3, 12)
200_2___22__    7   3  [2, 0, 10, 0, 1, 0, 6]  (3, 4)
200_5___22__    7   4  [0, 0, 0, 10, 2, 6, 0]  (3, 7)
300_3___22__    7   6  [0, 10, 2, 2, 0, 2, 0]  (3, 11)
200_1___22__    6   3  [2, 0, 3, 7, 1, 7]  (3, 3)
part_in:(1, 13), all_in:(3, 3), all_out:(1, 13)
less9
300_5___3__    11   1  [1, 1, 1, 1, 2, 0, 1, 3, 7, 0, 0]  (1, 4)
100_5___3__    10   3  [3, 1, 1, 0, 2, 3, 2, 4, 0, 0]  (1, 5)
200_2___3__    10   3  [2, 0, 1, 1, 2, 0, 3, 7, 0, 0]  (1, 3)
200_3___3__    10   3  [2, 0, 1, 1, 3, 3, 2, 4, 0, 0]  (1, 3)
100_4___3__    9   2  [0, 3, 1, 1, 3, 3, 7, 0, 0]  (1, 4)
200_1___3__    9   0  [2, 2, 0, 3, 3, 3, 7, 0, 0]  (1, 1)
300_2___3__    9   3  [1, 1, 4, 1, 0, 3, 7, 0, 0]  (1, 4)
100_1___3__    8   3  [3, 1, 1, 3, 3, 7, 0, 0]  (1, 2)
100_2___3__    8   3  [3, 1, 1, 3, 3, 7, 0, 0]  (1, 2)
100_3___3__    8   2  [0, 3, 3, 3, 3, 7, 0, 0]  (1, 4)
200_4___3__    8   3  [3, 1, 1, 3, 3, 7, 0, 0]  (1, 3)
200_5___3__    8   3  [3, 1, 1, 3, 3, 7, 0, 0]  (1, 6)
300_4___3__    8   1  [1, 1, 1, 1, 5, 3, 7, 1]  (1, 4)
300_1___3__    7   3  [3, 1, 4, 0, 11, 0, 0]  (1, 3)
300_3___3__    7   3  [1, 1, 7, 3, 7, 0, 0]  (1, 5)
part_in:(3, 6), all_in:(1, 2), all_out:(1, 6)
gap45
100_5___18__    12   2  [0, 3, 1, 3, 1, 0, 1, 1, 1, 3, 1, 0]  (4, 5)
100_1___18__    11   0  [1, 0, 8, 0, 1, 2, 1, 1, 3, 1, 0]  (4, 4)
300_2___18__    11   2  [0, 1, 0, 0, 1, 5, 2, 1, 1, 3, 2]  (3, 4)
300_4___18__    11   0  [1, 0, 2, 0, 1, 5, 2, 1, 5, 1, 0]  (4, 6)
300_5___18__    11   0  [1, 0, 2, 0, 1, 5, 2, 1, 5, 1, 0]  (4, 8)
100_2___18__    10   0  [1, 0, 5, 3, 1, 2, 1, 1, 3, 2]  (4, 5)
100_3___18__    10   0  [1, 0, 5, 1, 3, 2, 1, 1, 3, 2]  (4, 5)
200_2___18__    10   2  [0, 5, 1, 3, 0, 1, 1, 1, 3, 2]  (4, 4)
300_1___18__    10   2  [0, 1, 0, 0, 7, 2, 1, 5, 1, 0]  (2, 4)
300_3___18__    10   2  [0, 2, 0, 1, 5, 2, 1, 5, 1, 0]  (4, 6)
100_4___18__    9   2  [0, 5, 5, 2, 1, 1, 3, 1, 0]  (4, 5)
200_5___18__    9   2  [0, 2, 2, 5, 2, 1, 1, 3, 2]  (4, 4)
200_3___18__    8   2  [0, 5, 5, 2, 1, 1, 3, 2]  (4, 4)
200_4___18__    8   2  [0, 5, 5, 2, 1, 1, 3, 2]  (4, 4)
200_1___18__    7   2  [0, 11, 2, 1, 1, 3, 2]  (3, 4)
part_in:(2, 8), all_in:(4, 4), all_out:(2, 8)
gap25
100_3___13__    12   0  [1, 1, 0, 3, 0, 0, 0, 0, 4, 1, 1, 6]  (8, 18)
300_1___13__    12   0  [0, 2, 4, 0, 1, 0, 4, 1, 4, 1, 0, 0]  (10, 18)
300_2___13__    11   0  [0, 2, 4, 0, 1, 0, 4, 1, 4, 2, 0]  (9, 18)
100_2___13__    10   0  [1, 1, 4, 0, 1, 0, 4, 1, 2, 5]  (11, 18)
100_4___13__    10   0  [1, 2, 3, 0, 1, 0, 4, 1, 4, 3]  (6, 18)
100_5___13__    10   0  [1, 2, 3, 0, 2, 4, 1, 1, 2, 3]  (6, 18)
200_2___13__    10   0  [1, 1, 4, 0, 1, 0, 4, 1, 6, 1]  (9, 18)
200_4___13__    10   0  [1, 1, 4, 0, 1, 0, 4, 1, 7, 0]  (9, 18)
300_4___13__    10   0  [1, 1, 4, 0, 1, 0, 4, 1, 4, 3]  (6, 18)
300_5___13__    10   0  [1, 6, 0, 1, 0, 4, 1, 4, 2, 0]  (8, 18)
100_1___13__    9   0  [1, 1, 4, 0, 2, 4, 1, 6, 1]  (13, 18)
200_3___13__    9   0  [1, 1, 4, 0, 1, 0, 4, 1, 8]  (9, 18)
200_5___13__    9   0  [1, 6, 0, 1, 0, 4, 1, 7, 0]  (8, 18)
300_3___13__    9   0  [3, 4, 0, 1, 0, 4, 1, 4, 3]  (6, 18)
200_1___13__    8   0  [1, 7, 1, 0, 4, 1, 6, 1]  (11, 18)
part_in:(6, 12), all_in:(13, 18), all_out:(6, 18)
gap23
200_4___16__    11   0  [1, 7, 1, 0, 0, 3, 1, 1, 0, 2, 2]  (0, 5)
100_1___16__    10   0  [1, 2, 4, 0, 0, 1, 2, 2, 2, 5]  (4, 5)
100_3___16__    10   0  [1, 2, 2, 1, 0, 0, 1, 5, 2, 5]  (1, 5)
200_2___16__    10   0  [1, 7, 0, 0, 1, 3, 1, 1, 0, 5]  (3, 5)
200_3___16__    10   0  [1, 7, 0, 0, 0, 0, 3, 1, 2, 5]  (0, 5)
200_5___16__    10   0  [1, 7, 1, 0, 0, 3, 1, 1, 0, 5]  (0, 5)
300_2___16__    10   0  [0, 0, 7, 1, 1, 2, 0, 1, 2, 5]  (3, 5)
300_4___16__    10   0  [1, 7, 1, 1, 2, 0, 1, 2, 0, 4]  (0, 5)
300_5___16__    10   0  [1, 1, 5, 1, 1, 3, 1, 2, 0, 4]  (0, 5)
100_4___16__    9   0  [1, 2, 2, 1, 1, 1, 2, 2, 8]  (2, 5)
100_5___16__    9   0  [1, 2, 4, 1, 1, 0, 4, 2, 5]  (0, 5)
300_1___16__    9   0  [1, 7, 1, 1, 2, 0, 1, 2, 5]  (4, 5)
300_3___16__    9   0  [1, 7, 1, 1, 3, 1, 2, 0, 4]  (0, 5)
100_2___16__    8   0  [1, 2, 4, 1, 1, 5, 2, 5]  (3, 5)
200_1___16__    8   0  [1, 7, 1, 1, 3, 1, 2, 5]  (4, 5)
part_in:(0, 3), all_in:(4, 5), all_out:(0, 5)
gap34
100_3___17__    14   1  [3, 1, 0, 1, 1, 0, 3, 0, 0, 3, 1, 1, 0, 0]  (0, 9)
100_5___17__    13   1  [1, 1, 1, 2, 1, 0, 3, 0, 2, 1, 3, 0, 0]  (0, 9)
100_1___17__    12   5  [1, 2, 0, 0, 0, 3, 0, 0, 3, 1, 1, 1]  (3, 9)
100_2___17__    11   5  [1, 0, 1, 2, 3, 0, 0, 3, 1, 1, 1]  (3, 9)
100_4___17__    11   1  [3, 1, 0, 1, 1, 0, 3, 0, 4, 4, 0]  (-1, 9)
200_1___17__    11   5  [5, 1, 2, 0, 0, 0, 1, 1, 3, 0, 0]  (3, 9)
200_2___17__    11   5  [5, 1, 2, 0, 0, 0, 3, 1, 1, 0, 0]  (1, 9)
200_5___17__    11   1  [1, 1, 1, 5, 3, 0, 4, 0, 0, 2, 0]  (4, 9)
300_1___17__    10   2  [0, 3, 2, 2, 3, 0, 4, 3, 0, 0]  (4, 9)
300_2___17__    10   2  [0, 3, 2, 2, 3, 0, 4, 3, 0, 0]  (2, 9)
300_5___17__    10   1  [1, 1, 1, 5, 3, 0, 2, 1, 4, 0]  (0, 9)
300_3___17__    9   3  [1, 1, 1, 3, 3, 0, 4, 4, 0]  (0, 9)
300_4___17__    9   3  [1, 1, 5, 3, 0, 2, 1, 4, 0]  (1, 9)
200_3___17__    8   5  [2, 2, 1, 3, 0, 4, 3, 1]  (4, 9)
200_4___17__    8   5  [1, 5, 3, 0, 4, 1, 2, 0]  (4, 9)
part_in:(-1, 3), all_in:(4, 9), all_out:(-1, 9)
gap56
200_2___19__    15   1  [1, 1, 1, 0, 1, 1, 0, 2, 0, 0, 2, 0, 2, 1, 1]  (2, 3)
200_1___19__    13   1  [1, 1, 1, 0, 1, 1, 0, 2, 1, 2, 3, 1, 1]  (3, 3)
200_3___19__    13   1  [1, 1, 1, 0, 3, 0, 2, 0, 0, 2, 3, 1, 1]  (3, 5)
200_4___19__    13   1  [3, 1, 0, 1, 1, 0, 2, 1, 2, 0, 2, 1, 1]  (3, 6)
300_1___19__    13   1  [3, 0, 0, 0, 4, 2, 0, 0, 2, 2, 0, 1, 1]  (3, 8)
300_5___19__    13   1  [1, 1, 1, 0, 3, 0, 0, 1, 1, 2, 3, 2, 0]  (3, 6)
100_2___19__    12   1  [1, 1, 1, 0, 3, 0, 2, 4, 3, 0, 0, 1]  (3, 6)
100_4___19__    12   1  [1, 1, 1, 0, 3, 0, 0, 1, 4, 3, 0, 2]  (3, 7)
200_5___19__    12   1  [3, 1, 0, 3, 0, 2, 1, 2, 0, 2, 1, 1]  (3, 6)
300_2___19__    12   1  [1, 1, 1, 0, 3, 0, 2, 1, 2, 3, 1, 1]  (3, 8)
300_4___19__    12   1  [1, 1, 1, 0, 3, 0, 0, 1, 0, 0, 6, 3]  (3, 7)
100_3___19__    11   1  [1, 1, 1, 0, 4, 0, 1, 4, 3, 0, 2]  (3, 6)
100_5___19__    10   1  [1, 1, 1, 0, 3, 0, 2, 4, 3, 3]  (3, 7)
300_3___19__    9   1  [3, 1, 0, 4, 2, 1, 2, 3, 3]  (3, 7)
100_1___19__    8   1  [1, 1, 1, 0, 4, 2, 8, 3]  (3, 5)
part_in:(2, 8), all_in:(3, 3), all_out:(2, 8)
less8
300_3___2__    13   0  [0, 1, 1, 5, 2, 3, 0, 0, 3, 0, 1, 0, 0]  (3, 5)
100_3___2__    12   0  [0, 0, 0, 7, 2, 4, 0, 3, 0, 1, 0, 0]  (3, 5)
100_4___2__    12   0  [0, 0, 0, 7, 2, 3, 0, 0, 3, 0, 1, 1]  (3, 5)
200_2___2__    12   0  [0, 1, 7, 3, 3, 0, 0, 0, 1, 0, 1, 1]  (1, 3)
200_3___2__    12   0  [0, 1, 7, 3, 3, 0, 1, 1, 0, 1, 0, 0]  (3, 4)
200_4___2__    12   0  [1, 0, 7, 2, 3, 0, 0, 1, 1, 0, 1, 1]  (3, 4)
300_4___2__    12   0  [2, 1, 5, 2, 3, 0, 0, 3, 0, 0, 0, 1]  (3, 5)
100_1___2__    11   0  [0, 0, 0, 7, 2, 4, 0, 3, 0, 1, 1]  (3, 3)
100_2___2__    11   0  [0, 1, 7, 2, 0, 3, 0, 3, 0, 1, 1]  (3, 4)
100_5___2__    11   0  [0, 1, 7, 2, 3, 0, 0, 3, 0, 1, 1]  (3, 6)
300_1___2__    11   0  [0, 1, 7, 2, 1, 2, 0, 3, 0, 1, 1]  (3, 3)
300_2___2__    11   0  [0, 1, 7, 2, 4, 0, 3, 0, 0, 0, 1]  (3, 4)
200_1___2__    10   0  [2, 7, 7, 0, 0, 0, 1, 0, 1, 1]  (2, 3)
300_5___2__    10   0  [0, 1, 7, 2, 4, 0, 3, 0, 1, 1]  (3, 6)
200_5___2__    9   0  [2, 7, 2, 4, 0, 3, 0, 1, 1]  (3, 4)
part_in:(1, 6), all_in:(3, 3), all_out:(1, 6)
row2
100_4___6__    14   0  [1, 2, 2, 3, 0, 0, 0, 0, 4, 2, 0, 1, 0, 0]  (11, 12)
100_5___6__    13   0  [1, 2, 2, 4, 0, 0, 0, 4, 2, 0, 1, 0, 0]  (11, 12)
200_5___6__    13   0  [1, 2, 6, 0, 1, 0, 4, 1, 0, 0, 1, 0, 0]  (9, 11)
300_1___6__    12   0  [1, 2, 6, 0, 2, 4, 1, 0, 0, 1, 0, 0]  (11, 12)
300_2___6__    12   0  [1, 2, 6, 0, 2, 4, 1, 0, 0, 1, 0, 0]  (11, 13)
100_1___6__    11   2  [2, 6, 0, 1, 0, 4, 2, 0, 1, 0, 0]  (8, 11)
100_2___6__    11   5  [2, 3, 0, 1, 0, 4, 2, 0, 1, 0, 0]  (11, 11)
300_4___6__    11   0  [1, 2, 6, 0, 2, 4, 1, 0, 0, 1, 1]  (9, 11)
100_3___6__    10   2  [2, 6, 0, 2, 4, 2, 0, 1, 0, 0]  (10, 11)
200_1___6__    10   0  [1, 9, 3, 4, 1, 1, 0, 0, 0, 0]  (9, 11)
200_3___6__    10   0  [1, 9, 3, 4, 1, 0, 0, 0, 0, 1]  (9, 11)
200_4___6__    10   0  [1, 2, 6, 3, 4, 1, 1, 1, 0, 0]  (10, 11)
300_3___6__    10   0  [1, 2, 6, 3, 4, 1, 0, 0, 1, 1]  (9, 11)
300_5___6__    10   0  [1, 2, 7, 2, 4, 1, 0, 0, 1, 1]  (9, 11)
200_2___6__    9   0  [1, 9, 3, 4, 1, 1, 0, 0, 1]  (11, 11)
part_in:(8, 13), all_in:(11, 11), all_out:(8, 13)
sum34
100_4___14__    12   2  [1, 0, 0, 0, 0, 3, 0, 0, 1, 4, 3, 3]  (26, 41)
100_5___14__    12   2  [1, 0, 0, 0, 0, 2, 1, 0, 1, 4, 3, 3]  (20, 41)
100_1___14__    11   2  [1, 1, 0, 0, 3, 0, 0, 1, 4, 3, 3]  (37, 41)
100_2___14__    11   2  [2, 0, 0, 0, 3, 0, 0, 1, 4, 3, 3]  (32, 41)
100_3___14__    11   2  [1, 0, 0, 0, 0, 4, 0, 1, 4, 3, 3]  (27, 41)
200_1___14__    11   2  [3, 0, 0, 2, 0, 0, 0, 6, 3, 1, 1]  (41, 43)
200_2___14__    11   2  [3, 0, 0, 2, 1, 0, 1, 4, 1, 1, 3]  (41, 47)
200_4___14__    11   2  [3, 0, 0, 2, 1, 0, 1, 4, 0, 2, 3]  (30, 41)
300_2___14__    11   2  [3, 0, 0, 2, 0, 0, 0, 1, 4, 3, 3]  (30, 41)
300_4___14__    11   2  [3, 0, 0, 2, 0, 0, 0, 1, 1, 6, 3]  (18, 41)
300_5___14__    11   2  [3, 0, 0, 2, 1, 0, 1, 4, 3, 2, 0]  (14, 41)
200_3___14__    10   2  [3, 0, 0, 2, 1, 0, 6, 1, 1, 3]  (33, 41)
200_5___14__    10   2  [3, 0, 0, 2, 1, 0, 1, 4, 3, 3]  (25, 41)
300_1___14__    9   2  [3, 0, 0, 2, 2, 1, 4, 3, 3]  (34, 41)
300_3___14__    9   2  [3, 0, 0, 2, 1, 0, 6, 3, 3]  (17, 41)
part_in:(14, 47), all_in:(41, 41), all_out:(14, 47)
gap12
100_1___15__    14   0  [4, 0, 4, 1, 0, 1, 2, 0, 0, 1, 0, 1, 0, 1]  (3, 3)
100_4___15__    14   0  [4, 0, 0, 3, 2, 1, 2, 0, 0, 1, 0, 1, 0, 1]  (3, 7)
100_5___15__    14   0  [4, 0, 0, 3, 2, 1, 2, 0, 0, 1, 0, 1, 0, 1]  (3, 6)
100_3___15__    13   0  [4, 0, 4, 2, 1, 2, 0, 0, 1, 0, 1, 0, 1]  (3, 6)
200_5___15__    13   0  [4, 0, 0, 3, 4, 2, 0, 0, 1, 0, 1, 0, 1]  (3, 5)
100_2___15__    12   0  [4, 0, 4, 2, 1, 2, 1, 1, 0, 1, 0, 1]  (3, 5)
300_4___15__    12   0  [4, 0, 0, 3, 1, 0, 1, 2, 3, 0, 2, 1]  (3, 4)
300_2___15__    11   0  [4, 0, 0, 3, 1, 0, 1, 2, 4, 2, 1]  (3, 5)
300_5___15__    11   0  [4, 0, 0, 3, 2, 1, 2, 4, 1, 0, 1]  (3, 3)
200_1___15__    10   0  [4, 0, 4, 2, 1, 4, 1, 0, 2, 1]  (3, 6)
200_2___15__    10   0  [4, 0, 4, 2, 1, 2, 1, 1, 0, 4]  (3, 9)
200_3___15__    10   0  [4, 0, 4, 4, 2, 1, 1, 0, 2, 1]  (3, 5)
300_1___15__    10   0  [4, 0, 0, 3, 2, 1, 2, 3, 0, 4]  (3, 5)
300_3___15__    10   0  [4, 0, 0, 3, 2, 1, 2, 4, 2, 1]  (3, 4)
200_4___15__    9   0  [4, 0, 0, 3, 4, 6, 0, 2, 1]  (3, 5)
part_in:(5, 9), all_in:(3, 4), all_out:(3, 9)
sum_all
100_2___9__    14   0  [1, 1, 1, 0, 0, 2, 1, 0, 1, 4, 2, 0, 1, 1]  (100, 121)
100_3___9__    13   0  [1, 1, 1, 0, 0, 2, 1, 0, 1, 4, 2, 0, 3]  (89, 121)
300_1___9__    13   2  [3, 0, 0, 2, 1, 0, 1, 4, 1, 0, 0, 1, 1]  (105, 121)
100_4___9__    12   2  [1, 0, 0, 0, 0, 2, 1, 0, 1, 4, 2, 4]  (85, 121)
100_5___9__    12   2  [1, 1, 0, 0, 2, 0, 0, 0, 1, 4, 2, 4]  (73, 121)
200_2___9__    12   2  [3, 0, 0, 2, 0, 0, 0, 1, 4, 3, 1, 1]  (121, 136)
200_4___9__    12   2  [3, 0, 0, 2, 1, 0, 1, 4, 0, 1, 0, 3]  (101, 121)
300_2___9__    12   2  [3, 0, 0, 2, 1, 0, 1, 4, 2, 0, 1, 1]  (96, 121)
300_3___9__    12   2  [3, 0, 0, 2, 1, 0, 1, 1, 2, 2, 0, 3]  (67, 121)
200_3___9__    11   2  [3, 0, 0, 2, 1, 0, 1, 4, 2, 0, 3]  (109, 121)
200_5___9__    11   2  [3, 0, 0, 2, 1, 0, 1, 4, 2, 0, 3]  (90, 121)
300_4___9__    11   2  [3, 0, 0, 2, 1, 0, 1, 1, 2, 2, 4]  (67, 121)
300_5___9__    11   2  [3, 0, 0, 2, 1, 0, 1, 4, 2, 2, 1]  (62, 121)
100_1___9__    10   2  [1, 1, 0, 0, 4, 2, 4, 2, 0, 3]  (107, 121)
200_1___9__    10   2  [3, 0, 0, 2, 1, 2, 4, 3, 1, 1]  (121, 125)
part_in:(62, 136), all_in:(121, 121), all_out:(62, 136)
sum16
300_4___10__    13   3  [0, 3, 1, 0, 2, 0, 0, 1, 1, 0, 1, 0, 4]  (27, 40)
100_3___10__    12   0  [3, 3, 1, 0, 2, 0, 0, 1, 2, 1, 0, 4]  (30, 40)
200_2___10__    12   8  [1, 0, 0, 1, 1, 1, 2, 1, 1, 1, 0, 0]  (40, 41)
200_3___10__    12   8  [2, 2, 0, 0, 1, 2, 0, 0, 1, 1, 0, 0]  (38, 40)
200_4___10__    12   8  [1, 0, 2, 0, 0, 1, 2, 0, 0, 3, 0, 0]  (36, 40)
200_5___10__    12   4  [3, 2, 2, 0, 0, 1, 2, 1, 0, 0, 1, 1]  (34, 40)
300_3___10__    12   4  [3, 1, 0, 2, 1, 1, 1, 0, 0, 0, 0, 4]  (27, 40)
300_5___10__    12   4  [3, 1, 0, 2, 0, 0, 1, 1, 0, 1, 0, 4]  (26, 40)
100_1___10__    11   4  [3, 1, 0, 2, 0, 0, 1, 2, 1, 0, 4]  (37, 40)
200_1___10__    11   8  [1, 0, 2, 0, 0, 4, 0, 0, 1, 2, 0]  (39, 40)
300_1___10__    11   8  [1, 0, 2, 0, 0, 1, 2, 0, 0, 0, 4]  (36, 40)
100_2___10__    10   0  [3, 3, 1, 0, 2, 1, 1, 2, 2, 4]  (34, 40)
100_4___10__    10   4  [3, 1, 0, 2, 0, 0, 1, 2, 2, 4]  (29, 40)
100_5___10__    10   0  [3, 3, 2, 2, 0, 0, 1, 2, 2, 4]  (24, 40)
300_2___10__    10   8  [1, 0, 2, 1, 1, 2, 0, 0, 0, 4]  (34, 40)
part_in:(24, 41), all_in:(40, 40), all_out:(24, 41)
sum25
100_3___12__    16   0  [2, 0, 0, 0, 0, 0, 2, 1, 0, 0, 0, 4, 2, 0, 1, 1]  (30, 40)
100_4___12__    15   0  [2, 0, 0, 0, 0, 0, 2, 1, 0, 0, 0, 4, 5, 0, 0]  (28, 40)
100_5___12__    15   0  [2, 0, 0, 0, 0, 0, 2, 1, 0, 0, 0, 4, 2, 2, 1]  (25, 40)
300_5___12__    15   3  [0, 1, 0, 0, 2, 0, 0, 0, 0, 0, 4, 2, 2, 0, 0]  (22, 40)
300_3___12__    14   3  [0, 1, 0, 0, 2, 0, 0, 0, 0, 0, 4, 2, 0, 3]  (23, 40)
200_4___12__    13   3  [2, 0, 0, 2, 1, 0, 0, 0, 4, 0, 2, 2, 0]  (35, 40)
300_2___12__    13   3  [0, 1, 0, 0, 2, 1, 1, 0, 4, 2, 0, 1, 1]  (31, 40)
300_4___12__    13   3  [0, 1, 0, 0, 2, 1, 0, 0, 0, 1, 2, 5, 1]  (24, 40)
100_1___12__    12   0  [2, 0, 1, 0, 0, 4, 1, 0, 4, 3, 1, 1]  (34, 40)
200_1___12__    12   3  [2, 0, 0, 2, 1, 1, 0, 4, 3, 1, 0, 0]  (40, 42)
200_5___12__    12   3  [2, 0, 0, 2, 1, 0, 0, 0, 4, 3, 2, 0]  (31, 40)
300_1___12__    12   3  [2, 0, 0, 2, 0, 0, 1, 0, 4, 2, 2, 1]  (33, 40)
100_2___12__    11   0  [2, 0, 1, 0, 0, 4, 1, 0, 4, 5, 1]  (33, 40)
200_2___12__    11   6  [0, 0, 2, 1, 1, 0, 4, 3, 1, 0, 0]  (40, 47)
200_3___12__    10   6  [0, 0, 2, 1, 0, 0, 0, 4, 3, 3]  (38, 40)
part_in:(22, 42), all_in:(40, 40), all_out:(22, 42)
blue_sort
100_3___23__    14   3  [2, 0, 1, 2, 0, 1, 1, 0, 1, 0, 0, 2, 2, 0]  (5, 9)
100_4___23__    14   0  [2, 2, 0, 1, 2, 0, 1, 1, 0, 1, 0, 0, 5, 0]  (5, 9)
100_1___23__    13   2  [0, 2, 0, 1, 2, 0, 1, 1, 0, 1, 0, 3, 3]  (5, 10)
300_2___23__    13   3  [1, 0, 0, 1, 3, 1, 1, 0, 2, 0, 2, 2, 0]  (5, 10)
100_2___23__    12   3  [2, 0, 1, 2, 0, 1, 1, 0, 1, 0, 6, 0]  (5, 9)
200_1___23__    12   5  [0, 2, 1, 1, 1, 1, 0, 1, 0, 3, 2, 0]  (5, 5)
200_2___23__    12   3  [3, 1, 1, 1, 1, 1, 0, 1, 0, 3, 2, 0]  (5, 6)
200_5___23__    12   3  [2, 2, 2, 0, 1, 1, 0, 1, 0, 3, 2, 0]  (5, 8)
300_1___23__    12   3  [2, 0, 1, 3, 1, 1, 0, 2, 0, 2, 2, 0]  (5, 6)
300_5___23__    12   0  [2, 2, 2, 2, 0, 1, 2, 2, 0, 2, 2, 0]  (5, 9)
300_3___23__    11   3  [2, 0, 1, 3, 3, 0, 2, 0, 2, 2, 0]  (5, 12)
300_4___23__    11   3  [2, 2, 2, 0, 3, 0, 2, 0, 2, 2, 0]  (5, 12)
100_5___23__    10   3  [3, 1, 2, 0, 1, 2, 1, 0, 6, 0]  (5, 10)
200_3___23__    10   3  [3, 1, 1, 1, 3, 0, 1, 0, 3, 3]  (5, 7)
200_4___23__    10   3  [5, 1, 0, 0, 3, 0, 1, 0, 3, 3]  (5, 9)
part_in:(7, 12), all_in:(5, 6), all_out:(5, 12)
gap16
200_3___11__    14   0  [0, 0, 5, 0, 1, 0, 0, 4, 1, 1, 0, 3, 0, 0]  (20, 24)
200_4___11__    14   0  [0, 0, 5, 0, 1, 0, 0, 4, 1, 1, 0, 3, 0, 0]  (21, 24)
200_2___11__    13   0  [0, 0, 5, 0, 2, 0, 4, 1, 1, 0, 3, 0, 0]  (20, 24)
200_5___11__    13   0  [0, 0, 5, 0, 1, 1, 4, 1, 1, 0, 3, 0, 0]  (20, 24)
100_2___11__    12   0  [0, 0, 5, 0, 1, 1, 4, 1, 2, 3, 0, 0]  (24, 24)
100_3___11__    12   0  [0, 0, 5, 0, 1, 1, 4, 1, 2, 3, 0, 0]  (21, 24)
100_4___11__    12   0  [0, 0, 5, 0, 1, 1, 4, 1, 2, 3, 0, 0]  (21, 24)
100_5___11__    12   0  [0, 0, 5, 0, 1, 1, 4, 1, 2, 3, 0, 0]  (19, 24)
200_1___11__    12   0  [0, 0, 5, 0, 1, 1, 4, 1, 1, 0, 4, 0]  (21, 24)
300_2___11__    12   0  [0, 0, 5, 0, 1, 1, 4, 3, 0, 3, 0, 0]  (23, 24)
300_3___11__    12   0  [0, 0, 5, 0, 1, 1, 4, 3, 0, 3, 0, 0]  (19, 24)
300_5___11__    12   0  [0, 0, 5, 0, 1, 1, 4, 3, 0, 3, 0, 0]  (19, 24)
100_1___11__    11   0  [0, 0, 5, 0, 1, 1, 4, 3, 0, 4, 0]  (24, 24)
300_1___11__    11   0  [0, 0, 5, 0, 1, 1, 4, 3, 0, 4, 0]  (24, 24)
300_4___11__    11   0  [0, 0, 5, 0, 3, 4, 3, 0, 3, 0, 0]  (19, 24)
part_in:(19, 22), all_in:(23, 24), all_out:(19, 24)
ball_column
100_3___21__    16   0  [0, 0, 1, 0, 1, 3, 0, 1, 0, 0, 2, 1, 0, 1, 3, 0]  (2, 4)
300_2___21__    16   0  [0, 2, 0, 1, 3, 0, 1, 0, 0, 2, 1, 0, 1, 2, 0, 0]  (2, 3)
100_4___21__    15   0  [0, 0, 1, 2, 3, 0, 1, 0, 0, 2, 1, 0, 1, 3, 0]  (2, 3)
100_5___21__    15   0  [0, 0, 1, 0, 1, 4, 1, 0, 0, 2, 1, 0, 1, 3, 0]  (2, 3)
300_4___21__    15   0  [1, 1, 0, 1, 3, 0, 1, 0, 0, 2, 1, 0, 1, 2, 1]  (2, 4)
100_2___21__    14   0  [1, 1, 2, 3, 0, 1, 0, 0, 2, 1, 0, 1, 3, 0]  (2, 2)
200_5___21__    14   0  [1, 1, 2, 3, 0, 1, 0, 0, 2, 1, 0, 1, 3, 0]  (2, 3)
300_1___21__    14   0  [0, 0, 1, 2, 3, 0, 1, 0, 0, 2, 1, 0, 5, 0]  (2, 3)
300_3___21__    14   0  [1, 1, 0, 1, 3, 0, 1, 0, 0, 4, 0, 4, 0, 0]  (2, 5)
300_5___21__    14   0  [0, 0, 1, 0, 1, 4, 1, 0, 0, 4, 0, 1, 2, 1]  (2, 5)
100_1___21__    13   0  [1, 1, 2, 3, 0, 1, 0, 0, 2, 1, 0, 5, 0]  (2, 3)
200_1___21__    13   0  [1, 1, 6, 0, 1, 0, 0, 2, 1, 0, 3, 1, 0]  (1, 2)
200_2___21__    12   0  [1, 1, 6, 0, 1, 0, 0, 2, 1, 0, 5, 0]  (1, 2)
200_4___21__    12   0  [1, 1, 2, 3, 2, 0, 0, 2, 1, 0, 5, 0]  (2, 3)
200_3___21__    11   0  [1, 1, 6, 2, 0, 0, 2, 1, 0, 5, 0]  (2, 2)
part_in:(1, 5), all_in:(2, 2), all_out:(1, 5)
less5
200_4___1__    16   0  [2, 1, 0, 0, 3, 0, 0, 0, 0, 0, 1, 0, 0, 6, 0, 0]  (1, 2)
100_3___1__    15   1  [1, 1, 0, 0, 4, 0, 0, 0, 2, 0, 0, 4, 1, 0, 0]  (1, 2)
100_4___1__    15   0  [0, 1, 1, 0, 0, 3, 0, 0, 1, 2, 0, 0, 4, 1, 1]  (0, 2)
200_5___1__    15   0  [2, 1, 0, 0, 3, 0, 0, 0, 0, 0, 1, 1, 6, 0, 0]  (0, 2)
300_5___1__    15   0  [0, 1, 1, 0, 0, 4, 0, 1, 0, 1, 1, 4, 0, 1, 0]  (1, 2)
100_1___1__    14   1  [1, 1, 0, 0, 4, 0, 0, 0, 2, 1, 4, 0, 1, 0]  (2, 3)
100_2___1__    14   1  [1, 1, 0, 0, 4, 0, 0, 3, 0, 0, 4, 1, 0, 0]  (2, 2)
200_3___1__    14   3  [1, 0, 0, 3, 0, 0, 1, 0, 1, 0, 0, 6, 0, 0]  (1, 2)
100_5___1__    13   0  [0, 1, 1, 1, 3, 0, 0, 1, 2, 1, 4, 1, 1]  (0, 2)
200_1___1__    13   3  [0, 0, 0, 0, 3, 0, 0, 1, 0, 1, 1, 7, 0]  (2, 2)
200_2___1__    13   3  [1, 0, 0, 3, 0, 0, 1, 2, 0, 0, 2, 4, 0]  (1, 2)
300_1___1__    13   0  [2, 1, 1, 3, 0, 0, 1, 0, 1, 1, 4, 2, 0]  (1, 2)
300_3___1__    13   0  [2, 1, 1, 3, 0, 0, 1, 0, 1, 1, 4, 2, 0]  (0, 2)
300_4___1__    13   0  [2, 1, 1, 3, 0, 0, 1, 0, 1, 1, 4, 2, 0]  (0, 2)
300_2___1__    12   0  [2, 1, 0, 0, 4, 0, 1, 0, 1, 1, 7, 0]  (1, 2)
part_in:(0, 3), all_in:(2, 2), all_out:(0, 3)
row1
100_3___5__    18   0  [1, 1, 1, 0, 3, 0, 0, 1, 0, 1, 0, 1, 1, 0, 0, 0, 1, 0]  (0, 0)
200_5___5__    18   0  [2, 0, 1, 0, 0, 2, 0, 0, 1, 0, 0, 0, 0, 1, 3, 0, 1, 0]  (0, 0)
300_4___5__    18   0  [3, 0, 0, 0, 0, 2, 0, 0, 1, 0, 1, 0, 0, 0, 3, 0, 1, 0]  (0, 0)
100_4___5__    17   0  [3, 1, 0, 0, 2, 0, 0, 1, 0, 1, 0, 1, 2, 0, 0, 1, 0]  (0, 0)
200_3___5__    17   3  [0, 1, 0, 0, 2, 0, 0, 1, 0, 0, 0, 0, 1, 3, 0, 1, 0]  (0, 0)
200_4___5__    17   0  [3, 1, 0, 0, 2, 0, 0, 1, 0, 0, 0, 0, 1, 3, 0, 1, 0]  (0, 0)
300_3___5__    17   4  [0, 0, 0, 0, 1, 0, 0, 0, 1, 0, 1, 0, 1, 3, 0, 1, 0]  (0, 0)
300_5___5__    17   4  [0, 0, 0, 0, 1, 0, 0, 0, 1, 0, 1, 0, 1, 3, 0, 1, 0]  (0, 0)
100_1___5__    16   0  [3, 1, 0, 3, 0, 0, 1, 0, 1, 0, 1, 1, 1, 0, 1, 0]  (0, 1)
200_2___5__    16   4  [1, 0, 0, 2, 0, 0, 1, 0, 0, 0, 0, 1, 3, 0, 1, 0]  (0, 1)
300_1___5__    16   4  [1, 0, 0, 2, 0, 0, 1, 0, 1, 0, 1, 3, 0, 0, 0, 0]  (0, 0)
300_2___5__    16   4  [1, 0, 0, 2, 0, 0, 1, 0, 1, 0, 1, 1, 1, 0, 1, 0]  (0, 0)
100_2___5__    15   0  [3, 1, 4, 0, 0, 1, 0, 1, 0, 1, 1, 1, 0, 1, 0]  (0, 1)
100_5___5__    15   0  [3, 1, 1, 2, 0, 0, 1, 0, 1, 2, 2, 0, 0, 1, 0]  (0, 0)
200_1___5__    15   4  [1, 0, 0, 2, 0, 2, 0, 1, 0, 1, 3, 0, 0, 0, 0]  (0, 0)
part_in:(2, 1), all_in:(0, 1), all_out:(0, 1)
less10
300_5___4__    21   0  [0, 0, 1, 0, 0, 0, 1, 1, 1, 0, 0, 0, 2, 1, 0, 0, 0, 0, 1, 0, 0]  (1, 3)
200_3___4__    20   0  [1, 0, 0, 0, 0, 2, 1, 1, 0, 1, 0, 1, 1, 0, 0, 0, 0, 1, 0, 0]  (1, 2)
100_5___4__    19   0  [0, 2, 0, 1, 1, 1, 1, 0, 0, 2, 0, 1, 0, 0, 0, 0, 1, 0, 0]  (1, 2)
200_4___4__    19   0  [1, 1, 0, 1, 1, 1, 1, 0, 0, 0, 2, 1, 0, 0, 0, 0, 1, 0, 0]  (1, 2)
300_4___4__    19   0  [1, 1, 0, 0, 2, 1, 1, 0, 0, 0, 2, 1, 0, 0, 0, 0, 1, 0, 0]  (1, 3)
100_3___4__    18   0  [1, 1, 0, 5, 1, 0, 1, 0, 0, 0, 1, 0, 0, 0, 0, 1, 0, 0]  (1, 2)
200_5___4__    18   0  [3, 0, 0, 0, 1, 1, 1, 0, 0, 3, 1, 0, 0, 0, 0, 1, 0, 0]  (1, 2)
100_2___4__    17   0  [3, 0, 3, 1, 1, 0, 1, 1, 0, 1, 0, 0, 0, 0, 1, 0, 0]  (1, 1)
100_4___4__    17   0  [3, 0, 3, 1, 1, 0, 0, 0, 2, 1, 0, 0, 0, 0, 1, 0, 0]  (1, 2)
200_1___4__    17   0  [0, 2, 0, 3, 1, 1, 0, 0, 0, 2, 1, 0, 0, 1, 1, 0, 0]  (1, 1)
100_1___4__    16   0  [3, 0, 3, 1, 2, 1, 1, 0, 1, 0, 0, 0, 0, 1, 0, 0]  (1, 2)
200_2___4__    16   0  [3, 0, 3, 1, 1, 0, 0, 3, 1, 0, 0, 0, 0, 1, 0, 0]  (1, 1)
300_1___4__    16   0  [1, 1, 0, 3, 1, 1, 0, 1, 2, 1, 0, 0, 1, 1, 0, 0]  (1, 1)
300_2___4__    16   0  [3, 0, 3, 1, 1, 0, 0, 0, 2, 1, 0, 0, 1, 1, 0, 0]  (1, 2)
300_3___4__    16   0  [1, 1, 0, 5, 1, 0, 0, 3, 1, 0, 0, 0, 0, 1, 0, 0]  (1, 3)
part_in:(3, 3), all_in:(1, 2), all_out:(1, 3)
row4
300_4___8__    21   0  [0, 1, 0, 0, 0, 0, 1, 0, 1, 1, 0, 2, 0, 1, 0, 0, 0, 0, 0, 0, 1]  (0, 0)
300_5___8__    21   0  [0, 1, 0, 0, 0, 0, 1, 0, 1, 1, 0, 2, 0, 1, 0, 0, 0, 0, 0, 0, 1]  (0, 1)
100_5___8__    19   0  [2, 0, 0, 0, 2, 0, 1, 1, 0, 2, 0, 1, 0, 0, 0, 0, 0, 0, 1]  (0, 0)
300_3___8__    19   0  [2, 0, 0, 0, 0, 1, 0, 1, 1, 0, 2, 0, 1, 1, 0, 0, 0, 0, 1]  (0, 0)
100_1___8__    18   0  [2, 0, 1, 2, 0, 1, 1, 0, 2, 0, 1, 0, 0, 0, 0, 0, 0, 1]  (0, 1)
100_2___8__    18   0  [2, 0, 0, 0, 2, 0, 3, 0, 2, 0, 1, 0, 0, 0, 0, 0, 0, 1]  (0, 0)
100_3___8__    18   0  [2, 0, 0, 0, 2, 0, 3, 0, 2, 0, 1, 0, 0, 0, 0, 0, 0, 1]  (0, 0)
100_4___8__    18   0  [2, 0, 0, 0, 2, 0, 3, 0, 2, 0, 1, 0, 0, 0, 0, 0, 0, 1]  (0, 0)
200_5___8__    18   0  [2, 0, 1, 2, 0, 1, 1, 0, 2, 0, 1, 0, 0, 0, 0, 0, 0, 1]  (0, 0)
300_1___8__    18   0  [2, 0, 1, 0, 1, 2, 1, 0, 2, 0, 1, 0, 0, 0, 0, 0, 0, 1]  (0, 1)
200_1___8__    17   0  [2, 0, 1, 2, 0, 3, 0, 2, 0, 1, 0, 0, 0, 0, 0, 0, 1]  (0, 0)
200_2___8__    17   0  [2, 0, 1, 2, 0, 3, 0, 2, 0, 1, 0, 0, 0, 0, 0, 0, 1]  (0, 0)
200_4___8__    17   0  [2, 0, 1, 2, 0, 3, 0, 2, 0, 1, 0, 0, 0, 0, 0, 0, 1]  (0, 0)
300_2___8__    17   0  [2, 0, 1, 0, 1, 2, 1, 0, 2, 0, 1, 1, 0, 0, 0, 0, 1]  (0, 0)
200_3___8__    16   0  [2, 0, 1, 2, 0, 4, 2, 0, 1, 0, 0, 0, 0, 0, 0, 1]  (0, 0)
part_in:(2, 1), all_in:(0, 1), all_out:(0, 1)
ball
100_4___20__    21   0  [0, 0, 1, 0, 0, 0, 3, 0, 0, 0, 0, 0, 1, 0, 2, 0, 0, 0, 1, 0, 0]  (1, 2)
100_5___20__    21   0  [0, 0, 1, 0, 0, 0, 3, 0, 0, 0, 0, 0, 1, 0, 2, 0, 0, 0, 1, 0, 0]  (1, 2)
100_1___20__    20   0  [0, 0, 1, 0, 0, 0, 3, 0, 0, 0, 0, 0, 1, 0, 2, 0, 0, 0, 2, 0]  (1, 2)
100_2___20__    20   0  [0, 0, 2, 0, 0, 3, 0, 0, 0, 0, 0, 1, 0, 2, 0, 0, 0, 1, 0, 0]  (1, 2)
100_3___20__    20   0  [0, 0, 2, 0, 0, 3, 0, 0, 0, 0, 0, 1, 0, 2, 0, 0, 0, 1, 0, 0]  (1, 2)
200_2___20__    19   0  [0, 0, 1, 0, 0, 0, 3, 0, 0, 0, 0, 0, 1, 0, 2, 0, 1, 2, 0]  (1, 1)
300_1___20__    19   0  [0, 0, 1, 0, 0, 0, 3, 0, 0, 0, 0, 0, 1, 0, 3, 0, 0, 2, 0]  (1, 2)
200_1___20__    18   0  [0, 0, 2, 0, 0, 3, 0, 0, 0, 0, 0, 1, 0, 2, 0, 1, 2, 0]  (1, 1)
200_3___20__    18   0  [0, 0, 2, 0, 0, 3, 0, 0, 0, 0, 0, 1, 0, 2, 0, 0, 0, 3]  (1, 2)
200_4___20__    18   1  [0, 1, 0, 0, 0, 3, 0, 0, 0, 0, 0, 1, 0, 2, 0, 0, 0, 3]  (1, 2)
200_5___20__    18   1  [0, 2, 0, 0, 3, 0, 0, 0, 0, 0, 1, 0, 2, 0, 0, 0, 2, 0]  (1, 2)
300_2___20__    18   1  [0, 1, 0, 0, 0, 3, 0, 0, 0, 0, 0, 1, 0, 2, 0, 0, 0, 3]  (1, 2)
300_5___20__    18   1  [0, 1, 0, 0, 0, 3, 0, 0, 0, 0, 0, 1, 0, 2, 0, 0, 0, 3]  (1, 3)
300_3___20__    17   1  [0, 1, 0, 0, 0, 3, 0, 0, 0, 0, 0, 1, 3, 0, 0, 0, 3]  (1, 3)
300_4___20__    17   1  [0, 1, 0, 0, 0, 3, 0, 0, 0, 0, 0, 1, 3, 0, 0, 0, 3]  (1, 3)
part_in:(3, 3), all_in:(1, 2), all_out:(1, 3)
