sorted balls
[8, 16, 14, 18, 7, 2, 11, 28, 13, 32, 20, 17, 5, 12, 19, 30, 25, 6, 21, 26, 10, 23, 33, 29, 3, 31, 9, 22, 4, 27, 24, 15, 1]
[(8, 1), (16, 2), (14, 3), (18, 4), (7, 5), (2, 6), (11, 7), (28, 8), (13, 9), (32, 10), (20, 11), (17, 12), (5, 13), (12, 14), (19, 15), (30, 16), (25, 17), (6, 18), (21, 19), (26, 20), (10, 21), (23, 22), (33, 23), (29, 24), (3, 25), (31, 26), (9, 27), (22, 28), (4, 29), (27, 30), (24, 31), (15, 32), (1, 33)]
[8, 18, 22, 23, 24, 27, 28, 30, 31, 32]
ball:5
average: 6.35
bravos:
bravo3.A2_8    121_[0, 12, 4, 7, 3, 0, 8, 13, 0, 2]    (5)
bravo2.D1_3    119_[0, 1, 8, 3, 1, 0, 18, 3, 9, 0]    (5)
bravo2.D2_6    117_[17, 4, 10, 2, 0, 4, 0, 2, 17, 5]    (5)
bravo3.D2_4    117_[3, 7, 5, 1, 14, 8, 2, 0, 0, 11]    (5)
bravo1.D3_12    116_[3, 7, 4, 6, 4, 4, 1, 7, 2, 1]    (5)
bravo3.A3_13    113_[8, 6, 0, 8, 2, 2, 11, 3, 2, 4]    (5)
bravo1.A2_4    113_[7, 7, 1, 1, 0, 10, 0, 4, 9, 5]    (5)
bravo3.D3_4    113_[4, 3, 0, 2, 5, 8, 0, 21, 9, 6]    (5)
bravo2.D3_3    111_[5, 2, 0, 2, 1, 12, 3, 3, 3, 2]    (5)
bravo1.A3_17    110_[3, 6, 5, 6, 9, 1, 7, 2, 0, 7]    (5)
bravo2.A2_9    110_[1, 3, 2, 2, 7, 1, 0, 1, 6, 1]    (5)
bravo3.D1_2    109_[0, 5, 3, 4, 2, 1, 0, 6, 4, 2]    (5)
bravo1.A1_4    107_[0, 0, 1, 13, 4, 3, 5, 1, 0, 1]    (5)
bravo1.D4_2    99_[10, 1, 4, 5, 6, 6, 4, 4, 17, 8]    (5)
bravo1.D1_8    97_[1, 4, 13, 3, 1, 26, 0, 1, 2, 4]    (5)
bravo2.A1_8    95_[10, 0, 18, 2, 1, 1, 4, 12, 1, 4]    (5)
bravo3.A1_7    92_[6, 13, 9, 0, 1, 12, 11, 19, 1, 3]    (5)
bravo2.A3_15    83_[2, 5, 7, 24, 0, 7, 1, 20, 0, 0]    (5)
bravo1.D2_19    80_[14, 0, 1, 2, 11, 4, 18, 19, 0, 5]    (5)
bravo1.A4_27    43_[33, 26, 13, 29, 9, 0, 19, 15, 4, 5]    (5)
ball:26
average: 4.83
bravos:
bravo3.D6_1    114_[9, 8, 2, 12, 2, 2, 1, 8, 0, 3]    (26)
bravo1.D3_5    114_[3, 2, 9, 8, 0, 12, 8, 0, 18, 18]    (26)
bravo2.D6_1    109_[0, 1, 6, 2, 3, 9, 13, 0, 10, 5]    (26)
bravo1.A3_24    105_[1, 0, 0, 2, 2, 16, 12, 9, 7, 8]    (26)
bravo1.D6_2    99_[1, 5, 1, 15, 6, 2, 7, 1, 2, 11]    (26)
bravo1.D5_9    84_[1, 4, 5, 5, 2, 6, 1, 9, 8, 5]    (26)
bravo1.A4_7    84_[0, 7, 6, 15, 1, 6, 0, 2, 6, 0]    (26)
bravo1.D4_22    82_[0, 14, 10, 2, 4, 2, 2, 0, 9, 3]    (26)
bravo1.A5_9    72_[0, 14, 2, 10, 6, 4, 5, 3, 9, 2]    (26)
bravo3.A6_7    71_[1, 0, 7, 1, 36, 1, 4, 42, 4, 3]    (26)
bravo2.A6_11    37_[21, 12, 16, 0, 31, 23, 25, 79]    (26)
bravo1.A6_8    34_[21, 6, 44, 7, 16, 11, 13, 0, 22, 14]    (26)
ball:23
average: 4.5
bravos:
bravo1.A3_16    122_[2, 4, 1, 2, 3, 9, 1, 9, 0, 3]    (23)
bravo1.D3_13    111_[2, 4, 18, 11, 0, 3, 6, 4, 1, 1]    (23)
bravo1.A4_13    111_[0, 6, 6, 1, 0, 2, 1, 0, 15, 0]    (23)
bravo1.D2_1    108_[11, 6, 6, 0, 3, 17, 2, 6, 0, 2]    (23)
bravo1.D4_16    106_[0, 13, 1, 13, 7, 0, 0, 0, 1, 0]    (23)
bravo1.D5_5    99_[2, 4, 0, 4, 1, 1, 3, 3, 1, 11]    (23)
bravo1.A5_13    71_[3, 1, 1, 10, 2, 8, 8, 9, 8, 12]    (23)
bravo1.A2_22    56_[16, 13, 20, 10, 8, 1, 19, 7, 16, 0]    (23)
ball:31
average: 3.78
bravos:
bravo3.A5_1    119_[2, 3, 2, 2, 9, 1, 2, 8, 1, 4]    (31)
bravo1.A5_2    118_[10, 2, 0, 7, 1, 10, 4, 8, 2, 4]    (31)
bravo2.A5_2    117_[4, 1, 4, 10, 0, 3, 1, 2, 8, 1]    (31)
bravo1.D4_18    117_[1, 0, 4, 15, 6, 4, 2, 0, 2, 12]    (31)
bravo3.D6_5    115_[8, 4, 2, 5, 16, 6, 3, 2, 2, 10]    (31)
bravo1.A4_11    114_[2, 8, 0, 6, 10, 0, 1, 2, 2, 3]    (31)
bravo2.A4_4    108_[1, 7, 5, 2, 15, 29, 0, 0, 10, 1]    (31)
bravo2.A6_3    108_[0, 1, 3, 4, 1, 8, 0, 3, 4, 8]    (31)
bravo3.A4_6    104_[2, 1, 4, 1, 2, 11, 3, 11, 2, 3]    (31)
bravo3.A6_3    104_[0, 1, 3, 4, 1, 8, 0, 3, 4, 8]    (31)
bravo3.D4_13    94_[1, 3, 3, 10, 18, 5, 4, 13, 1, 9]    (31)
bravo1.A6_3    92_[0, 5, 7, 7, 0, 0, 15, 7, 3, 1]    (31)
bravo2.D4_15    72_[8, 0, 5, 1, 0, 6, 6, 8, 0, 8]    (31)
bravo2.D6_9    68_[6, 2, 3, 17, 6, 12, 16, 14, 8, 31]    (31)
bravo3.D5_12    59_[2, 11, 1, 5, 2, 1, 13, 8, 0, 4]    (31)
bravo1.D5_16    55_[18, 6, 9, 10, 0, 3, 10, 31, 0, 5]    (31)
bravo1.D6_7    49_[3, 45, 17, 14, 22, 18, 0, 22, 10, 27]    (31)
bravo2.D5_14    43_[0, 11, 2, 1, 4, 15, 12, 11, 19, 0]    (31)
ball:4
average: 3.5
bravos:
bravo1.D4_1    125_[2, 5, 2, 3, 0, 2, 5, 6, 0, 2]    (4)
bravo1.A2_6    113_[3, 11, 5, 1, 0, 0, 9, 8, 3, 2]    (4)
bravo1.A1_6    112_[1, 1, 12, 3, 11, 0, 0, 1, 9, 4]    (4)
bravo1.D2_17    102_[19, 0, 0, 1, 0, 10, 15, 1, 6, 23]    (4)
bravo1.D1_6    99_[1, 3, 0, 9, 1, 0, 5, 3, 11, 2]    (4)
bravo1.D3_6    96_[0, 2, 1, 19, 6, 0, 2, 5, 7, 2]    (4)
bravo1.A3_23    83_[0, 2, 1, 10, 8, 6, 0, 2, 5, 7]    (4)
bravo1.A4_28    25_[2, 12, 0, 15, 8, 19, 6, 35, 3, 50]    (4)
ball:24
average: 3.31
bravos:
bravo3.A5_6    134_[1, 0, 2, 11, 0, 2, 0, 1, 0, 1]    (24)
bravo3.A3_6    125_[7, 1, 2, 11, 2, 1, 7, 1, 3, 1]    (24)
bravo2.A3_6    122_[7, 1, 5, 8, 2, 0, 3, 0, 3, 0]    (24)
bravo2.D1_1    121_[1, 5, 1, 1, 5, 0, 0, 2, 4, 2]    (24)
bravo2.A5_6    120_[1, 0, 2, 8, 3, 2, 2, 0, 0, 0]    (24)
bravo2.A4_6    117_[2, 1, 4, 1, 2, 2, 2, 5, 9, 1]    (24)
bravo2.D2_7    116_[1, 0, 14, 0, 1, 9, 0, 4, 4, 3]    (24)
bravo1.A4_1    110_[1, 0, 7, 1, 4, 4, 4, 16, 0, 8]    (24)
bravo2.A2_8    110_[0, 8, 3, 12, 0, 2, 4, 9, 8, 0]    (24)
bravo1.A5_4    106_[4, 7, 1, 30, 4, 5, 6, 0, 6, 1]    (24)
bravo2.D6_5    106_[1, 0, 7, 0, 0, 2, 8, 11, 12, 3]    (24)
bravo1.A3_1    106_[0, 0, 0, 15, 1, 0, 0, 11, 7, 1]    (24)
bravo3.D5_7    104_[2, 1, 21, 0, 4, 3, 1, 3, 2, 6]    (24)
bravo2.D3_12    102_[1, 0, 10, 9, 4, 1, 1, 5, 9, 1]    (24)
bravo3.A4_4    102_[0, 17, 1, 14, 2, 16, 0, 1, 5, 0]    (24)
bravo3.D3_11    97_[23, 1, 5, 4, 1, 19, 1, 3, 15, 0]    (24)
bravo2.A6_7    92_[1, 3, 3, 0, 6, 3, 5, 3, 6, 10]    (24)
bravo2.A1_10    91_[0, 4, 3, 9, 11, 1, 13, 3, 3, 2]    (24)
bravo2.D5_10    88_[6, 1, 9, 2, 0, 1, 11, 0, 1, 5]    (24)
bravo1.D5_14    86_[12, 9, 3, 12, 11, 6, 1, 5, 4, 6]    (24)
bravo2.D4_13    82_[4, 4, 7, 18, 2, 0, 10, 12, 1, 0]    (24)
bravo1.D6_3    78_[0, 1, 3, 2, 0, 28, 0, 0, 0, 0]    (24)
bravo3.D4_15    64_[8, 3, 5, 5, 0, 6, 9, 8, 14, 10]    (24)
bravo1.D3_28    64_[0, 17, 1, 0, 0, 11, 7, 19, 2, 22]    (24)
bravo1.A6_7    49_[1, 0, 0, 8, 18, 0, 6, 20, 12, 8]    (24)
bravo1.D4_28    24_[2, 24, 109, 29, 45]    (24)

index begin
index: 1
ball:8
average: 11.25
bravos:
bravo1.A2_9    115_[6, 10, 4, 4, 1, 1, 1, 0, 9, 1]    (8)
bravo1.D4_5    115_[5, 0, 7, 2, 4, 1, 3, 8, 2, 4]    (8)
bravo1.D1_3    110_[15, 3, 0, 2, 3, 0, 0, 1, 1, 4]    (8)
bravo1.A3_19    109_[18, 2, 2, 0, 20, 3, 1, 2, 6, 4]    (8)
bravo1.D3_10    109_[11, 0, 5, 2, 2, 22, 2, 4, 0, 5]    (8)
bravo1.A1_9    91_[5, 0, 20, 3, 6, 2, 11, 0, 2, 1]    (8)
bravo1.D2_14    84_[25, 6, 10, 15, 8, 0, 4, 14, 2, 11]    (8)
bravo1.A4_24    81_[5, 0, 7, 8, 1, 2, 8, 2, 2, 6]    (8)

index: 2
ball:16
average: 9.0
bravos:
bravo2.D3_1    132_[2, 0, 4, 11, 0, 1, 3, 6, 4, 0]    (16)
bravo1.D3_8    117_[26, 3, 1, 0, 1, 5, 0, 3, 5, 1]    (16)
bravo3.D3_1    111_[1, 0, 5, 11, 2, 1, 1, 4, 1, 4]    (16)
bravo1.A3_21    110_[26, 3, 1, 0, 1, 5, 0, 11, 3, 1]    (16)
bravo1.D2_6    109_[7, 2, 0, 2, 1, 2, 4, 2, 8, 9]    (16)
bravo3.D4_3    108_[0, 1, 2, 18, 5, 6, 0, 12, 0, 3]    (16)
bravo2.D5_2    103_[5, 0, 0, 6, 1, 3, 6, 6, 8, 6]    (16)
bravo2.D4_3    100_[19, 2, 14, 2, 1, 0, 2, 1, 13, 0]    (16)
bravo1.A2_17    98_[10, 10, 14, 12, 21, 5, 0, 5, 4, 1]    (16)
bravo1.D4_11    98_[8, 6, 5, 3, 4, 12, 11, 17, 9, 5]    (16)
bravo1.D5_1    93_[5, 1, 0, 1, 1, 6, 0, 5, 0, 13]    (16)
bravo1.A4_18    90_[3, 6, 4, 5, 31, 6, 4, 25, 0, 8]    (16)
bravo3.A3_16    77_[1, 18, 11, 4, 1, 0, 19, 2, 3, 9]    (16)
bravo2.A3_17    69_[5, 2, 9, 8, 4, 4, 1, 3, 8, 14]    (16)
bravo2.A4_16    57_[14, 1, 5, 5, 13, 5, 1, 1, 7, 2]    (16)
bravo3.A4_16    49_[16, 0, 5, 4, 2, 8, 2, 8, 7, 2]    (16)
bravo1.A5_17    48_[7, 9, 0, 2, 21, 52, 8, 3, 9, 5]    (16)
bravo2.A5_14    44_[7, 12, 10, 14, 27, 14, 7, 21, 1, 3]    (16)

index: 3
ball:14
average: 9.0
bravos:
bravo3.D3_5    123_[0, 1, 1, 0, 2, 2, 4, 14, 0, 2]    (14)
bravo2.D2_1    118_[16, 7, 1, 0, 0, 5, 4, 0, 6, 2]    (14)
bravo2.D3_4    116_[0, 3, 13, 6, 6, 4, 4, 9, 2, 1]    (14)
bravo2.D4_4    115_[4, 2, 0, 5, 2, 1, 12, 4, 0, 6]    (14)
bravo1.A3_7    113_[19, 0, 2, 14, 10, 1, 1, 11, 1, 16]    (14)
bravo1.D4_14    109_[1, 27, 12, 5, 4, 1, 1, 7, 4, 0]    (14)
bravo1.D2_10    108_[6, 16, 12, 1, 1, 5, 7, 5, 1, 1]    (14)
bravo3.D2_2    107_[24, 2, 2, 1, 1, 0, 0, 6, 5, 4]    (14)
bravo3.D4_4    107_[12, 6, 0, 10, 0, 9, 0, 1, 0, 7]    (14)
bravo3.A3_12    105_[0, 9, 1, 1, 9, 8, 1, 0, 3, 10]    (14)
bravo2.A3_14    103_[24, 6, 3, 6, 4, 12, 2, 1, 1, 8]    (14)
bravo1.D3_22    99_[9, 9, 0, 2, 14, 10, 1, 1, 2, 8]    (14)
bravo1.A2_13    96_[16, 4, 1, 3, 0, 4, 2, 1, 0, 0]    (14)
bravo1.A4_15    94_[8, 10, 23, 3, 5, 0, 1, 3, 1, 7]    (14)
bravo3.A2_10    88_[7, 0, 8, 30, 0, 7, 2, 26, 12, 3]    (14)
bravo2.A4_15    81_[8, 15, 0, 11, 1, 1, 1, 10, 5, 1]    (14)
bravo2.A2_14    80_[6, 0, 10, 8, 3, 4, 0, 2, 10, 7]    (14)
bravo3.A4_15    77_[2, 5, 7, 6, 0, 0, 11, 0, 0, 1]    (14)

index: 4
ball:18
average: 8.75
bravos:
bravo1.D5_3    113_[0, 1, 8, 4, 0, 3, 3, 2, 1, 12]    (18)
bravo1.D3_14    108_[8, 1, 3, 14, 3, 2, 0, 1, 4, 14]    (18)
bravo1.A3_15    100_[12, 1, 18, 2, 0, 1, 19, 12, 2, 2]    (18)
bravo1.D2_5    95_[5, 15, 1, 1, 13, 4, 7, 19, 5, 0]    (18)
bravo1.D4_12    92_[12, 5, 23, 0, 9, 4, 6, 10, 4, 0]    (18)
bravo1.A2_18    88_[5, 8, 2, 2, 2, 1, 1, 25, 0, 2]    (18)
bravo1.A4_17    87_[18, 0, 0, 27, 26, 6, 0, 2, 5, 1]    (18)
bravo1.A5_15    70_[10, 9, 0, 5, 11, 1, 0, 5, 11, 2]    (18)

index: 5
ball:7
average: 8.5
bravos:
bravo3.D2_6    120_[1, 3, 1, 10, 2, 8, 0, 13, 4, 0]    (7)
bravo1.D4_3    119_[5, 8, 3, 1, 10, 6, 4, 2, 2, 1]    (7)
bravo2.D1_4    118_[1, 1, 0, 4, 21, 11, 6, 6, 2, 3]    (7)
bravo3.D1_4    116_[3, 0, 0, 11, 1, 0, 1, 0, 6, 1]    (7)
bravo2.D4_1    115_[8, 1, 14, 5, 2, 2, 1, 2, 1, 1]    (7)
bravo1.A3_8    114_[10, 1, 2, 6, 2, 9, 0, 1, 13, 1]    (7)
bravo3.A1_5    113_[4, 0, 1, 9, 1, 0, 1, 7, 7, 5]    (7)
bravo2.A3_8    112_[1, 1, 4, 3, 4, 4, 0, 7, 4, 5]    (7)
bravo2.D3_10    110_[7, 0, 24, 1, 3, 2, 4, 4, 4, 2]    (7)
bravo2.D2_9    110_[0, 0, 2, 1, 8, 2, 1, 0, 0, 2]    (7)
bravo1.A1_5    107_[17, 1, 0, 2, 1, 3, 2, 4, 22, 0]    (7)
bravo2.A2_6    107_[5, 3, 1, 5, 0, 0, 0, 0, 8, 0]    (7)
bravo3.D3_7    105_[7, 6, 0, 0, 5, 7, 2, 6, 3, 2]    (7)
bravo1.A2_5    105_[3, 1, 2, 10, 1, 2, 4, 0, 6, 3]    (7)
bravo3.A3_10    105_[3, 0, 0, 5, 26, 9, 0, 9, 2, 5]    (7)
bravo2.A1_7    101_[20, 0, 1, 7, 0, 12, 0, 0, 30, 1]    (7)
bravo1.D3_21    100_[15, 6, 12, 0, 1, 15, 3, 0, 7, 8]    (7)
bravo3.D4_1    99_[8, 1, 11, 2, 5, 2, 4, 4, 1, 1]    (7)
bravo3.A2_6    97_[9, 1, 5, 0, 11, 1, 12, 6, 16, 9]    (7)
bravo1.D1_7    97_[5, 13, 0, 3, 5, 2, 9, 2, 10, 21]    (7)
bravo1.D2_18    91_[5, 1, 7, 0, 0, 1, 0, 1, 7, 1]    (7)
bravo1.A4_26    84_[5, 6, 1, 2, 0, 4, 18, 4, 1, 1]    (7)
bravo3.A4_18    28_[22, 20, 16, 5, 7, 30, 4, 13, 36, 19]    (7)
bravo2.A4_18    24_[40, 9, 5, 53, 2, 10, 1, 22, 11, 19]    (7)

index: 6
ball:2
average: 7.67
bravos:
bravo2.D1_9    115_[17, 2, 2, 21, 2, 5, 6, 0, 3, 8]    (2)
bravo1.A1_2    114_[7, 0, 7, 12, 2, 3, 3, 10, 4, 6]    (2)
bravo2.A1_2    109_[7, 8, 16, 4, 2, 2, 6, 0, 11, 1]    (2)
bravo3.D2_10    108_[5, 13, 0, 0, 6, 2, 1, 11, 8, 7]    (2)
bravo3.A2_2    107_[0, 18, 0, 7, 9, 0, 6, 16, 4, 6]    (2)
bravo3.A1_2    106_[7, 8, 16, 4, 2, 2, 6, 0, 11, 1]    (2)
bravo2.A2_2    104_[0, 13, 4, 0, 7, 0, 3, 4, 0, 23]    (2)
bravo1.A2_1    101_[7, 6, 8, 8, 4, 2, 10, 11, 1, 0]    (2)
bravo3.D1_7    100_[7, 8, 6, 0, 0, 2, 0, 3, 1, 21]    (2)
bravo2.D2_13    92_[6, 3, 10, 2, 10, 7, 17, 11, 1, 0]    (2)
bravo1.D1_10    91_[6, 9, 0, 18, 12, 5, 0, 4, 3, 3]    (2)
bravo1.D2_22    60_[23, 7, 2, 2, 2, 10, 9, 3, 9, 3]    (2)

index: 7
ball:11
average: 7.04
bravos:
bravo3.D1_3    117_[31, 1, 0, 10, 5, 2, 0, 1, 0, 3]    (11)
bravo2.D1_6    110_[4, 1, 3, 3, 4, 2, 10, 8, 4, 7]    (11)
bravo3.A1_6    108_[11, 3, 1, 1, 0, 2, 0, 8, 1, 1]    (11)
bravo2.A2_4    108_[3, 1, 4, 4, 1, 2, 1, 1, 0, 2]    (11)
bravo2.A3_1    105_[0, 9, 0, 3, 1, 0, 1, 0, 0, 0]    (11)
bravo3.A3_1    105_[0, 9, 0, 1, 1, 1, 0, 1, 0, 0]    (11)
bravo1.D1_1    104_[17, 0, 2, 1, 8, 1, 4, 18, 4, 11]    (11)
bravo3.A2_4    104_[5, 4, 4, 1, 4, 1, 3, 4, 4, 15]    (11)
bravo1.D3_20    103_[5, 4, 1, 12, 2, 0, 0, 10, 1, 5]    (11)
bravo2.A4_5    103_[5, 12, 2, 2, 2, 5, 17, 6, 8, 5]    (11)
bravo2.D2_11    103_[5, 2, 10, 0, 10, 1, 6, 13, 1, 0]    (11)
bravo2.A1_5    103_[4, 0, 11, 1, 0, 3, 5, 7, 5, 0]    (11)
bravo2.D5_6    103_[1, 7, 3, 12, 18, 0, 4, 6, 20, 2]    (11)
bravo1.D4_8    99_[11, 11, 7, 15, 5, 0, 4, 2, 8, 20]    (11)
bravo3.D2_8    95_[5, 9, 3, 0, 0, 0, 1, 0, 7, 8]    (11)
bravo3.A4_5    94_[13, 10, 2, 13, 9, 1, 4, 1, 6, 3]    (11)
bravo1.A4_21    92_[3, 6, 35, 0, 11, 6, 5, 1, 16, 6]    (11)
bravo1.A2_7    90_[0, 15, 9, 3, 18, 9, 3, 6, 4, 11]    (11)
bravo1.A3_9    88_[5, 24, 10, 1, 5, 8, 1, 0, 9, 3]    (11)
bravo2.D4_14    87_[6, 7, 3, 1, 0, 1, 3, 2, 16, 1]    (11)
bravo1.D2_16    86_[0, 7, 6, 3, 1, 2, 5, 12, 5, 6]    (11)
bravo2.A5_10    84_[0, 5, 6, 16, 9, 0, 0, 3, 2, 6]    (11)
bravo1.A1_11    83_[6, 11, 0, 0, 0, 17, 0, 12, 4, 4]    (11)
bravo2.D3_17    72_[10, 4, 5, 5, 0, 14, 18, 14, 6, 17]    (11)
bravo3.D3_16    71_[19, 0, 11, 4, 5, 10, 6, 12, 1, 0]    (11)
bravo3.D4_14    68_[14, 2, 9, 2, 7, 1, 6, 1, 1, 4]    (11)

index: 8
ball:28
average: 7.0
bravos:
bravo1.A4_10    109_[18, 4, 0, 0, 0, 5, 5, 3, 1, 3]    (28)
bravo1.D3_3    108_[2, 0, 3, 1, 6, 1, 1, 10, 2, 0]    (28)
bravo1.A3_26    102_[3, 3, 0, 9, 1, 10, 2, 0, 2, 1]    (28)
bravo1.D4_19    96_[17, 0, 3, 1, 6, 0, 0, 13, 12, 2]    (28)
bravo1.D5_10    96_[0, 15, 16, 1, 0, 1, 0, 3, 4, 0]    (28)
bravo1.A5_8    88_[2, 19, 8, 1, 1, 2, 1, 3, 10, 4]    (28)

index: 9
ball:13
average: 6.86
bravos:
bravo1.A3_14    120_[2, 7, 3, 8, 3, 2, 6, 4, 0, 0]    (13)
bravo1.D2_11    118_[18, 1, 6, 5, 2, 2, 9, 4, 1, 0]    (13)
bravo1.D3_15    118_[8, 1, 3, 8, 1, 1, 2, 6, 4, 0]    (13)
bravo1.A2_12    118_[6, 7, 4, 2, 11, 1, 12, 3, 0, 1]    (13)
bravo2.A1_9    117_[19, 0, 0, 0, 1, 6, 1, 6, 4, 1]    (13)
bravo3.D3_10    117_[1, 3, 1, 4, 4, 13, 1, 6, 4, 2]    (13)
bravo2.A2_7    116_[7, 10, 3, 0, 6, 1, 0, 8, 2, 0]    (13)
bravo3.D1_1    115_[5, 3, 1, 7, 1, 9, 5, 8, 13, 9]    (13)
bravo2.D4_5    113_[5, 1, 8, 2, 3, 2, 4, 18, 3, 8]    (13)
bravo1.D4_10    111_[0, 2, 1, 2, 12, 5, 1, 6, 2, 4]    (13)
bravo3.A2_7    107_[5, 15, 0, 0, 6, 11, 1, 0, 0, 14]    (13)
bravo3.D4_5    106_[5, 1, 0, 2, 0, 4, 1, 3, 0, 1]    (13)
bravo3.A3_7    106_[1, 3, 0, 10, 6, 3, 4, 4, 4, 15]    (13)
bravo2.D2_8    103_[11, 5, 1, 3, 0, 5, 0, 12, 0, 9]    (13)
bravo2.A3_7    103_[6, 17, 10, 2, 17, 0, 1, 3, 2, 2]    (13)
bravo3.D2_5    102_[6, 10, 4, 7, 10, 8, 4, 0, 7, 21]    (13)
bravo2.D3_11    101_[11, 5, 0, 3, 2, 3, 1, 4, 3, 4]    (13)
bravo1.A4_19    98_[0, 4, 6, 8, 5, 5, 4, 0, 7, 5]    (13)
bravo2.D1_2    97_[17, 1, 1, 15, 7, 4, 11, 8, 4, 9]    (13)
bravo3.A1_8    88_[5, 4, 13, 3, 5, 7, 2, 1, 12, 0]    (13)
bravo3.A4_14    83_[8, 3, 1, 4, 3, 10, 2, 14, 7, 2]    (13)
bravo2.A4_14    81_[5, 2, 14, 0, 9, 2, 0, 3, 1, 15]    (13)

index: 10
ball:32
average: 6.67
bravos:
bravo3.A6_2    117_[9, 12, 1, 4, 6, 1, 4, 2, 1, 9]    (32)
bravo2.A6_2    115_[9, 12, 1, 4, 6, 1, 4, 2, 1, 9]    (32)
bravo1.A6_2    110_[9, 12, 1, 3, 6, 1, 4, 14, 4, 4]    (32)
bravo2.A5_1    109_[2, 6, 2, 9, 1, 11, 1, 4, 5, 8]    (32)
bravo3.A5_2    102_[4, 6, 10, 0, 5, 2, 8, 6, 1, 0]    (32)
bravo1.A5_1    101_[6, 2, 3, 8, 0, 0, 3, 8, 4, 11]    (32)
bravo3.D6_6    89_[3, 2, 11, 3, 2, 13, 0, 0, 5, 8]    (32)
bravo3.D5_11    67_[0, 5, 2, 0, 1, 1, 26, 1, 2, 0]    (32)
bravo2.D6_10    51_[2, 4, 6, 1, 0, 0, 3, 2, 17, 24]    (32)
bravo1.D5_17    48_[12, 4, 9, 9, 2, 9, 22, 8, 12, 1]    (32)
bravo1.D6_8    36_[12, 3, 1, 21, 0, 65, 2, 1, 10, 0]    (32)
bravo2.D5_15    22_[12, 35, 0, 6, 10, 43, 14, 20, 11, 26]    (32)

index: 11
ball:20
average: 6.5
bravos:
bravo1.A4_8    120_[1, 3, 1, 7, 0, 7, 9, 2, 0, 11]    (20)
bravo1.D5_7    117_[10, 9, 0, 9, 3, 0, 2, 1, 6, 9]    (20)
bravo3.A4_7    114_[1, 4, 10, 2, 0, 16, 1, 0, 3, 0]    (20)
bravo2.D3_5    109_[2, 0, 0, 6, 4, 0, 13, 11, 19, 20]    (20)
bravo2.A3_13    105_[5, 6, 2, 24, 8, 0, 2, 1, 0, 0]    (20)
bravo3.A3_11    104_[2, 14, 13, 16, 6, 1, 2, 3, 3, 3]    (20)
bravo3.D5_6    104_[1, 3, 5, 4, 9, 19, 2, 1, 6, 1]    (20)
bravo1.D2_4    103_[10, 1, 4, 8, 2, 3, 5, 2, 3, 12]    (20)
bravo2.A5_8    103_[9, 3, 4, 2, 0, 1, 7, 1, 3, 6]    (20)
bravo1.A3_5    103_[5, 0, 0, 1, 5, 0, 3, 7, 0, 0]    (20)
bravo3.D3_6    102_[4, 5, 6, 9, 3, 8, 8, 0, 0, 8]    (20)
bravo2.D6_2    100_[31, 0, 1, 3, 7, 9, 1, 13, 4, 11]    (20)
bravo2.D5_8    99_[2, 12, 1, 9, 10, 0, 12, 0, 1, 0]    (20)
bravo2.A4_7    97_[11, 16, 1, 1, 2, 2, 6, 5, 0, 7]    (20)
bravo1.A2_19    96_[7, 2, 5, 8, 0, 12, 2, 17, 5, 4]    (20)
bravo2.D4_12    94_[1, 0, 35, 1, 4, 0, 8, 0, 1, 14]    (20)
bravo1.A5_11    91_[0, 2, 10, 5, 0, 12, 0, 4, 22, 0]    (20)
bravo1.D3_24    89_[5, 0, 0, 7, 4, 9, 2, 15, 3, 1]    (20)
bravo3.D4_12    85_[2, 18, 12, 5, 0, 16, 4, 10, 3, 2]    (20)
bravo1.D4_21    81_[5, 9, 0, 8, 0, 2, 1, 1, 2, 9]    (20)
bravo3.A5_7    77_[9, 3, 4, 2, 14, 1, 6, 39, 1, 0]    (20)
bravo2.A6_10    55_[20, 4, 10, 4, 2, 15, 3, 7, 38, 0]    (20)

index: 12
ball:17
average: 6.5
bravos:
bravo1.A3_6    121_[12, 4, 0, 0, 4, 6, 5, 3, 14, 0]    (17)
bravo2.D4_10    112_[1, 0, 7, 2, 4, 5, 2, 4, 3, 15]    (17)
bravo1.D2_9    111_[9, 9, 1, 0, 2, 3, 3, 4, 3, 1]    (17)
bravo3.D2_1    109_[11, 4, 8, 0, 0, 9, 2, 9, 0, 0]    (17)
bravo1.D4_15    105_[5, 4, 6, 4, 0, 1, 9, 5, 16, 4]    (17)
bravo2.D2_4    105_[0, 9, 11, 4, 2, 5, 1, 6, 0, 4]    (17)
bravo1.D3_23    104_[16, 0, 0, 0, 4, 4, 1, 5, 3, 5]    (17)
bravo1.A2_14    104_[6, 7, 2, 11, 8, 3, 7, 4, 0, 5]    (17)
bravo2.A4_9    103_[18, 8, 4, 3, 3, 9, 3, 7, 0, 0]    (17)
bravo2.D5_5    103_[4, 2, 1, 5, 0, 16, 0, 1, 4, 2]    (17)
bravo3.A2_11    102_[5, 0, 10, 12, 10, 6, 1, 0, 5, 4]    (17)
bravo2.A2_11    102_[1, 15, 12, 11, 2, 1, 1, 0, 0, 6]    (17)
bravo3.A4_8    101_[10, 15, 0, 4, 3, 4, 8, 8, 4, 3]    (17)
bravo1.A4_14    101_[5, 19, 9, 0, 4, 0, 15, 4, 1, 8]    (17)
bravo3.A3_8    101_[4, 9, 3, 12, 4, 1, 6, 1, 0, 0]    (17)
bravo2.D3_9    101_[1, 17, 20, 5, 12, 27, 4, 1, 7, 0]    (17)
bravo3.D4_11    96_[0, 3, 9, 12, 8, 1, 3, 12, 16, 0]    (17)
bravo2.A3_9    95_[4, 21, 5, 3, 8, 3, 0, 1, 5, 3]    (17)
bravo3.D3_9    94_[19, 8, 0, 8, 4, 2, 13, 1, 8, 0]    (17)
bravo1.D5_2    94_[8, 3, 2, 3, 14, 9, 0, 6, 4, 0]    (17)
bravo2.A5_11    72_[2, 2, 1, 9, 10, 5, 33, 3, 3, 3]    (17)
bravo1.A5_16    67_[2, 12, 0, 6, 0, 0, 17, 3, 11, 2]    (17)

index: 13
ball:5
average: 6.35
bravos:
bravo3.A2_8    121_[0, 12, 4, 7, 3, 0, 8, 13, 0, 2]    (5)
bravo2.D1_3    119_[0, 1, 8, 3, 1, 0, 18, 3, 9, 0]    (5)
bravo2.D2_6    117_[17, 4, 10, 2, 0, 4, 0, 2, 17, 5]    (5)
bravo3.D2_4    117_[3, 7, 5, 1, 14, 8, 2, 0, 0, 11]    (5)
bravo1.D3_12    116_[3, 7, 4, 6, 4, 4, 1, 7, 2, 1]    (5)
bravo3.A3_13    113_[8, 6, 0, 8, 2, 2, 11, 3, 2, 4]    (5)
bravo1.A2_4    113_[7, 7, 1, 1, 0, 10, 0, 4, 9, 5]    (5)
bravo3.D3_4    113_[4, 3, 0, 2, 5, 8, 0, 21, 9, 6]    (5)
bravo2.D3_3    111_[5, 2, 0, 2, 1, 12, 3, 3, 3, 2]    (5)
bravo1.A3_17    110_[3, 6, 5, 6, 9, 1, 7, 2, 0, 7]    (5)
bravo2.A2_9    110_[1, 3, 2, 2, 7, 1, 0, 1, 6, 1]    (5)
bravo3.D1_2    109_[0, 5, 3, 4, 2, 1, 0, 6, 4, 2]    (5)
bravo1.A1_4    107_[0, 0, 1, 13, 4, 3, 5, 1, 0, 1]    (5)
bravo1.D4_2    99_[10, 1, 4, 5, 6, 6, 4, 4, 17, 8]    (5)
bravo1.D1_8    97_[1, 4, 13, 3, 1, 26, 0, 1, 2, 4]    (5)
bravo2.A1_8    95_[10, 0, 18, 2, 1, 1, 4, 12, 1, 4]    (5)
bravo3.A1_7    92_[6, 13, 9, 0, 1, 12, 11, 19, 1, 3]    (5)
bravo2.A3_15    83_[2, 5, 7, 24, 0, 7, 1, 20, 0, 0]    (5)
bravo1.D2_19    80_[14, 0, 1, 2, 11, 4, 18, 19, 0, 5]    (5)
bravo1.A4_27    43_[33, 26, 13, 29, 9, 0, 19, 15, 4, 5]    (5)

index: 14
ball:12
average: 6.33
bravos:
bravo1.A3_13    115_[7, 0, 1, 9, 2, 0, 0, 0, 1, 12]    (12)
bravo1.A2_11    100_[18, 6, 12, 20, 0, 5, 2, 2, 4, 5]    (12)
bravo1.D3_16    95_[7, 0, 11, 2, 0, 0, 0, 14, 7, 3]    (12)
bravo1.D4_7    94_[0, 2, 2, 8, 3, 6, 0, 16, 2, 3]    (12)
bravo1.D2_12    92_[6, 8, 0, 0, 0, 3, 5, 3, 1, 3]    (12)
bravo1.A4_22    69_[0, 0, 1, 2, 8, 8, 2, 5, 14, 2]    (12)

index: 15
ball:19
average: 6.14
bravos:
bravo1.D2_8    120_[3, 10, 2, 23, 2, 2, 2, 2, 0, 0]    (19)
bravo1.A2_15    119_[10, 4, 3, 5, 3, 3, 7, 4, 8, 2]    (19)
bravo3.A2_5    116_[2, 0, 3, 11, 0, 0, 3, 5, 1, 1]    (19)
bravo2.A1_6    112_[2, 4, 3, 3, 1, 1, 0, 22, 8, 4]    (19)
bravo2.D6_4    110_[1, 2, 5, 1, 4, 2, 0, 3, 1, 4]    (19)
bravo2.D1_5    110_[0, 4, 13, 0, 0, 1, 6, 0, 2, 0]    (19)
bravo2.A2_5    109_[2, 4, 13, 13, 7, 2, 0, 6, 2, 0]    (19)
bravo1.A4_5    108_[8, 9, 3, 3, 2, 1, 23, 1, 0, 3]    (19)
bravo1.A3_2    107_[1, 3, 5, 3, 1, 3, 7, 1, 0, 3]    (19)
bravo3.A4_3    105_[5, 3, 2, 5, 2, 11, 0, 1, 2, 0]    (19)
bravo2.A3_2    105_[0, 0, 3, 3, 3, 0, 4, 0, 0, 13]    (19)
bravo2.D2_10    104_[5, 1, 1, 4, 12, 1, 5, 6, 1, 9]    (19)
bravo2.D5_9    101_[18, 1, 0, 10, 13, 2, 27, 0, 2, 7]    (19)
bravo2.A4_3    101_[12, 7, 0, 17, 0, 5, 8, 9, 16, 22]    (19)
bravo3.D2_7    100_[0, 1, 3, 1, 2, 11, 6, 0, 8, 3]    (19)
bravo3.D5_4    97_[7, 1, 5, 0, 4, 19, 13, 3, 5, 5]    (19)
bravo3.A3_2    95_[0, 8, 5, 3, 0, 0, 13, 6, 3, 5]    (19)
bravo3.D3_15    93_[5, 3, 5, 4, 1, 4, 0, 6, 0, 5]    (19)
bravo2.A5_7    92_[9, 4, 3, 1, 0, 14, 1, 33, 6, 4]    (19)
bravo1.A5_10    90_[26, 3, 2, 3, 1, 3, 3, 0, 4, 5]    (19)
bravo1.D5_8    88_[10, 7, 3, 8, 1, 3, 4, 7, 7, 4]    (19)
bravo3.A5_9    83_[6, 24, 4, 4, 17, 2, 0, 0, 1, 17]    (19)
bravo1.D3_27    82_[1, 3, 9, 1, 3, 9, 0, 3, 3, 0]    (19)
bravo2.A6_8    79_[2, 13, 1, 2, 10, 3, 8, 41, 6, 4]    (19)
bravo2.D3_16    71_[17, 1, 0, 7, 2, 0, 1, 6, 0, 9]    (19)
bravo1.D4_24    65_[18, 11, 4, 14, 4, 6, 1, 17, 11, 0]    (19)
bravo3.D4_16    56_[0, 1, 6, 0, 7, 2, 9, 4, 0, 18]    (19)
bravo2.D4_16    55_[2, 7, 1, 8, 2, 12, 29, 45, 2, 0]    (19)

index: 16
ball:30
average: 6.0
bravos:
bravo3.D4_6    116_[4, 1, 0, 5, 0, 1, 6, 19, 2, 3]    (30)
bravo1.A4_3    113_[6, 13, 0, 8, 3, 0, 0, 0, 4, 3]    (30)
bravo2.D3_2    111_[15, 10, 1, 3, 3, 0, 1, 10, 1, 7]    (30)
bravo3.D5_5    110_[9, 3, 9, 0, 1, 4, 1, 0, 1, 3]    (30)
bravo3.A5_8    109_[9, 8, 13, 1, 3, 1, 3, 4, 2, 7]    (30)
bravo3.D6_2    109_[0, 3, 5, 1, 18, 0, 3, 1, 2, 2]    (30)
bravo2.D4_8    108_[0, 3, 6, 3, 5, 1, 3, 2, 0, 0]    (30)
bravo1.D3_1    104_[8, 3, 1, 0, 4, 10, 8, 3, 2, 16]    (30)
bravo1.A5_3    103_[0, 1, 5, 1, 5, 8, 1, 12, 0, 3]    (30)
bravo2.D5_7    102_[0, 0, 3, 5, 11, 2, 5, 3, 1, 1]    (30)
bravo2.A5_9    101_[4, 10, 0, 19, 4, 2, 14, 0, 3, 8]    (30)
bravo2.D6_3    95_[0, 4, 3, 26, 0, 7, 4, 0, 6, 20]    (30)
bravo3.A6_6    93_[1, 7, 0, 7, 8, 3, 0, 23, 7, 2]    (30)
bravo3.A4_13    88_[5, 6, 4, 2, 10, 0, 9, 1, 21, 5]    (30)
bravo2.A4_11    81_[5, 1, 6, 0, 3, 1, 2, 2, 18, 7]    (30)
bravo1.D4_26    73_[6, 3, 1, 8, 27, 0, 20, 15, 0, 12]    (30)
bravo2.A3_16    72_[0, 16, 2, 10, 8, 2, 11, 7, 0, 2]    (30)
bravo2.A6_9    69_[9, 4, 3, 3, 11, 2, 0, 6, 17, 10]    (30)
bravo1.A6_4    62_[10, 3, 1, 1, 12, 8, 8, 37, 22, 2]    (30)
bravo1.A3_28    59_[14, 0, 4, 10, 8, 23, 31, 2, 12, 9]    (30)
bravo1.D5_15    57_[6, 5, 13, 36, 7, 15, 0, 9, 2, 2]    (30)
bravo1.D6_6    37_[21, 45, 14, 27, 9, 5, 5, 1, 10, 0]    (30)

index: 17
ball:25
average: 5.92
bravos:
bravo1.A4_2    116_[4, 5, 1, 3, 4, 17, 1, 8, 1, 1]    (25)
bravo3.D3_3    115_[14, 0, 8, 7, 3, 0, 1, 2, 11, 0]    (25)
bravo3.A6_4    111_[8, 5, 9, 0, 13, 0, 2, 3, 10, 8]    (25)
bravo3.A5_3    110_[0, 7, 1, 1, 13, 1, 10, 1, 0, 0]    (25)
bravo2.D3_6    106_[4, 2, 16, 2, 2, 2, 6, 2, 0, 3]    (25)
bravo2.A6_4    105_[8, 16, 0, 12, 2, 0, 3, 1, 8, 22]    (25)
bravo3.A4_1    105_[1, 2, 3, 1, 1, 2, 1, 0, 3, 2]    (25)
bravo3.D6_4    105_[1, 9, 0, 1, 3, 8, 3, 0, 3, 9]    (25)
bravo1.A3_10    104_[1, 6, 1, 3, 2, 6, 1, 0, 3, 15]    (25)
bravo2.A5_3    103_[0, 7, 1, 4, 10, 1, 10, 1, 0, 4]    (25)
bravo2.A3_12    100_[0, 2, 1, 8, 1, 7, 11, 1, 9, 2]    (25)
bravo2.A4_1    99_[4, 3, 1, 1, 2, 1, 0, 3, 2, 2]    (25)
bravo1.D3_19    98_[14, 2, 6, 1, 0, 3, 20, 5, 1, 5]    (25)
bravo1.A5_5    97_[1, 9, 5, 0, 6, 21, 2, 4, 15, 9]    (25)
bravo3.D5_10    92_[8, 1, 4, 2, 5, 0, 5, 4, 2, 5]    (25)
bravo2.D6_8    89_[9, 8, 2, 5, 8, 3, 0, 7, 1, 4]    (25)
bravo3.A3_14    83_[8, 22, 10, 9, 6, 3, 0, 8, 2, 9]    (25)
bravo1.D5_13    63_[2, 0, 38, 22, 1, 8, 11, 37, 10, 9]    (25)
bravo2.D5_13    54_[2, 22, 10, 3, 2, 24, 14, 23, 4, 0]    (25)
bravo1.D6_5    50_[2, 7, 6, 0, 9, 8, 35, 4, 2, 22]    (25)
bravo1.D4_27    46_[12, 3, 0, 3, 0, 16, 1, 21, 0, 1]    (25)
bravo1.A6_5    44_[12, 14, 18, 1, 32, 23, 6, 6, 3, 0]    (25)
bravo2.D4_18    26_[12, 2, 2, 3, 17, 43, 20, 19, 69, 9]    (25)
bravo3.D4_18    23_[15, 2, 3, 17, 64, 89, 24]    (25)

index: 18
ball:6
average: 5.62
bravos:
bravo1.D2_15    124_[1, 4, 20, 2, 0, 1, 0, 14, 7, 1]    (6)
bravo1.D4_4    112_[1, 2, 18, 0, 2, 0, 3, 15, 1, 5]    (6)
bravo1.A2_8    110_[1, 6, 0, 0, 0, 0, 17, 1, 16, 2]    (6)
bravo1.D3_7    107_[2, 3, 1, 0, 8, 2, 0, 9, 1, 3]    (6)
bravo1.A1_7    104_[6, 12, 0, 3, 5, 5, 6, 5, 9, 8]    (6)
bravo1.D1_5    96_[18, 3, 11, 7, 3, 12, 2, 0, 3, 0]    (6)
bravo1.A3_22    92_[6, 11, 2, 0, 2, 6, 1, 3, 14, 2]    (6)
bravo1.A4_25    81_[10, 16, 0, 1, 0, 0, 5, 34, 1, 0]    (6)

index: 19
ball:21
average: 4.88
bravos:
bravo2.A4_2    127_[0, 0, 0, 3, 3, 2, 1, 0, 4, 0]    (21)
bravo3.A4_2    123_[2, 7, 4, 0, 4, 0, 9, 3, 5, 6]    (21)
bravo2.D2_2    123_[0, 7, 2, 22, 2, 2, 7, 0, 7, 1]    (21)
bravo2.A5_4    119_[10, 1, 3, 5, 2, 0, 5, 3, 3, 4]    (21)
bravo3.A5_4    118_[1, 8, 3, 0, 0, 8, 0, 4, 0, 3]    (21)
bravo2.A6_5    114_[12, 1, 0, 0, 5, 1, 3, 7, 2, 0]    (21)
bravo1.D5_6    111_[7, 5, 2, 6, 0, 4, 0, 0, 2, 6]    (21)
bravo2.A3_5    105_[1, 3, 4, 6, 1, 2, 5, 3, 5, 4]    (21)
bravo1.D2_3    103_[6, 0, 8, 3, 8, 3, 0, 4, 1, 0]    (21)
bravo2.A2_13    103_[0, 4, 4, 23, 12, 0, 1, 1, 0, 4]    (21)
bravo2.D3_13    101_[6, 3, 3, 2, 6, 5, 2, 4, 12, 4]    (21)
bravo1.A3_4    98_[0, 3, 6, 5, 1, 1, 8, 3, 2, 6]    (21)
bravo3.D3_13    97_[1, 3, 0, 1, 1, 7, 0, 0, 1, 1]    (21)
bravo3.D5_9    96_[12, 5, 2, 6, 3, 4, 2, 12, 1, 34]    (21)
bravo1.A4_9    95_[2, 6, 4, 1, 0, 3, 0, 7, 0, 1]    (21)
bravo1.D3_25    95_[0, 9, 6, 1, 1, 8, 3, 2, 32, 1]    (21)
bravo3.A3_4    92_[1, 0, 14, 1, 0, 7, 1, 2, 7, 3]    (21)
bravo2.D6_7    91_[6, 9, 1, 2, 10, 6, 7, 5, 2, 9]    (21)
bravo1.A5_12    87_[3, 3, 4, 3, 1, 23, 5, 0, 5, 2]    (21)
bravo1.D4_20    80_[2, 11, 1, 4, 16, 1, 0, 6, 0, 0]    (21)
bravo1.A2_20    79_[21, 11, 5, 1, 0, 12, 2, 5, 10, 6]    (21)
bravo2.D5_12    63_[4, 4, 0, 3, 0, 8, 2, 3, 9, 9]    (21)
bravo3.D4_17    40_[10, 1, 2, 5, 0, 5, 7, 46, 0, 20]    (21)
bravo2.D4_17    34_[10, 4, 5, 0, 5, 2, 4, 46, 21, 11]    (21)

index: 20
ball:26
average: 4.83
bravos:
bravo3.D6_1    114_[9, 8, 2, 12, 2, 2, 1, 8, 0, 3]    (26)
bravo1.D3_5    114_[3, 2, 9, 8, 0, 12, 8, 0, 18, 18]    (26)
bravo2.D6_1    109_[0, 1, 6, 2, 3, 9, 13, 0, 10, 5]    (26)
bravo1.A3_24    105_[1, 0, 0, 2, 2, 16, 12, 9, 7, 8]    (26)
bravo1.D6_2    99_[1, 5, 1, 15, 6, 2, 7, 1, 2, 11]    (26)
bravo1.D5_9    84_[1, 4, 5, 5, 2, 6, 1, 9, 8, 5]    (26)
bravo1.A4_7    84_[0, 7, 6, 15, 1, 6, 0, 2, 6, 0]    (26)
bravo1.D4_22    82_[0, 14, 10, 2, 4, 2, 2, 0, 9, 3]    (26)
bravo1.A5_9    72_[0, 14, 2, 10, 6, 4, 5, 3, 9, 2]    (26)
bravo3.A6_7    71_[1, 0, 7, 1, 36, 1, 4, 42, 4, 3]    (26)
bravo2.A6_11    37_[21, 12, 16, 0, 31, 23, 25, 79]    (26)
bravo1.A6_8    34_[21, 6, 44, 7, 16, 11, 13, 0, 22, 14]    (26)

index: 21
ball:10
average: 4.71
bravos:
bravo2.A1_4    120_[1, 1, 4, 13, 1, 3, 3, 2, 1, 0]    (10)
bravo3.A1_4    117_[1, 1, 4, 15, 7, 2, 1, 0, 18, 2]    (10)
bravo2.A3_3    116_[15, 2, 1, 0, 3, 4, 0, 1, 0, 2]    (10)
bravo3.D4_7    114_[1, 14, 6, 2, 12, 5, 8, 5, 4, 1]    (10)
bravo1.A2_3    114_[0, 1, 1, 0, 5, 3, 1, 1, 0, 1]    (10)
bravo3.D2_9    109_[4, 4, 7, 14, 0, 1, 8, 1, 10, 3]    (10)
bravo1.D4_9    107_[8, 1, 1, 6, 0, 4, 7, 0, 3, 8]    (10)
bravo3.A3_3    107_[5, 5, 6, 2, 0, 0, 1, 4, 1, 4]    (10)
bravo2.D2_12    104_[7, 1, 7, 1, 1, 10, 1, 0, 9, 6]    (10)
bravo2.D1_7    104_[5, 2, 9, 1, 0, 2, 4, 1, 0, 0]    (10)
bravo3.A2_3    104_[4, 2, 0, 2, 7, 0, 3, 7, 0, 1]    (10)
bravo2.A4_8    104_[2, 7, 6, 4, 0, 2, 12, 0, 0, 7]    (10)
bravo3.A4_12    101_[1, 17, 3, 0, 5, 0, 3, 10, 7, 7]    (10)
bravo3.D1_5    100_[1, 12, 2, 1, 0, 3, 10, 16, 9, 5]    (10)
bravo1.A4_20    94_[7, 12, 2, 2, 4, 5, 9, 11, 1, 0]    (10)
bravo1.D1_4    93_[0, 2, 10, 2, 3, 5, 12, 8, 10, 14]    (10)
bravo1.A3_3    92_[10, 4, 1, 0, 0, 2, 4, 6, 15, 0]    (10)
bravo2.D4_11    92_[5, 14, 1, 5, 5, 3, 2, 0, 3, 6]    (10)
bravo2.A2_3    92_[4, 3, 2, 7, 4, 7, 4, 7, 6, 13]    (10)
bravo1.D2_20    86_[0, 4, 12, 5, 6, 10, 22, 4, 2, 9]    (10)
bravo3.D3_14    83_[11, 5, 1, 4, 9, 3, 15, 8, 0, 1]    (10)
bravo2.D3_15    82_[1, 3, 3, 9, 0, 1, 9, 2, 0, 0]    (10)
bravo1.A1_8    76_[19, 2, 1, 21, 2, 5, 12, 0, 0, 3]    (10)
bravo1.D3_26    74_[1, 0, 12, 1, 0, 0, 2, 4, 6, 15]    (10)

index: 22
ball:23
average: 4.5
bravos:
bravo1.A3_16    122_[2, 4, 1, 2, 3, 9, 1, 9, 0, 3]    (23)
bravo1.D3_13    111_[2, 4, 18, 11, 0, 3, 6, 4, 1, 1]    (23)
bravo1.A4_13    111_[0, 6, 6, 1, 0, 2, 1, 0, 15, 0]    (23)
bravo1.D2_1    108_[11, 6, 6, 0, 3, 17, 2, 6, 0, 2]    (23)
bravo1.D4_16    106_[0, 13, 1, 13, 7, 0, 0, 0, 1, 0]    (23)
bravo1.D5_5    99_[2, 4, 0, 4, 1, 1, 3, 3, 1, 11]    (23)
bravo1.A5_13    71_[3, 1, 1, 10, 2, 8, 8, 9, 8, 12]    (23)
bravo1.A2_22    56_[16, 13, 20, 10, 8, 1, 19, 7, 16, 0]    (23)

index: 23
ball:33
average: 4.0
bravos:
bravo1.A6_1    110_[2, 0, 2, 0, 1, 18, 16, 6, 5, 2]    (33)
bravo2.A6_1    108_[2, 0, 2, 0, 1, 3, 15, 23, 5, 2]    (33)
bravo3.A6_1    108_[2, 0, 2, 0, 1, 3, 15, 23, 5, 2]    (33)
bravo3.D6_7    76_[2, 6, 3, 13, 1, 2, 3, 6, 4, 0]    (33)
bravo2.D6_11    38_[13, 22, 6, 2, 3, 0, 15, 15, 12, 12]    (33)
bravo1.D6_9    22_[3, 10, 7, 17, 40, 46, 58, 7, 4]    (33)

index: 24
ball:29
average: 4.0
bravos:
bravo3.D4_2    117_[1, 6, 0, 7, 1, 8, 6, 1, 3, 0]    (29)
bravo1.D3_2    115_[0, 3, 14, 4, 2, 7, 0, 1, 18, 7]    (29)
bravo1.A4_6    112_[6, 1, 9, 2, 4, 21, 0, 14, 2, 7]    (29)
bravo2.D4_2    111_[1, 3, 2, 0, 2, 4, 5, 4, 1, 4]    (29)
bravo1.D6_1    106_[6, 5, 3, 10, 2, 0, 10, 0, 8, 1]    (29)
bravo2.D5_1    102_[8, 3, 0, 9, 0, 5, 6, 5, 6, 1]    (29)
bravo1.A5_7    93_[1, 4, 1, 3, 13, 2, 0, 0, 2, 7]    (29)
bravo3.D5_1    89_[5, 2, 4, 4, 11, 18, 17, 0, 5, 12]    (29)
bravo1.D4_23    84_[6, 11, 1, 0, 0, 8, 17, 12, 1, 0]    (29)
bravo1.A3_27    76_[0, 18, 4, 2, 7, 0, 1, 26, 2, 10]    (29)
bravo1.D5_11    71_[1, 1, 10, 5, 0, 4, 20, 14, 0, 0]    (29)
bravo2.A4_17    49_[9, 0, 1, 3, 0, 5, 7, 5, 5, 4]    (29)
bravo3.A5_12    48_[8, 7, 3, 2, 6, 19, 17, 30, 7, 13]    (29)
bravo3.A4_17    37_[0, 8, 0, 13, 18, 7, 4, 4, 12, 9]    (29)
bravo2.A5_15    29_[12, 3, 0, 19, 8, 5, 38, 23, 30, 14]    (29)
bravo1.A6_9    24_[0, 1, 0, 13, 0, 21, 63, 22, 31, 80]    (29)

index: 25
ball:3
average: 3.83
bravos:
bravo3.A3_5    118_[1, 3, 2, 1, 4, 3, 12, 1, 0, 2]    (3)
bravo3.A1_3    116_[0, 3, 9, 3, 4, 1, 2, 0, 9, 8]    (3)
bravo2.A2_1    114_[1, 5, 8, 6, 14, 2, 6, 3, 4, 4]    (3)
bravo3.A2_1    114_[1, 12, 1, 6, 5, 3, 4, 2, 6, 3]    (3)
bravo1.A1_3    110_[5, 1, 6, 0, 7, 0, 3, 2, 5, 0]    (3)
bravo1.A2_2    110_[1, 14, 1, 1, 3, 6, 2, 1, 1, 12]    (3)
bravo2.D3_14    109_[11, 3, 4, 3, 11, 1, 0, 3, 1, 15]    (3)
bravo2.D2_14    106_[5, 11, 0, 4, 0, 8, 5, 8, 5, 5]    (3)
bravo3.D1_6    105_[4, 15, 9, 6, 6, 0, 1, 0, 4, 1]    (3)
bravo2.A1_3    104_[0, 3, 9, 3, 4, 1, 2, 0, 9, 8]    (3)
bravo2.D1_8    99_[5, 0, 0, 9, 2, 4, 4, 2, 0, 0]    (3)
bravo2.A3_4    99_[2, 8, 7, 9, 0, 23, 1, 4, 3, 5]    (3)
bravo1.A3_11    97_[6, 1, 20, 2, 4, 1, 2, 3, 7, 8]    (3)
bravo1.D3_18    89_[1, 4, 3, 1, 19, 4, 1, 2, 11, 8]    (3)
bravo3.D3_12    87_[1, 0, 8, 1, 16, 4, 2, 0, 5, 4]    (3)
bravo1.D1_9    86_[17, 1, 0, 1, 8, 6, 7, 4, 8, 4]    (3)
bravo3.D2_11    85_[7, 2, 3, 2, 0, 0, 0, 8, 5, 2]    (3)
bravo1.D2_21    83_[1, 5, 19, 4, 1, 1, 1, 12, 9, 3]    (3)

index: 26
ball:31
average: 3.78
bravos:
bravo3.A5_1    119_[2, 3, 2, 2, 9, 1, 2, 8, 1, 4]    (31)
bravo1.A5_2    118_[10, 2, 0, 7, 1, 10, 4, 8, 2, 4]    (31)
bravo2.A5_2    117_[4, 1, 4, 10, 0, 3, 1, 2, 8, 1]    (31)
bravo1.D4_18    117_[1, 0, 4, 15, 6, 4, 2, 0, 2, 12]    (31)
bravo3.D6_5    115_[8, 4, 2, 5, 16, 6, 3, 2, 2, 10]    (31)
bravo1.A4_11    114_[2, 8, 0, 6, 10, 0, 1, 2, 2, 3]    (31)
bravo2.A4_4    108_[1, 7, 5, 2, 15, 29, 0, 0, 10, 1]    (31)
bravo2.A6_3    108_[0, 1, 3, 4, 1, 8, 0, 3, 4, 8]    (31)
bravo3.A4_6    104_[2, 1, 4, 1, 2, 11, 3, 11, 2, 3]    (31)
bravo3.A6_3    104_[0, 1, 3, 4, 1, 8, 0, 3, 4, 8]    (31)
bravo3.D4_13    94_[1, 3, 3, 10, 18, 5, 4, 13, 1, 9]    (31)
bravo1.A6_3    92_[0, 5, 7, 7, 0, 0, 15, 7, 3, 1]    (31)
bravo2.D4_15    72_[8, 0, 5, 1, 0, 6, 6, 8, 0, 8]    (31)
bravo2.D6_9    68_[6, 2, 3, 17, 6, 12, 16, 14, 8, 31]    (31)
bravo3.D5_12    59_[2, 11, 1, 5, 2, 1, 13, 8, 0, 4]    (31)
bravo1.D5_16    55_[18, 6, 9, 10, 0, 3, 10, 31, 0, 5]    (31)
bravo1.D6_7    49_[3, 45, 17, 14, 22, 18, 0, 22, 10, 27]    (31)
bravo2.D5_14    43_[0, 11, 2, 1, 4, 15, 12, 11, 19, 0]    (31)

index: 27
ball:9
average: 3.75
bravos:
bravo1.D3_11    125_[0, 1, 6, 0, 1, 2, 0, 27, 1, 4]    (9)
bravo1.D2_13    123_[1, 3, 2, 1, 6, 8, 2, 11, 10, 16]    (9)
bravo1.D1_2    111_[3, 0, 3, 21, 0, 9, 11, 3, 2, 3]    (9)
bravo1.A3_18    105_[0, 14, 35, 4, 3, 0, 8, 0, 13, 1]    (9)
bravo1.A2_10    99_[1, 3, 9, 1, 0, 1, 11, 8, 4, 7]    (9)
bravo1.D4_6    90_[3, 0, 2, 1, 0, 9, 12, 15, 6, 2]    (9)
bravo1.A1_10    86_[5, 11, 0, 8, 3, 1, 12, 12, 0, 14]    (9)
bravo1.A4_23    81_[17, 1, 0, 1, 1, 11, 0, 8, 2, 9]    (9)

index: 28
ball:22
average: 3.55
bravos:
bravo3.D4_8    119_[2, 8, 3, 1, 3, 2, 3, 3, 12, 7]    (22)
bravo1.D5_4    114_[4, 4, 8, 2, 1, 5, 2, 0, 4, 4]    (22)
bravo1.D2_2    112_[1, 2, 5, 3, 6, 3, 2, 6, 0, 0]    (22)
bravo1.D4_17    109_[2, 9, 1, 9, 1, 4, 1, 0, 2, 1]    (22)
bravo3.D5_8    109_[1, 15, 0, 2, 0, 15, 0, 3, 12, 1]    (22)
bravo2.D6_6    108_[8, 5, 0, 6, 0, 4, 10, 1, 0, 6]    (22)
bravo3.D6_3    108_[1, 0, 6, 0, 17, 5, 3, 4, 1, 3]    (22)
bravo3.A6_5    106_[4, 11, 11, 7, 2, 1, 0, 7, 6, 15]    (22)
bravo2.D4_6    103_[2, 3, 9, 7, 18, 15, 0, 0, 0, 10]    (22)
bravo3.A5_5    102_[12, 1, 11, 6, 5, 6, 4, 5, 7, 1]    (22)
bravo2.A6_6    101_[1, 2, 5, 4, 2, 13, 16, 1, 4, 0]    (22)
bravo1.D3_9    98_[3, 1, 17, 1, 1, 0, 4, 6, 5, 20]    (22)
bravo1.A4_12    96_[1, 0, 7, 3, 14, 5, 2, 0, 8, 24]    (22)
bravo2.A5_5    95_[1, 10, 2, 1, 13, 1, 5, 17, 7, 8]    (22)
bravo1.A3_20    92_[2, 0, 1, 2, 0, 13, 3, 5, 6, 5]    (22)
bravo2.D5_11    91_[10, 3, 1, 1, 2, 3, 2, 12, 0, 3]    (22)
bravo1.A2_21    85_[1, 4, 11, 14, 0, 0, 0, 0, 1, 1]    (22)
bravo2.A4_13    83_[0, 18, 10, 0, 0, 13, 5, 36, 0, 4]    (22)
bravo3.A4_11    76_[5, 2, 6, 3, 1, 24, 7, 0, 5, 1]    (22)
bravo1.A5_14    74_[10, 11, 5, 3, 0, 4, 2, 8, 32, 14]    (22)

index: 29
ball:4
average: 3.5
bravos:
bravo1.D4_1    125_[2, 5, 2, 3, 0, 2, 5, 6, 0, 2]    (4)
bravo1.A2_6    113_[3, 11, 5, 1, 0, 0, 9, 8, 3, 2]    (4)
bravo1.A1_6    112_[1, 1, 12, 3, 11, 0, 0, 1, 9, 4]    (4)
bravo1.D2_17    102_[19, 0, 0, 1, 0, 10, 15, 1, 6, 23]    (4)
bravo1.D1_6    99_[1, 3, 0, 9, 1, 0, 5, 3, 11, 2]    (4)
bravo1.D3_6    96_[0, 2, 1, 19, 6, 0, 2, 5, 7, 2]    (4)
bravo1.A3_23    83_[0, 2, 1, 10, 8, 6, 0, 2, 5, 7]    (4)
bravo1.A4_28    25_[2, 12, 0, 15, 8, 19, 6, 35, 3, 50]    (4)

index: 30
ball:27
average: 3.45
bravos:
bravo2.D2_3    120_[7, 0, 4, 1, 9, 5, 0, 5, 1, 2]    (27)
bravo2.D5_4    120_[0, 11, 0, 3, 0, 2, 4, 4, 8, 0]    (27)
bravo2.A3_10    117_[1, 2, 2, 2, 0, 5, 0, 6, 2, 1]    (27)
bravo3.D5_3    113_[0, 1, 3, 5, 2, 4, 9, 1, 7, 3]    (27)
bravo3.A4_9    110_[0, 6, 3, 2, 0, 2, 13, 6, 0, 5]    (27)
bravo3.D3_2    109_[3, 17, 4, 6, 5, 0, 0, 0, 4, 4]    (27)
bravo1.A3_25    107_[12, 3, 14, 4, 16, 0, 0, 7, 5, 1]    (27)
bravo1.D3_4    106_[1, 29, 4, 16, 0, 0, 7, 7, 1, 10]    (27)
bravo2.A2_12    105_[5, 11, 0, 14, 7, 1, 4, 8, 4, 2]    (27)
bravo2.D3_8    103_[0, 4, 4, 1, 3, 5, 1, 6, 13, 4]    (27)
bravo1.A5_6    98_[8, 3, 13, 4, 0, 2, 0, 0, 0, 0]    (27)
bravo2.A4_10    98_[4, 1, 0, 4, 7, 10, 13, 13, 1, 1]    (27)
bravo1.A4_4    95_[4, 6, 6, 6, 3, 2, 7, 9, 0, 7]    (27)
bravo3.D4_10    92_[10, 4, 2, 1, 12, 1, 5, 7, 2, 10]    (27)
bravo2.D4_9    88_[0, 11, 1, 26, 15, 4, 0, 8, 0, 25]    (27)
bravo3.A3_15    88_[0, 1, 2, 10, 0, 9, 8, 2, 0, 1]    (27)
bravo1.D5_12    86_[0, 2, 11, 2, 13, 2, 1, 0, 1, 0]    (27)
bravo1.D6_4    84_[0, 2, 27, 1, 14, 12, 11, 1, 12, 5]    (27)
bravo3.A5_10    75_[2, 12, 0, 13, 9, 0, 4, 9, 3, 7]    (27)
bravo1.D4_25    72_[1, 8, 7, 13, 7, 1, 7, 0, 7, 36]    (27)
bravo2.A5_12    48_[8, 6, 11, 2, 19, 0, 16, 20, 7, 1]    (27)
bravo1.A6_6    42_[10, 14, 4, 2, 7, 9, 3, 7, 18, 24]    (27)

index: 31
ball:24
average: 3.31
bravos:
bravo3.A5_6    134_[1, 0, 2, 11, 0, 2, 0, 1, 0, 1]    (24)
bravo3.A3_6    125_[7, 1, 2, 11, 2, 1, 7, 1, 3, 1]    (24)
bravo2.A3_6    122_[7, 1, 5, 8, 2, 0, 3, 0, 3, 0]    (24)
bravo2.D1_1    121_[1, 5, 1, 1, 5, 0, 0, 2, 4, 2]    (24)
bravo2.A5_6    120_[1, 0, 2, 8, 3, 2, 2, 0, 0, 0]    (24)
bravo2.A4_6    117_[2, 1, 4, 1, 2, 2, 2, 5, 9, 1]    (24)
bravo2.D2_7    116_[1, 0, 14, 0, 1, 9, 0, 4, 4, 3]    (24)
bravo1.A4_1    110_[1, 0, 7, 1, 4, 4, 4, 16, 0, 8]    (24)
bravo2.A2_8    110_[0, 8, 3, 12, 0, 2, 4, 9, 8, 0]    (24)
bravo1.A5_4    106_[4, 7, 1, 30, 4, 5, 6, 0, 6, 1]    (24)
bravo2.D6_5    106_[1, 0, 7, 0, 0, 2, 8, 11, 12, 3]    (24)
bravo1.A3_1    106_[0, 0, 0, 15, 1, 0, 0, 11, 7, 1]    (24)
bravo3.D5_7    104_[2, 1, 21, 0, 4, 3, 1, 3, 2, 6]    (24)
bravo2.D3_12    102_[1, 0, 10, 9, 4, 1, 1, 5, 9, 1]    (24)
bravo3.A4_4    102_[0, 17, 1, 14, 2, 16, 0, 1, 5, 0]    (24)
bravo3.D3_11    97_[23, 1, 5, 4, 1, 19, 1, 3, 15, 0]    (24)
bravo2.A6_7    92_[1, 3, 3, 0, 6, 3, 5, 3, 6, 10]    (24)
bravo2.A1_10    91_[0, 4, 3, 9, 11, 1, 13, 3, 3, 2]    (24)
bravo2.D5_10    88_[6, 1, 9, 2, 0, 1, 11, 0, 1, 5]    (24)
bravo1.D5_14    86_[12, 9, 3, 12, 11, 6, 1, 5, 4, 6]    (24)
bravo2.D4_13    82_[4, 4, 7, 18, 2, 0, 10, 12, 1, 0]    (24)
bravo1.D6_3    78_[0, 1, 3, 2, 0, 28, 0, 0, 0, 0]    (24)
bravo3.D4_15    64_[8, 3, 5, 5, 0, 6, 9, 8, 14, 10]    (24)
bravo1.D3_28    64_[0, 17, 1, 0, 0, 11, 7, 19, 2, 22]    (24)
bravo1.A6_7    49_[1, 0, 0, 8, 18, 0, 6, 20, 12, 8]    (24)
bravo1.D4_28    24_[2, 24, 109, 29, 45]    (24)

index: 32
ball:15
average: 2.77
bravos:
bravo3.D3_8    127_[0, 23, 6, 4, 5, 2, 0, 1, 0, 0]    (15)
bravo3.D2_3    116_[0, 0, 3, 1, 5, 1, 1, 0, 3, 17]    (15)
bravo3.A3_9    115_[4, 2, 11, 2, 0, 2, 3, 0, 10, 1]    (15)
bravo2.D4_7    114_[11, 8, 3, 1, 8, 9, 4, 3, 5, 4]    (15)
bravo2.D5_3    110_[2, 25, 1, 0, 0, 27, 0, 3, 2, 4]    (15)
bravo1.D3_17    107_[8, 5, 2, 3, 17, 6, 0, 2, 13, 3]    (15)
bravo1.A4_16    107_[0, 11, 2, 9, 1, 0, 0, 0, 3, 7]    (15)
bravo2.D3_7    104_[1, 3, 2, 6, 22, 2, 6, 0, 6, 6]    (15)
bravo1.A3_12    101_[8, 5, 2, 3, 3, 13, 8, 1, 13, 3]    (15)
bravo3.A2_9    101_[1, 3, 5, 3, 3, 1, 0, 1, 6, 15]    (15)
bravo2.A2_10    100_[6, 8, 1, 7, 5, 2, 21, 0, 2, 14]    (15)
bravo3.A4_10    100_[2, 3, 0, 14, 4, 0, 16, 13, 5, 3]    (15)
bravo1.D4_13    100_[0, 6, 7, 3, 0, 6, 0, 6, 0, 10]    (15)
bravo3.D5_2    98_[7, 6, 12, 6, 2, 12, 1, 3, 5, 0]    (15)
bravo3.D4_9    96_[6, 15, 0, 3, 2, 1, 8, 13, 2, 2]    (15)
bravo2.A3_11    95_[2, 1, 3, 10, 11, 8, 7, 13, 5, 0]    (15)
bravo2.A4_12    95_[0, 0, 0, 5, 10, 15, 13, 4, 7, 11]    (15)
bravo1.D2_7    93_[0, 1, 0, 1, 9, 7, 16, 15, 2, 3]    (15)
bravo2.D2_5    92_[3, 7, 7, 8, 21, 1, 3, 2, 10, 6]    (15)
bravo1.A2_16    80_[0, 4, 1, 15, 0, 1, 13, 9, 1, 17]    (15)
bravo3.A5_11    67_[0, 4, 1, 4, 0, 1, 5, 2, 2, 6]    (15)
bravo2.A5_13    64_[0, 12, 4, 2, 1, 7, 8, 5, 14, 1]    (15)

index: 33
ball:1
average: 1.67
bravos:
bravo2.A1_1    118_[1, 3, 13, 7, 0, 1, 0, 3, 4, 3]    (1)
bravo3.A1_1    117_[1, 3, 13, 7, 0, 1, 0, 3, 4, 3]    (1)
bravo1.A1_1    109_[1, 2, 0, 13, 6, 0, 2, 3, 4, 3]    (1)
bravo1.D1_11    88_[1, 24, 5, 0, 2, 2, 3, 7, 0, 3]    (1)
bravo3.D1_8    83_[1, 3, 21, 9, 14, 0, 3, 2, 1, 1]    (1)
bravo2.D1_10    80_[5, 13, 12, 19, 4, 16, 2, 6, 5, 1]    (1)

