30
less5
400_3___1__    15   1  [1, 1, 0, 0, 2, 0, 1, 0, 1, 1, 0, 0, 5, 1, 0]  (7, 17)
400_4___1__    15   1  [1, 1, 0, 0, 2, 0, 1, 0, 1, 1, 0, 0, 5, 0, 1]  (4, 17)
400_5___1__    15   1  [1, 1, 0, 0, 2, 0, 1, 0, 1, 1, 0, 5, 0, 0, 1]  (1, 17)
400_2___1__    14   1  [1, 1, 0, 0, 2, 0, 1, 0, 1, 1, 0, 0, 5, 2]  (7, 17)
600_4___1__    14   1  [1, 1, 0, 0, 2, 0, 2, 1, 1, 0, 6, 0, 0, 0]  (3, 17)
1000_5___1__    14   1  [3, 0, 0, 2, 0, 2, 1, 1, 0, 0, 2, 2, 0, 1]  (4, 17)
400_1___1__    13   1  [3, 1, 2, 0, 1, 0, 1, 1, 0, 0, 2, 2, 2]  (6, 17)
1000_2___1__    13   1  [3, 0, 0, 2, 0, 2, 1, 1, 0, 0, 5, 1, 0]  (13, 17)
1000_3___1__    13   1  [3, 0, 0, 2, 0, 2, 1, 1, 1, 5, 0, 0, 0]  (11, 17)
1000_4___1__    13   1  [3, 0, 0, 2, 0, 2, 1, 1, 1, 5, 0, 0, 0]  (8, 17)
600_3___1__    12   1  [1, 1, 0, 0, 2, 0, 2, 1, 1, 7, 1, 0]  (4, 17)
600_5___1__    12   1  [1, 1, 0, 0, 2, 0, 2, 1, 2, 6, 0, 1]  (2, 17)
1000_1___1__    12   1  [3, 1, 2, 0, 2, 1, 1, 1, 2, 2, 1, 0]  (12, 17)
600_1___1__    11   1  [3, 1, 2, 0, 2, 1, 2, 3, 2, 1, 0]  (10, 17)
600_2___1__    11   1  [1, 1, 4, 0, 2, 1, 0, 1, 6, 1, 0]  (5, 17)
part_in:(1, 12), all_in:(13, 17), all_out:(1, 17)
less8
600_2___2__    11   1  [1, 0, 1, 4, 1, 3, 2, 2, 0, 2, 1]  (11, 13)
600_3___2__    11   0  [0, 1, 2, 2, 3, 2, 0, 1, 4, 2, 1]  (11, 14)
400_3___2__    10   0  [0, 1, 2, 6, 2, 2, 4, 0, 1, 1]  (11, 13)
400_4___2__    10   0  [0, 1, 1, 0, 6, 2, 7, 2, 0, 0]  (11, 14)
1000_3___2__    10   0  [0, 4, 6, 2, 0, 1, 0, 3, 2, 1]  (10, 11)
400_2___2__    9   0  [0, 1, 0, 1, 4, 4, 7, 2, 1]  (11, 13)
600_4___2__    9   0  [0, 1, 0, 0, 0, 6, 2, 7, 4]  (11, 15)
1000_2___2__    9   0  [0, 1, 1, 0, 6, 6, 3, 2, 1]  (10, 11)
1000_4___2__    9   1  [3, 0, 6, 2, 1, 1, 3, 2, 1]  (11, 12)
400_1___2__    8   0  [0, 1, 2, 9, 0, 5, 0, 4]  (11, 13)
400_5___2__    8   0  [0, 1, 2, 4, 1, 2, 10, 1]  (11, 12)
600_5___2__    8   0  [0, 1, 2, 6, 2, 6, 0, 4]  (11, 14)
1000_1___2__    8   1  [3, 0, 6, 2, 3, 2, 3, 1]  (11, 11)
600_1___2__    7   1  [1, 2, 6, 2, 6, 0, 4]  (11, 11)
1000_5___2__    5   1  [4, 6, 2, 3, 8]  (11, 11)
part_in:(10, 15), all_in:(11, 11), all_out:(10, 15)
less9
1000_3___3__    11   1  [1, 2, 0, 1, 0, 5, 1, 0, 4, 2, 1]  (1, 4)
400_5___3__    10   1  [4, 0, 2, 0, 1, 2, 1, 1, 3, 4]  (1, 15)
600_3___3__    10   1  [5, 1, 0, 0, 4, 1, 4, 0, 3, 0]  (1, 12)
1000_4___3__    10   1  [3, 0, 0, 1, 0, 5, 1, 1, 3, 4]  (1, 7)
1000_5___3__    10   1  [4, 0, 2, 0, 6, 1, 2, 0, 2, 1]  (1, 9)
400_1___3__    9   1  [1, 3, 2, 0, 4, 1, 1, 3, 4]  (1, 10)
400_3___3__    9   1  [4, 0, 2, 0, 4, 1, 1, 3, 4]  (1, 10)
400_4___3__    9   1  [4, 0, 2, 0, 4, 1, 1, 3, 4]  (1, 12)
600_4___3__    9   1  [5, 1, 0, 0, 4, 1, 4, 0, 4]  (1, 12)
600_1___3__    8   1  [2, 2, 2, 0, 4, 6, 0, 4]  (1, 7)
600_2___3__    8   1  [2, 2, 2, 0, 4, 6, 0, 4]  (1, 10)
600_5___3__    8   1  [5, 1, 0, 0, 4, 6, 0, 4]  (1, 12)
1000_1___3__    8   1  [1, 3, 2, 7, 1, 2, 0, 4]  (1, 5)
400_2___3__    7   1  [5, 2, 0, 6, 1, 3, 4]  (1, 9)
1000_2___3__    7   1  [5, 2, 5, 1, 1, 3, 4]  (1, 3)
part_in:(5, 15), all_in:(1, 4), all_out:(1, 15)
less10
400_5___4__    13   0  [0, 2, 1, 0, 2, 0, 1, 3, 1, 0, 1, 5, 0]  (0, 5)
400_1___4__    12   0  [0, 2, 2, 2, 0, 1, 1, 3, 0, 1, 5, 0]  (0, 2)
1000_2___4__    12   0  [0, 2, 1, 0, 0, 0, 0, 0, 1, 5, 8, 0]  (0, 0)
400_2___4__    11   0  [0, 2, 2, 1, 0, 2, 5, 0, 1, 5, 0]  (0, 3)
400_3___4__    11   0  [0, 2, 1, 0, 2, 2, 5, 0, 1, 5, 0]  (0, 3)
1000_5___4__    11   0  [0, 2, 1, 0, 2, 2, 5, 1, 0, 5, 0]  (0, 2)
400_4___4__    10   0  [0, 2, 1, 0, 2, 2, 5, 2, 5, 0]  (0, 3)
600_1___4__    10   0  [0, 2, 2, 1, 0, 0, 7, 2, 5, 0]  (0, 2)
600_2___4__    10   0  [0, 2, 2, 1, 0, 2, 5, 2, 5, 0]  (0, 3)
1000_1___4__    10   0  [0, 2, 2, 1, 0, 2, 5, 2, 5, 0]  (0, 0)
1000_3___4__    10   0  [0, 2, 1, 0, 0, 1, 2, 5, 8, 0]  (0, 0)
1000_4___4__    10   0  [0, 2, 1, 0, 2, 2, 5, 2, 5, 0]  (0, 1)
600_3___4__    9   0  [0, 2, 2, 2, 2, 5, 2, 5, 0]  (0, 6)
600_5___4__    9   0  [0, 1, 0, 2, 2, 0, 7, 8, 0]  (0, 7)
600_4___4__    8   0  [0, 1, 0, 2, 2, 8, 8, 0]  (0, 6)
part_in:(2, 6), all_in:(0, 1), all_out:(0, 6)
row1
400_5___5__    16   0  [3, 2, 0, 1, 2, 0, 2, 0, 0, 0, 2, 0, 1, 0, 0, 0]  (0, 5)
400_2___5__    14   0  [3, 2, 0, 2, 2, 2, 1, 0, 0, 1, 0, 1, 0, 1]  (1, 5)
400_1___5__    13   0  [6, 0, 5, 2, 0, 0, 0, 0, 1, 0, 1, 0, 1]  (2, 5)
400_3___5__    13   0  [3, 2, 0, 2, 2, 2, 1, 0, 2, 0, 1, 0, 1]  (1, 5)
400_4___5__    13   0  [3, 3, 1, 3, 2, 0, 0, 0, 2, 0, 1, 0, 1]  (1, 5)
600_4___5__    13   0  [5, 1, 1, 3, 2, 0, 0, 0, 2, 0, 1, 0, 1]  (2, 5)
1000_3___5__    13   0  [2, 2, 1, 1, 3, 1, 0, 1, 0, 2, 2, 0, 1]  (3, 5)
600_5___5__    12   0  [7, 1, 3, 2, 0, 0, 0, 2, 0, 1, 0, 1]  (1, 5)
1000_1___5__    12   0  [2, 3, 0, 1, 3, 2, 0, 0, 0, 3, 2, 1]  (5, 5)
1000_2___5__    12   0  [2, 2, 1, 2, 2, 2, 1, 0, 2, 2, 0, 1]  (4, 5)
1000_5___5__    12   0  [2, 2, 0, 0, 1, 3, 2, 1, 0, 5, 0, 1]  (2, 5)
600_2___5__    11   0  [2, 4, 7, 0, 0, 0, 0, 2, 0, 2, 1]  (2, 5)
600_3___5__    11   0  [7, 1, 3, 2, 0, 0, 0, 2, 0, 2, 1]  (1, 5)
1000_4___5__    11   0  [2, 4, 1, 3, 2, 1, 0, 2, 2, 0, 1]  (3, 5)
600_1___5__    9   0  [6, 0, 8, 1, 0, 2, 0, 2, 1]  (5, 5)
part_in:(0, 3), all_in:(4, 5), all_out:(0, 5)
row2
600_2___6__    13   3  [1, 0, 0, 1, 0, 2, 0, 0, 5, 0, 0, 1, 3]  (20, 28)
600_4___6__    13   0  [1, 0, 3, 0, 0, 3, 0, 0, 4, 0, 0, 0, 5]  (16, 28)
400_2___6__    12   3  [1, 0, 0, 2, 2, 0, 0, 4, 0, 0, 0, 5]  (15, 28)
400_3___6__    12   3  [1, 0, 2, 0, 2, 0, 0, 2, 2, 0, 0, 5]  (11, 28)
400_5___6__    11   0  [4, 0, 2, 3, 0, 0, 5, 0, 0, 4, 0]  (10, 28)
600_5___6__    11   0  [2, 3, 1, 3, 0, 0, 4, 0, 0, 0, 5]  (17, 28)
1000_5___6__    11   0  [4, 0, 0, 5, 0, 0, 5, 0, 0, 4, 0]  (15, 28)
400_4___6__    10   0  [4, 0, 2, 3, 0, 0, 5, 0, 0, 5]  (9, 28)
600_1___6__    10   3  [1, 1, 0, 4, 0, 0, 5, 0, 0, 5]  (25, 28)
600_3___6__    10   0  [2, 5, 3, 0, 0, 4, 0, 0, 0, 5]  (16, 28)
1000_3___6__    9   6  [2, 3, 0, 0, 2, 2, 0, 0, 5]  (19, 28)
1000_4___6__    9   0  [5, 6, 0, 0, 5, 0, 0, 4, 0]  (19, 28)
1000_1___6__    8   0  [4, 7, 0, 0, 5, 0, 0, 5]  (28, 31)
1000_2___6__    8   0  [5, 6, 0, 0, 5, 0, 0, 5]  (27, 28)
400_1___6__    7   3  [1, 1, 5, 1, 6, 0, 5]  (19, 28)
part_in:(9, 31), all_in:(28, 28), all_out:(9, 31)
row3
400_3___7__    13   0  [2, 1, 0, 3, 2, 0, 3, 1, 0, 0, 0, 2, 2]  (16, 35)
600_5___7__    12   0  [2, 1, 1, 0, 5, 5, 0, 0, 0, 2, 1, 0]  (16, 29)
400_4___7__    11   0  [2, 1, 0, 6, 0, 3, 1, 1, 0, 2, 2]  (16, 37)
400_5___7__    11   0  [2, 1, 7, 0, 3, 1, 1, 0, 2, 1, 0]  (16, 37)
400_2___7__    10   3  [1, 7, 0, 3, 1, 0, 0, 0, 2, 2]  (16, 30)
600_2___7__    10   3  [1, 1, 5, 0, 5, 0, 0, 0, 2, 2]  (16, 25)
600_3___7__    10   0  [2, 1, 7, 0, 5, 0, 0, 0, 2, 2]  (16, 30)
600_4___7__    10   0  [2, 1, 1, 0, 5, 5, 1, 0, 2, 2]  (16, 29)
1000_3___7__    10   0  [4, 0, 6, 0, 3, 2, 1, 2, 1, 0]  (16, 25)
1000_5___7__    10   0  [4, 7, 0, 5, 0, 0, 0, 2, 1, 0]  (16, 30)
600_1___7__    9   3  [1, 1, 0, 4, 0, 7, 0, 2, 2]  (16, 17)
400_1___7__    8   3  [1, 1, 5, 8, 0, 2, 1, 0]  (16, 27)
1000_2___7__    8   0  [4, 1, 5, 0, 5, 2, 2, 2]  (16, 18)
1000_1___7__    7   0  [4, 7, 0, 8, 0, 1, 2]  (13, 16)
1000_4___7__    7   0  [4, 7, 0, 8, 2, 1, 0]  (16, 25)
part_in:(13, 37), all_in:(16, 16), all_out:(13, 37)
row4
400_3___8__    16   1  [1, 1, 3, 0, 0, 0, 0, 1, 0, 1, 1, 0, 3, 0, 1, 0]  (1, 1)
400_4___8__    15   0  [0, 3, 3, 1, 0, 0, 1, 0, 1, 1, 0, 3, 0, 1, 0]  (1, 1)
600_5___8__    15   1  [1, 1, 3, 1, 0, 0, 2, 1, 0, 0, 0, 3, 0, 1, 0]  (1, 1)
400_5___8__    14   0  [0, 2, 4, 2, 0, 1, 0, 1, 0, 0, 0, 3, 0, 2]  (1, 1)
600_3___8__    14   1  [1, 1, 3, 0, 0, 0, 0, 1, 0, 1, 2, 3, 0, 2]  (1, 1)
1000_5___8__    14   1  [2, 0, 5, 0, 0, 2, 1, 0, 0, 0, 3, 0, 0, 1]  (1, 1)
400_2___8__    13   1  [1, 1, 3, 1, 0, 0, 2, 1, 1, 0, 3, 0, 2]  (1, 1)
1000_2___8__    13   1  [3, 0, 2, 0, 0, 0, 0, 2, 1, 2, 3, 0, 2]  (0, 1)
600_1___8__    12   3  [0, 0, 4, 0, 0, 0, 2, 1, 1, 0, 4, 2]  (1, 1)
600_4___8__    12   1  [3, 3, 1, 0, 0, 1, 0, 1, 1, 0, 4, 2]  (1, 1)
1000_1___8__    12   4  [0, 3, 0, 0, 0, 0, 2, 1, 2, 3, 0, 2]  (0, 1)
1000_3___8__    12   1  [3, 2, 1, 0, 0, 0, 2, 1, 2, 3, 0, 2]  (1, 1)
400_1___8__    11   3  [0, 4, 2, 0, 1, 0, 1, 2, 3, 0, 2]  (0, 1)
600_2___8__    11   1  [1, 1, 5, 0, 0, 2, 1, 1, 0, 4, 2]  (1, 1)
1000_4___8__    11   1  [7, 1, 0, 0, 1, 0, 1, 2, 3, 0, 2]  (1, 1)
part_in:(0, -1), all_in:(0, 1), all_out:(0, 1)
sum16
600_3___9__    14   0  [0, 1, 5, 1, 0, 0, 3, 0, 2, 0, 0, 0, 3, 0]  (33, 35)
1000_5___9__    12   1  [5, 3, 0, 0, 3, 0, 0, 1, 1, 3, 0, 0]  (33, 39)
400_5___9__    11   7  [3, 0, 0, 3, 0, 1, 0, 1, 2, 1, 0]  (33, 37)
600_2___9__    11   1  [1, 2, 2, 1, 0, 0, 3, 3, 1, 0, 4]  (33, 35)
600_4___9__    11   1  [9, 0, 0, 3, 0, 2, 0, 0, 0, 3, 0]  (33, 35)
600_5___9__    10   1  [9, 0, 0, 3, 3, 0, 0, 0, 3, 0]  (33, 35)
1000_2___9__    10   1  [1, 2, 4, 0, 0, 3, 0, 2, 5, 1]  (33, 35)
400_4___9__    9   12  [0, 3, 2, 0, 1, 2, 0, 0, 0]  (33, 36)
600_1___9__    9   1  [1, 7, 0, 0, 3, 3, 1, 0, 4]  (33, 34)
1000_3___9__    9   1  [9, 0, 0, 3, 0, 2, 5, 0, 0]  (33, 34)
1000_4___9__    9   1  [10, 0, 3, 0, 2, 2, 2, 0, 0]  (33, 36)
400_2___9__    8   1  [5, 4, 0, 3, 3, 1, 2, 2]  (33, 36)
1000_1___9__    8   1  [9, 0, 0, 3, 3, 1, 0, 4]  (33, 36)
400_1___9__    7   7  [4, 0, 3, 2, 0, 1, 5]  (33, 37)
400_3___9__    6   12  [0, 3, 3, 1, 4, 0]  (33, 36)
part_in:(35, 39), all_in:(33, 34), all_out:(33, 39)
gap16
400_2___10__    13   0  [2, 0, 3, 1, 5, 0, 0, 1, 2, 1, 0, 0, 1]  (24, 29)
400_3___10__    12   0  [2, 0, 3, 1, 5, 0, 0, 1, 2, 1, 1, 1]  (25, 29)
400_4___10__    11   0  [2, 0, 3, 1, 6, 0, 1, 4, 0, 0, 1]  (24, 29)
400_5___10__    11   0  [2, 0, 3, 1, 7, 1, 3, 0, 0, 0, 1]  (24, 29)
1000_5___10__    11   0  [2, 0, 0, 4, 7, 1, 2, 0, 1, 0, 1]  (24, 29)
400_1___10__    10   0  [2, 0, 5, 5, 1, 1, 2, 1, 1, 1]  (24, 29)
600_3___10__    10   0  [2, 0, 0, 4, 5, 0, 0, 1, 5, 2]  (24, 29)
1000_2___10__    10   0  [2, 0, 0, 4, 5, 1, 1, 5, 0, 1]  (29, 29)
1000_4___10__    10   0  [2, 0, 0, 10, 0, 0, 1, 5, 0, 1]  (27, 29)
600_2___10__    9   0  [2, 0, 5, 5, 0, 0, 1, 6, 1]  (23, 29)
1000_1___10__    9   0  [2, 0, 11, 1, 1, 2, 2, 0, 1]  (28, 29)
1000_3___10__    9   0  [2, 1, 4, 6, 0, 1, 5, 0, 1]  (28, 29)
600_1___10__    8   0  [2, 0, 11, 1, 1, 1, 4, 1]  (25, 29)
600_4___10__    8   0  [2, 0, 0, 12, 1, 5, 0, 1]  (24, 29)
600_5___10__    8   0  [2, 0, 0, 4, 7, 1, 6, 1]  (24, 29)
part_in:(23, 27), all_in:(28, 29), all_out:(23, 29)
sum25
400_2___11__    10   7  [3, 1, 2, 0, 0, 2, 0, 0, 4, 0]  (33, 33)
400_3___11__    9   11  [1, 2, 0, 0, 2, 0, 0, 4, 0]  (32, 33)
1000_1___11__    9   11  [1, 2, 0, 3, 0, 0, 0, 3, 0]  (32, 33)
1000_5___11__    9   1  [5, 3, 1, 2, 1, 3, 0, 4, 0]  (33, 37)
400_1___11__    8   7  [5, 2, 0, 2, 0, 0, 0, 5]  (33, 36)
600_3___11__    8   3  [7, 1, 4, 2, 0, 0, 4, 0]  (33, 34)
1000_2___11__    8   3  [7, 1, 4, 2, 0, 4, 0, 0]  (31, 33)
400_4___11__    7   13  [3, 0, 2, 0, 0, 4, 0]  (33, 33)
400_5___11__    7   11  [1, 4, 2, 0, 0, 4, 0]  (33, 35)
600_1___11__    7   3  [7, 1, 7, 0, 0, 4, 0]  (33, 35)
600_2___11__    7   3  [2, 4, 1, 7, 0, 5, 0]  (33, 35)
600_4___11__    7   11  [1, 4, 2, 0, 0, 4, 0]  (33, 34)
600_5___11__    7   11  [1, 4, 2, 0, 0, 4, 0]  (33, 33)
1000_4___11__    7   7  [5, 4, 2, 0, 4, 0, 0]  (33, 33)
1000_3___11__    5   13  [4, 2, 0, 5, 0]  (31, 33)
part_in:(31, 37), all_in:(33, 33), all_out:(31, 37)
gap25
400_2___12__    10   1  [0, 0, 12, 0, 4, 0, 0, 1, 0, 1]  (16, 19)
400_1___12__    8   1  [1, 12, 5, 0, 0, 1, 0, 1]  (14, 19)
400_3___12__    8   1  [0, 0, 2, 9, 0, 4, 1, 4]  (17, 19)
400_4___12__    8   1  [4, 7, 1, 0, 4, 1, 2, 1]  (15, 19)
400_5___12__    8   1  [1, 2, 9, 0, 4, 1, 1, 2]  (15, 19)
600_2___12__    8   1  [1, 2, 8, 0, 0, 4, 1, 4]  (15, 19)
600_3___12__    8   1  [4, 8, 0, 0, 4, 1, 1, 2]  (15, 19)
600_5___12__    8   1  [4, 9, 0, 4, 1, 1, 0, 1]  (15, 19)
1000_1___12__    8   1  [1, 2, 9, 5, 1, 1, 0, 1]  (18, 19)
1000_2___12__    8   1  [1, 2, 9, 0, 4, 1, 2, 1]  (16, 19)
600_4___12__    7   1  [4, 1, 7, 0, 4, 1, 4]  (14, 19)
1000_4___12__    7   1  [4, 9, 0, 4, 1, 2, 1]  (17, 19)
1000_5___12__    7   1  [1, 2, 9, 0, 4, 1, 4]  (14, 19)
1000_3___12__    6   1  [4, 10, 4, 1, 2, 1]  (17, 19)
600_1___12__    4   1  [20, 1, 2, 1]  (18, 19)
part_in:(14, 17), all_in:(18, 19), all_out:(14, 19)
sum34
400_4___13__    11   3  [3, 2, 2, 3, 0, 0, 2, 0, 3, 0, 0]  (18, 31)
400_3___13__    10   3  [3, 2, 2, 3, 0, 0, 3, 3, 0, 0]  (18, 28)
400_5___13__    10   3  [3, 2, 2, 4, 0, 3, 2, 0, 0, 0]  (18, 33)
1000_4___13__    10   1  [1, 3, 5, 2, 1, 0, 4, 2, 0, 0]  (18, 26)
1000_5___13__    10   1  [1, 3, 5, 4, 0, 1, 1, 3, 0, 0]  (18, 32)
400_1___13__    9   3  [3, 5, 2, 0, 1, 1, 0, 0, 5]  (18, 31)
600_1___13__    9   3  [2, 0, 5, 4, 0, 1, 1, 4, 0]  (18, 32)
600_3___13__    9   1  [1, 5, 3, 4, 0, 1, 1, 4, 0]  (18, 31)
600_5___13__    9   3  [3, 5, 4, 0, 1, 1, 2, 1, 0]  (18, 33)
400_2___13__    8   3  [3, 2, 2, 3, 0, 0, 3, 5]  (18, 30)
1000_1___13__    8   1  [1, 3, 5, 2, 1, 0, 2, 6]  (18, 27)
1000_3___13__    8   1  [1, 6, 2, 4, 0, 7, 0, 0]  (18, 24)
600_2___13__    7   1  [1, 2, 6, 4, 0, 8, 0]  (18, 36)
600_4___13__    7   3  [3, 5, 4, 0, 3, 4, 0]  (18, 32)
1000_2___13__    6   1  [1, 9, 4, 0, 7, 1]  (18, 26)
part_in:(25, 36), all_in:(18, 24), all_out:(18, 36)
gap12
400_2___14__    13   2  [0, 1, 0, 0, 3, 3, 2, 0, 0, 0, 3, 2, 0]  (2, 5)
400_4___14__    13   0  [5, 0, 3, 1, 3, 1, 0, 0, 1, 1, 1, 0, 0]  (2, 5)
1000_2___14__    13   3  [2, 2, 1, 2, 0, 1, 1, 0, 0, 3, 1, 0, 0]  (4, 5)
400_5___14__    12   0  [4, 1, 3, 5, 1, 0, 0, 1, 1, 1, 0, 0]  (3, 5)
1000_4___14__    12   0  [1, 3, 0, 3, 3, 1, 1, 1, 3, 1, 0, 0]  (3, 5)
1000_5___14__    12   0  [5, 0, 3, 1, 3, 1, 0, 0, 3, 1, 0, 0]  (3, 5)
400_3___14__    11   2  [2, 0, 0, 3, 7, 1, 1, 1, 1, 0, 0]  (1, 5)
600_4___14__    11   2  [5, 0, 1, 5, 0, 0, 1, 3, 1, 0, 0]  (4, 5)
600_5___14__    11   2  [2, 0, 1, 2, 5, 1, 1, 3, 1, 0, 0]  (3, 5)
1000_1___14__    11   3  [1, 1, 3, 2, 0, 3, 2, 2, 0, 1, 0]  (2, 5)
1000_3___14__    11   2  [3, 4, 2, 2, 0, 0, 1, 3, 1, 0, 0]  (3, 5)
600_2___14__    10   3  [5, 1, 2, 2, 0, 0, 0, 4, 2, 0]  (3, 5)
600_3___14__    9   2  [0, 2, 2, 1, 5, 1, 5, 2, 0]  (3, 5)
400_1___14__    8   5  [1, 3, 3, 3, 1, 1, 1, 3]  (4, 5)
600_1___14__    7   3  [1, 5, 7, 3, 1, 2, 0]  (4, 5)
part_in:(1, 3), all_in:(4, 5), all_out:(1, 5)
gap23
400_4___15__    14   1  [0, 2, 0, 1, 5, 0, 0, 0, 0, 0, 1, 1, 0, 4]  (1, 3)
600_5___15__    14   0  [0, 0, 2, 0, 1, 4, 1, 1, 0, 0, 1, 1, 0, 4]  (1, 4)
400_5___15__    13   1  [0, 2, 0, 1, 6, 0, 0, 0, 0, 1, 1, 0, 4]  (1, 3)
600_4___15__    13   0  [0, 0, 2, 0, 1, 6, 0, 0, 0, 0, 1, 2, 4]  (1, 3)
1000_2___15__    13   1  [2, 0, 0, 1, 6, 0, 0, 0, 0, 1, 1, 0, 4]  (1, 3)
400_3___15__    12   1  [0, 2, 0, 1, 6, 1, 0, 0, 1, 1, 2, 2]  (1, 4)
1000_5___15__    12   1  [0, 3, 1, 6, 0, 0, 0, 0, 1, 1, 0, 4]  (1, 1)
400_1___15__    11   1  [4, 1, 6, 0, 0, 0, 0, 1, 1, 0, 4]  (1, 3)
600_2___15__    11   1  [0, 2, 0, 1, 8, 0, 0, 1, 1, 0, 4]  (1, 5)
1000_1___15__    11   6  [1, 6, 0, 0, 0, 0, 1, 1, 0, 2, 1]  (1, 2)
1000_4___15__    11   1  [0, 2, 0, 1, 7, 0, 0, 0, 1, 1, 5]  (1, 2)
400_2___15__    10   1  [4, 1, 6, 1, 0, 0, 1, 1, 0, 4]  (1, 5)
600_1___15__    10   1  [0, 3, 1, 8, 0, 0, 1, 1, 0, 4]  (1, 3)
600_3___15__    10   0  [0, 0, 3, 1, 6, 1, 0, 0, 1, 7]  (1, 3)
1000_3___15__    9   2  [3, 1, 6, 1, 0, 0, 1, 1, 5]  (1, 2)
part_in:(3, 5), all_in:(1, 2), all_out:(1, 5)
gap34
600_3___16__    14   1  [1, 1, 4, 0, 1, 1, 0, 0, 4, 1, 1, 0, 0, 0]  (2, 5)
600_4___16__    14   1  [1, 1, 2, 1, 0, 3, 0, 0, 4, 1, 1, 0, 0, 0]  (2, 4)
600_2___16__    13   1  [1, 1, 4, 0, 3, 0, 0, 4, 1, 1, 0, 0, 0]  (2, 4)
600_5___16__    13   1  [1, 1, 2, 1, 0, 3, 0, 0, 6, 1, 0, 0, 0]  (2, 6)
1000_2___16__    12   1  [1, 1, 4, 0, 2, 1, 0, 4, 1, 1, 1, 0]  (2, 4)
1000_3___16__    12   1  [1, 1, 4, 0, 2, 0, 1, 4, 1, 1, 1, 0]  (2, 5)
400_2___16__    11   1  [0, 2, 4, 3, 1, 0, 4, 1, 2, 0, 0]  (2, 4)
400_3___16__    11   1  [3, 4, 3, 1, 0, 4, 1, 1, 0, 0, 0]  (2, 5)
1000_4___16__    11   1  [3, 4, 0, 2, 1, 0, 4, 1, 1, 1, 0]  (2, 5)
1000_5___16__    11   1  [3, 4, 0, 2, 1, 0, 4, 1, 2, 0, 0]  (2, 6)
400_4___16__    10   1  [3, 4, 3, 1, 0, 4, 1, 2, 0, 0]  (2, 6)
400_5___16__    10   1  [3, 4, 3, 1, 0, 4, 1, 2, 0, 0]  (2, 7)
600_1___16__    10   0  [0, 1, 1, 4, 0, 10, 1, 2, 0, 0]  (2, 7)
1000_1___16__    9   1  [1, 1, 4, 3, 1, 5, 1, 3, 0]  (2, 8)
400_1___16__    8   1  [1, 6, 5, 0, 4, 1, 3, 0]  (2, 3)
part_in:(5, 7), all_in:(2, 4), all_out:(2, 7)
gap45
400_5___17__    14   1  [1, 0, 1, 2, 0, 0, 0, 1, 3, 3, 0, 0, 1, 2]  (4, 16)
600_1___17__    14   2  [0, 0, 2, 0, 0, 1, 0, 1, 0, 7, 0, 1, 0, 1]  (7, 16)
600_2___17__    14   2  [0, 0, 2, 0, 0, 1, 0, 1, 0, 7, 0, 1, 0, 1]  (4, 16)
600_5___17__    14   1  [0, 0, 0, 2, 2, 0, 0, 1, 1, 4, 1, 0, 1, 2]  (4, 16)
600_3___17__    13   2  [0, 0, 2, 0, 0, 1, 0, 1, 0, 1, 5, 2, 2]  (6, 16)
400_4___17__    12   3  [0, 2, 2, 0, 0, 5, 0, 2, 0, 0, 1, 2]  (5, 16)
1000_1___17__    12   3  [0, 2, 0, 1, 0, 0, 3, 6, 0, 1, 0, 1]  (7, 16)
400_1___17__    11   1  [1, 0, 6, 0, 4, 0, 4, 0, 1, 0, 1]  (7, 16)
400_2___17__    11   1  [1, 0, 6, 0, 1, 3, 3, 0, 0, 1, 2]  (7, 16)
400_3___17__    11   1  [1, 0, 1, 0, 3, 0, 9, 0, 0, 1, 2]  (7, 16)
600_4___17__    11   2  [0, 0, 2, 1, 1, 0, 1, 8, 0, 1, 2]  (6, 16)
1000_2___17__    11   3  [0, 2, 2, 0, 0, 1, 8, 0, 1, 0, 1]  (8, 16)
1000_3___17__    11   2  [0, 0, 2, 1, 0, 0, 0, 10, 0, 1, 2]  (9, 16)
1000_4___17__    11   2  [0, 0, 2, 2, 0, 0, 3, 4, 1, 0, 4]  (9, 16)
1000_5___17__    9   2  [0, 0, 2, 2, 0, 0, 10, 0, 4]  (6, 16)
part_in:(4, 8), all_in:(9, 16), all_out:(4, 16)
gap56
1000_5___18__    15   0  [3, 2, 1, 3, 0, 0, 1, 0, 0, 0, 2, 0, 1, 1, 0]  (5, 5)
400_3___18__    14   0  [2, 0, 2, 1, 4, 0, 1, 0, 0, 0, 2, 0, 3, 0]  (5, 5)
1000_4___18__    14   0  [3, 2, 0, 0, 3, 1, 1, 0, 0, 0, 3, 1, 1, 0]  (5, 6)
400_1___18__    13   0  [2, 0, 2, 6, 0, 1, 0, 0, 0, 2, 0, 3, 0]  (5, 5)
400_2___18__    13   0  [2, 0, 4, 4, 0, 1, 0, 0, 0, 2, 0, 3, 0]  (5, 5)
400_4___18__    13   3  [0, 2, 1, 4, 0, 1, 0, 0, 0, 3, 1, 1, 0]  (5, 5)
600_1___18__    13   0  [3, 2, 1, 1, 3, 0, 0, 0, 0, 0, 3, 3, 0]  (2, 5)
1000_1___18__    13   0  [2, 3, 1, 3, 1, 1, 0, 0, 0, 2, 0, 3, 0]  (5, 7)
400_5___18__    12   3  [0, 4, 4, 0, 1, 0, 0, 0, 2, 0, 3, 0]  (5, 5)
600_2___18__    12   0  [3, 4, 1, 3, 1, 0, 0, 0, 1, 1, 3, 0]  (4, 5)
600_4___18__    12   0  [3, 2, 1, 5, 1, 0, 0, 0, 3, 1, 1, 0]  (5, 5)
600_5___18__    12   0  [0, 2, 4, 1, 3, 1, 0, 0, 0, 3, 3, 0]  (5, 5)
1000_2___18__    12   0  [2, 0, 4, 5, 1, 0, 0, 0, 3, 1, 1, 0]  (5, 7)
1000_3___18__    12   0  [3, 3, 0, 5, 1, 0, 0, 0, 3, 1, 1, 0]  (5, 6)
600_3___18__    10   4  [4, 1, 3, 1, 0, 0, 0, 3, 3, 0]  (5, 5)
part_in:(2, 7), all_in:(5, 5), all_out:(2, 7)
ball
1000_4___19__    14   0  [0, 1, 1, 0, 0, 1, 3, 2, 6, 0, 0, 0, 1, 0]  (2, 2)
1000_5___19__    14   0  [0, 1, 1, 0, 0, 1, 3, 2, 6, 0, 0, 0, 1, 0]  (2, 3)
400_4___19__    13   0  [2, 0, 0, 0, 2, 1, 4, 6, 0, 0, 0, 1, 0]  (2, 3)
400_5___19__    13   0  [2, 0, 0, 0, 2, 3, 2, 6, 0, 0, 0, 1, 0]  (2, 4)
400_3___19__    12   0  [2, 0, 0, 0, 2, 3, 2, 2, 3, 1, 0, 2]  (2, 3)
600_4___19__    11   0  [2, 1, 0, 0, 1, 6, 6, 1, 0, 1, 0]  (2, 3)
600_5___19__    11   0  [4, 0, 2, 3, 2, 6, 0, 0, 0, 1, 0]  (2, 4)
1000_1___19__    11   0  [0, 1, 1, 0, 2, 3, 2, 7, 0, 0, 2]  (2, 2)
1000_3___19__    11   0  [0, 1, 1, 0, 2, 3, 2, 7, 0, 0, 2]  (2, 2)
1000_2___19__    10   0  [0, 1, 1, 0, 2, 6, 7, 0, 0, 2]  (2, 2)
400_1___19__    9   0  [3, 0, 0, 2, 6, 6, 1, 0, 2]  (2, 2)
600_3___19__    9   0  [0, 1, 1, 0, 2, 6, 8, 0, 2]  (2, 3)
400_2___19__    8   0  [3, 0, 0, 2, 6, 8, 0, 2]  (2, 2)
600_1___19__    8   0  [2, 1, 0, 2, 6, 8, 0, 2]  (1, 2)
600_2___19__    8   0  [2, 1, 0, 2, 6, 8, 0, 2]  (2, 2)
part_in:(1, 4), all_in:(2, 2), all_out:(1, 4)
ball_column
400_5___20__    10   1  [5, 1, 1, 1, 2, 3, 3, 1, 1, 0]  (2, 13)
400_3___20__    8   1  [1, 1, 1, 5, 2, 2, 6, 2]  (2, 10)
400_4___20__    8   1  [5, 1, 1, 4, 2, 0, 5, 2]  (2, 11)
600_1___20__    8   1  [1, 1, 1, 3, 4, 6, 2, 2]  (2, 3)
1000_1___20__    8   1  [1, 1, 1, 3, 1, 9, 2, 2]  (2, 6)
1000_4___20__    8   1  [1, 3, 1, 1, 4, 6, 2, 2]  (2, 6)
1000_5___20__    8   1  [1, 3, 1, 1, 11, 0, 1, 2]  (2, 8)
600_2___20__    7   1  [1, 1, 3, 1, 4, 9, 2]  (2, 7)
1000_3___20__    7   1  [1, 5, 3, 2, 6, 2, 2]  (2, 6)
400_2___20__    6   1  [1, 1, 10, 2, 6, 2]  (2, 7)
600_3___20__    6   1  [1, 5, 1, 4, 9, 2]  (2, 11)
1000_2___20__    6   1  [7, 3, 2, 6, 2, 2]  (2, 3)
400_1___20__    5   1  [1, 12, 6, 2, 2]  (2, 6)
600_4___20__    5   1  [1, 5, 1, 14, 2]  (2, 12)
600_5___20__    4   1  [7, 1, 14, 2]  (2, 12)
part_in:(4, 13), all_in:(2, 3), all_out:(2, 13)
blue_sort
400_3___21__    13   2  [0, 0, 2, 0, 1, 3, 1, 0, 2, 0, 3, 1, 1]  (5, 11)
400_4___21__    11   2  [0, 0, 3, 1, 3, 1, 0, 2, 0, 5, 1]  (5, 12)
400_5___21__    11   2  [0, 0, 3, 0, 0, 3, 1, 0, 2, 6, 1]  (5, 9)
400_2___21__    10   2  [0, 0, 3, 1, 3, 5, 0, 3, 1, 1]  (5, 11)
600_2___21__    10   2  [0, 0, 3, 2, 5, 1, 0, 4, 1, 1]  (5, 10)
600_3___21__    10   2  [0, 0, 3, 2, 0, 3, 2, 5, 1, 1]  (5, 10)
1000_4___21__    10   2  [0, 0, 2, 0, 2, 2, 1, 0, 9, 1]  (4, 5)
1000_5___21__    10   2  [0, 0, 3, 2, 2, 0, 1, 2, 6, 1]  (3, 5)
400_1___21__    9   2  [0, 0, 2, 6, 5, 0, 3, 1, 1]  (5, 11)
600_4___21__    9   2  [0, 0, 3, 2, 2, 1, 2, 7, 1]  (5, 8)
600_1___21__    8   2  [0, 0, 3, 2, 7, 0, 6, 1]  (5, 15)
1000_1___21__    8   3  [0, 3, 2, 8, 0, 3, 1, 1]  (5, 9)
1000_3___21__    8   3  [0, 6, 2, 1, 0, 7, 1, 1]  (5, 6)
600_5___21__    7   2  [0, 0, 3, 2, 7, 7, 1]  (5, 10)
1000_2___21__    7   3  [0, 3, 7, 3, 4, 1, 1]  (5, 6)
part_in:(3, 15), all_in:(5, 5), all_out:(3, 15)
