30
less5
1000_3___1__    10   0  [4, 1, 1, 2, 4, 0, 0, 2, 2, 3]  (4, 11)
1000_4___1__    10   5  [1, 1, 2, 5, 0, 1, 0, 2, 0, 2]  (5, 11)
1000_2___1__    9   0  [4, 6, 2, 1, 1, 2, 0, 1, 3]  (11, 11)
400_5___1__    8   1  [5, 1, 5, 3, 2, 0, 2, 2]  (11, 11)
600_5___1__    8   1  [3, 1, 4, 2, 1, 1, 6, 2]  (9, 11)
1000_5___1__    8   5  [1, 1, 2, 2, 3, 2, 3, 2]  (11, 14)
400_4___1__    7   5  [1, 1, 5, 3, 2, 0, 5]  (7, 11)
1000_1___1__    7   0  [11, 2, 3, 1, 1, 1, 3]  (5, 11)
600_4___1__    6   5  [1, 4, 2, 3, 6, 2]  (10, 11)
400_3___1__    5   9  [2, 6, 2, 0, 5]  (8, 11)
600_1___1__    5   6  [5, 2, 1, 1, 9]  (4, 11)
600_3___1__    5   5  [6, 6, 5, 0, 2]  (5, 11)
400_1___1__    4   6  [5, 2, 3, 9]  (6, 11)
400_2___1__    4   5  [8, 4, 2, 6]  (7, 11)
600_2___1__    4   5  [6, 6, 5, 3]  (10, 11)
part_in:(4, 14), all_in:(11, 11), all_out:(4, 14)
less8
400_5___2__    15   0  [1, 0, 1, 0, 0, 1, 0, 3, 0, 2, 3, 0, 1, 0, 2]  (8, 13)
400_4___2__    14   0  [1, 0, 1, 0, 0, 1, 0, 2, 0, 0, 6, 0, 1, 3]  (10, 13)
400_3___2__    11   0  [1, 0, 2, 2, 0, 2, 4, 3, 2, 0, 2]  (11, 13)
1000_4___2__    11   2  [0, 0, 0, 3, 2, 1, 0, 2, 1, 1, 6]  (10, 13)
400_2___2__    10   0  [2, 1, 0, 3, 2, 8, 0, 1, 0, 2]  (12, 13)
600_4___2__    10   0  [2, 1, 0, 0, 2, 1, 1, 0, 6, 6]  (10, 13)
600_5___2__    10   0  [2, 1, 4, 1, 1, 0, 2, 1, 1, 6]  (9, 13)
1000_5___2__    10   0  [1, 0, 0, 0, 8, 0, 2, 1, 1, 6]  (5, 13)
400_1___2__    8   0  [1, 0, 2, 3, 11, 0, 1, 3]  (13, 14)
600_1___2__    8   0  [2, 1, 0, 3, 1, 2, 1, 11]  (13, 15)
1000_3___2__    8   0  [2, 1, 3, 2, 1, 3, 3, 6]  (9, 13)
600_2___2__    7   0  [2, 1, 0, 3, 1, 2, 13]  (10, 13)
1000_2___2__    7   0  [2, 0, 9, 2, 0, 0, 9]  (8, 13)
600_3___2__    6   0  [2, 1, 3, 0, 4, 13]  (10, 13)
1000_1___2__    6   0  [2, 0, 9, 2, 1, 9]  (12, 13)
part_in:(5, 15), all_in:(13, 13), all_out:(5, 15)
less9
1000_4___3__    11   4  [0, 8, 1, 0, 0, 0, 1, 0, 3, 1, 0]  (8, 11)
1000_5___3__    11   4  [0, 8, 1, 0, 0, 0, 1, 0, 3, 1, 0]  (6, 8)
400_5___3__    10   1  [2, 0, 4, 5, 2, 1, 2, 1, 1, 0]  (6, 8)
400_3___3__    9   0  [3, 0, 4, 5, 2, 1, 4, 1, 0]  (8, 9)
600_2___3__    9   4  [0, 4, 5, 2, 1, 0, 3, 1, 0]  (6, 8)
600_3___3__    9   4  [0, 4, 5, 2, 1, 0, 3, 1, 0]  (8, 12)
600_4___3__    9   4  [0, 4, 5, 2, 1, 0, 3, 1, 0]  (8, 9)
600_5___3__    9   4  [0, 4, 5, 2, 1, 0, 3, 1, 0]  (8, 10)
1000_3___3__    9   0  [3, 0, 8, 1, 2, 1, 0, 5, 0]  (8, 14)
400_4___3__    8   4  [0, 4, 5, 2, 1, 4, 1, 0]  (8, 9)
1000_2___3__    8   0  [3, 0, 8, 1, 2, 1, 0, 6]  (8, 9)
400_2___3__    7   4  [0, 4, 5, 2, 1, 6, 0]  (7, 8)
1000_1___3__    7   0  [3, 9, 1, 0, 1, 1, 7]  (8, 13)
600_1___3__    6   4  [0, 4, 5, 2, 1, 7]  (8, 10)
400_1___3__    5   4  [5, 5, 2, 1, 7]  (8, 10)
part_in:(6, 14), all_in:(8, 8), all_out:(6, 14)
less10
600_5___4__    13   0  [4, 0, 0, 1, 0, 1, 0, 1, 1, 3, 0, 4, 1]  (1, 5)
400_5___4__    12   0  [4, 0, 0, 1, 0, 1, 0, 3, 3, 0, 4, 1]  (2, 5)
600_3___4__    12   0  [4, 0, 0, 1, 0, 1, 0, 3, 4, 3, 0, 1]  (2, 5)
600_4___4__    12   0  [4, 0, 0, 1, 0, 1, 0, 1, 1, 4, 4, 1]  (0, 5)
1000_2___4__    12   0  [4, 0, 0, 1, 0, 1, 0, 3, 3, 0, 4, 1]  (1, 5)
1000_3___4__    12   0  [4, 0, 0, 1, 0, 1, 0, 3, 3, 0, 4, 1]  (5, 6)
1000_5___4__    12   0  [4, 0, 0, 1, 2, 0, 1, 1, 4, 1, 2, 1]  (2, 5)
400_4___4__    11   0  [4, 0, 0, 1, 0, 1, 0, 1, 6, 4, 1]  (4, 5)
1000_4___4__    11   0  [4, 0, 0, 1, 2, 0, 1, 1, 4, 4, 1]  (5, 5)
400_3___4__    10   0  [4, 0, 2, 0, 1, 0, 1, 6, 4, 1]  (2, 5)
600_1___4__    10   0  [5, 0, 2, 1, 0, 1, 1, 4, 4, 1]  (0, 5)
600_2___4__    10   0  [4, 0, 0, 2, 1, 0, 3, 4, 4, 1]  (0, 5)
1000_1___4__    10   0  [5, 0, 1, 2, 0, 3, 3, 0, 4, 1]  (3, 5)
400_1___4__    9   0  [5, 0, 4, 0, 1, 1, 4, 4, 1]  (0, 5)
400_2___4__    9   0  [4, 0, 3, 1, 0, 1, 6, 4, 1]  (1, 5)
part_in:(0, 6), all_in:(5, 5), all_out:(0, 6)
row1
400_5___5__    15   0  [0, 0, 1, 3, 0, 0, 1, 0, 1, 0, 0, 1, 3, 4, 0]  (0, 4)
1000_5___5__    15   0  [0, 0, 0, 0, 0, 2, 0, 2, 0, 1, 0, 1, 0, 3, 5]  (0, 2)
400_4___5__    14   0  [2, 0, 0, 3, 0, 2, 1, 0, 1, 0, 3, 2, 1, 0]  (0, 2)
600_4___5__    14   0  [2, 0, 0, 3, 0, 2, 1, 0, 1, 0, 3, 2, 1, 0]  (0, 1)
600_5___5__    13   0  [3, 0, 3, 0, 2, 1, 0, 1, 0, 3, 2, 1, 0]  (0, 0)
1000_4___5__    13   0  [2, 1, 1, 1, 0, 1, 0, 1, 0, 1, 0, 3, 5]  (0, 1)
400_3___5__    12   0  [2, 1, 3, 0, 2, 1, 0, 1, 0, 3, 4, 0]  (0, 1)
600_3___5__    12   0  [3, 0, 3, 0, 2, 1, 0, 2, 3, 0, 3, 0]  (0, 0)
1000_1___5__    12   0  [2, 0, 3, 0, 3, 1, 0, 0, 1, 3, 4, 0]  (0, 2)
1000_2___5__    12   0  [2, 0, 0, 3, 3, 1, 0, 0, 1, 3, 4, 0]  (0, 2)
1000_3___5__    12   0  [2, 1, 3, 0, 2, 1, 0, 0, 0, 0, 3, 5]  (0, 0)
400_1___5__    10   0  [2, 0, 4, 3, 1, 0, 2, 3, 1, 3]  (0, 2)
400_2___5__    10   0  [2, 1, 3, 0, 2, 1, 0, 2, 3, 5]  (0, 1)
600_2___5__    10   0  [3, 0, 3, 0, 2, 1, 0, 2, 3, 5]  (0, 3)
600_1___5__    9   0  [3, 3, 0, 3, 1, 0, 2, 3, 5]  (0, 2)
part_in:(2, 4), all_in:(0, 1), all_out:(0, 4)
row2
600_3___6__    8   5  [4, 1, 0, 0, 2, 3, 0, 6]  (19, 33)
1000_5___6__    8   1  [3, 1, 1, 3, 0, 2, 5, 5]  (24, 33)
400_5___6__    7   1  [3, 3, 3, 0, 2, 5, 5]  (23, 33)
1000_1___6__    7   0  [0, 3, 3, 3, 0, 2, 11]  (33, 35)
1000_2___6__    7   1  [3, 3, 3, 0, 2, 3, 7]  (30, 33)
1000_3___6__    7   5  [3, 2, 0, 0, 2, 3, 7]  (20, 33)
1000_4___6__    7   5  [1, 1, 3, 0, 2, 5, 5]  (19, 33)
400_4___6__    6   5  [3, 3, 0, 2, 5, 5]  (22, 33)
600_4___6__    6   5  [4, 2, 0, 2, 4, 6]  (23, 33)
600_5___6__    6   1  [3, 4, 2, 0, 2, 11]  (20, 33)
400_1___6__    5   1  [3, 7, 0, 2, 11]  (23, 33)
400_2___6__    5   1  [3, 7, 0, 2, 11]  (24, 33)
400_3___6__    5   5  [3, 3, 0, 2, 11]  (15, 33)
600_1___6__    5   5  [6, 0, 3, 7, 3]  (33, 37)
600_2___6__    5   5  [4, 2, 3, 3, 7]  (29, 33)
part_in:(15, 35), all_in:(33, 33), all_out:(15, 35)
row3
400_4___7__    11   2  [2, 3, 2, 0, 1, 1, 1, 3, 1, 0, 2]  (16, 21)
400_5___7__    10   1  [3, 3, 0, 1, 0, 1, 1, 1, 6, 2]  (16, 19)
600_2___7__    10   5  [3, 2, 0, 0, 0, 3, 1, 3, 0, 2]  (15, 16)
600_1___7__    9   5  [3, 2, 0, 0, 0, 1, 1, 6, 2]  (10, 16)
600_3___7__    9   0  [4, 3, 0, 1, 2, 3, 5, 0, 2]  (16, 28)
600_5___7__    9   1  [3, 3, 3, 1, 1, 1, 5, 0, 2]  (16, 24)
1000_4___7__    9   5  [1, 1, 5, 1, 1, 3, 1, 0, 2]  (16, 25)
400_2___7__    8   0  [0, 3, 3, 3, 1, 3, 6, 2]  (16, 23)
1000_2___7__    8   0  [0, 3, 3, 5, 1, 7, 0, 2]  (16, 16)
1000_3___7__    8   0  [4, 3, 2, 2, 1, 7, 0, 2]  (16, 27)
1000_5___7__    8   1  [3, 1, 1, 5, 7, 1, 0, 2]  (16, 20)
600_4___7__    7   5  [3, 5, 1, 1, 2, 3, 2]  (16, 21)
400_1___7__    6   0  [0, 3, 9, 3, 6, 2]  (16, 23)
400_3___7__    6   0  [4, 3, 3, 1, 10, 2]  (16, 31)
1000_1___7__    6   0  [8, 5, 1, 1, 6, 2]  (12, 16)
part_in:(10, 28), all_in:(16, 16), all_out:(10, 28)
row4
1000_5___8__    13   2  [3, 0, 1, 1, 0, 1, 2, 1, 1, 0, 1, 0, 3]  (1, 2)
400_5___8__    12   4  [2, 0, 0, 1, 0, 1, 2, 0, 2, 0, 1, 4]  (1, 3)
600_4___8__    11   6  [0, 1, 1, 0, 1, 2, 1, 1, 0, 1, 4]  (1, 2)
600_5___8__    11   4  [1, 0, 1, 2, 1, 2, 1, 1, 0, 1, 4]  (1, 3)
1000_3___8__    11   0  [3, 1, 0, 1, 2, 1, 2, 3, 0, 1, 4]  (1, 2)
1000_4___8__    11   2  [1, 1, 0, 1, 2, 1, 2, 3, 0, 1, 4]  (1, 3)
400_2___8__    10   0  [3, 2, 1, 4, 2, 3, 0, 1, 2, 1]  (0, 1)
400_4___8__    10   6  [0, 0, 0, 1, 2, 2, 3, 0, 1, 4]  (1, 2)
600_1___8__    10   5  [1, 1, 4, 2, 1, 1, 0, 1, 2, 1]  (0, 1)
600_3___8__    10   4  [1, 0, 1, 1, 2, 2, 1, 1, 0, 6]  (1, 1)
600_2___8__    9   4  [2, 1, 1, 2, 2, 1, 1, 0, 6]  (0, 1)
1000_1___8__    9   0  [4, 1, 1, 4, 2, 1, 1, 0, 6]  (0, 1)
400_1___8__    8   5  [1, 1, 4, 2, 3, 0, 1, 4]  (0, 1)
400_3___8__    8   0  [3, 2, 1, 7, 0, 2, 0, 6]  (1, 1)
1000_2___8__    7   0  [6, 1, 4, 2, 3, 0, 6]  (0, 1)
part_in:(0, 3), all_in:(1, 1), all_out:(0, 3)
sum16
1000_4___9__    12   3  [1, 0, 0, 1, 2, 0, 0, 3, 1, 0, 3, 3]  (31, 42)
400_1___9__    11   3  [1, 0, 0, 0, 0, 4, 3, 2, 3, 0, 2]  (32, 42)
1000_3___9__    11   2  [0, 1, 0, 0, 1, 2, 0, 0, 6, 3, 3]  (27, 42)
1000_5___9__    11   3  [1, 0, 0, 1, 2, 0, 0, 5, 0, 3, 3]  (30, 42)
400_2___9__    10   5  [0, 0, 0, 0, 3, 0, 6, 3, 0, 2]  (30, 42)
400_3___9__    10   5  [0, 0, 0, 0, 3, 0, 6, 4, 1, 0]  (28, 42)
400_5___9__    10   5  [0, 0, 1, 3, 0, 5, 0, 4, 1, 0]  (30, 42)
600_3___9__    10   3  [1, 0, 0, 1, 2, 0, 2, 4, 4, 2]  (28, 42)
1000_2___9__    10   2  [0, 1, 1, 1, 2, 1, 3, 2, 3, 3]  (34, 42)
400_4___9__    9   5  [0, 0, 0, 0, 3, 0, 6, 4, 2]  (32, 42)
600_2___9__    9   3  [1, 0, 0, 1, 2, 0, 7, 3, 3]  (30, 42)
600_5___9__    9   5  [0, 0, 1, 3, 0, 1, 4, 4, 2]  (30, 42)
1000_1___9__    9   2  [2, 0, 0, 1, 3, 0, 3, 2, 7]  (33, 42)
600_4___9__    8   3  [1, 0, 0, 1, 4, 4, 1, 7]  (31, 42)
600_1___9__    6   5  [1, 1, 3, 0, 3, 10]  (39, 42)
part_in:(27, 33), all_in:(34, 42), all_out:(27, 42)
gap16
1000_5___10__    13   0  [0, 1, 0, 2, 0, 1, 1, 7, 3, 0, 1, 0, 0]  (22, 26)
600_4___10__    11   0  [0, 1, 0, 2, 0, 1, 1, 2, 8, 0, 3]  (22, 29)
1000_3___10__    11   0  [2, 0, 2, 0, 1, 1, 11, 0, 0, 1, 0]  (18, 22)
600_3___10__    10   0  [2, 0, 2, 0, 1, 1, 2, 8, 0, 3]  (22, 23)
600_5___10__    10   3  [0, 2, 0, 1, 1, 2, 8, 0, 1, 1]  (22, 29)
1000_2___10__    10   0  [2, 0, 2, 0, 1, 1, 12, 0, 1, 0]  (22, 23)
1000_4___10__    10   0  [2, 0, 2, 2, 1, 2, 4, 3, 0, 3]  (22, 26)
400_3___10__    9   0  [2, 0, 2, 0, 1, 1, 11, 3, 0]  (21, 22)
400_4___10__    9   0  [2, 0, 2, 0, 1, 1, 6, 8, 0]  (22, 27)
600_1___10__    9   1  [1, 0, 2, 4, 2, 8, 0, 2, 0]  (22, 22)
600_2___10__    9   0  [2, 0, 2, 0, 3, 2, 8, 0, 3]  (22, 22)
400_5___10__    8   1  [1, 0, 2, 2, 8, 0, 7, 0]  (22, 28)
400_2___10__    7   3  [0, 2, 0, 3, 12, 2, 0]  (22, 23)
1000_1___10__    7   3  [0, 2, 4, 11, 0, 0, 2]  (22, 22)
400_1___10__    6   1  [1, 0, 2, 0, 3, 16]  (22, 23)
part_in:(18, 29), all_in:(22, 22), all_out:(18, 29)
sum25
400_3___11__    9   7  [0, 2, 1, 0, 5, 4, 0, 1, 0]  (25, 42)
400_5___11__    9   1  [6, 2, 1, 0, 5, 4, 0, 1, 0]  (29, 42)
400_2___11__    8   7  [0, 2, 1, 0, 5, 4, 0, 2]  (28, 42)
400_4___11__    8   1  [5, 0, 2, 1, 0, 10, 0, 2]  (30, 42)
600_1___11__    8   1  [4, 1, 5, 3, 1, 4, 0, 2]  (39, 42)
600_2___11__    8   1  [4, 1, 4, 0, 5, 4, 0, 2]  (30, 42)
600_3___11__    8   1  [6, 4, 0, 1, 3, 4, 0, 2]  (24, 42)
600_4___11__    8   1  [6, 2, 1, 0, 5, 4, 0, 2]  (28, 42)
600_5___11__    8   8  [2, 1, 0, 5, 0, 3, 0, 2]  (26, 42)
1000_4___11__    8   7  [0, 2, 1, 0, 5, 4, 0, 2]  (31, 42)
1000_5___11__    8   7  [0, 2, 1, 0, 5, 4, 0, 2]  (31, 42)
1000_2___11__    7   7  [0, 4, 0, 3, 1, 4, 3]  (29, 42)
400_1___11__    6   7  [0, 5, 5, 4, 0, 2]  (29, 42)
1000_3___11__    6   7  [0, 2, 1, 0, 11, 2]  (27, 42)
1000_1___11__    5   8  [5, 3, 1, 4, 3]  (29, 42)
part_in:(24, 38), all_in:(39, 42), all_out:(24, 42)
gap25
600_1___12__    9   2  [0, 0, 2, 7, 1, 4, 3, 1, 0]  (16, 17)
600_2___12__    9   2  [0, 0, 2, 4, 2, 1, 8, 1, 0]  (14, 16)
600_5___12__    9   0  [1, 0, 0, 7, 4, 3, 4, 1, 0]  (16, 16)
1000_1___12__    9   0  [1, 0, 0, 2, 4, 4, 4, 3, 2]  (16, 18)
400_3___12__    8   0  [1, 0, 0, 2, 0, 17, 1, 0]  (12, 16)
600_3___12__    8   2  [0, 0, 7, 2, 1, 8, 1, 0]  (12, 16)
600_4___12__    8   2  [0, 0, 3, 3, 4, 8, 1, 0]  (16, 17)
1000_2___12__    8   0  [1, 0, 0, 2, 4, 4, 8, 2]  (16, 17)
1000_3___12__    8   2  [0, 0, 2, 9, 5, 2, 1, 0]  (12, 16)
400_2___12__    7   0  [1, 0, 0, 2, 0, 17, 2]  (15, 16)
400_4___12__    7   2  [0, 0, 2, 0, 8, 8, 2]  (16, 19)
400_5___12__    7   0  [1, 0, 0, 12, 8, 1, 0]  (16, 18)
1000_5___12__    7   0  [1, 0, 0, 12, 8, 1, 0]  (16, 16)
400_1___12__    6   2  [0, 0, 2, 15, 2, 2]  (16, 17)
1000_4___12__    5   2  [0, 0, 12, 8, 2]  (16, 20)
part_in:(12, 19), all_in:(16, 16), all_out:(12, 19)
sum34
600_4___13__    12   1  [3, 1, 1, 0, 0, 2, 6, 1, 1, 0, 1, 0]  (36, 37)
600_3___13__    11   1  [3, 3, 0, 0, 2, 8, 0, 0, 0, 1, 0]  (29, 37)
600_5___13__    11   0  [4, 1, 1, 0, 3, 7, 0, 1, 0, 1, 0]  (34, 37)
1000_4___13__    11   1  [3, 1, 1, 0, 2, 0, 6, 3, 0, 1, 0]  (37, 40)
400_3___13__    9   1  [3, 3, 0, 0, 2, 7, 2, 0, 2]  (33, 37)
400_4___13__    9   1  [5, 1, 0, 2, 0, 7, 2, 0, 2]  (37, 41)
400_5___13__    9   1  [3, 1, 1, 0, 2, 0, 10, 0, 2]  (37, 38)
1000_3___13__    9   1  [3, 3, 0, 3, 6, 3, 0, 1, 0]  (27, 37)
1000_5___13__    9   5  [0, 0, 1, 0, 3, 6, 3, 0, 2]  (37, 38)
600_2___13__    8   1  [2, 0, 3, 4, 6, 4, 1, 0]  (27, 37)
400_1___13__    7   1  [7, 1, 2, 10, 0, 1, 0]  (31, 37)
400_2___13__    7   1  [3, 3, 1, 2, 10, 0, 2]  (31, 37)
600_1___13__    7   1  [3, 3, 4, 3, 2, 6, 0]  (33, 37)
1000_1___13__    7   5  [3, 0, 3, 3, 2, 3, 3]  (23, 37)
1000_2___13__    6   1  [3, 3, 4, 6, 3, 3]  (32, 37)
part_in:(23, 41), all_in:(37, 37), all_out:(23, 41)
gap12
1000_3___14__    13   0  [3, 0, 1, 0, 0, 1, 1, 0, 0, 1, 7, 1, 1]  (3, 3)
600_3___14__    12   0  [0, 2, 3, 0, 1, 1, 0, 1, 0, 7, 2, 0]  (3, 3)
600_4___14__    11   0  [3, 3, 0, 1, 1, 0, 2, 0, 6, 2, 0]  (3, 4)
1000_2___14__    11   0  [3, 0, 1, 0, 0, 3, 0, 2, 7, 1, 1]  (0, 3)
1000_4___14__    11   0  [3, 0, 2, 0, 1, 2, 0, 1, 7, 1, 1]  (3, 3)
1000_5___14__    11   4  [0, 2, 0, 1, 1, 0, 2, 7, 1, 0, 0]  (3, 5)
400_4___14__    10   0  [3, 3, 0, 1, 1, 0, 2, 7, 1, 1]  (3, 3)
400_5___14__    10   0  [0, 2, 4, 1, 1, 0, 2, 2, 4, 3]  (3, 4)
600_5___14__    10   0  [3, 3, 0, 1, 1, 0, 2, 7, 2, 0]  (3, 4)
400_2___14__    9   4  [3, 0, 1, 1, 0, 0, 1, 7, 3]  (2, 3)
400_3___14__    9   4  [3, 0, 1, 1, 0, 0, 1, 7, 3]  (3, 3)
600_2___14__    9   0  [3, 3, 0, 3, 0, 2, 7, 2, 0]  (3, 3)
400_1___14__    8   4  [3, 0, 1, 2, 0, 1, 7, 3]  (1, 3)
600_1___14__    8   0  [3, 3, 0, 4, 2, 7, 2, 0]  (2, 3)
1000_1___14__    8   0  [3, 2, 1, 3, 0, 2, 7, 3]  (0, 3)
part_in:(0, 5), all_in:(3, 3), all_out:(0, 5)
gap23
600_1___15__    11   0  [1, 1, 1, 2, 2, 2, 2, 0, 2, 4, 1]  (2, 2)
600_5___15__    11   1  [0, 1, 2, 1, 2, 7, 1, 1, 1, 0, 1]  (2, 10)
1000_4___15__    11   0  [0, 0, 1, 4, 1, 0, 6, 5, 0, 0, 1]  (2, 11)
1000_5___15__    9   0  [5, 2, 1, 0, 5, 0, 6, 0, 1]  (2, 9)
400_4___15__    8   1  [5, 1, 1, 7, 3, 2, 0, 1]  (2, 13)
600_2___15__    8   2  [1, 1, 2, 2, 6, 2, 4, 1]  (2, 2)
600_3___15__    8   2  [1, 4, 2, 6, 2, 1, 1, 2]  (2, 6)
600_4___15__    8   2  [1, 4, 2, 9, 1, 1, 0, 1]  (2, 10)
1000_3___15__    8   0  [0, 2, 1, 2, 9, 5, 1, 1]  (2, 5)
400_1___15__    7   2  [0, 2, 2, 8, 0, 7, 1]  (2, 7)
400_2___15__    6   2  [0, 5, 9, 3, 3, 1]  (2, 8)
400_3___15__    6   2  [6, 9, 3, 2, 0, 1]  (2, 9)
400_5___15__    6   4  [2, 1, 9, 6, 0, 1]  (2, 12)
1000_1___15__    6   9  [2, 5, 0, 5, 1, 1]  (2, 2)
1000_2___15__    6   0  [2, 5, 9, 5, 1, 1]  (2, 7)
part_in:(6, 13), all_in:(2, 5), all_out:(2, 13)
gap34
600_2___16__    13   2  [0, 2, 0, 2, 1, 1, 1, 0, 5, 1, 0, 1, 0]  (6, 7)
600_3___16__    13   2  [0, 2, 0, 2, 1, 1, 1, 0, 5, 1, 0, 1, 0]  (4, 7)
400_1___16__    12   2  [0, 3, 2, 1, 1, 2, 1, 1, 1, 1, 0, 2]  (5, 7)
400_3___16__    12   2  [0, 2, 0, 2, 1, 3, 0, 3, 1, 1, 0, 2]  (2, 7)
400_5___16__    12   1  [0, 0, 2, 0, 2, 1, 3, 0, 5, 1, 0, 2]  (1, 7)
600_4___16__    12   2  [0, 2, 0, 2, 1, 1, 1, 0, 7, 0, 1, 0]  (4, 7)
1000_4___16__    12   0  [1, 0, 2, 0, 2, 1, 1, 0, 0, 0, 8, 2]  (5, 7)
400_2___16__    11   2  [0, 3, 2, 1, 1, 2, 3, 1, 1, 0, 2]  (2, 7)
600_5___16__    11   2  [0, 2, 0, 2, 1, 3, 0, 7, 0, 1, 0]  (3, 7)
1000_5___16__    11   0  [1, 0, 2, 0, 2, 1, 1, 1, 0, 8, 2]  (4, 7)
400_4___16__    10   2  [0, 2, 0, 2, 1, 3, 0, 5, 2, 2]  (1, 7)
600_1___16__    10   2  [0, 2, 0, 4, 1, 2, 7, 0, 1, 0]  (6, 7)
1000_3___16__    10   2  [0, 3, 2, 1, 1, 1, 0, 5, 2, 2]  (2, 7)
1000_2___16__    9   2  [0, 2, 0, 4, 1, 1, 0, 8, 2]  (5, 7)
1000_1___16__    7   2  [0, 3, 4, 1, 2, 8, 2]  (7, 7)
part_in:(1, 5), all_in:(6, 7), all_out:(1, 7)
gap45
1000_5___17__    15   1  [1, 1, 1, 0, 1, 2, 0, 3, 0, 3, 1, 0, 0, 0, 0]  (2, 7)
600_4___17__    14   2  [0, 1, 1, 0, 0, 0, 2, 3, 0, 0, 3, 2, 0, 1]  (2, 7)
600_5___17__    14   1  [1, 1, 1, 0, 1, 2, 2, 0, 0, 0, 3, 3, 0, 0]  (2, 7)
1000_4___17__    14   2  [0, 1, 1, 0, 1, 2, 4, 0, 1, 1, 1, 0, 0, 1]  (2, 7)
400_4___17__    13   2  [0, 1, 1, 0, 1, 2, 3, 0, 4, 0, 2, 0, 0]  (3, 7)
600_2___17__    12   3  [1, 2, 1, 0, 1, 3, 0, 0, 3, 2, 0, 1]  (4, 7)
400_3___17__    11   5  [2, 1, 1, 0, 3, 0, 0, 3, 3, 0, 0]  (1, 7)
400_5___17__    11   3  [1, 1, 0, 1, 2, 3, 0, 4, 3, 0, 0]  (4, 7)
600_3___17__    11   3  [1, 1, 0, 1, 2, 4, 0, 3, 2, 0, 1]  (1, 7)
1000_3___17__    11   3  [1, 2, 1, 2, 4, 0, 1, 1, 2, 0, 1]  (5, 7)
400_2___17__    10   5  [2, 1, 2, 3, 0, 0, 3, 0, 2, 1]  (4, 7)
1000_2___17__    10   0  [4, 2, 1, 1, 0, 5, 3, 2, 0, 1]  (4, 7)
600_1___17__    9   0  [2, 1, 2, 2, 5, 1, 3, 3, 1]  (7, 8)
400_1___17__    6   3  [4, 4, 5, 3, 3, 1]  (5, 7)
1000_1___17__    6   0  [4, 13, 3, 2, 0, 1]  (7, 8)
part_in:(1, 8), all_in:(7, 7), all_out:(1, 8)
gap56
400_5___18__    15   0  [4, 1, 0, 1, 0, 1, 2, 0, 0, 1, 0, 2, 1, 1, 0]  (3, 5)
600_5___18__    15   0  [4, 1, 0, 1, 0, 1, 2, 0, 0, 1, 0, 2, 1, 1, 0]  (3, 8)
400_4___18__    14   0  [4, 1, 0, 1, 0, 1, 2, 0, 0, 2, 2, 1, 1, 0]  (3, 5)
1000_4___18__    14   0  [4, 1, 0, 1, 0, 1, 3, 0, 1, 0, 2, 1, 1, 0]  (3, 3)
600_4___18__    13   0  [4, 1, 0, 1, 0, 1, 3, 0, 1, 0, 2, 1, 2]  (3, 7)
400_3___18__    12   5  [1, 0, 1, 0, 1, 2, 0, 0, 2, 2, 1, 2]  (3, 5)
1000_2___18__    10   0  [6, 2, 0, 1, 3, 0, 2, 2, 1, 2]  (3, 5)
1000_5___18__    10   0  [9, 0, 1, 3, 0, 1, 0, 2, 1, 2]  (3, 4)
400_2___18__    9   7  [0, 2, 1, 3, 0, 2, 2, 1, 2]  (3, 4)
600_3___18__    9   5  [4, 0, 5, 0, 2, 2, 1, 1, 0]  (3, 6)
1000_1___18__    9   0  [4, 1, 3, 5, 0, 2, 2, 1, 2]  (3, 4)
400_1___18__    8   7  [0, 2, 5, 0, 2, 2, 1, 2]  (3, 3)
1000_3___18__    8   5  [1, 2, 0, 5, 3, 2, 1, 2]  (3, 3)
600_1___18__    7   5  [1, 9, 0, 2, 2, 1, 2]  (2, 3)
600_2___18__    7   5  [1, 9, 0, 2, 2, 1, 2]  (3, 4)
part_in:(2, 8), all_in:(3, 3), all_out:(2, 8)
ball
600_5___19__    20   1  [0, 2, 0, 0, 1, 0, 0, 1, 0, 1, 0, 0, 0, 0, 2, 0, 0, 0, 0, 1]  (1, 2)
400_4___19__    19   1  [0, 2, 0, 0, 1, 0, 0, 1, 0, 1, 0, 1, 0, 0, 1, 0, 0, 0, 2]  (1, 2)
400_5___19__    19   1  [0, 2, 0, 0, 1, 0, 0, 1, 0, 1, 0, 0, 0, 0, 2, 0, 0, 0, 2]  (1, 2)
600_4___19__    19   1  [0, 2, 0, 0, 1, 0, 0, 1, 0, 1, 0, 0, 0, 0, 2, 0, 0, 1, 1]  (1, 2)
1000_4___19__    19   1  [0, 2, 0, 0, 1, 0, 0, 1, 0, 1, 0, 0, 0, 0, 2, 0, 0, 1, 1]  (1, 3)
1000_5___19__    19   1  [0, 2, 0, 0, 1, 0, 0, 1, 0, 1, 0, 0, 0, 0, 2, 0, 0, 1, 1]  (1, 2)
400_3___19__    18   1  [0, 2, 0, 2, 0, 0, 1, 0, 1, 0, 0, 0, 0, 2, 0, 0, 0, 2]  (1, 2)
400_1___19__    17   1  [0, 2, 0, 2, 0, 0, 1, 0, 1, 0, 1, 0, 2, 0, 0, 0, 2]  (1, 2)
400_2___19__    17   1  [0, 2, 0, 2, 0, 0, 1, 0, 1, 0, 1, 0, 2, 0, 0, 0, 2]  (1, 2)
600_3___19__    17   1  [0, 2, 0, 2, 0, 0, 1, 0, 1, 0, 0, 0, 0, 2, 0, 0, 3]  (1, 2)
1000_1___19__    17   1  [0, 2, 0, 2, 0, 0, 1, 0, 1, 0, 0, 0, 0, 2, 0, 0, 3]  (1, 2)
1000_2___19__    17   1  [0, 2, 0, 2, 0, 0, 1, 0, 1, 0, 0, 0, 0, 2, 0, 0, 3]  (1, 1)
1000_3___19__    17   1  [0, 2, 0, 2, 0, 0, 1, 0, 1, 0, 0, 0, 0, 2, 0, 0, 3]  (1, 3)
600_1___19__    16   1  [0, 2, 0, 2, 0, 0, 1, 0, 1, 0, 1, 0, 2, 0, 0, 3]  (1, 1)
600_2___19__    15   1  [0, 2, 0, 2, 0, 2, 0, 1, 0, 0, 0, 0, 3, 0, 3]  (1, 1)
part_in:(3, 3), all_in:(1, 2), all_out:(1, 3)
ball_column
600_5___20__    12   7  [1, 3, 1, 0, 0, 0, 2, 0, 1, 0, 1, 1]  (2, 12)
600_4___20__    11   7  [1, 3, 1, 0, 0, 0, 0, 2, 1, 0, 3]  (2, 9)
400_4___20__    10   2  [1, 2, 1, 3, 2, 5, 1, 0, 2, 0]  (2, 12)
400_5___20__    10   2  [1, 2, 1, 3, 2, 5, 1, 0, 2, 0]  (2, 9)
1000_4___20__    10   4  [2, 4, 0, 1, 0, 0, 1, 4, 0, 3]  (2, 11)
600_3___20__    9   9  [3, 1, 0, 1, 0, 2, 1, 0, 3]  (2, 10)
1000_5___20__    9   4  [2, 5, 1, 0, 0, 1, 4, 0, 3]  (2, 6)
400_3___20__    8   4  [4, 2, 3, 1, 3, 1, 0, 3]  (2, 11)
1000_3___20__    8   4  [2, 4, 0, 0, 1, 0, 1, 9]  (2, 10)
400_2___20__    6   5  [3, 2, 3, 2, 2, 6]  (2, 10)
600_2___20__    6   9  [3, 2, 0, 4, 2, 3]  (2, 5)
1000_2___20__    6   7  [4, 0, 0, 1, 0, 11]  (2, 6)
400_1___20__    5   7  [8, 2, 2, 2, 3]  (2, 13)
1000_1___20__    5   4  [2, 8, 0, 1, 9]  (2, 7)
600_1___20__    4   15  [0, 2, 5, 3]  (2, 6)
part_in:(6, 13), all_in:(2, 5), all_out:(2, 13)
blue_sort
1000_5___21__    12   1  [0, 2, 1, 2, 0, 0, 1, 4, 1, 3, 0, 2]  (12, 12)
1000_4___21__    11   1  [3, 1, 2, 0, 0, 1, 4, 1, 3, 0, 2]  (10, 12)
600_4___21__    9   0  [4, 1, 2, 0, 3, 3, 5, 0, 2]  (11, 12)
600_5___21__    9   0  [4, 1, 2, 0, 1, 5, 5, 0, 2]  (11, 12)
600_2___21__    8   5  [1, 2, 0, 3, 3, 5, 0, 2]  (10, 12)
600_3___21__    8   5  [1, 2, 0, 3, 3, 5, 0, 2]  (12, 12)
400_1___21__    7   1  [5, 3, 2, 0, 3, 6, 2]  (12, 13)
400_4___21__    7   5  [1, 3, 3, 3, 1, 4, 2]  (11, 12)
1000_3___21__    7   1  [5, 2, 0, 7, 5, 0, 2]  (6, 12)
400_3___21__    6   4  [0, 5, 7, 1, 4, 2]  (12, 12)
400_5___21__    6   5  [1, 3, 7, 1, 4, 2]  (9, 12)
400_2___21__    5   1  [3, 5, 7, 6, 2]  (12, 14)
600_1___21__    5   5  [9, 3, 5, 0, 2]  (10, 12)
1000_1___21__    5   11  [2, 4, 5, 0, 2]  (10, 12)
1000_2___21__    5   1  [5, 11, 5, 0, 2]  (10, 12)
part_in:(6, 14), all_in:(12, 12), all_out:(6, 14)
