30
less5
600_5___1__    10   2  [2, 1, 0, 3, 3, 1, 4, 2, 1, 0]  (-1, 6)
1000_4___1__    9   0  [0, 0, 2, 1, 8, 1, 1, 2, 5]  (4, 6)
1000_5___1__    8   0  [2, 1, 10, 1, 1, 2, 2, 2]  (4, 6)
400_4___1__    7   2  [2, 1, 8, 1, 1, 5, 2]  (6, 7)
600_4___1__    7   2  [2, 1, 8, 1, 4, 2, 2]  (1, 6)
1000_2___1__    7   0  [2, 7, 4, 6, 2, 1, 0]  (3, 6)
1000_3___1__    7   3  [7, 4, 1, 1, 2, 4, 0]  (5, 6)
400_5___1__    6   3  [1, 6, 5, 1, 5, 2]  (5, 6)
400_1___1__    5   0  [4, 11, 5, 2, 2]  (6, 9)
400_3___1__    5   2  [2, 1, 12, 2, 5]  (6, 8)
600_1___1__    5   8  [8, 5, 2, 1, 0]  (4, 6)
600_3___1__    5   2  [4, 0, 7, 6, 5]  (3, 6)
400_2___1__    4   2  [2, 10, 8, 3]  (6, 7)
600_2___1__    4   2  [5, 7, 6, 5]  (2, 6)
1000_1___1__    4   9  [1, 11, 2, 2]  (5, 6)
part_in:(-1, 9), all_in:(6, 6), all_out:(-1, 9)
less8
400_4___2__    15   0  [2, 1, 1, 3, 1, 0, 1, 0, 0, 1, 0, 2, 0, 0, 2]  (12, 16)
400_5___2__    13   3  [1, 1, 3, 1, 0, 1, 0, 0, 1, 0, 3, 0, 2]  (11, 16)
600_4___2__    12   3  [1, 1, 3, 2, 1, 0, 0, 2, 1, 1, 0, 2]  (11, 16)
600_1___2__    11   3  [3, 2, 0, 2, 1, 0, 3, 1, 2, 1, 0]  (11, 16)
600_2___2__    10   1  [1, 3, 3, 2, 1, 0, 3, 1, 2, 2]  (13, 16)
600_5___2__    10   3  [1, 1, 3, 2, 1, 4, 1, 1, 0, 2]  (14, 16)
1000_4___2__    10   3  [3, 5, 0, 0, 0, 3, 2, 1, 0, 2]  (11, 16)
1000_5___2__    10   3  [1, 1, 3, 1, 0, 0, 0, 8, 0, 2]  (7, 16)
400_3___2__    9   3  [3, 3, 1, 0, 2, 2, 0, 2, 4]  (11, 16)
400_2___2__    8   3  [3, 3, 2, 1, 0, 3, 2, 4]  (12, 16)
600_3___2__    8   3  [3, 3, 2, 1, 3, 0, 4, 2]  (14, 16)
1000_1___2__    8   3  [0, 4, 1, 2, 0, 9, 2, 0]  (12, 16)
1000_2___2__    8   3  [0, 2, 3, 2, 0, 9, 2, 0]  (14, 16)
1000_3___2__    8   3  [3, 3, 2, 1, 3, 2, 1, 3]  (12, 16)
400_1___2__    7   3  [3, 3, 1, 0, 2, 3, 7]  (10, 16)
part_in:(7, 13), all_in:(14, 16), all_out:(7, 16)
less9
400_5___3__    10   2  [0, 0, 0, 2, 3, 2, 0, 4, 5, 1]  (4, 9)
400_3___3__    9   3  [0, 0, 2, 2, 3, 0, 4, 5, 1]  (4, 4)
1000_5___3__    9   2  [0, 0, 0, 9, 0, 8, 1, 0, 0]  (4, 12)
400_4___3__    8   3  [0, 0, 2, 6, 0, 4, 5, 1]  (3, 4)
600_4___3__    8   3  [0, 0, 2, 6, 0, 4, 5, 1]  (4, 10)
600_5___3__    8   3  [0, 0, 2, 6, 0, 4, 5, 1]  (4, 10)
1000_1___3__    8   4  [3, 0, 1, 3, 9, 1, 0, 0]  (4, 5)
1000_2___3__    8   2  [0, 0, 6, 3, 0, 8, 1, 1]  (4, 10)
1000_4___3__    8   3  [0, 0, 9, 0, 8, 1, 0, 0]  (4, 10)
600_2___3__    7   3  [0, 3, 6, 0, 4, 5, 1]  (4, 5)
600_3___3__    7   3  [0, 3, 6, 0, 4, 5, 1]  (4, 8)
1000_3___3__    7   3  [0, 6, 3, 0, 8, 1, 1]  (4, 7)
400_1___3__    6   4  [3, 0, 5, 5, 5, 1]  (2, 4)
400_2___3__    6   3  [0, 10, 0, 4, 5, 1]  (2, 4)
600_1___3__    6   4  [3, 6, 0, 4, 5, 1]  (4, 8)
part_in:(2, 12), all_in:(4, 4), all_out:(2, 12)
less10
600_4___4__    15   0  [1, 2, 1, 0, 2, 4, 0, 0, 1, 0, 1, 0, 1, 1, 0]  (2, 5)
600_5___4__    15   0  [1, 2, 1, 0, 2, 4, 0, 0, 1, 0, 1, 0, 1, 1, 0]  (2, 5)
1000_5___4__    15   0  [1, 0, 1, 1, 0, 2, 4, 0, 0, 1, 2, 0, 1, 1, 0]  (2, 3)
1000_3___4__    14   0  [1, 0, 3, 2, 0, 4, 0, 0, 1, 0, 1, 0, 3, 0]  (0, 2)
1000_4___4__    14   0  [1, 0, 1, 1, 3, 4, 0, 0, 1, 2, 0, 1, 1, 0]  (2, 2)
400_1___4__    13   0  [1, 2, 0, 0, 0, 2, 5, 0, 4, 0, 1, 1, 0]  (1, 2)
400_4___4__    13   2  [2, 1, 0, 2, 4, 0, 0, 1, 0, 1, 0, 1, 2]  (2, 2)
400_5___4__    13   2  [2, 1, 0, 2, 4, 0, 0, 1, 0, 1, 0, 3, 0]  (2, 2)
600_1___4__    13   2  [1, 1, 0, 0, 2, 5, 0, 2, 1, 0, 1, 1, 0]  (2, 4)
600_3___4__    13   2  [2, 1, 0, 2, 4, 0, 0, 1, 0, 1, 0, 3, 0]  (2, 3)
1000_2___4__    13   0  [1, 0, 3, 3, 4, 0, 0, 1, 0, 1, 0, 3, 0]  (2, 3)
400_3___4__    12   2  [2, 0, 0, 3, 4, 0, 2, 0, 1, 0, 1, 2]  (1, 2)
600_2___4__    12   2  [3, 0, 0, 2, 4, 0, 0, 2, 1, 0, 3, 0]  (2, 3)
400_2___4__    11   0  [2, 1, 1, 3, 4, 0, 3, 1, 0, 1, 2]  (1, 2)
1000_1___4__    11   2  [1, 2, 0, 2, 5, 0, 1, 2, 0, 3, 0]  (2, 2)
part_in:(0, 5), all_in:(2, 2), all_out:(0, 5)
row1
1000_5___5__    17   3  [0, 2, 0, 1, 0, 0, 0, 0, 0, 0, 2, 0, 2, 0, 1, 0, 1]  (2, 8)
400_5___5__    16   3  [0, 3, 1, 0, 0, 0, 1, 3, 0, 0, 1, 0, 1, 0, 0, 0]  (2, 8)
1000_2___5__    15   2  [0, 0, 2, 0, 1, 0, 2, 0, 0, 3, 3, 1, 0, 0, 0]  (4, 8)
1000_4___5__    15   3  [0, 2, 0, 1, 0, 2, 1, 1, 1, 0, 1, 0, 1, 0, 1]  (3, 8)
600_4___5__    14   3  [0, 2, 0, 1, 0, 2, 0, 0, 3, 0, 2, 1, 0, 1]  (1, 8)
1000_1___5__    14   2  [0, 0, 3, 1, 0, 2, 0, 3, 0, 3, 1, 0, 0, 0]  (4, 8)
1000_3___5__    14   3  [0, 2, 0, 1, 0, 2, 1, 3, 0, 2, 1, 0, 0, 0]  (3, 8)
400_4___5__    13   3  [0, 3, 1, 0, 2, 0, 0, 3, 0, 2, 1, 0, 1]  (3, 8)
600_5___5__    13   3  [0, 2, 0, 1, 0, 3, 0, 3, 0, 2, 1, 0, 1]  (1, 8)
400_2___5__    12   2  [0, 0, 5, 0, 2, 1, 3, 0, 2, 1, 0, 1]  (4, 8)
400_3___5__    12   2  [0, 0, 5, 0, 2, 1, 3, 0, 2, 1, 0, 1]  (3, 8)
600_2___5__    12   3  [0, 3, 1, 0, 3, 0, 3, 0, 2, 1, 0, 1]  (4, 8)
600_3___5__    12   3  [0, 3, 1, 0, 3, 0, 3, 0, 2, 1, 0, 1]  (1, 8)
600_1___5__    11   4  [2, 0, 1, 0, 3, 3, 0, 3, 1, 0, 1]  (3, 8)
400_1___5__    10   4  [3, 1, 0, 2, 0, 4, 3, 1, 0, 1]  (4, 8)
part_in:(1, 3), all_in:(4, 8), all_out:(1, 8)
row2
600_3___6__    12   0  [0, 1, 2, 0, 2, 5, 4, 1, 0, 0, 2, 0]  (18, 30)
400_5___6__    11   1  [1, 0, 2, 2, 1, 3, 3, 3, 0, 2, 0]  (23, 30)
600_4___6__    11   0  [0, 1, 2, 0, 2, 5, 4, 2, 0, 2, 0]  (15, 30)
1000_3___6__    11   0  [0, 1, 3, 2, 5, 3, 2, 0, 0, 2, 0]  (20, 30)
1000_4___6__    11   1  [1, 1, 1, 2, 5, 1, 1, 3, 0, 2, 0]  (18, 30)
1000_5___6__    11   1  [1, 0, 5, 1, 3, 1, 1, 3, 0, 2, 0]  (19, 30)
400_1___6__    10   0  [2, 3, 1, 0, 1, 3, 7, 0, 2, 0]  (30, 30)
400_2___6__    10   0  [0, 1, 3, 2, 1, 3, 7, 0, 2, 0]  (30, 31)
400_3___6__    10   0  [0, 1, 3, 2, 5, 3, 3, 0, 2, 0]  (30, 32)
600_2___6__    10   0  [0, 1, 2, 0, 2, 5, 4, 2, 3, 0]  (19, 30)
1000_2___6__    10   1  [1, 0, 2, 4, 3, 3, 3, 0, 2, 0]  (20, 30)
400_4___6__    9   1  [1, 3, 2, 5, 3, 3, 0, 2, 0]  (29, 30)
600_1___6__    9   0  [2, 2, 0, 1, 6, 6, 0, 3, 0]  (17, 30)
600_5___6__    9   3  [3, 2, 1, 3, 4, 2, 0, 2, 0]  (16, 30)
1000_1___6__    9   1  [1, 7, 0, 3, 3, 3, 0, 2, 0]  (24, 30)
part_in:(15, 32), all_in:(30, 30), all_out:(15, 32)
row3
400_5___7__    14   1  [1, 0, 2, 0, 1, 1, 3, 3, 0, 1, 0, 1, 1, 0]  (11, 22)
600_1___7__    12   0  [0, 4, 0, 0, 7, 3, 2, 0, 0, 0, 1, 0]  (11, 25)
600_3___7__    12   0  [0, 4, 0, 0, 1, 0, 4, 3, 0, 1, 2, 2]  (11, 27)
400_2___7__    11   1  [1, 3, 0, 1, 0, 0, 3, 3, 3, 1, 2]  (11, 12)
400_4___7__    11   1  [4, 1, 1, 2, 2, 3, 2, 0, 1, 1, 0]  (11, 15)
600_2___7__    11   1  [1, 2, 0, 0, 7, 3, 2, 0, 0, 0, 2]  (11, 23)
600_4___7__    10   1  [1, 2, 0, 0, 1, 5, 3, 5, 1, 0]  (11, 30)
600_5___7__    10   1  [5, 0, 1, 1, 3, 3, 3, 1, 1, 0]  (11, 29)
1000_3___7__    10   1  [1, 4, 1, 0, 4, 3, 2, 2, 1, 0]  (11, 24)
1000_5___7__    10   1  [1, 0, 3, 1, 1, 3, 1, 1, 5, 2]  (11, 25)
400_3___7__    9   1  [1, 4, 1, 0, 4, 3, 3, 1, 2]  (11, 11)
1000_2___7__    9   1  [1, 4, 2, 0, 3, 3, 5, 1, 0]  (11, 24)
1000_4___7__    9   1  [3, 2, 1, 5, 1, 1, 5, 1, 0]  (11, 27)
400_1___7__    8   1  [1, 4, 1, 0, 0, 3, 9, 2]  (11, 12)
1000_1___7__    7   1  [1, 4, 2, 8, 5, 1, 0]  (11, 19)
part_in:(13, 30), all_in:(11, 12), all_out:(11, 30)
row4
400_5___8__    16   0  [0, 1, 0, 0, 1, 0, 1, 4, 2, 0, 0, 1, 0, 1, 2, 0]  (1, 1)
400_4___8__    15   0  [0, 1, 0, 0, 1, 0, 1, 6, 0, 0, 0, 1, 2, 2, 0]  (1, 1)
1000_4___8__    14   4  [0, 1, 0, 0, 0, 2, 1, 1, 0, 1, 2, 1, 2, 0]  (0, 1)
1000_5___8__    13   4  [0, 1, 0, 1, 2, 3, 0, 1, 1, 0, 1, 2, 0]  (1, 2)
400_1___8__    12   0  [0, 1, 0, 2, 0, 0, 6, 1, 1, 4, 2, 0]  (1, 1)
400_2___8__    12   0  [0, 2, 2, 0, 0, 1, 3, 2, 1, 4, 2, 0]  (1, 1)
600_5___8__    12   0  [2, 1, 2, 1, 4, 1, 0, 1, 2, 1, 2, 0]  (1, 1)
1000_3___8__    12   4  [2, 0, 1, 0, 3, 1, 0, 1, 2, 1, 2, 0]  (1, 1)
400_3___8__    11   0  [0, 1, 0, 2, 0, 2, 3, 2, 1, 7, 0]  (1, 1)
600_4___8__    11   0  [4, 2, 1, 6, 0, 1, 1, 0, 1, 2, 0]  (1, 2)
600_1___8__    10   0  [2, 3, 0, 0, 6, 1, 1, 4, 2, 0]  (1, 3)
600_2___8__    10   0  [3, 2, 0, 6, 2, 1, 1, 2, 2, 0]  (1, 2)
600_3___8__    10   4  [2, 0, 6, 1, 0, 1, 1, 2, 2, 0]  (1, 2)
1000_1___8__    8   8  [0, 1, 4, 1, 1, 4, 2, 0]  (0, 1)
1000_2___8__    7   7  [0, 2, 6, 1, 4, 2, 0]  (1, 1)
part_in:(0, 3), all_in:(1, 1), all_out:(0, 3)
sum16
1000_3___9__    14   0  [3, 2, 0, 1, 2, 0, 1, 0, 0, 1, 2, 0, 0, 3]  (37, 38)
600_2___9__    13   2  [0, 2, 0, 0, 1, 3, 1, 0, 0, 1, 2, 0, 4]  (35, 38)
600_3___9__    13   4  [1, 0, 0, 1, 3, 1, 0, 0, 1, 2, 0, 2, 1]  (33, 38)
1000_5___9__    13   1  [2, 2, 0, 1, 3, 1, 0, 0, 1, 2, 0, 0, 3]  (32, 38)
600_4___9__    12   2  [1, 1, 0, 0, 1, 3, 1, 0, 0, 1, 4, 3]  (33, 38)
1000_4___9__    12   4  [2, 0, 1, 3, 1, 0, 0, 1, 2, 0, 0, 3]  (37, 38)
400_1___9__    11   3  [3, 0, 1, 3, 1, 0, 0, 0, 0, 4, 3]  (35, 38)
400_2___9__    11   4  [2, 0, 1, 5, 0, 0, 0, 0, 3, 0, 3]  (36, 38)
400_3___9__    11   4  [2, 0, 1, 5, 0, 0, 0, 0, 3, 0, 3]  (34, 38)
400_4___9__    11   4  [1, 1, 1, 5, 0, 0, 0, 0, 3, 0, 3]  (34, 38)
400_5___9__    11   2  [1, 2, 0, 1, 5, 0, 0, 1, 3, 0, 3]  (32, 38)
600_5___9__    11   2  [1, 3, 1, 5, 0, 0, 1, 3, 0, 1, 1]  (35, 38)
1000_2___9__    10   6  [0, 0, 4, 0, 1, 1, 1, 2, 1, 3]  (38, 39)
600_1___9__    9   3  [2, 0, 0, 7, 1, 1, 3, 0, 3]  (33, 38)
1000_1___9__    9   3  [4, 4, 2, 0, 0, 1, 3, 0, 3]  (34, 38)
part_in:(32, 39), all_in:(38, 38), all_out:(32, 39)
gap16
600_4___10__    14   5  [0, 1, 0, 0, 0, 0, 1, 0, 2, 0, 1, 1, 2, 2]  (22, 28)
600_5___10__    12   5  [0, 1, 0, 0, 3, 0, 2, 0, 1, 1, 2, 2]  (21, 28)
1000_5___10__    12   3  [1, 0, 1, 2, 0, 1, 0, 2, 0, 1, 1, 5]  (20, 28)
400_3___10__    11   1  [1, 2, 2, 1, 2, 0, 2, 0, 1, 1, 5]  (25, 28)
400_4___10__    11   1  [1, 2, 2, 1, 2, 0, 2, 0, 1, 1, 5]  (24, 28)
400_5___10__    11   1  [0, 0, 2, 2, 0, 1, 1, 0, 2, 2, 7]  (21, 28)
600_1___10__    10   3  [1, 0, 1, 3, 1, 0, 2, 4, 2, 2]  (24, 28)
600_2___10__    10   3  [2, 2, 1, 2, 0, 2, 0, 3, 2, 2]  (22, 28)
600_3___10__    10   6  [1, 2, 2, 0, 2, 0, 1, 1, 2, 2]  (23, 28)
1000_2___10__    10   3  [1, 0, 4, 2, 0, 2, 0, 1, 1, 5]  (20, 28)
1000_3___10__    10   3  [1, 0, 4, 2, 0, 2, 0, 1, 1, 5]  (20, 28)
400_1___10__    9   1  [3, 2, 3, 1, 0, 2, 0, 3, 5]  (27, 28)
400_2___10__    9   3  [1, 0, 2, 4, 0, 2, 0, 3, 5]  (26, 28)
1000_4___10__    9   5  [0, 4, 2, 0, 2, 2, 1, 2, 2]  (20, 28)
1000_1___10__    7   3  [1, 0, 7, 0, 2, 4, 5]  (23, 28)
part_in:(20, 26), all_in:(27, 28), all_out:(20, 28)
sum25
600_3___11__    12   0  [2, 0, 0, 0, 0, 2, 1, 6, 4, 0, 1, 1]  (30, 35)
600_4___11__    12   0  [2, 0, 0, 0, 0, 2, 1, 6, 2, 1, 0, 3]  (30, 36)
400_4___11__    11   0  [2, 0, 0, 1, 4, 5, 0, 2, 1, 0, 3]  (29, 30)
400_5___11__    11   0  [0, 1, 0, 0, 1, 4, 6, 2, 1, 0, 3]  (30, 30)
600_5___11__    11   0  [0, 1, 0, 0, 1, 2, 8, 2, 1, 0, 3]  (30, 32)
1000_5___11__    11   0  [0, 1, 0, 0, 1, 10, 0, 2, 1, 0, 3]  (30, 34)
400_2___11__    10   0  [2, 1, 1, 2, 7, 0, 2, 1, 0, 3]  (25, 30)
400_3___11__    10   3  [0, 0, 1, 2, 7, 0, 2, 1, 0, 3]  (27, 30)
1000_3___11__    10   3  [0, 0, 1, 2, 7, 0, 2, 1, 0, 3]  (30, 36)
1000_4___11__    10   0  [2, 0, 0, 1, 10, 0, 2, 1, 0, 3]  (30, 34)
600_2___11__    9   0  [2, 1, 1, 4, 4, 1, 4, 0, 3]  (30, 32)
1000_2___11__    9   0  [2, 1, 0, 0, 10, 0, 4, 0, 3]  (30, 36)
600_1___11__    8   0  [2, 1, 1, 4, 4, 1, 5, 3]  (30, 35)
400_1___11__    7   2  [0, 1, 1, 10, 0, 5, 3]  (28, 30)
1000_1___11__    5   0  [2, 1, 13, 5, 3]  (26, 30)
part_in:(25, 36), all_in:(30, 30), all_out:(25, 36)
gap25
600_2___12__    12   0  [0, 0, 3, 2, 3, 0, 0, 2, 4, 2, 1, 0]  (8, 14)
600_4___12__    12   0  [0, 1, 0, 1, 2, 3, 0, 0, 3, 3, 4, 0]  (8, 14)
1000_2___12__    11   0  [0, 2, 4, 1, 1, 0, 0, 2, 4, 4, 0]  (12, 14)
600_1___12__    10   0  [1, 1, 1, 6, 0, 0, 2, 7, 1, 0]  (9, 14)
600_3___12__    10   0  [3, 1, 2, 3, 0, 0, 7, 2, 1, 0]  (10, 14)
1000_1___12__    9   1  [0, 8, 1, 0, 0, 2, 4, 4, 0]  (10, 14)
400_3___12__    8   0  [8, 1, 1, 0, 0, 2, 0, 9]  (12, 14)
400_4___12__    8   2  [6, 3, 0, 0, 2, 0, 8, 0]  (10, 14)
600_5___12__    8   0  [8, 1, 1, 0, 0, 7, 4, 0]  (10, 14)
1000_3___12__    8   0  [0, 2, 8, 0, 0, 2, 9, 0]  (11, 14)
400_1___12__    7   2  [1, 4, 3, 0, 0, 2, 10]  (14, 15)
400_2___12__    7   9  [1, 1, 0, 0, 2, 0, 9]  (11, 14)
400_5___12__    7   2  [6, 1, 1, 0, 0, 12, 0]  (9, 14)
1000_4___12__    7   0  [0, 2, 8, 0, 0, 12, 0]  (12, 14)
1000_5___12__    7   0  [3, 6, 1, 0, 0, 12, 0]  (12, 14)
part_in:(8, 15), all_in:(14, 14), all_out:(8, 15)
sum34
400_5___13__    14   0  [0, 0, 0, 1, 0, 0, 4, 3, 1, 1, 0, 2, 0, 3]  (26, 29)
600_5___13__    14   0  [0, 0, 0, 1, 0, 0, 2, 0, 4, 1, 1, 0, 3, 3]  (26, 28)
600_3___13__    13   0  [0, 0, 0, 2, 0, 2, 1, 3, 3, 0, 0, 2, 3]  (26, 32)
600_4___13__    13   0  [1, 0, 1, 0, 0, 4, 3, 1, 1, 0, 0, 2, 3]  (26, 32)
1000_4___13__    13   0  [1, 0, 1, 0, 0, 4, 3, 1, 1, 0, 2, 0, 3]  (26, 32)
1000_5___13__    13   0  [0, 0, 0, 1, 0, 0, 8, 0, 0, 1, 0, 3, 3]  (26, 31)
600_2___13__    12   0  [1, 0, 0, 1, 0, 2, 1, 2, 0, 3, 4, 3]  (26, 29)
400_1___13__    11   0  [0, 1, 1, 0, 0, 2, 1, 7, 1, 2, 3]  (26, 29)
400_2___13__    11   0  [1, 0, 2, 0, 2, 1, 3, 3, 1, 2, 3]  (26, 27)
400_3___13__    11   2  [0, 2, 0, 2, 1, 3, 3, 0, 0, 2, 3]  (26, 27)
400_4___13__    11   0  [1, 0, 2, 0, 4, 5, 1, 0, 2, 0, 3]  (26, 28)
1000_2___13__    11   0  [1, 0, 0, 1, 0, 2, 1, 3, 3, 4, 3]  (26, 32)
1000_3___13__    11   0  [1, 0, 2, 0, 2, 1, 3, 3, 0, 3, 3]  (26, 33)
600_1___13__    10   0  [0, 2, 1, 0, 2, 1, 3, 3, 4, 3]  (26, 33)
1000_1___13__    9   0  [1, 3, 0, 2, 5, 3, 0, 3, 3]  (25, 26)
part_in:(28, 33), all_in:(26, 27), all_out:(26, 33)
gap12
400_4___14__    13   0  [0, 1, 3, 1, 1, 3, 3, 0, 1, 1, 0, 2, 0]  (3, 4)
400_5___14__    13   0  [0, 1, 3, 1, 1, 0, 2, 4, 1, 1, 0, 2, 0]  (3, 4)
400_3___14__    12   1  [1, 3, 1, 5, 3, 0, 1, 1, 0, 0, 1, 0]  (2, 3)
600_3___14__    12   0  [6, 3, 0, 2, 3, 0, 1, 1, 0, 1, 0, 0]  (3, 7)
600_4___14__    12   0  [0, 1, 3, 3, 3, 3, 0, 1, 1, 0, 2, 0]  (3, 8)
600_5___14__    12   0  [2, 3, 1, 1, 3, 3, 0, 1, 1, 0, 2, 0]  (3, 4)
1000_3___14__    12   7  [3, 3, 0, 1, 0, 0, 1, 1, 0, 0, 1, 0]  (3, 3)
400_2___14__    11   1  [5, 1, 5, 3, 0, 1, 1, 0, 0, 1, 0]  (2, 3)
1000_2___14__    11   7  [2, 0, 3, 0, 1, 0, 0, 3, 0, 2, 0]  (2, 3)
1000_4___14__    11   3  [3, 3, 3, 0, 2, 0, 1, 2, 0, 1, 0]  (3, 3)
400_1___14__    10   7  [1, 0, 4, 3, 0, 1, 2, 0, 1, 0]  (2, 3)
600_2___14__    9   0  [6, 3, 3, 3, 0, 3, 0, 2, 0]  (3, 5)
1000_5___14__    9   7  [7, 0, 2, 0, 1, 1, 0, 2, 0]  (3, 5)
1000_1___14__    8   10  [0, 3, 2, 1, 3, 0, 2, 0]  (2, 3)
600_1___14__    7   7  [3, 3, 3, 0, 4, 2, 0]  (3, 8)
part_in:(2, 8), all_in:(3, 3), all_out:(2, 8)
gap23
1000_4___15__    13   1  [0, 0, 1, 0, 1, 2, 0, 0, 1, 4, 1, 0, 5]  (1, 3)
600_1___15__    11   3  [1, 0, 1, 2, 1, 1, 1, 2, 2, 2, 2]  (1, 1)
600_2___15__    10   2  [0, 1, 0, 1, 4, 1, 1, 2, 2, 5]  (0, 1)
600_5___15__    10   3  [1, 0, 1, 3, 0, 1, 2, 1, 2, 5]  (0, 1)
1000_3___15__    10   0  [2, 1, 0, 1, 2, 0, 2, 1, 2, 8]  (1, 2)
1000_5___15__    10   2  [0, 1, 0, 1, 2, 5, 2, 1, 0, 5]  (1, 3)
400_4___15__    8   2  [0, 2, 1, 3, 5, 1, 1, 6]  (1, 2)
600_3___15__    8   2  [0, 2, 1, 4, 1, 4, 2, 5]  (0, 1)
1000_2___15__    8   1  [1, 1, 0, 1, 2, 2, 5, 8]  (1, 2)
400_1___15__    7   3  [1, 2, 4, 0, 2, 2, 8]  (1, 4)
400_2___15__    7   1  [1, 1, 2, 4, 0, 5, 8]  (1, 4)
400_5___15__    7   2  [0, 2, 1, 6, 2, 1, 8]  (1, 2)
600_4___15__    7   3  [2, 1, 4, 1, 4, 2, 5]  (0, 1)
400_3___15__    5   3  [2, 1, 4, 6, 8]  (1, 4)
1000_1___15__    5   3  [1, 2, 11, 2, 5]  (1, 2)
part_in:(0, 4), all_in:(1, 1), all_out:(0, 4)
gap34
1000_4___16__    17   1  [1, 0, 0, 1, 0, 2, 1, 0, 2, 0, 2, 1, 1, 0, 0, 0, 0]  (3, 8)
1000_5___16__    14   1  [2, 0, 1, 3, 1, 0, 2, 0, 2, 1, 1, 1, 0, 0]  (3, 8)
400_1___16__    13   0  [0, 1, 0, 0, 1, 5, 0, 3, 2, 1, 1, 2, 0]  (6, 8)
400_4___16__    13   1  [2, 0, 1, 2, 2, 0, 2, 0, 2, 1, 3, 0, 0]  (4, 8)
400_5___16__    13   1  [2, 2, 2, 1, 0, 0, 2, 0, 2, 1, 3, 0, 0]  (4, 8)
600_4___16__    13   1  [1, 0, 0, 7, 0, 2, 0, 2, 1, 1, 1, 0, 0]  (4, 8)
400_2___16__    12   0  [0, 2, 0, 1, 5, 0, 3, 2, 1, 1, 2, 0]  (3, 8)
400_3___16__    12   1  [2, 0, 1, 5, 0, 2, 0, 2, 1, 3, 0, 0]  (3, 8)
600_2___16__    12   1  [2, 0, 7, 0, 2, 0, 2, 1, 1, 1, 0, 0]  (5, 8)
600_3___16__    12   1  [2, 0, 7, 0, 2, 0, 2, 1, 1, 1, 0, 0]  (5, 8)
1000_2___16__    12   1  [2, 0, 1, 5, 0, 2, 0, 4, 1, 1, 0, 0]  (3, 8)
1000_3___16__    12   1  [2, 0, 1, 5, 0, 3, 2, 1, 1, 1, 0, 0]  (4, 8)
600_5___16__    11   1  [2, 2, 5, 0, 2, 0, 2, 1, 3, 0, 0]  (5, 8)
1000_1___16__    11   1  [1, 0, 0, 1, 5, 0, 3, 4, 1, 2, 0]  (4, 8)
600_1___16__    9   1  [2, 8, 0, 2, 0, 4, 1, 2, 0]  (4, 8)
part_in:(3, 5), all_in:(6, 8), all_out:(3, 8)
gap45
600_4___17__    14   0  [0, 1, 5, 0, 2, 0, 1, 1, 0, 0, 0, 2, 3, 0]  (3, 5)
600_5___17__    14   0  [0, 1, 5, 0, 1, 1, 1, 1, 0, 1, 2, 2, 0, 0]  (4, 5)
1000_5___17__    14   0  [0, 1, 0, 3, 1, 1, 1, 1, 1, 0, 1, 2, 0, 3]  (5, 6)
400_4___17__    12   1  [1, 5, 0, 2, 0, 1, 1, 0, 1, 2, 3, 0]  (3, 5)
400_5___17__    12   0  [0, 1, 5, 0, 3, 1, 1, 0, 1, 2, 3, 0]  (3, 5)
600_2___17__    12   0  [0, 1, 5, 0, 3, 1, 2, 1, 0, 1, 3, 0]  (3, 5)
1000_4___17__    12   0  [0, 1, 4, 1, 2, 0, 1, 1, 0, 1, 2, 4]  (5, 6)
400_3___17__    11   0  [0, 1, 5, 0, 5, 2, 1, 1, 0, 3, 0]  (4, 5)
600_3___17__    11   0  [0, 1, 5, 0, 3, 1, 1, 0, 1, 2, 4]  (3, 5)
1000_2___17__    11   0  [0, 6, 0, 0, 0, 4, 2, 1, 1, 0, 4]  (5, 6)
600_1___17__    9   3  [4, 1, 0, 2, 1, 2, 2, 5, 0]  (2, 5)
400_1___17__    8   0  [0, 4, 2, 0, 3, 4, 4, 4]  (4, 5)
400_2___17__    8   1  [7, 0, 5, 2, 1, 2, 3, 0]  (3, 5)
1000_3___17__    8   0  [3, 5, 3, 1, 2, 1, 2, 4]  (5, 5)
1000_1___17__    4   0  [9, 0, 4, 12]  (3, 5)
part_in:(2, 6), all_in:(5, 5), all_out:(2, 6)
gap56
400_3___18__    13   1  [1, 2, 0, 2, 5, 1, 0, 1, 0, 1, 2, 0, 0]  (9, 11)
400_4___18__    13   1  [4, 0, 2, 0, 4, 1, 0, 1, 0, 1, 2, 0, 0]  (9, 11)
600_5___18__    13   1  [4, 0, 2, 0, 4, 1, 0, 1, 0, 1, 2, 0, 0]  (6, 11)
400_5___18__    12   1  [4, 3, 0, 4, 1, 0, 1, 0, 1, 2, 0, 0]  (6, 11)
600_4___18__    12   1  [4, 0, 2, 0, 4, 1, 0, 1, 0, 1, 3, 0]  (5, 11)
1000_4___18__    11   1  [2, 1, 4, 4, 1, 0, 1, 0, 1, 3, 0]  (5, 11)
400_2___18__    10   1  [1, 2, 0, 1, 8, 0, 2, 1, 3, 0]  (11, 13)
1000_2___18__    10   1  [1, 2, 3, 0, 6, 2, 0, 1, 3, 0]  (5, 11)
1000_5___18__    10   1  [1, 0, 1, 2, 1, 9, 0, 1, 3, 0]  (2, 11)
1000_1___18__    9   3  [2, 0, 0, 2, 4, 1, 3, 5, 0]  (10, 11)
600_3___18__    8   1  [4, 0, 2, 5, 4, 0, 5, 0]  (5, 11)
600_1___18__    7   1  [1, 2, 0, 8, 1, 9, 0]  (6, 11)
1000_3___18__    7   3  [2, 9, 1, 2, 0, 5, 0]  (4, 11)
400_1___18__    6   1  [4, 11, 0, 2, 5, 0]  (9, 11)
600_2___18__    6   1  [4, 0, 8, 1, 9, 0]  (8, 11)
part_in:(2, 13), all_in:(11, 11), all_out:(2, 13)
ball
400_1___19__    20   0  [0, 1, 0, 0, 0, 0, 0, 0, 2, 0, 2, 0, 2, 0, 0, 1, 0, 1, 0, 0]  (2, 4)
400_2___19__    19   0  [0, 1, 0, 0, 0, 0, 1, 2, 0, 2, 0, 2, 0, 0, 1, 0, 1, 0, 0]  (3, 4)
400_5___19__    19   0  [0, 1, 0, 0, 1, 0, 3, 0, 2, 0, 0, 1, 0, 0, 1, 0, 1, 0, 0]  (2, 4)
600_2___19__    19   0  [0, 1, 0, 0, 0, 0, 0, 0, 2, 0, 2, 0, 2, 0, 2, 0, 1, 0, 0]  (3, 4)
600_4___19__    19   0  [0, 1, 0, 0, 1, 0, 3, 0, 2, 0, 0, 1, 0, 0, 1, 0, 1, 0, 0]  (4, 4)
600_5___19__    19   0  [0, 1, 0, 0, 1, 0, 3, 0, 2, 0, 0, 1, 0, 0, 1, 0, 1, 0, 0]  (3, 4)
1000_4___19__    19   0  [0, 1, 0, 0, 1, 1, 2, 0, 2, 0, 0, 1, 0, 0, 1, 0, 1, 0, 0]  (3, 4)
400_3___19__    18   0  [0, 1, 0, 0, 0, 0, 4, 0, 2, 0, 2, 0, 0, 1, 0, 1, 0, 0]  (2, 4)
400_4___19__    18   0  [0, 1, 0, 0, 1, 4, 0, 2, 0, 0, 1, 0, 0, 1, 0, 1, 0, 0]  (2, 4)
600_1___19__    18   0  [0, 2, 0, 0, 0, 1, 2, 0, 2, 0, 2, 0, 0, 1, 0, 1, 0, 0]  (4, 4)
600_3___19__    18   0  [0, 1, 0, 0, 1, 0, 3, 0, 2, 0, 2, 0, 0, 1, 0, 1, 0, 0]  (4, 4)
1000_2___19__    18   0  [0, 1, 0, 0, 1, 1, 2, 0, 2, 0, 2, 0, 0, 1, 0, 1, 0, 0]  (3, 4)
1000_5___19__    18   0  [0, 1, 0, 0, 1, 4, 0, 2, 0, 0, 1, 0, 0, 1, 0, 1, 0, 0]  (4, 4)
1000_1___19__    17   0  [0, 2, 0, 1, 1, 2, 0, 2, 0, 2, 0, 0, 1, 0, 1, 0, 0]  (4, 4)
1000_3___19__    17   0  [0, 1, 0, 0, 1, 4, 0, 2, 0, 2, 0, 0, 1, 0, 1, 0, 0]  (3, 4)
part_in:(2, 2), all_in:(3, 4), all_out:(2, 4)
ball_column
600_4___20__    12   0  [1, 0, 1, 0, 1, 9, 1, 3, 1, 0, 0, 0]  (6, 7)
1000_4___20__    12   0  [1, 0, 1, 2, 6, 2, 4, 0, 1, 0, 0, 0]  (6, 7)
600_5___20__    11   0  [1, 0, 1, 2, 9, 1, 3, 1, 0, 0, 0]  (6, 7)
1000_2___20__    11   2  [0, 0, 1, 1, 9, 4, 0, 0, 1, 0, 0]  (6, 8)
400_2___20__    10   0  [1, 0, 1, 2, 0, 6, 3, 2, 3, 1]  (6, 6)
400_5___20__    10   2  [0, 1, 2, 4, 1, 2, 1, 3, 2, 1]  (4, 6)
1000_3___20__    10   3  [1, 2, 6, 2, 4, 0, 0, 1, 0, 0]  (6, 6)
1000_5___20__    10   0  [2, 1, 2, 6, 2, 5, 1, 0, 0, 0]  (6, 9)
400_4___20__    9   3  [1, 2, 4, 1, 2, 1, 3, 2, 1]  (5, 6)
400_1___20__    8   3  [0, 0, 2, 0, 0, 7, 8, 1]  (6, 6)
600_2___20__    8   2  [0, 2, 1, 11, 3, 2, 0, 0]  (4, 6)
600_3___20__    8   0  [2, 2, 1, 11, 3, 1, 0, 1]  (6, 6)
1000_1___20__    8   2  [1, 3, 0, 5, 2, 8, 0, 0]  (6, 8)
400_3___20__    7   3  [1, 2, 6, 4, 2, 3, 1]  (5, 6)
600_1___20__    6   0  [2, 2, 1, 17, 0, 1]  (6, 6)
part_in:(4, 9), all_in:(6, 6), all_out:(4, 9)
blue_sort
1000_5___21__    14   0  [1, 0, 0, 0, 1, 4, 0, 2, 1, 2, 0, 0, 1, 3]  (5, 15)
1000_4___21__    13   0  [1, 0, 1, 0, 0, 4, 3, 1, 2, 0, 0, 1, 3]  (11, 15)
600_4___21__    12   0  [1, 0, 1, 0, 0, 3, 4, 1, 2, 0, 3, 2]  (9, 15)
600_5___21__    12   0  [1, 0, 1, 0, 0, 3, 4, 1, 2, 0, 1, 4]  (6, 15)
1000_3___21__    11   0  [1, 0, 1, 0, 0, 2, 1, 5, 2, 0, 6]  (11, 15)
400_1___21__    10   0  [1, 0, 1, 1, 4, 5, 3, 2, 0, 2]  (13, 15)
400_5___21__    10   0  [1, 0, 1, 1, 1, 0, 5, 1, 3, 6]  (6, 15)
600_2___21__    10   0  [1, 0, 1, 1, 8, 1, 2, 0, 3, 2]  (10, 15)
600_3___21__    10   0  [1, 0, 1, 1, 8, 1, 2, 0, 3, 2]  (10, 15)
400_3___21__    9   0  [1, 0, 1, 1, 1, 5, 0, 5, 6]  (10, 15)
400_4___21__    9   0  [1, 0, 1, 1, 8, 1, 3, 3, 2]  (10, 15)
400_2___21__    8   0  [1, 0, 1, 1, 4, 3, 5, 6]  (10, 15)
1000_1___21__    8   0  [1, 0, 1, 0, 0, 14, 2, 3]  (11, 15)
1000_2___21__    8   0  [1, 0, 1, 0, 0, 4, 5, 10]  (14, 15)
600_1___21__    7   0  [1, 0, 1, 1, 8, 9, 2]  (13, 15)
part_in:(5, 12), all_in:(13, 15), all_out:(5, 15)
