red1
0:[0.0, 68.1, 0.0, 33.9, 0.0, 119.6]
1:[1.9, 66.2, 0.1, 33.8, 2.2, 117.4]
2:[68.1, 0.0, 33.9, 0.0, 119.6, 0.0]
3:[60.1, 8.0, 31.2, 2.7, 110.0, 9.6]
4:[54.1, 14.0, 29.6, 4.3, 102.7, 16.9]
5:[35.6, 32.5, 16.7, 17.2, 61.1, 58.5]
6:[13.2, 54.9, 8.4, 25.5, 27.2, 92.4]
7:[8.8, 59.3, 6.1, 27.8, 18.4, 101.2]
8:[6.4, 61.7, 3.9, 30.0, 11.1, 108.5]
9:[1.5, 66.6, 0.9, 33.0, 2.9, 116.7]
10:[0.0, 68.1, 0.0, 33.9, 0.0, 119.6]

0: -7.5|49.3|101.3
1: 4.0|80.5|154.0
2: -7.7|30.2|67.7
3: 9.2|51.4|102.0
4: -3.6|51.4|108.4
5: 6.1|56.5|108.1

red2
5:[0.0, 50.4, 0.0, 56.0, 0.0, 162.7]
6:[50.4, 0.0, 56.0, 0.0, 162.7, 0.0]
7:[50.4, 0.0, 56.0, 0.0, 162.7, 0.0]
8:[46.0, 4.4, 54.0, 2.0, 154.1, 8.6]
9:[40.0, 10.4, 49.2, 6.8, 139.0, 23.7]
10:[33.4, 17.0, 42.8, 13.2, 120.0, 42.7]
11:[27.0, 23.4, 31.6, 24.4, 90.1, 72.6]
12:[14.7, 35.7, 13.4, 42.6, 41.4, 121.3]
13:[10.1, 40.3, 6.3, 49.7, 22.7, 140.0]
14:[9.5, 40.9, 5.0, 51.0, 19.5, 143.2]
15:[8.6, 41.8, 3.7, 52.3, 15.9, 146.8]
16:[5.0, 45.4, 1.9, 54.1, 9.0, 153.7]
17:[0.0, 50.4, 0.0, 56.0, 0.0, 162.7]

0: -16.6|35.5|91.4
1: 12.3|71.3|134.1
2: -14.6|19.6|54.4
3: 11.3|50.2|89.2
4: -13.8|41.9|99.9
5: 19.8|87.7|157.6

red3
9:[0.0, 68.1, 0.0, 35.5, 0.0, 113.7]
10:[1.5, 66.6, 0.4, 35.1, 2.4, 111.3]
11:[6.3, 61.8, 2.9, 32.6, 12.2, 101.5]
12:[15.4, 52.7, 8.1, 27.4, 28.2, 85.5]
13:[17.7, 50.4, 9.7, 25.8, 33.4, 80.3]
14:[36.1, 32.0, 19.6, 15.9, 52.5, 61.2]
15:[44.8, 23.3, 24.3, 11.2, 70.8, 42.9]
16:[52.4, 15.7, 29.5, 6.0, 88.4, 25.3]
17:[68.1, 0.0, 35.5, 0.0, 113.7, 0.0]
18:[8.2, 59.9, 4.4, 31.1, 15.8, 97.9]
19:[6.6, 61.5, 2.2, 33.3, 9.9, 103.8]
20:[4.2, 63.9, 2.0, 33.5, 7.9, 105.8]
21:[2.2, 65.9, 0.1, 35.4, 2.0, 111.7]
22:[0.0, 68.1, 0.0, 35.5, 0.0, 113.7]

0: -9.1|39.2|93.2
1: 4.8|51.1|92.8
2: -1.9|26.9|55.0
3: -2.0|30.1|63.7
4: -12.9|46.2|102.7
5: -18.1|51.5|115.6

red4
16:[0.0, 63.5, 0.0, 24.1, 0.0, 104.2]
17:[3.8, 59.7, 1.8, 22.3, 5.0, 99.2]
18:[16.5, 47.0, 6.3, 17.8, 25.9, 78.3]
19:[29.3, 34.2, 9.4, 14.7, 42.8, 61.4]
20:[37.6, 25.9, 14.0, 10.1, 60.1, 44.1]
21:[42.2, 21.3, 17.6, 6.5, 72.1, 32.1]
22:[54.7, 8.8, 20.4, 3.7, 88.3, 15.9]
23:[62.6, 0.9, 22.8, 1.3, 100.9, 3.3]
24:[63.5, 0.0, 24.1, 0.0, 104.2, 0.0]
25:[63.5, 0.0, 24.1, 0.0, 104.2, 0.0]
26:[0.0, 63.5, 0.0, 24.1, 0.0, 104.2]

0: -16.5|39.2|99.4
1: 22.6|68.1|118.8
2: -5.6|27.9|63.3
3: 14.3|43.7|75.8
4: -4.1|50.3|105.2
5: -3.3|55.0|115.4

red5
20:[0.0, 264.9, 0.0, 168.9, 0.0, 109.5]
21:[18.3, 246.6, 11.8, 157.1, 6.7, 102.8]
22:[26.4, 238.5, 15.4, 153.5, 9.9, 99.6]
23:[51.1, 213.8, 29.4, 139.5, 18.0, 91.5]
24:[98.6, 166.3, 58.8, 110.1, 42.1, 67.4]
25:[138.8, 126.1, 80.4, 88.5, 53.5, 56.0]
26:[174.2, 90.7, 104.0, 64.9, 66.8, 42.7]
27:[233.1, 31.8, 144.7, 24.2, 92.9, 16.6]
28:[264.9, 0.0, 168.9, 0.0, 109.5, 0.0]
29:[264.9, 0.0, 168.9, 0.0, 109.5, 0.0]
30:[264.9, 0.0, 168.9, 0.0, 109.5, 0.0]
31:[264.9, 0.0, 168.9, 0.0, 109.5, 0.0]
32:[264.9, 0.0, 168.9, 0.0, 109.5, 0.0]
33:[0.0, 264.9, 0.0, 168.9, 0.0, 109.5]

0: -8.0|51.0|107.1
1: 13.5|76.2|144.0
2: -9.7|26.1|62.1
3: 10.2|46.9|85.4
4: -8.2|46.5|101.9
5: -13.8|48.5|109.8

red6
24:[0.0, 95.0, 0.0, 20.1, 0.0, 84.1]
25:[1.8, 93.2, 0.3, 19.8, 2.3, 81.8]
26:[4.8, 90.2, 1.1, 19.0, 3.8, 80.3]
27:[4.8, 90.2, 1.1, 19.0, 3.8, 80.3]
28:[10.1, 84.9, 1.7, 18.4, 10.7, 73.4]
29:[24.2, 70.8, 4.1, 16.0, 27.8, 56.3]
30:[54.5, 40.5, 10.6, 9.5, 51.3, 32.8]
31:[84.0, 11.0, 17.4, 2.7, 75.7, 8.4]
32:[95.0, 0.0, 20.1, 0.0, 84.1, 0.0]
33:[95.0, 0.0, 20.1, 0.0, 84.1, 0.0]
34:[0.0, 95.0, 0.0, 20.1, 0.0, 84.1]

0: -3.9|49.5|104.2
1: -26.1|27.6|83.3
2: -3.6|28.0|61.8
3: -17.3|15.9|48.5
4: 13.8|73.1|128.7
5: -23.2|36.8|102.6

red_sum_all
93:[0.0, 105.2, 0.0, 37.2, 0.0, 87.4]
94:[1.7, 103.5, 0.2, 37.0, 2.1, 85.3]
95:[1.7, 103.5, 0.2, 37.0, 2.1, 85.3]
96:[1.7, 103.5, 0.2, 37.0, 2.1, 85.3]
97:[1.7, 103.5, 0.2, 37.0, 2.1, 85.3]
98:[4.3, 100.9, 0.7, 36.5, 3.8, 83.6]
99:[4.5, 100.7, 5.5, 31.7, 13.3, 74.1]
100:[4.5, 100.7, 5.5, 31.7, 13.3, 74.1]
101:[6.6, 98.6, 5.7, 31.5, 15.0, 72.4]
102:[6.6, 98.6, 5.7, 31.5, 15.0, 72.4]
103:[10.6, 94.6, 6.9, 30.3, 19.6, 67.8]
104:[10.6, 94.6, 6.9, 30.3, 19.6, 67.8]
105:[10.6, 94.6, 6.9, 30.3, 19.6, 67.8]
106:[15.8, 89.4, 7.8, 29.4, 23.7, 63.7]
107:[18.9, 86.3, 8.9, 28.3, 24.8, 62.6]
108:[18.9, 86.3, 8.9, 28.3, 24.8, 62.6]
109:[21.5, 83.7, 9.3, 27.9, 26.8, 60.6]
110:[25.8, 79.4, 10.9, 26.3, 28.0, 59.4]
111:[32.6, 72.6, 12.5, 24.7, 31.1, 56.3]
112:[40.5, 64.7, 15.6, 21.6, 41.7, 45.7]
113:[43.8, 61.4, 16.4, 20.8, 46.6, 40.8]
114:[48.5, 56.7, 18.2, 19.0, 47.8, 39.6]
115:[105.2, 0.0, 37.2, 0.0, 87.4, 0.0]
116:[53.3, 51.9, 18.4, 18.8, 37.5, 49.9]
117:[50.2, 55.0, 17.3, 19.9, 36.4, 51.0]
118:[50.2, 55.0, 17.3, 19.9, 36.4, 51.0]
119:[43.9, 61.3, 16.0, 21.2, 32.8, 54.6]
120:[37.6, 67.6, 14.1, 23.1, 30.5, 56.9]
121:[34.4, 70.8, 13.2, 24.0, 28.9, 58.5]
122:[32.7, 72.5, 12.5, 24.7, 25.5, 61.9]
123:[27.8, 77.4, 9.0, 28.2, 19.0, 68.4]
124:[25.8, 79.4, 8.5, 28.7, 15.7, 71.7]
125:[13.5, 91.7, 4.6, 32.6, 11.6, 75.8]
126:[13.5, 91.7, 4.6, 32.6, 11.6, 75.8]
127:[10.2, 95.0, 3.6, 33.6, 10.4, 77.0]
128:[7.6, 97.6, 3.3, 33.9, 7.0, 80.4]
129:[4.3, 100.9, 1.7, 35.5, 0.7, 86.7]
130:[4.3, 100.9, 1.7, 35.5, 0.7, 86.7]
131:[4.3, 100.9, 1.7, 35.5, 0.7, 86.7]
132:[4.3, 100.9, 1.7, 35.5, 0.7, 86.7]
133:[4.3, 100.9, 1.7, 35.5, 0.7, 86.7]
134:[4.3, 100.9, 1.7, 35.5, 0.7, 86.7]
135:[0.0, 105.2, 0.0, 37.2, 0.0, 87.4]

0: 1.8|56.7|113.4
1: 2.6|55.4|108.9
2: -9.3|26.3|57.0
3: 7.3|40.7|73.6
4: -26.5|41.6|102.7
5: 0.0|72.0|151.7

red_sum16
30:[0.0, 87.9, 0.0, 33.5, 0.0, 114.1]
31:[4.0, 83.9, 1.1, 32.4, 1.7, 112.4]
32:[10.9, 77.0, 3.2, 30.3, 12.5, 101.6]
33:[19.4, 68.5, 6.6, 26.9, 23.4, 90.7]
34:[41.4, 46.5, 16.2, 17.3, 45.9, 68.2]
35:[87.9, 0.0, 33.5, 0.0, 114.1, 0.0]
36:[35.6, 52.3, 11.2, 22.3, 46.0, 68.1]
37:[24.9, 63.0, 7.4, 26.1, 30.5, 83.6]
38:[13.6, 74.3, 4.7, 28.8, 15.7, 98.4]
39:[3.8, 84.1, 1.3, 32.2, 6.5, 107.6]
40:[3.8, 84.1, 1.3, 32.2, 6.5, 107.6]
41:[0.0, 87.9, 0.0, 33.5, 0.0, 114.1]

0: -3.7|52.5|112.4
1: -15.1|55.9|121.2
2: -9.8|31.6|70.6
3: -4.9|42.7|87.3
4: -1.3|57.0|115.7
5: 7.5|69.3|130.1

red_gap16
19:[0.0, 85.8, 0.0, 23.2, 0.0, 99.3]
20:[1.2, 84.6, 0.7, 22.5, 2.6, 96.7]
21:[6.7, 79.1, 1.5, 21.7, 6.4, 92.9]
22:[13.4, 72.4, 2.1, 21.1, 13.8, 85.5]
23:[15.8, 70.0, 2.4, 20.8, 15.8, 83.5]
24:[23.7, 62.1, 4.0, 19.2, 20.4, 78.9]
25:[34.2, 51.6, 7.3, 15.9, 31.9, 67.4]
26:[52.0, 33.8, 15.1, 8.1, 57.7, 41.6]
27:[66.0, 19.8, 19.1, 4.1, 76.8, 22.5]
28:[79.1, 6.7, 23.0, 0.2, 92.2, 7.1]
29:[83.7, 2.1, 23.2, 0.0, 97.3, 2.0]
30:[85.8, 0.0, 23.2, 0.0, 99.3, 0.0]
31:[85.8, 0.0, 23.2, 0.0, 99.3, 0.0]
32:[0.0, 85.8, 0.0, 23.2, 0.0, 99.3]

0: -30.1|30.0|98.0
1: -9.6|53.6|123.9
2: -21.6|16.2|57.2
3: -1.4|38.0|80.5
4: -18.9|32.4|85.3
5: 24.6|84.5|146.9

red_sum25
25:[0.0, 120.1, 0.0, 35.2, 0.0, 62.3]
26:[3.4, 116.7, 1.3, 33.9, 0.9, 61.4]
27:[7.2, 112.9, 2.1, 33.1, 3.2, 59.1]
28:[7.2, 112.9, 2.1, 33.1, 3.2, 59.1]
29:[14.1, 106.0, 5.0, 30.2, 8.8, 53.5]
30:[22.2, 97.9, 7.2, 28.0, 12.4, 49.9]
31:[25.6, 94.5, 8.6, 26.6, 12.9, 49.4]
32:[35.6, 84.5, 11.3, 23.9, 17.5, 44.8]
33:[49.1, 71.0, 14.7, 20.5, 26.2, 36.1]
34:[65.3, 54.8, 19.9, 15.3, 36.0, 26.3]
35:[80.1, 40.0, 24.1, 11.1, 42.6, 19.7]
36:[80.1, 40.0, 24.1, 11.1, 42.6, 19.7]
37:[93.3, 26.8, 28.8, 6.4, 48.4, 13.9]
38:[120.1, 0.0, 35.2, 0.0, 62.3, 0.0]
39:[20.4, 99.7, 4.9, 30.3, 10.6, 51.7]
40:[4.4, 115.7, 1.0, 34.2, 2.4, 59.9]
41:[0.0, 120.1, 0.0, 35.2, 0.0, 62.3]

0: -23.3|32.8|89.2
1: -6.3|61.9|125.1
2: -18.4|19.6|57.2
3: -3.2|36.9|76.5
4: -7.4|52.2|114.4
5: -6.5|65.2|137.3

red_gap25
6:[0.0, 251.3, 0.0, 157.4, 0.0, 121.5]
7:[4.1, 247.2, 1.4, 156.0, 1.3, 120.2]
8:[23.6, 227.7, 16.3, 141.1, 11.2, 110.3]
9:[30.2, 221.1, 20.6, 136.8, 12.9, 108.6]
10:[32.9, 218.4, 20.8, 136.6, 15.4, 106.1]
11:[52.0, 199.3, 28.0, 129.4, 24.7, 96.8]
12:[54.2, 197.1, 28.4, 129.0, 26.2, 95.3]
13:[80.0, 171.3, 46.1, 111.3, 37.8, 83.7]
14:[134.9, 116.4, 79.2, 78.2, 64.2, 57.3]
15:[163.9, 87.4, 99.1, 58.3, 79.9, 41.6]
16:[184.3, 67.0, 112.5, 44.9, 93.7, 27.8]
17:[215.0, 36.3, 131.7, 25.7, 104.6, 16.9]
18:[251.3, 0.0, 157.4, 0.0, 121.5, 0.0]
19:[251.3, 0.0, 157.4, 0.0, 121.5, 0.0]
20:[251.3, 0.0, 157.4, 0.0, 121.5, 0.0]
21:[251.3, 0.0, 157.4, 0.0, 121.5, 0.0]
22:[251.3, 0.0, 157.4, 0.0, 121.5, 0.0]
23:[251.3, 0.0, 157.4, 0.0, 121.5, 0.0]
24:[251.3, 0.0, 157.4, 0.0, 121.5, 0.0]
25:[251.3, 0.0, 157.4, 0.0, 121.5, 0.0]
26:[251.3, 0.0, 157.4, 0.0, 121.5, 0.0]
27:[0.0, 251.3, 0.0, 157.4, 0.0, 121.5]

0: -21.7|38.6|93.8
1: 0.6|73.0|147.2
2: -11.8|26.8|64.3
3: 4.1|57.6|109.1
4: -22.3|34.5|90.0
5: 36.2|92.7|154.1

red_sum34
26:[0.0, 76.3, 0.0, 25.7, 0.0, 108.2]
27:[1.6, 74.7, 0.5, 25.2, 2.4, 105.8]
28:[3.8, 72.5, 0.8, 24.9, 5.0, 103.2]
29:[3.8, 72.5, 0.8, 24.9, 5.0, 103.2]
30:[6.5, 69.8, 2.5, 23.2, 11.0, 97.2]
31:[9.8, 66.5, 4.5, 21.2, 18.6, 89.6]
32:[16.2, 60.1, 7.9, 17.8, 30.8, 77.4]
33:[27.7, 48.6, 12.0, 13.7, 45.6, 62.6]
34:[33.8, 42.5, 13.2, 12.5, 54.4, 53.8]
35:[42.1, 34.2, 14.7, 11.0, 65.2, 43.0]
36:[53.3, 23.0, 18.2, 7.5, 76.7, 31.5]
37:[55.4, 20.9, 18.4, 7.3, 78.3, 29.9]
38:[60.7, 15.6, 20.3, 5.4, 83.1, 25.1]
39:[64.4, 11.9, 21.6, 4.1, 89.4, 18.8]
40:[67.0, 9.3, 23.5, 2.2, 95.8, 12.4]
41:[71.9, 4.4, 25.4, 0.3, 103.4, 4.8]
42:[76.3, 0.0, 25.7, 0.0, 108.2, 0.0]
43:[2.3, 74.0, 0.1, 25.6, 2.5, 105.7]
44:[0.0, 76.3, 0.0, 25.7, 0.0, 108.2]

0: -12.5|46.4|109.2
1: -7.5|39.6|89.9
2: -3.8|30.1|66.3
3: -14.1|21.9|59.6
4: -10.2|50.8|113.9
5: -3.6|70.7|144.1

red_gap12
-1:[0.0, 40.7, 0.0, 46.4, 0.0, 132.4]
0:[0.6, 40.1, 1.0, 45.4, 2.7, 129.7]
1:[0.6, 40.1, 1.0, 45.4, 2.7, 129.7]
2:[4.8, 35.9, 5.0, 41.4, 14.5, 117.9]
3:[9.6, 31.1, 11.7, 34.7, 32.4, 100.0]
4:[40.7, 0.0, 46.4, 0.0, 132.4, 0.0]
5:[27.8, 12.9, 29.7, 16.7, 86.6, 45.8]
6:[16.3, 24.4, 22.8, 23.6, 61.2, 71.2]
7:[11.3, 29.4, 15.9, 30.5, 42.6, 89.8]
8:[6.9, 33.8, 10.1, 36.3, 26.1, 106.3]
9:[3.1, 37.6, 5.0, 41.4, 12.3, 120.1]
10:[0.4, 40.3, 3.9, 42.5, 7.8, 124.6]
11:[0.1, 40.6, 2.4, 44.0, 4.5, 127.9]
12:[0.0, 40.7, 0.0, 46.4, 0.0, 132.4]

0: 2.6|54.1|106.4
1: 18.8|65.3|114.9
2: -0.1|30.6|61.2
3: 3.8|32.9|66.5
4: -11.8|44.4|101.9
5: -20.7|35.7|87.0

red_gap23
-1:[0.0, 63.4, 0.0, 39.6, 0.0, 137.4]
0:[2.1, 61.3, 0.0, 39.6, 2.0, 135.4]
1:[2.1, 61.3, 0.0, 39.6, 2.0, 135.4]
2:[8.3, 55.1, 4.3, 35.3, 14.9, 122.5]
3:[15.0, 48.4, 7.7, 31.9, 27.7, 109.7]
4:[28.4, 35.0, 13.0, 26.6, 49.5, 87.9]
5:[46.4, 17.0, 20.0, 19.6, 81.7, 55.7]
6:[55.9, 7.5, 29.6, 10.0, 110.0, 27.4]
7:[58.6, 4.8, 34.7, 4.9, 122.8, 14.6]
8:[62.1, 1.3, 38.5, 1.1, 134.1, 3.3]
9:[63.4, 0.0, 39.6, 0.0, 137.4, 0.0]
10:[63.4, 0.0, 39.6, 0.0, 137.4, 0.0]
11:[63.4, 0.0, 39.6, 0.0, 137.4, 0.0]
12:[0.0, 63.4, 0.0, 39.6, 0.0, 137.4]

0: -31.4|30.2|95.9
1: -40.7|29.1|99.3
2: -19.7|19.3|61.7
3: -11.3|31.1|75.6
4: -22.8|38.4|101.6
5: 23.4|92.8|160.9

red_gap34
1:[0.0, 83.7, 0.0, 20.0, 0.0, 93.7]
2:[2.7, 81.0, 0.4, 19.6, 2.0, 91.7]
3:[9.7, 74.0, 3.9, 16.1, 14.5, 79.2]
4:[20.0, 63.7, 6.1, 13.9, 25.3, 68.4]
5:[30.3, 53.4, 8.3, 11.7, 36.5, 57.2]
6:[45.5, 38.2, 11.2, 8.8, 51.6, 42.1]
7:[66.6, 17.1, 14.8, 5.2, 74.3, 19.4]
8:[83.7, 0.0, 20.0, 0.0, 93.7, 0.0]
9:[6.9, 76.8, 1.7, 18.3, 3.9, 89.8]
10:[0.0, 83.7, 0.0, 20.0, 0.0, 93.7]

0: -29.1|26.4|79.2
1: -8.7|45.4|97.3
2: -10.0|19.0|51.7
3: 8.4|35.6|62.8
4: -13.3|46.7|108.2
5: -1.0|62.2|124.0

red_gap45
0:[0.0, 172.8, 0.0, 114.3, 0.0, 96.1]
1:[0.2, 172.6, 2.4, 111.9, 5.0, 91.1]
2:[17.6, 155.2, 10.7, 103.6, 11.8, 84.3]
3:[35.7, 137.1, 24.3, 90.0, 23.5, 72.6]
4:[92.5, 80.3, 62.7, 51.6, 58.4, 37.7]
5:[130.4, 42.4, 86.7, 27.6, 69.7, 26.4]
6:[169.9, 2.9, 112.7, 1.6, 90.4, 5.7]
7:[172.8, 0.0, 114.3, 0.0, 96.1, 0.0]
8:[0.0, 172.8, 0.0, 114.3, 0.0, 96.1]

0: -25.7|29.0|80.4
1: 10.9|58.0|102.5
2: -12.2|17.9|47.4
3: 11.9|40.0|71.6
4: -0.2|48.4|96.7
5: 11.2|65.0|119.9

red_gap56
0:[0.0, 99.1, 0.0, 37.2, 0.0, 58.1]
1:[99.1, 0.0, 37.2, 0.0, 58.1, 0.0]
2:[99.1, 0.0, 37.2, 0.0, 58.1, 0.0]
3:[96.7, 2.4, 36.5, 0.7, 57.1, 1.0]
4:[86.3, 12.8, 32.9, 4.3, 50.1, 8.0]
5:[75.4, 23.7, 29.4, 7.8, 41.7, 16.4]
6:[60.5, 38.6, 23.6, 13.6, 30.5, 27.6]
7:[36.5, 62.6, 15.0, 22.2, 16.8, 41.3]
8:[15.5, 83.6, 4.3, 32.9, 8.1, 50.0]
9:[7.0, 92.1, 2.7, 34.5, 1.6, 56.5]
10:[0.0, 99.1, 0.0, 37.2, 0.0, 58.1]

0: -12.6|41.9|93.8
1: -1.0|54.0|110.7
2: -5.4|28.9|64.3
3: -3.6|34.5|71.4
4: -3.0|42.4|83.3
5: 2.3|52.5|98.2

red_blue
2:[0.0, 59.2, 0.0, 37.4, 0.0, 119.2]
3:[1.3, 57.9, 0.7, 36.7, 2.5, 116.7]
4:[3.6, 55.6, 2.6, 34.8, 8.6, 110.6]
5:[7.5, 51.7, 3.3, 34.1, 14.1, 105.1]
6:[59.2, 0.0, 37.4, 0.0, 119.2, 0.0]
7:[48.0, 11.2, 33.0, 4.4, 98.7, 20.5]
8:[43.1, 16.1, 28.8, 8.6, 86.8, 32.4]
9:[40.6, 18.6, 26.6, 10.8, 80.1, 39.1]
10:[30.2, 29.0, 21.2, 16.2, 62.3, 56.9]
11:[17.3, 41.9, 11.8, 25.6, 33.6, 85.6]
12:[9.6, 49.6, 3.3, 34.1, 10.6, 108.6]
13:[1.5, 57.7, 0.6, 36.8, 2.7, 116.5]
14:[0.0, 59.2, 0.0, 37.4, 0.0, 119.2]

0: -32.6|30.7|92.2
1: 4.5|67.5|127.9
2: -18.0|22.7|60.9
3: 8.2|46.3|85.0
4: -23.0|31.9|86.5
5: 11.6|74.5|141.5


