30
less5
100_1___1__    12   0  [0, 0, 0, 0, 2, 7, 0, 1, 2, 1, 0, 4]  (3, 6)
200_3___1__    12   0  [0, 0, 0, 0, 2, 2, 4, 0, 4, 0, 4, 1]  (4, 6)
200_4___1__    11   0  [0, 1, 0, 2, 2, 4, 0, 1, 2, 6, 0]  (4, 6)
200_5___1__    11   0  [0, 1, 0, 2, 2, 4, 0, 1, 2, 6, 0]  (3, 6)
100_3___1__    10   0  [0, 1, 0, 2, 8, 0, 0, 3, 1, 4]  (1, 6)
100_4___1__    10   0  [0, 1, 0, 2, 8, 1, 2, 0, 4, 1]  (1, 6)
200_1___1__    10   0  [0, 1, 0, 2, 7, 0, 1, 2, 1, 5]  (3, 6)
200_2___1__    10   0  [0, 1, 0, 2, 7, 0, 1, 2, 5, 1]  (1, 6)
300_1___1__    10   0  [0, 1, 0, 2, 7, 0, 4, 1, 0, 4]  (2, 6)
300_3___1__    10   0  [2, 0, 2, 2, 4, 0, 4, 0, 1, 4]  (2, 6)
300_4___1__    10   0  [2, 0, 2, 8, 4, 0, 1, 0, 2, 0]  (4, 6)
100_2___1__    9   0  [0, 1, 0, 2, 7, 0, 1, 5, 4]  (2, 6)
100_5___1__    8   0  [0, 1, 0, 2, 8, 1, 8, 1]  (2, 6)
300_2___1__    8   0  [2, 0, 2, 7, 0, 4, 2, 4]  (3, 6)
300_5___1__    8   0  [2, 0, 2, 2, 5, 3, 0, 7]  (3, 6)
part_in:(1, 3), all_in:(4, 6), all_out:(1, 6)
less8
200_4___2__    12   1  [1, 4, 6, 0, 0, 0, 2, 1, 1, 0, 1, 0]  (8, 13)
200_5___2__    10   1  [1, 4, 7, 1, 2, 1, 1, 0, 1, 0]  (8, 13)
100_2___2__    9   0  [0, 15, 0, 3, 0, 1, 0, 1, 0]  (8, 15)
100_3___2__    9   0  [0, 14, 0, 4, 0, 1, 0, 1, 0]  (8, 16)
100_4___2__    9   1  [14, 1, 2, 0, 0, 1, 0, 1, 0]  (8, 16)
300_5___2__    9   0  [2, 12, 1, 2, 1, 1, 0, 1, 0]  (8, 17)
200_1___2__    8   1  [0, 13, 1, 2, 3, 0, 1, 0]  (8, 14)
200_3___2__    8   8  [7, 0, 3, 1, 1, 0, 1, 0]  (8, 14)
300_1___2__    8   0  [0, 1, 4, 7, 4, 3, 2, 0]  (8, 15)
300_3___2__    8   16  [1, 2, 0, 0, 1, 0, 1, 0]  (8, 16)
100_1___2__    7   0  [0, 0, 15, 2, 4, 1, 0]  (8, 15)
100_5___2__    7   1  [14, 1, 4, 1, 0, 1, 0]  (8, 17)
200_2___2__    7   1  [14, 1, 2, 1, 2, 1, 0]  (8, 15)
300_2___2__    7   3  [12, 4, 3, 0, 0, 0, 0]  (8, 16)
300_4___2__    7   16  [4, 0, 0, 1, 0, 1, 0]  (8, 16)
part_in:(14, 17), all_in:(8, 13), all_out:(8, 17)
less9
200_5___3__    11   0  [0, 0, 1, 2, 2, 0, 4, 4, 2, 3, 0]  (6, 7)
100_4___3__    10   0  [1, 1, 2, 3, 4, 1, 2, 0, 1, 4]  (6, 11)
300_3___3__    10   0  [1, 1, 2, 2, 0, 4, 4, 2, 1, 2]  (6, 9)
300_4___3__    10   0  [1, 1, 2, 3, 4, 4, 0, 1, 3, 0]  (6, 8)
300_5___3__    10   0  [1, 1, 5, 0, 4, 4, 0, 1, 1, 2]  (6, 8)
100_1___3__    9   0  [0, 2, 2, 3, 4, 1, 2, 2, 4]  (6, 9)
100_2___3__    9   0  [0, 0, 1, 6, 4, 1, 2, 2, 4]  (6, 9)
100_3___3__    9   0  [1, 1, 6, 4, 1, 2, 0, 1, 4]  (6, 12)
200_1___3__    9   0  [0, 0, 1, 2, 3, 4, 4, 2, 4]  (6, 6)
200_3___3__    9   0  [0, 0, 1, 2, 2, 5, 4, 5, 1]  (6, 7)
200_4___3__    9   0  [0, 0, 1, 2, 2, 0, 4, 4, 7]  (6, 9)
200_2___3__    8   0  [0, 0, 1, 5, 0, 4, 4, 7]  (6, 9)
300_1___3__    8   0  [0, 0, 1, 6, 4, 4, 2, 4]  (6, 7)
300_2___3__    8   0  [1, 1, 6, 4, 4, 2, 1, 2]  (6, 7)
100_5___3__    7   0  [1, 1, 2, 8, 4, 2, 4]  (6, 9)
part_in:(8, 12), all_in:(6, 7), all_out:(6, 12)
less10
200_2___4__    14   0  [0, 1, 0, 6, 0, 1, 0, 0, 4, 0, 1, 2, 0, 0]  (1, 4)
300_5___4__    14   0  [0, 0, 0, 2, 2, 1, 0, 1, 1, 3, 0, 2, 3, 0]  (1, 1)
100_1___4__    13   0  [0, 0, 0, 0, 2, 1, 1, 0, 3, 4, 2, 3, 0]  (1, 5)
100_5___4__    13   0  [2, 0, 1, 0, 3, 0, 0, 2, 3, 0, 2, 3, 0]  (1, 5)
200_1___4__    12   0  [0, 1, 0, 4, 1, 0, 2, 0, 2, 4, 3, 0]  (1, 2)
200_3___4__    12   0  [0, 1, 0, 4, 1, 0, 3, 5, 1, 2, 0, 0]  (1, 4)
200_4___4__    12   0  [0, 1, 0, 6, 0, 1, 1, 4, 0, 1, 3, 0]  (1, 6)
100_3___4__    11   0  [1, 0, 0, 2, 3, 0, 3, 4, 2, 3, 0]  (1, 5)
200_5___4__    11   0  [0, 1, 0, 2, 3, 0, 1, 1, 7, 3, 0]  (1, 4)
300_1___4__    11   0  [0, 1, 0, 4, 1, 0, 3, 4, 2, 3, 0]  (1, 4)
300_3___4__    11   0  [0, 0, 0, 0, 6, 0, 1, 1, 7, 3, 0]  (1, 3)
300_4___4__    11   0  [0, 1, 3, 3, 0, 1, 1, 4, 2, 3, 0]  (1, 2)
100_2___4__    10   0  [0, 1, 0, 6, 0, 3, 4, 2, 3, 0]  (1, 5)
100_4___4__    10   0  [2, 0, 2, 3, 0, 3, 4, 2, 3, 0]  (1, 5)
300_2___4__    10   0  [0, 1, 0, 6, 0, 3, 4, 2, 3, 0]  (1, 3)
part_in:(3, 6), all_in:(1, 2), all_out:(1, 6)
row1
200_4___5__    14   1  [1, 1, 1, 0, 1, 1, 1, 0, 0, 6, 0, 1, 1, 0]  (1, 1)
200_5___5__    14   1  [1, 0, 0, 1, 2, 1, 1, 0, 0, 1, 4, 2, 1, 0]  (1, 1)
300_5___5__    14   0  [0, 1, 0, 0, 1, 2, 1, 1, 0, 0, 1, 4, 2, 2]  (1, 2)
300_1___5__    13   1  [1, 0, 0, 1, 4, 2, 0, 1, 0, 3, 0, 1, 2]  (1, 4)
300_2___5__    13   1  [1, 0, 0, 1, 4, 2, 0, 1, 0, 3, 2, 0, 1]  (1, 3)
300_4___5__    13   0  [0, 1, 0, 0, 1, 4, 2, 0, 1, 4, 1, 0, 2]  (1, 2)
100_5___5__    12   0  [0, 1, 0, 0, 1, 2, 1, 3, 1, 4, 2, 2]  (0, 1)
200_1___5__    12   1  [1, 0, 0, 1, 4, 2, 0, 1, 0, 3, 2, 2]  (1, 3)
200_2___5__    12   1  [1, 1, 1, 2, 1, 1, 0, 0, 1, 4, 2, 2]  (1, 2)
200_3___5__    12   1  [1, 1, 1, 2, 1, 2, 0, 1, 0, 3, 2, 2]  (1, 2)
300_3___5__    12   1  [1, 0, 0, 1, 2, 1, 2, 0, 1, 4, 2, 2]  (1, 3)
100_1___5__    11   1  [1, 0, 0, 1, 4, 2, 0, 1, 4, 2, 2]  (0, 1)
100_2___5__    11   1  [1, 1, 1, 4, 2, 0, 0, 0, 4, 2, 2]  (-1, 1)
100_3___5__    11   1  [1, 1, 1, 4, 2, 0, 0, 0, 4, 2, 2]  (0, 1)
100_4___5__    11   1  [1, 0, 0, 1, 4, 2, 0, 1, 4, 2, 2]  (-1, 1)
part_in:(-1, 4), all_in:(1, 1), all_out:(-1, 4)
row2
200_4___6__    11   1  [2, 1, 1, 0, 3, 1, 1, 4, 1, 2, 1]  (17, 22)
200_5___6__    11   1  [2, 3, 0, 3, 1, 1, 4, 1, 1, 0, 1]  (17, 24)
300_4___6__    11   1  [2, 3, 4, 1, 1, 4, 1, 0, 0, 0, 1]  (17, 23)
200_1___6__    10   1  [1, 0, 1, 1, 0, 3, 1, 6, 1, 4]  (17, 23)
200_3___6__    10   1  [2, 1, 1, 0, 3, 1, 1, 4, 3, 2]  (17, 23)
300_5___6__    10   1  [2, 3, 0, 3, 1, 1, 4, 1, 1, 2]  (17, 24)
300_3___6__    9   1  [2, 3, 4, 1, 1, 4, 1, 1, 2]  (17, 25)
100_1___6__    8   1  [2, 7, 0, 1, 1, 4, 1, 4]  (17, 20)
200_2___6__    8   1  [2, 1, 1, 0, 3, 1, 6, 6]  (17, 24)
300_2___6__    8   1  [2, 8, 1, 1, 4, 1, 1, 2]  (17, 25)
100_2___6__    7   1  [2, 0, 7, 1, 10, 1, 0]  (17, 21)
100_4___6__    7   1  [2, 10, 1, 4, 3, 0, 1]  (17, 21)
300_1___6__    7   1  [2, 8, 1, 6, 1, 1, 2]  (17, 27)
100_3___6__    6   1  [2, 4, 5, 6, 3, 2]  (17, 18)
100_5___6__    6   1  [2, 4, 5, 1, 4, 6]  (17, 22)
part_in:(19, 27), all_in:(17, 18), all_out:(17, 27)
row3
300_1___7__    11   1  [2, 6, 1, 1, 1, 0, 0, 4, 1, 1, 0]  (17, 26)
300_4___7__    11   1  [2, 8, 1, 1, 0, 5, 0, 0, 0, 0, 0]  (23, 26)
100_4___7__    10   1  [1, 0, 0, 6, 2, 1, 0, 4, 4, 0]  (26, 26)
100_5___7__    10   1  [1, 0, 6, 0, 2, 1, 0, 4, 4, 0]  (23, 26)
200_4___7__    10   0  [0, 2, 1, 4, 1, 1, 1, 0, 9, 0]  (24, 26)
200_5___7__    10   1  [2, 6, 1, 1, 1, 0, 5, 2, 0, 0]  (20, 26)
300_5___7__    10   1  [2, 6, 1, 1, 1, 0, 6, 0, 1, 0]  (22, 26)
100_1___7__    9   1  [3, 5, 0, 0, 1, 1, 0, 9, 0]  (26, 27)
100_2___7__    9   1  [2, 0, 5, 0, 0, 1, 2, 4, 5]  (24, 26)
100_3___7__    9   1  [2, 0, 5, 1, 1, 2, 4, 4, 0]  (26, 27)
200_1___7__    9   3  [0, 1, 5, 0, 1, 2, 3, 5, 0]  (21, 26)
200_3___7__    9   1  [2, 1, 4, 1, 1, 1, 0, 9, 0]  (22, 26)
300_2___7__    9   1  [2, 6, 1, 1, 1, 0, 5, 1, 2]  (19, 26)
300_3___7__    9   1  [2, 6, 1, 1, 1, 0, 7, 1, 0]  (20, 26)
200_2___7__    8   1  [1, 0, 6, 1, 1, 2, 9, 0]  (21, 26)
part_in:(17, 27), all_in:(26, 26), all_out:(17, 27)
row4
100_1___8__    20   1  [1, 0, 1, 1, 0, 0, 0, 0, 0, 0, 1, 0, 1, 1, 0, 0, 0, 0, 0, 2]  (2, 6)
100_2___8__    18   1  [1, 0, 0, 1, 0, 0, 0, 0, 1, 0, 1, 2, 1, 1, 0, 0, 0, 2]  (2, 6)
100_3___8__    17   1  [1, 0, 1, 0, 0, 0, 0, 2, 0, 1, 2, 1, 0, 0, 0, 0, 3]  (3, 6)
200_2___8__    17   1  [0, 1, 1, 1, 0, 0, 0, 2, 1, 0, 1, 1, 1, 0, 0, 0, 2]  (2, 6)
200_3___8__    17   1  [2, 0, 0, 1, 0, 0, 0, 2, 1, 0, 1, 1, 1, 0, 0, 0, 2]  (1, 6)
200_4___8__    17   1  [1, 0, 0, 0, 1, 0, 0, 0, 4, 0, 1, 1, 1, 0, 0, 0, 2]  (0, 6)
200_5___8__    17   1  [1, 0, 1, 1, 0, 0, 0, 0, 1, 1, 0, 1, 1, 1, 0, 0, 3]  (1, 6)
100_4___8__    16   1  [1, 0, 1, 1, 0, 0, 2, 0, 1, 0, 1, 1, 1, 0, 0, 3]  (3, 6)
100_5___8__    16   1  [1, 0, 1, 1, 0, 0, 2, 0, 1, 0, 1, 1, 1, 0, 0, 3]  (2, 6)
300_3___8__    16   1  [0, 1, 1, 1, 0, 0, 3, 1, 0, 1, 1, 1, 0, 0, 0, 2]  (0, 6)
300_4___8__    16   1  [1, 0, 1, 1, 0, 0, 3, 1, 0, 3, 1, 0, 0, 0, 1, 0]  (0, 6)
300_5___8__    16   1  [0, 0, 0, 1, 1, 0, 0, 3, 1, 0, 3, 1, 0, 0, 2, 0]  (0, 6)
200_1___8__    15   1  [2, 1, 1, 0, 0, 0, 4, 0, 1, 1, 1, 0, 0, 0, 2]  (1, 6)
300_1___8__    15   1  [0, 1, 1, 1, 0, 0, 3, 1, 4, 1, 0, 0, 0, 1, 0]  (0, 6)
300_2___8__    15   1  [0, 1, 3, 0, 0, 3, 1, 0, 3, 1, 0, 0, 0, 1, 0]  (1, 6)
part_in:(0, 2), all_in:(3, 6), all_out:(0, 6)
sum_all
300_5___9__    14   1  [0, 4, 0, 0, 4, 1, 1, 0, 3, 0, 1, 0, 0, 0]  (79, 119)
200_3___9__    12   1  [0, 1, 2, 0, 0, 4, 1, 2, 4, 2, 0, 0]  (79, 123)
100_1___9__    11   1  [0, 5, 0, 1, 4, 1, 1, 3, 1, 0, 1]  (79, 128)
200_1___9__    11   1  [0, 1, 2, 0, 2, 2, 1, 7, 2, 0, 0]  (79, 116)
200_5___9__    11   1  [0, 1, 2, 0, 0, 1, 2, 1, 7, 1, 2]  (79, 117)
300_2___9__    11   1  [0, 5, 0, 1, 4, 1, 0, 4, 1, 1, 0]  (79, 119)
100_2___9__    10   1  [6, 0, 1, 4, 1, 1, 3, 1, 0, 1]  (79, 127)
200_4___9__    10   1  [0, 1, 2, 0, 0, 4, 1, 7, 2, 1]  (79, 135)
300_1___9__    10   1  [0, 5, 0, 1, 4, 1, 0, 4, 2, 1]  (79, 124)
100_5___9__    9   1  [6, 0, 4, 1, 1, 5, 2, 0, 0]  (79, 138)
300_3___9__    9   1  [0, 5, 0, 6, 1, 0, 4, 2, 1]  (79, 118)
300_4___9__    9   1  [6, 0, 6, 1, 0, 3, 0, 2, 1]  (79, 123)
100_3___9__    8   1  [6, 0, 6, 7, 1, 0, 0, 0]  (79, 138)
100_4___9__    8   1  [6, 0, 6, 1, 5, 1, 1, 0]  (79, 147)
200_2___9__    8   1  [0, 5, 2, 2, 1, 7, 3, 0]  (79, 128)
part_in:(117, 138), all_in:(79, 116), all_out:(79, 138)
sum16
200_4___10__    9   2  [1, 9, 1, 0, 2, 0, 1, 4, 0]  (29, 40)
300_3___10__    9   2  [1, 3, 0, 8, 0, 0, 5, 1, 0]  (29, 40)
300_4___10__    9   2  [1, 3, 0, 8, 0, 0, 5, 1, 0]  (29, 41)
300_5___10__    9   2  [1, 3, 8, 0, 0, 0, 5, 1, 0]  (29, 40)
100_2___10__    8   2  [4, 0, 0, 7, 2, 5, 0, 1]  (29, 37)
200_1___10__    8   2  [4, 3, 2, 1, 3, 5, 1, 0]  (29, 38)
200_5___10__    8   2  [11, 1, 0, 2, 2, 2, 1, 0]  (29, 36)
300_2___10__    8   2  [1, 3, 9, 0, 0, 5, 1, 0]  (29, 39)
100_3___10__    7   8  [0, 7, 2, 5, 0, 0, 0]  (29, 40)
100_5___10__    7   8  [0, 7, 1, 0, 5, 1, 0]  (29, 37)
100_1___10__    6   2  [6, 1, 5, 2, 5, 2]  (29, 39)
100_4___10__    6   8  [0, 7, 2, 5, 1, 0]  (29, 40)
300_1___10__    6   2  [5, 0, 8, 1, 5, 2]  (29, 42)
200_2___10__    5   2  [11, 1, 3, 5, 2]  (29, 40)
200_3___10__    5   2  [13, 3, 2, 4, 0]  (29, 39)
part_in:(37, 42), all_in:(29, 36), all_out:(29, 42)
gap16
100_2___11__    11   1  [1, 0, 1, 2, 3, 2, 1, 5, 2, 0, 0]  (18, 27)
100_4___11__    11   1  [1, 0, 1, 4, 4, 1, 1, 3, 2, 0, 0]  (18, 27)
300_2___11__    11   0  [0, 1, 2, 4, 0, 3, 1, 1, 3, 2, 1]  (17, 27)
100_1___11__    10   1  [1, 0, 1, 6, 2, 1, 3, 1, 2, 1]  (21, 27)
100_5___11__    10   1  [1, 0, 2, 3, 4, 1, 1, 6, 0, 0]  (19, 27)
200_3___11__    10   1  [1, 0, 1, 4, 0, 3, 1, 5, 3, 0]  (20, 27)
300_3___11__    10   1  [1, 7, 0, 3, 1, 1, 3, 2, 0, 0]  (18, 27)
100_3___11__    9   1  [1, 0, 1, 9, 1, 5, 2, 0, 0]  (19, 27)
300_1___11__    9   1  [1, 0, 7, 3, 1, 1, 1, 4, 1]  (18, 27)
300_5___11__    9   1  [1, 7, 0, 3, 1, 1, 6, 0, 0]  (19, 27)
200_1___11__    8   1  [1, 0, 11, 1, 3, 3, 1, 0]  (22, 27)
200_2___11__    8   1  [1, 0, 1, 5, 3, 1, 9, 0]  (18, 27)
200_4___11__    8   1  [1, 0, 6, 0, 3, 1, 9, 0]  (19, 27)
200_5___11__    8   1  [1, 0, 6, 4, 1, 8, 0, 0]  (21, 27)
300_4___11__    8   1  [1, 7, 0, 3, 1, 8, 0, 0]  (18, 27)
part_in:(17, 21), all_in:(22, 27), all_out:(17, 27)
sum25
100_1___12__    11   1  [0, 2, 3, 2, 3, 1, 1, 3, 1, 0, 1]  (25, 39)
300_4___12__    11   1  [5, 1, 4, 1, 1, 0, 2, 0, 0, 2, 1]  (25, 39)
300_5___12__    10   1  [7, 2, 1, 1, 1, 0, 3, 0, 2, 1]  (25, 38)
100_4___12__    9   1  [7, 1, 2, 1, 5, 0, 0, 1, 2]  (25, 44)
300_3___12__    9   1  [0, 11, 1, 1, 0, 2, 0, 3, 1]  (25, 37)
100_5___12__    8   1  [7, 4, 1, 1, 4, 0, 2, 1]  (25, 43)
300_1___12__    8   1  [0, 13, 1, 0, 0, 3, 2, 1]  (25, 40)
100_2___12__    7   1  [3, 3, 6, 3, 5, 0, 1]  (25, 40)
100_3___12__    7   1  [7, 4, 1, 5, 1, 2, 1]  (25, 40)
200_1___12__    7   1  [10, 1, 1, 7, 1, 0, 1]  (25, 37)
200_3___12__    7   1  [0, 11, 1, 5, 0, 0, 4]  (25, 40)
300_2___12__    7   1  [0, 13, 1, 0, 3, 0, 4]  (25, 38)
200_2___12__    6   1  [0, 11, 1, 7, 1, 2]  (25, 42)
200_4___12__    6   1  [12, 1, 6, 0, 2, 1]  (25, 44)
200_5___12__    5   1  [12, 1, 6, 0, 4]  (25, 37)
part_in:(38, 44), all_in:(25, 37), all_out:(25, 44)
gap25
200_5___13__    12   3  [1, 1, 3, 4, 1, 0, 0, 1, 1, 1, 0, 1]  (13, 19)
100_1___13__    11   2  [0, 1, 7, 1, 0, 1, 1, 1, 1, 2, 1]  (12, 19)
100_2___13__    11   0  [2, 1, 7, 1, 0, 1, 0, 0, 1, 4, 1]  (8, 19)
100_5___13__    11   3  [1, 1, 3, 3, 0, 2, 0, 1, 3, 0, 1]  (9, 19)
100_4___13__    10   3  [1, 5, 3, 0, 2, 0, 1, 2, 1, 1]  (8, 19)
200_3___13__    10   1  [1, 1, 10, 1, 0, 0, 1, 1, 2, 1]  (12, 19)
300_1___13__    10   1  [1, 1, 9, 0, 0, 2, 1, 1, 2, 1]  (10, 19)
200_1___13__    9   1  [1, 1, 11, 0, 1, 1, 1, 2, 1]  (14, 19)
200_2___13__    9   3  [1, 10, 1, 0, 0, 1, 1, 2, 1]  (13, 19)
300_2___13__    9   3  [1, 7, 1, 0, 2, 0, 3, 2, 1]  (9, 19)
100_3___13__    8   1  [3, 5, 3, 0, 3, 1, 4, 1]  (9, 19)
300_5___13__    8   5  [5, 3, 0, 2, 0, 3, 2, 1]  (10, 19)
200_4___13__    7   3  [1, 5, 4, 3, 1, 4, 1]  (12, 19)
300_4___13__    7   5  [5, 3, 3, 0, 3, 2, 1]  (9, 19)
300_3___13__    6   5  [9, 0, 3, 3, 2, 1]  (9, 19)
part_in:(8, 13), all_in:(14, 19), all_out:(8, 19)
sum34
200_1___14__    11   1  [0, 1, 1, 1, 2, 0, 1, 1, 2, 4, 4]  (25, 40)
200_2___14__    11   1  [0, 1, 1, 1, 0, 0, 0, 4, 2, 4, 4]  (25, 45)
200_4___14__    11   1  [2, 1, 0, 0, 1, 3, 1, 1, 0, 4, 4]  (25, 50)
200_5___14__    11   1  [0, 1, 1, 0, 0, 3, 3, 2, 4, 1, 2]  (25, 43)
300_5___14__    10   1  [4, 0, 0, 1, 1, 1, 1, 2, 4, 4]  (25, 40)
100_1___14__    9   1  [0, 1, 1, 1, 1, 1, 3, 7, 4]  (25, 47)
200_3___14__    9   1  [0, 1, 1, 1, 1, 5, 2, 4, 4]  (25, 44)
100_3___14__    8   1  [0, 3, 1, 1, 5, 7, 3, 0]  (25, 49)
100_5___14__    8   1  [4, 1, 1, 3, 1, 7, 3, 0]  (25, 51)
100_2___14__    7   1  [0, 3, 1, 1, 5, 7, 4]  (25, 45)
100_4___14__    7   1  [4, 1, 1, 5, 7, 3, 0]  (25, 53)
300_1___14__    7   1  [4, 1, 2, 4, 2, 4, 4]  (25, 40)
300_2___14__    7   1  [0, 5, 2, 4, 2, 4, 4]  (25, 39)
300_3___14__    6   1  [0, 5, 1, 5, 2, 9]  (25, 39)
300_4___14__    5   1  [6, 7, 2, 4, 4]  (25, 41)
part_in:(40, 53), all_in:(25, 39), all_out:(25, 53)
gap12
100_1___15__    13   2  [2, 1, 0, 2, 1, 1, 0, 1, 0, 1, 5, 0, 0]  (2, 3)
100_2___15__    12   0  [1, 2, 2, 4, 1, 0, 1, 0, 1, 1, 3, 1]  (2, 5)
100_4___15__    12   0  [4, 2, 1, 2, 0, 0, 0, 2, 1, 1, 3, 1]  (2, 7)
300_1___15__    12   1  [0, 0, 4, 0, 0, 2, 1, 0, 2, 1, 2, 4]  (2, 3)
100_3___15__    11   0  [4, 2, 4, 0, 0, 0, 2, 1, 2, 2, 1]  (2, 4)
100_5___15__    11   3  [4, 5, 0, 0, 1, 0, 1, 1, 3, 0, 0]  (2, 7)
200_1___15__    11   0  [0, 1, 4, 0, 0, 2, 1, 0, 2, 1, 7]  (2, 3)
200_5___15__    11   0  [0, 1, 4, 0, 0, 4, 0, 2, 1, 2, 4]  (2, 4)
300_2___15__    11   1  [0, 0, 4, 0, 0, 4, 0, 2, 1, 2, 4]  (2, 3)
300_3___15__    11   1  [0, 5, 0, 0, 1, 1, 0, 0, 2, 1, 7]  (2, 3)
300_4___15__    10   1  [0, 4, 0, 1, 3, 0, 0, 2, 1, 7]  (2, 4)
200_2___15__    9   0  [2, 4, 0, 5, 0, 2, 1, 2, 4]  (2, 4)
200_3___15__    9   1  [3, 2, 0, 5, 0, 2, 1, 2, 4]  (2, 4)
300_5___15__    9   1  [0, 5, 1, 3, 0, 0, 2, 3, 5]  (2, 3)
200_4___15__    8   0  [4, 2, 6, 0, 2, 1, 2, 4]  (2, 5)
part_in:(4, 7), all_in:(2, 3), all_out:(2, 7)
gap23
100_5___16__    16   0  [0, 0, 0, 0, 3, 0, 0, 1, 0, 3, 1, 2, 1, 1, 0, 1]  (4, 9)
100_2___16__    15   0  [0, 0, 0, 0, 3, 0, 3, 2, 0, 1, 2, 1, 1, 0, 1]  (4, 6)
100_3___16__    14   0  [0, 0, 0, 0, 1, 2, 0, 2, 3, 4, 1, 1, 0, 1]  (4, 10)
100_4___16__    14   0  [0, 0, 0, 0, 3, 1, 2, 1, 1, 4, 1, 1, 0, 1]  (4, 9)
200_1___16__    14   0  [0, 0, 0, 0, 4, 0, 0, 1, 1, 6, 1, 1, 0, 1]  (4, 5)
100_1___16__    13   0  [0, 1, 0, 1, 1, 0, 3, 2, 5, 1, 1, 0, 1]  (4, 9)
300_5___16__    13   0  [0, 1, 0, 3, 1, 1, 0, 3, 6, 0, 0, 0, 1]  (4, 4)
200_3___16__    12   0  [0, 0, 0, 0, 5, 2, 1, 1, 6, 1, 0, 1]  (4, 7)
200_4___16__    12   0  [0, 0, 0, 0, 5, 2, 1, 1, 6, 1, 0, 1]  (4, 8)
200_2___16__    11   0  [0, 0, 0, 0, 5, 2, 1, 8, 1, 0, 1]  (4, 5)
200_5___16__    11   0  [0, 0, 0, 0, 5, 2, 3, 6, 1, 0, 1]  (4, 8)
300_1___16__    10   0  [0, 1, 0, 4, 3, 3, 6, 1, 0, 1]  (3, 4)
300_2___16__    10   0  [0, 1, 0, 3, 4, 3, 6, 1, 0, 1]  (4, 4)
300_4___16__    10   0  [0, 1, 0, 8, 3, 6, 0, 0, 0, 1]  (3, 4)
300_3___16__    9   0  [0, 1, 0, 4, 3, 10, 1, 0, 1]  (4, 4)
part_in:(3, 10), all_in:(4, 4), all_out:(3, 10)
gap34
200_5___17__    15   1  [0, 0, 0, 0, 1, 3, 2, 0, 3, 0, 0, 1, 0, 0, 3]  (3, 11)
300_4___17__    15   3  [0, 0, 1, 2, 0, 0, 2, 1, 1, 0, 0, 2, 0, 2, 0]  (2, 11)
300_5___17__    15   3  [0, 0, 1, 2, 0, 0, 2, 1, 1, 0, 0, 1, 0, 0, 3]  (2, 11)
100_4___17__    14   1  [1, 0, 0, 1, 4, 1, 0, 1, 1, 1, 1, 0, 0, 3]  (0, 11)
100_5___17__    14   1  [1, 0, 0, 1, 4, 1, 0, 1, 1, 1, 1, 0, 0, 3]  (0, 11)
200_2___17__    14   1  [0, 0, 0, 0, 6, 1, 0, 1, 1, 1, 1, 0, 0, 3]  (5, 11)
200_3___17__    14   1  [0, 0, 0, 0, 4, 0, 2, 0, 3, 1, 1, 0, 0, 3]  (1, 11)
200_4___17__    14   1  [1, 0, 0, 5, 2, 0, 3, 0, 0, 1, 0, 0, 1, 1]  (1, 11)
300_1___17__    14   1  [1, 0, 0, 0, 0, 2, 4, 1, 1, 1, 1, 0, 0, 3]  (2, 11)
300_2___17__    14   3  [0, 0, 0, 0, 2, 1, 2, 1, 1, 1, 1, 0, 0, 3]  (1, 11)
300_3___17__    14   3  [0, 0, 1, 2, 1, 2, 1, 1, 1, 1, 0, 0, 2, 0]  (1, 11)
100_3___17__    13   1  [1, 0, 0, 1, 4, 1, 0, 1, 3, 1, 0, 0, 3]  (0, 11)
200_1___17__    13   1  [0, 0, 0, 0, 1, 7, 1, 1, 1, 1, 0, 0, 3]  (5, 11)
100_2___17__    11   1  [1, 0, 0, 8, 0, 0, 4, 1, 0, 0, 3]  (1, 11)
100_1___17__    9   1  [1, 0, 0, 1, 7, 5, 2, 0, 3]  (3, 11)
part_in:(0, 4), all_in:(5, 11), all_out:(0, 11)
gap45
200_1___18__    15   2  [1, 2, 2, 0, 0, 0, 0, 1, 2, 1, 0, 1, 1, 0, 1]  (3, 4)
100_4___18__    13   2  [1, 1, 1, 1, 2, 0, 1, 2, 1, 0, 2, 0, 2]  (1, 4)
100_5___18__    13   0  [1, 1, 1, 1, 1, 1, 0, 0, 1, 2, 1, 0, 6]  (1, 4)
200_5___18__    13   0  [3, 1, 1, 1, 1, 0, 0, 1, 2, 1, 0, 1, 4]  (2, 4)
100_3___18__    12   2  [1, 1, 0, 0, 1, 2, 2, 2, 1, 0, 3, 2]  (1, 4)
200_2___18__    12   2  [1, 3, 1, 2, 0, 1, 2, 1, 0, 1, 1, 2]  (3, 4)
200_3___18__    12   2  [1, 2, 0, 1, 3, 1, 2, 1, 0, 1, 1, 2]  (3, 4)
100_1___18__    11   2  [1, 3, 1, 2, 2, 2, 1, 0, 1, 1, 2]  (1, 4)
100_2___18__    11   2  [1, 3, 1, 2, 2, 2, 1, 0, 1, 1, 2]  (2, 4)
200_4___18__    11   4  [1, 1, 1, 1, 1, 1, 2, 1, 0, 3, 2]  (1, 4)
300_2___18__    11   0  [1, 1, 2, 2, 1, 3, 2, 1, 0, 1, 4]  (3, 4)
300_1___18__    10   4  [2, 2, 1, 0, 2, 2, 1, 0, 1, 4]  (3, 4)
300_5___18__    10   2  [1, 2, 2, 1, 3, 1, 0, 1, 0, 6]  (2, 4)
300_3___18__    9   2  [1, 2, 2, 1, 3, 2, 1, 0, 6]  (2, 4)
300_4___18__    9   2  [1, 2, 2, 5, 1, 0, 1, 0, 6]  (2, 4)
part_in:(1, 2), all_in:(3, 4), all_out:(1, 4)
gap56
100_4___19__    16   0  [0, 1, 0, 1, 2, 2, 0, 1, 4, 0, 0, 1, 1, 0, 0, 0]  (2, 6)
100_5___19__    15   0  [0, 1, 0, 1, 2, 2, 0, 1, 5, 0, 1, 1, 0, 0, 0]  (1, 6)
100_3___19__    14   1  [2, 1, 2, 2, 0, 1, 4, 0, 0, 1, 1, 0, 0, 0]  (3, 6)
200_4___19__    12   0  [0, 1, 2, 2, 2, 0, 7, 0, 1, 1, 0, 1]  (1, 6)
200_5___19__    12   0  [0, 1, 0, 1, 2, 2, 0, 8, 1, 1, 0, 1]  (2, 6)
300_1___19__    11   1  [1, 0, 1, 2, 2, 0, 8, 2, 0, 0, 1]  (5, 6)
300_3___19__    11   1  [1, 0, 1, 2, 2, 0, 7, 0, 3, 0, 1]  (5, 6)
300_4___19__    11   1  [1, 0, 1, 2, 2, 0, 1, 6, 3, 0, 1]  (5, 6)
300_5___19__    11   1  [1, 0, 1, 2, 3, 1, 6, 1, 1, 0, 1]  (5, 6)
100_2___19__    10   1  [2, 1, 2, 2, 7, 0, 0, 3, 0, 1]  (2, 6)
100_1___19__    9   4  [1, 2, 2, 7, 0, 0, 3, 0, 1]  (3, 6)
200_1___19__    9   1  [4, 2, 1, 0, 0, 8, 3, 0, 1]  (3, 6)
200_3___19__    9   1  [4, 2, 2, 0, 7, 0, 3, 0, 1]  (3, 6)
300_2___19__    9   1  [1, 0, 1, 2, 3, 8, 3, 0, 1]  (4, 6)
200_2___19__    8   0  [0, 4, 2, 3, 8, 3, 0, 1]  (1, 6)
part_in:(1, 4), all_in:(5, 6), all_out:(1, 6)
ball
300_3___20__    17   0  [0, 0, 1, 1, 1, 0, 3, 0, 2, 1, 1, 0, 0, 0, 0, 0, 2]  (4, 4)
200_3___20__    16   0  [1, 0, 0, 1, 1, 0, 3, 0, 2, 3, 0, 0, 0, 0, 0, 2]  (3, 4)
100_2___20__    15   0  [1, 1, 1, 2, 1, 1, 0, 2, 0, 3, 0, 0, 0, 0, 2]  (3, 4)
200_1___20__    15   0  [1, 3, 1, 0, 1, 1, 0, 2, 1, 2, 0, 0, 0, 0, 2]  (3, 4)
300_5___20__    15   0  [0, 0, 1, 1, 2, 1, 1, 0, 2, 4, 0, 0, 0, 0, 2]  (3, 4)
100_1___20__    14   0  [1, 1, 1, 2, 1, 1, 0, 2, 4, 0, 0, 0, 0, 2]  (4, 4)
100_3___20__    14   0  [1, 1, 1, 2, 1, 1, 0, 2, 4, 0, 0, 0, 0, 2]  (4, 4)
100_4___20__    14   0  [1, 1, 1, 2, 3, 0, 2, 0, 3, 0, 0, 0, 0, 2]  (4, 4)
100_5___20__    14   0  [1, 1, 1, 2, 2, 0, 0, 2, 4, 0, 0, 0, 0, 2]  (4, 4)
200_2___20__    14   0  [1, 1, 1, 2, 1, 1, 0, 2, 4, 0, 0, 0, 0, 2]  (3, 4)
200_4___20__    14   0  [1, 0, 2, 2, 3, 0, 2, 3, 0, 0, 0, 0, 0, 2]  (3, 4)
200_5___20__    14   0  [1, 0, 2, 2, 3, 0, 2, 3, 0, 0, 0, 0, 0, 2]  (3, 4)
300_1___20__    14   0  [1, 1, 1, 2, 3, 0, 2, 1, 2, 0, 0, 0, 0, 2]  (3, 4)
300_2___20__    14   0  [1, 0, 0, 1, 2, 3, 0, 2, 4, 0, 0, 0, 0, 2]  (3, 4)
300_4___20__    14   0  [1, 1, 1, 2, 1, 1, 0, 2, 4, 0, 0, 0, 0, 2]  (4, 4)
part_in:(3, 2), all_in:(3, 4), all_out:(3, 4)
ball_column
100_1___21__    10   1  [7, 1, 1, 0, 1, 1, 3, 1, 3, 0]  (8, 10)
300_2___21__    9   1  [0, 8, 2, 1, 0, 0, 5, 3, 0]  (7, 10)
300_4___21__    9   1  [0, 8, 1, 0, 2, 0, 5, 3, 0]  (8, 10)
300_5___21__    9   1  [0, 8, 1, 2, 0, 0, 5, 3, 0]  (7, 10)
100_3___21__    8   1  [9, 1, 0, 1, 1, 5, 3, 0]  (9, 10)
300_1___21__    8   1  [9, 2, 2, 0, 3, 1, 3, 0]  (8, 10)
300_3___21__    8   1  [0, 8, 2, 2, 0, 5, 3, 0]  (8, 10)
100_2___21__    7   1  [9, 2, 1, 1, 5, 3, 0]  (7, 10)
100_4___21__    7   1  [9, 1, 2, 1, 5, 3, 0]  (9, 10)
100_5___21__    7   0  [0, 11, 2, 1, 5, 3, 0]  (7, 10)
200_2___21__    7   1  [9, 4, 1, 3, 1, 3, 0]  (10, 12)
200_1___21__    6   1  [9, 6, 3, 1, 3, 0]  (10, 10)
200_3___21__    6   1  [12, 1, 1, 5, 3, 0]  (9, 10)
200_4___21__    6   0  [0, 14, 1, 5, 3, 0]  (10, 10)
200_5___21__    5   1  [15, 0, 5, 3, 0]  (9, 10)
part_in:(7, 12), all_in:(10, 10), all_out:(7, 12)
blue
100_5___22__    14   1  [2, 1, 1, 0, 0, 1, 0, 1, 1, 0, 0, 4, 3, 0]  (4, 15)
200_3___22__    14   1  [0, 1, 1, 1, 0, 0, 1, 2, 0, 0, 0, 0, 4, 4]  (0, 15)
100_2___22__    12   1  [0, 1, 2, 0, 0, 0, 1, 2, 1, 1, 8, 0]  (3, 15)
100_4___22__    12   1  [2, 1, 1, 0, 0, 1, 2, 1, 0, 0, 8, 0]  (3, 15)
300_2___22__    12   1  [2, 2, 0, 0, 0, 1, 2, 3, 4, 2, 0, 0]  (1, 15)
300_5___22__    12   1  [2, 1, 1, 0, 0, 1, 0, 1, 8, 2, 0, 0]  (1, 15)
100_3___22__    11   1  [0, 1, 3, 0, 0, 1, 2, 1, 1, 8, 0]  (2, 15)
200_2___22__    11   1  [2, 1, 0, 0, 0, 0, 1, 3, 0, 1, 9]  (2, 15)
200_5___22__    10   1  [2, 1, 1, 0, 0, 1, 3, 3, 3, 4]  (0, 15)
100_1___22__    9   1  [2, 3, 3, 2, 1, 0, 0, 8, 0]  (2, 15)
200_1___22__    9   1  [2, 3, 1, 1, 3, 0, 1, 4, 4]  (2, 15)
200_4___22__    9   1  [2, 1, 1, 0, 0, 1, 3, 1, 10]  (2, 15)
300_1___22__    9   1  [2, 2, 4, 2, 1, 1, 4, 3, 0]  (1, 15)
300_3___22__    9   1  [2, 2, 1, 0, 1, 2, 8, 3, 0]  (1, 15)
300_4___22__    8   4  [1, 2, 0, 1, 2, 8, 3, 0]  (0, 15)
part_in:(0, 3), all_in:(4, 15), all_out:(0, 15)
blue_sort
300_4___23__    11   0  [2, 0, 1, 0, 1, 6, 0, 3, 4, 1, 0]  (8, 9)
100_5___23__    10   0  [1, 1, 1, 0, 4, 3, 1, 7, 1, 0]  (5, 8)
200_4___23__    9   2  [0, 0, 12, 0, 2, 1, 2, 1, 0]  (3, 8)
100_4___23__    8   2  [1, 2, 4, 4, 0, 4, 2, 2]  (7, 8)
300_5___23__    8   0  [3, 1, 9, 0, 3, 4, 1, 0]  (8, 8)
200_5___23__    7   2  [1, 7, 3, 4, 4, 1, 0]  (3, 8)
300_1___23__    7   1  [2, 4, 6, 0, 3, 4, 2]  (8, 10)
100_3___23__    6   1  [0, 1, 1, 5, 5, 10]  (7, 8)
300_2___23__    6   1  [2, 4, 7, 3, 4, 2]  (8, 10)
300_3___23__    6   4  [1, 10, 3, 4, 1, 0]  (8, 10)
100_1___23__    5   4  [1, 1, 7, 0, 11]  (8, 8)
200_1___23__    5   2  [1, 13, 2, 4, 2]  (6, 8)
200_3___23__    5   2  [1, 12, 3, 6, 0]  (4, 8)
100_2___23__    4   1  [0, 1, 7, 16]  (8, 8)
200_2___23__    4   2  [1, 10, 5, 7]  (6, 8)
part_in:(3, 10), all_in:(8, 8), all_out:(3, 10)
