30
red1
more
('12_2___1__', 19, 0, [0, 0, 2, 0, 3, 0, 0, 0, 2, 1, 1, 0, 0, 0, 0, 0, 0, 1, 0]) (3, 4)
('1_2___1__', 18, 0, [0, 0, 2, 0, 3, 0, 1, 1, 0, 1, 1, 0, 0, 0, 1, 0, 1, 0]) (2, 4)
('5_2___1__', 17, 1, [0, 2, 0, 3, 0, 0, 0, 2, 1, 1, 0, 0, 0, 1, 0, 1, 0]) (1, 4)
('7_7___1__', 17, 0, [1, 2, 0, 1, 0, 1, 0, 0, 2, 1, 1, 0, 1, 0, 1, 1, 0]) (3, 4)
('7_8___1__', 17, 2, [2, 0, 1, 0, 1, 0, 0, 1, 0, 1, 1, 0, 1, 0, 1, 1, 0]) (4, 4)
('12_10___1__', 17, 2, [2, 0, 0, 0, 1, 2, 1, 0, 1, 1, 0, 1, 0, 0, 0, 1, 0]) (4, 6)
('19_9___1__', 17, 0, [1, 2, 0, 1, 2, 0, 0, 2, 1, 1, 0, 1, 0, 0, 0, 1, 0]) (1, 4)
('24_2___1__', 17, 2, [2, 0, 3, 0, 1, 1, 0, 1, 1, 0, 0, 0, 0, 0, 0, 1, 0]) (3, 4)
('27_2___1__', 17, 1, [3, 0, 3, 0, 0, 0, 2, 1, 1, 0, 0, 0, 0, 0, 0, 1, 0]) (3, 4)
('34_7___1__', 17, 0, [1, 2, 0, 2, 1, 1, 1, 0, 1, 1, 0, 1, 0, 0, 0, 1, 0]) (4, 4)
('37_1___1__', 17, 0, [0, 0, 2, 0, 3, 2, 2, 0, 0, 1, 0, 0, 0, 1, 0, 1, 0]) (4, 4)
('49_2___1__', 17, 0, [1, 2, 0, 3, 0, 0, 0, 2, 1, 1, 0, 0, 0, 1, 0, 1, 0]) (2, 4)
('3_9___1__', 16, 2, [3, 1, 0, 0, 1, 0, 1, 0, 3, 0, 1, 0, 0, 0, 1, 0]) (4, 7)
('4_9___1__', 16, 0, [1, 1, 1, 1, 1, 1, 0, 2, 3, 0, 1, 0, 0, 0, 1, 0]) (4, 4)
('6_9___1__', 16, 1, [0, 3, 3, 0, 0, 0, 2, 3, 0, 0, 0, 0, 0, 0, 1, 0]) (3, 4)
('7_2___1__', 16, 0, [1, 2, 0, 3, 0, 0, 0, 2, 1, 1, 0, 1, 1, 0, 1, 0]) (3, 4)
('7_6___1__', 16, 0, [1, 0, 1, 0, 4, 0, 0, 1, 0, 1, 1, 0, 1, 2, 1, 0]) (3, 4)
('7_9___1__', 16, 2, [2, 0, 1, 1, 0, 0, 0, 2, 1, 1, 0, 1, 0, 1, 1, 0]) (4, 5)
('7_10___1__', 16, 2, [2, 0, 3, 0, 0, 0, 2, 1, 1, 0, 1, 0, 0, 0, 1, 0]) (4, 5)
('8_2___1__', 16, 1, [0, 2, 0, 4, 0, 0, 1, 0, 3, 0, 0, 0, 0, 0, 2, 0]) (2, 4)
less
('14_1___1__', 8, 5, [0, 6, 2, 3, 0, 1, 2, 2]) (4, 4)
('21_1___1__', 9, 5, [0, 3, 2, 2, 3, 0, 1, 2, 2]) (4, 4)
('31_1___1__', 9, 0, [4, 0, 6, 2, 3, 0, 1, 2, 2]) (4, 8)
('38_3___1__', 9, 0, [5, 6, 2, 3, 0, 1, 0, 3, 0]) (3, 4)
('1_6___1__', 10, 2, [2, 0, 4, 1, 6, 0, 1, 0, 1, 2]) (4, 5)
('9_3___1__', 10, 0, [5, 3, 2, 2, 3, 0, 0, 0, 4, 0]) (4, 5)
('11_3___1__', 10, 6, [6, 1, 0, 3, 0, 0, 0, 1, 2, 0]) (3, 4)
('11_6___1__', 10, 2, [2, 0, 5, 0, 2, 3, 0, 1, 2, 2]) (4, 9)
('12_1___1__', 10, 2, [2, 0, 6, 2, 1, 1, 0, 1, 0, 4]) (4, 13)
('14_3___1__', 10, 5, [0, 6, 2, 3, 0, 0, 0, 1, 2, 0]) (4, 4)
('18_3___1__', 10, 6, [6, 2, 3, 0, 0, 0, 0, 0, 2, 0]) (4, 4)
('19_6___1__', 10, 5, [0, 0, 5, 1, 0, 3, 0, 1, 2, 2]) (3, 4)
('29_6___1__', 10, 5, [0, 5, 0, 1, 0, 3, 0, 1, 2, 2]) (3, 4)
('30_3___1__', 10, 6, [3, 2, 2, 3, 0, 0, 0, 0, 3, 0]) (4, 4)
('33_1___1__', 10, 5, [0, 6, 2, 1, 1, 0, 1, 0, 3, 0]) (4, 4)
('34_3___1__', 10, 6, [6, 2, 1, 1, 0, 0, 0, 1, 2, 0]) (4, 4)
('39_1___1__', 10, 5, [0, 6, 4, 1, 0, 1, 0, 1, 1, 0]) (4, 6)
('39_3___1__', 10, 6, [3, 2, 2, 3, 0, 0, 0, 1, 2, 0]) (4, 5)
('45_3___1__', 10, 0, [5, 6, 2, 3, 0, 1, 0, 0, 2, 0]) (4, 5)
('46_3___1__', 10, 0, [5, 6, 2, 3, 0, 0, 0, 0, 3, 0]) (4, 5)
part_in:(1, 13), all_in:(4, 4), all_out:(1, 13)
red2
more
('31_9___2__', 16, 2, [0, 0, 0, 1, 0, 0, 1, 1, 2, 0, 0, 0, 1, 2, 2, 1]) (5, 18)
('2_9___2__', 15, 2, [0, 1, 0, 0, 0, 0, 1, 1, 1, 0, 0, 1, 1, 2, 4]) (5, 13)
('28_10___2__', 15, 5, [0, 0, 0, 0, 1, 1, 1, 0, 0, 0, 0, 1, 2, 1, 2]) (5, 13)
('29_7___2__', 15, 3, [1, 1, 1, 1, 1, 1, 0, 0, 1, 1, 2, 0, 1, 0, 0]) (5, 10)
('49_1___2__', 15, 0, [2, 1, 0, 0, 1, 1, 3, 0, 1, 0, 3, 0, 0, 1, 1]) (5, 10)
('3_6___2__', 14, 2, [0, 1, 1, 1, 1, 1, 2, 0, 1, 0, 0, 2, 0, 3]) (5, 11)
('3_9___2__', 14, 5, [0, 0, 0, 0, 1, 1, 2, 0, 0, 0, 1, 2, 2, 1]) (5, 15)
('4_9___2__', 14, 4, [0, 0, 0, 0, 0, 1, 1, 1, 0, 2, 1, 2, 2, 1]) (5, 8)
('7_6___2__', 14, 0, [1, 0, 1, 1, 1, 1, 1, 2, 0, 1, 1, 2, 2, 1]) (5, 14)
('8_6___2__', 14, 3, [1, 1, 1, 1, 0, 0, 2, 0, 1, 1, 2, 0, 1, 1]) (5, 7)
('12_9___2__', 14, 3, [1, 1, 0, 0, 1, 1, 2, 0, 0, 0, 1, 2, 2, 1]) (5, 10)
('17_7___2__', 14, 2, [0, 1, 1, 1, 1, 1, 1, 0, 0, 3, 2, 0, 1, 1]) (5, 13)
('18_7___2__', 14, 2, [0, 1, 1, 1, 1, 1, 2, 0, 1, 1, 2, 0, 1, 1]) (5, 12)
('22_7___2__', 14, 3, [1, 1, 1, 1, 1, 1, 0, 0, 1, 1, 2, 0, 1, 1]) (5, 8)
('27_9___2__', 14, 2, [0, 3, 1, 1, 1, 1, 0, 0, 1, 1, 2, 1, 0, 1]) (5, 13)
('28_9___2__', 14, 3, [1, 0, 0, 0, 0, 1, 1, 1, 0, 0, 1, 1, 2, 4]) (5, 9)
('38_9___2__', 14, 3, [1, 0, 0, 0, 0, 1, 1, 2, 0, 1, 1, 2, 2, 1]) (5, 13)
('42_6___2__', 14, 3, [1, 0, 0, 1, 1, 1, 2, 0, 1, 1, 2, 0, 1, 1]) (5, 12)
('42_9___2__', 14, 3, [1, 1, 0, 0, 1, 1, 1, 0, 0, 1, 1, 2, 2, 1]) (5, 11)
('44_6___2__', 14, 5, [0, 0, 1, 1, 1, 2, 0, 1, 1, 2, 0, 0, 0, 1]) (5, 15)
less
('23_2___2__', 5, 7, [3, 3, 0, 2, 9]) (5, 5)
('26_2___2__', 5, 5, [1, 3, 4, 2, 9]) (5, 8)
('5_2___2__', 6, 7, [1, 1, 1, 2, 2, 9]) (5, 5)
('9_8___2__', 6, 5, [5, 1, 1, 0, 0, 11]) (5, 13)
('14_2___2__', 6, 7, [3, 4, 0, 1, 7, 1]) (5, 6)
('17_2___2__', 6, 7, [3, 4, 2, 4, 2, 1]) (5, 7)
('2_2___2__', 7, 7, [3, 4, 2, 3, 0, 2, 1]) (5, 8)
('6_3___2__', 7, 7, [3, 4, 0, 1, 4, 2, 1]) (5, 8)
('9_7___2__', 7, 5, [1, 3, 1, 2, 0, 9, 1]) (5, 10)
('11_2___2__', 7, 5, [1, 1, 1, 4, 2, 4, 4]) (5, 7)
('19_2___2__', 7, 5, [1, 3, 3, 0, 2, 7, 1]) (5, 5)
('43_2___2__', 7, 7, [3, 4, 0, 1, 4, 2, 1]) (5, 7)
('47_8___2__', 7, 9, [1, 1, 2, 2, 4, 2, 1]) (5, 11)
('49_2___2__', 7, 5, [1, 1, 1, 4, 2, 7, 1]) (5, 8)
('50_2___2__', 7, 5, [1, 3, 4, 0, 1, 7, 1]) (5, 7)
('2_3___2__', 8, 7, [3, 1, 2, 2, 4, 1, 0, 1]) (5, 8)
('5_8___2__', 8, 5, [3, 1, 1, 2, 2, 4, 2, 1]) (5, 9)
('6_1___2__', 8, 7, [1, 1, 4, 2, 4, 2, 0, 0]) (5, 6)
('6_2___2__', 8, 7, [3, 1, 2, 0, 1, 4, 2, 1]) (5, 5)
('7_2___2__', 8, 5, [1, 1, 1, 3, 0, 2, 7, 1]) (5, 6)
part_in:(7, 18), all_in:(5, 6), all_out:(5, 18)
red3
more
('24_6___3__', 16, 1, [1, 2, 0, 1, 1, 2, 1, 0, 0, 0, 1, 1, 1, 0, 0, 1]) (6, 19)
('25_1___3__', 15, 1, [1, 2, 0, 2, 0, 1, 2, 0, 0, 0, 1, 1, 2, 0, 1]) (6, 11)
('43_6___3__', 15, 1, [1, 2, 2, 1, 2, 1, 0, 0, 0, 1, 1, 1, 0, 0, 1]) (6, 20)
('48_6___3__', 15, 1, [1, 2, 0, 1, 1, 2, 1, 0, 1, 1, 1, 1, 0, 0, 1]) (6, 22)
('49_1___3__', 15, 1, [1, 2, 0, 1, 1, 1, 0, 0, 1, 0, 0, 3, 2, 0, 1]) (6, 15)
('7_6___3__', 14, 1, [1, 2, 0, 1, 1, 4, 0, 1, 1, 1, 1, 0, 0, 1]) (6, 19)
('7_7___3__', 14, 1, [1, 2, 0, 0, 0, 1, 5, 1, 1, 1, 1, 0, 0, 1]) (6, 17)
('15_1___3__', 14, 1, [1, 2, 0, 3, 1, 2, 0, 0, 0, 3, 2, 0, 0, 0]) (6, 10)
('15_6___3__', 14, 1, [1, 2, 0, 1, 1, 0, 3, 0, 1, 1, 1, 2, 0, 1]) (6, 17)
('17_6___3__', 14, 1, [1, 2, 0, 1, 1, 2, 2, 1, 1, 1, 1, 0, 0, 1]) (6, 20)
('20_1___3__', 14, 1, [1, 2, 0, 3, 1, 3, 0, 0, 1, 1, 2, 0, 0, 0]) (6, 13)
('21_6___3__', 14, 1, [4, 0, 0, 0, 1, 2, 2, 0, 0, 1, 1, 2, 0, 1]) (6, 18)
('22_1___3__', 14, 1, [1, 2, 0, 5, 0, 0, 0, 0, 0, 0, 3, 2, 0, 1]) (6, 11)
('27_6___3__', 14, 1, [1, 2, 0, 1, 1, 2, 1, 0, 1, 1, 1, 1, 1, 1]) (6, 19)
('32_6___3__', 14, 1, [1, 2, 0, 3, 2, 1, 0, 1, 1, 1, 1, 0, 0, 1]) (6, 15)
('32_7___3__', 14, 1, [1, 2, 0, 1, 1, 4, 0, 1, 1, 1, 1, 0, 0, 1]) (6, 19)
('34_1___3__', 14, 1, [4, 0, 3, 1, 0, 1, 0, 0, 0, 1, 1, 2, 0, 1]) (6, 10)
('34_6___3__', 14, 1, [4, 0, 1, 1, 2, 1, 0, 1, 1, 1, 1, 0, 0, 1]) (6, 18)
('34_8___3__', 14, 1, [1, 1, 0, 0, 1, 1, 4, 0, 1, 1, 1, 2, 0, 1]) (6, 18)
('35_1___3__', 14, 1, [1, 2, 0, 1, 1, 1, 0, 2, 1, 3, 1, 0, 0, 1]) (6, 19)
less
('1_6___3__', 7, 1, [4, 4, 5, 1, 3, 3, 1]) (6, 14)
('2_3___3__', 7, 1, [4, 0, 9, 1, 3, 3, 1]) (6, 11)
('8_2___3__', 7, 1, [4, 4, 5, 1, 3, 3, 1]) (6, 12)
('16_3___3__', 7, 1, [4, 0, 9, 1, 3, 3, 1]) (6, 13)
('46_3___3__', 7, 1, [4, 0, 9, 1, 3, 3, 1]) (6, 13)
('5_8___3__', 8, 1, [4, 2, 1, 5, 3, 1, 3, 1]) (6, 17)
('6_2___3__', 8, 1, [4, 4, 2, 2, 1, 3, 3, 1]) (6, 9)
('9_3___3__', 8, 1, [1, 2, 0, 9, 1, 3, 3, 1]) (6, 13)
('11_8___3__', 8, 1, [4, 2, 1, 5, 1, 1, 1, 5]) (6, 16)
('17_2___3__', 8, 1, [4, 0, 3, 5, 1, 3, 3, 1]) (6, 12)
('17_3___3__', 8, 1, [1, 2, 0, 9, 1, 3, 3, 1]) (6, 13)
('23_3___3__', 8, 1, [1, 2, 0, 9, 1, 3, 3, 1]) (6, 11)
('27_3___3__', 8, 1, [1, 2, 0, 9, 1, 3, 3, 1]) (6, 12)
('33_7___3__', 8, 1, [4, 7, 2, 3, 1, 2, 0, 1]) (6, 15)
('35_8___3__', 8, 1, [4, 2, 1, 5, 3, 1, 3, 1]) (6, 19)
('38_3___3__', 8, 1, [1, 2, 0, 9, 1, 3, 3, 1]) (6, 13)
('38_9___3__', 8, 1, [4, 0, 3, 5, 3, 1, 3, 1]) (6, 17)
('40_3___3__', 8, 1, [1, 2, 0, 9, 1, 3, 3, 1]) (6, 14)
('44_3___3__', 8, 1, [4, 0, 9, 0, 0, 3, 3, 1]) (6, 11)
('49_3___3__', 8, 1, [1, 2, 0, 9, 1, 3, 3, 1]) (6, 13)
part_in:(10, 22), all_in:(6, 9), all_out:(6, 22)
red4
more
('5_1___4__', 15, 1, [0, 0, 3, 3, 1, 0, 1, 1, 2, 0, 1, 1, 0, 0, 0]) (7, 23)
('6_1___4__', 15, 1, [1, 3, 3, 1, 0, 0, 0, 2, 1, 0, 1, 1, 0, 0, 0]) (7, 17)
('29_6___4__', 14, 1, [0, 0, 4, 0, 1, 1, 0, 1, 2, 2, 1, 0, 1, 1]) (7, 25)
('38_2___4__', 14, 2, [2, 1, 3, 1, 0, 0, 0, 1, 0, 1, 0, 1, 2, 1]) (7, 17)
('48_6___4__', 14, 1, [0, 0, 2, 0, 1, 1, 1, 0, 1, 5, 1, 1, 0, 1]) (7, 26)
('48_7___4__', 14, 1, [0, 0, 2, 0, 0, 0, 1, 1, 0, 4, 2, 1, 2, 1]) (7, 25)
('50_6___4__', 14, 1, [0, 0, 3, 0, 0, 1, 1, 0, 1, 5, 1, 1, 0, 1]) (7, 25)
('1_1___4__', 13, 1, [1, 1, 1, 3, 1, 2, 1, 2, 2, 1, 0, 0, 0]) (7, 15)
('1_10___4__', 13, 1, [0, 0, 3, 1, 1, 1, 1, 2, 0, 2, 1, 2, 1]) (7, 25)
('2_1___4__', 13, 1, [0, 0, 3, 3, 1, 2, 1, 2, 0, 1, 2, 0, 0]) (7, 12)
('2_2___4__', 13, 1, [0, 0, 1, 1, 3, 1, 0, 3, 2, 0, 1, 2, 1]) (7, 15)
('4_9___4__', 13, 1, [0, 0, 3, 0, 0, 1, 1, 2, 2, 2, 1, 2, 1]) (7, 24)
('9_2___4__', 13, 1, [1, 1, 1, 3, 1, 1, 0, 2, 1, 0, 1, 2, 1]) (7, 16)
('11_1___4__', 13, 2, [0, 3, 1, 1, 1, 1, 0, 1, 2, 0, 1, 2, 1]) (7, 20)
('12_8___4__', 13, 1, [0, 0, 3, 0, 0, 1, 1, 8, 1, 0, 0, 0, 1]) (7, 21)
('15_1___4__', 13, 1, [0, 0, 1, 1, 3, 1, 2, 4, 0, 1, 2, 0, 0]) (7, 17)
('18_6___4__', 13, 1, [1, 5, 1, 1, 0, 1, 2, 2, 1, 0, 0, 0, 1]) (7, 25)
('18_9___4__', 13, 1, [1, 3, 0, 2, 1, 0, 1, 2, 2, 1, 1, 0, 1]) (7, 21)
('18_10___4__', 13, 1, [1, 3, 1, 1, 1, 0, 3, 0, 2, 1, 1, 0, 1]) (7, 17)
('19_1___4__', 13, 1, [1, 3, 3, 1, 1, 0, 1, 2, 0, 1, 2, 0, 0]) (7, 14)
less
('1_6___4__', 6, 3, [7, 1, 10, 0, 1, 1]) (7, 21)
('8_2___4__', 7, 1, [0, 8, 1, 7, 2, 2, 1]) (7, 17)
('9_7___4__', 7, 3, [5, 1, 1, 2, 5, 1, 4]) (7, 26)
('15_7___4__', 7, 3, [7, 1, 2, 5, 1, 2, 1]) (7, 22)
('16_6___4__', 7, 3, [7, 1, 2, 5, 1, 2, 1]) (7, 23)
('22_7___4__', 7, 3, [7, 1, 0, 7, 1, 2, 1]) (7, 23)
('26_8___4__', 7, 3, [5, 1, 1, 8, 1, 2, 1]) (7, 22)
('26_9___4__', 7, 3, [7, 1, 5, 2, 1, 2, 1]) (7, 22)
('26_10___4__', 7, 7, [3, 1, 5, 2, 1, 2, 1]) (7, 21)
('35_8___4__', 7, 3, [5, 1, 1, 8, 1, 2, 1]) (7, 21)
('5_8___4__', 8, 3, [5, 1, 1, 2, 5, 1, 2, 1]) (7, 23)
('6_7___4__', 8, 3, [5, 1, 1, 2, 5, 1, 2, 1]) (7, 24)
('6_9___4__', 8, 5, [3, 1, 1, 2, 5, 1, 2, 1]) (7, 21)
('8_6___4__', 8, 1, [1, 7, 1, 2, 5, 1, 2, 1]) (7, 25)
('8_9___4__', 8, 3, [5, 1, 1, 8, 1, 1, 0, 1]) (7, 20)
('9_6___4__', 8, 3, [5, 1, 1, 2, 5, 1, 2, 1]) (7, 26)
('9_8___4__', 8, 3, [5, 1, 1, 2, 5, 1, 2, 1]) (7, 23)
('9_9___4__', 8, 3, [5, 1, 1, 5, 2, 1, 2, 1]) (7, 20)
('9_10___4__', 8, 3, [5, 1, 1, 5, 2, 1, 2, 1]) (7, 21)
('12_2___4__', 8, 7, [3, 1, 5, 1, 0, 1, 2, 1]) (7, 14)
part_in:(13, 26), all_in:(7, 12), all_out:(7, 26)
red5
more
('12_8___5__', 16, 2, [0, 2, 0, 0, 0, 0, 1, 1, 4, 1, 1, 0, 0, 0, 1, 0]) (20, 24)
('3_8___5__', 15, 1, [0, 6, 0, 1, 0, 0, 0, 1, 1, 1, 2, 0, 0, 1, 0]) (20, 25)
('7_8___5__', 15, 1, [0, 4, 1, 0, 1, 0, 1, 3, 1, 1, 0, 0, 0, 1, 0]) (20, 25)
('10_8___5__', 15, 1, [0, 3, 0, 0, 0, 0, 1, 0, 1, 5, 2, 0, 0, 1, 0]) (20, 24)
('11_8___5__', 15, 1, [0, 4, 1, 0, 1, 2, 1, 1, 1, 1, 0, 0, 0, 1, 0]) (20, 27)
('12_7___5__', 15, 1, [5, 0, 0, 0, 2, 0, 0, 3, 1, 1, 0, 0, 0, 1, 0]) (20, 28)
('22_8___5__', 15, 1, [0, 3, 0, 1, 0, 2, 0, 4, 1, 1, 0, 0, 0, 1, 0]) (20, 24)
('34_1___5__', 15, 1, [0, 4, 1, 0, 1, 1, 0, 0, 0, 3, 1, 0, 0, 0, 2]) (20, 24)
('39_6___5__', 15, 7, [0, 0, 0, 1, 0, 1, 3, 0, 0, 1, 0, 0, 0, 1, 0]) (20, 28)
('48_7___5__', 15, 3, [2, 0, 1, 0, 2, 1, 3, 1, 1, 0, 0, 0, 0, 0, 0]) (20, 26)
('48_8___5__', 15, 2, [0, 2, 0, 1, 0, 2, 0, 0, 3, 1, 1, 0, 1, 1, 0]) (20, 24)
('2_8___5__', 14, 2, [0, 3, 1, 0, 2, 1, 3, 1, 1, 0, 0, 0, 1, 0]) (20, 26)
('3_10___5__', 14, 1, [5, 1, 0, 2, 0, 0, 1, 1, 1, 1, 0, 1, 1, 0]) (20, 25)
('4_8___5__', 14, 1, [0, 4, 1, 0, 2, 3, 1, 1, 1, 0, 0, 0, 1, 0]) (20, 25)
('4_10___5__', 14, 1, [0, 4, 1, 0, 2, 1, 1, 1, 1, 1, 0, 1, 1, 0]) (20, 24)
('5_8___5__', 14, 1, [0, 0, 3, 1, 0, 1, 0, 1, 3, 1, 2, 1, 1, 0]) (20, 24)
('5_10___5__', 14, 1, [0, 4, 1, 0, 2, 0, 0, 1, 1, 1, 2, 1, 1, 0]) (20, 26)
('8_1___5__', 14, 1, [0, 4, 2, 3, 0, 0, 0, 1, 1, 1, 0, 1, 1, 0]) (18, 20)
('8_8___5__', 14, 1, [0, 3, 0, 1, 0, 2, 1, 3, 1, 1, 0, 1, 1, 0]) (20, 28)
('8_10___5__', 14, 1, [0, 4, 1, 0, 2, 1, 1, 1, 1, 1, 0, 1, 1, 0]) (20, 25)
less
('15_3___5__', 7, 2, [7, 8, 1, 0, 1, 1, 2]) (20, 23)
('2_2___5__', 8, 2, [4, 2, 3, 0, 8, 1, 1, 0]) (20, 21)
('8_3___5__', 8, 7, [2, 8, 1, 0, 1, 1, 1, 0]) (20, 24)
('16_3___5__', 8, 10, [2, 5, 1, 0, 1, 1, 1, 0]) (20, 23)
('17_2___5__', 8, 2, [4, 2, 4, 5, 2, 1, 1, 0]) (20, 23)
('26_2___5__', 8, 2, [0, 3, 2, 3, 0, 8, 3, 0]) (20, 23)
('33_2___5__', 8, 1, [0, 4, 2, 8, 4, 1, 1, 0]) (20, 24)
('38_8___5__', 8, 3, [5, 0, 2, 7, 1, 0, 1, 2]) (20, 25)
('39_3___5__', 8, 10, [6, 1, 1, 0, 1, 1, 1, 0]) (20, 23)
('42_6___5__', 8, 9, [0, 8, 1, 2, 0, 0, 1, 0]) (20, 28)
('47_9___5__', 8, 9, [0, 6, 1, 1, 2, 1, 1, 0]) (20, 26)
('1_2___5__', 9, 2, [4, 1, 0, 3, 1, 7, 1, 1, 0]) (18, 20)
('1_6___5__', 9, 1, [5, 2, 3, 4, 1, 2, 0, 0, 2]) (20, 27)
('3_2___5__', 9, 3, [3, 2, 3, 0, 3, 4, 1, 1, 0]) (20, 20)
('3_3___5__', 9, 2, [4, 2, 6, 1, 2, 1, 1, 1, 0]) (20, 20)
('7_2___5__', 9, 1, [0, 4, 2, 3, 0, 8, 1, 1, 0]) (20, 25)
('9_2___5__', 9, 2, [7, 3, 0, 3, 1, 2, 1, 1, 0]) (20, 20)
('11_1___5__', 9, 1, [0, 4, 1, 0, 4, 0, 7, 1, 2]) (20, 24)
('12_1___5__', 9, 1, [5, 2, 3, 0, 0, 4, 2, 1, 2]) (20, 24)
('15_6___5__', 9, 2, [7, 2, 2, 4, 2, 0, 0, 1, 0]) (20, 26)
part_in:(18, 28), all_in:(20, 20), all_out:(18, 28)
red6
more
('7_9___6__', 16, 1, [0, 4, 0, 0, 1, 0, 2, 0, 1, 0, 0, 0, 1, 3, 0, 0]) (22, 28)
('17_8___6__', 15, 1, [0, 0, 2, 0, 0, 2, 3, 2, 0, 1, 1, 2, 0, 0, 0]) (22, 31)
('28_7___6__', 15, 1, [2, 2, 0, 0, 1, 0, 2, 2, 0, 1, 3, 0, 0, 0, 0]) (22, 32)
('27_6___6__', 14, 1, [2, 3, 2, 0, 2, 2, 0, 1, 1, 1, 0, 0, 0, 0]) (22, 31)
('29_1___6__', 14, 1, [0, 3, 0, 0, 2, 2, 3, 0, 1, 1, 2, 0, 0, 0]) (22, 25)
('43_7___6__', 14, 1, [4, 1, 2, 3, 2, 0, 1, 0, 0, 1, 0, 0, 0, 0]) (22, 33)
('46_9___6__', 14, 1, [2, 2, 0, 2, 3, 0, 1, 0, 1, 1, 2, 0, 0, 0]) (22, 31)
('2_8___6__', 13, 1, [0, 4, 0, 2, 3, 2, 0, 1, 1, 2, 0, 0, 0]) (22, 31)
('6_9___6__', 13, 1, [1, 4, 2, 0, 1, 1, 1, 0, 1, 4, 0, 0, 0]) (22, 30)
('8_9___6__', 13, 1, [5, 0, 2, 2, 0, 2, 0, 1, 1, 2, 0, 0, 0]) (22, 30)
('11_6___6__', 13, 1, [5, 0, 2, 3, 2, 0, 1, 1, 1, 0, 0, 0, 0]) (22, 31)
('17_9___6__', 13, 1, [0, 3, 0, 0, 2, 6, 0, 1, 1, 2, 0, 0, 0]) (22, 30)
('17_10___6__', 13, 1, [5, 0, 0, 1, 3, 2, 0, 1, 1, 2, 0, 0, 0]) (22, 29)
('18_1___6__', 13, 1, [5, 0, 2, 0, 2, 2, 0, 1, 2, 1, 0, 0, 0]) (22, 29)
('18_7___6__', 13, 1, [2, 2, 0, 2, 3, 2, 0, 1, 3, 0, 0, 0, 0]) (22, 33)
('23_9___6__', 13, 1, [1, 2, 0, 0, 2, 3, 2, 0, 1, 1, 3, 0, 0]) (22, 31)
('24_6___6__', 13, 1, [2, 2, 0, 2, 0, 2, 2, 0, 1, 1, 3, 0, 0]) (22, 31)
('24_7___6__', 13, 1, [2, 2, 0, 2, 3, 2, 0, 1, 1, 2, 0, 0, 0]) (22, 31)
('24_9___6__', 13, 1, [2, 2, 0, 2, 3, 2, 0, 1, 1, 2, 0, 0, 0]) (22, 31)
('24_10___6__', 13, 1, [2, 2, 0, 2, 3, 0, 1, 0, 1, 4, 0, 0, 0]) (22, 30)
less
('2_1___6__', 8, 1, [6, 2, 3, 2, 2, 5, 0, 0]) (22, 23)
('13_1___6__', 8, 1, [6, 2, 3, 2, 0, 1, 5, 1]) (22, 27)
('21_1___6__', 8, 1, [6, 2, 0, 2, 2, 2, 5, 1]) (22, 23)
('23_6___6__', 8, 1, [6, 2, 6, 0, 1, 5, 0, 0]) (22, 31)
('23_8___6__', 8, 1, [6, 2, 6, 0, 1, 5, 0, 0]) (22, 31)
('1_8___6__', 9, 1, [6, 2, 2, 3, 0, 1, 5, 0, 0]) (22, 30)
('3_8___6__', 9, 1, [6, 2, 6, 0, 1, 1, 3, 0, 0]) (22, 30)
('3_10___6__', 9, 1, [6, 2, 3, 2, 0, 1, 5, 0, 0]) (22, 28)
('4_7___6__', 9, 1, [5, 0, 2, 6, 2, 1, 3, 0, 0]) (22, 30)
('6_8___6__', 9, 1, [6, 2, 6, 0, 1, 4, 0, 0, 0]) (22, 31)
('7_1___6__', 9, 1, [6, 2, 3, 2, 2, 4, 0, 0, 0]) (22, 28)
('7_7___6__', 9, 1, [5, 0, 2, 6, 0, 1, 5, 0, 0]) (22, 32)
('10_6___6__', 9, 1, [6, 2, 3, 2, 0, 1, 5, 0, 0]) (22, 32)
('11_8___6__', 9, 1, [6, 2, 6, 0, 1, 4, 0, 0, 0]) (22, 32)
('11_10___6__', 9, 1, [6, 2, 3, 2, 0, 1, 5, 0, 0]) (22, 29)
('12_1___6__', 9, 1, [5, 0, 2, 3, 2, 2, 5, 0, 0]) (22, 30)
('12_6___6__', 9, 1, [6, 2, 6, 0, 1, 3, 1, 0, 0]) (22, 31)
('12_7___6__', 9, 1, [6, 2, 6, 0, 1, 3, 1, 0, 0]) (22, 32)
('14_8___6__', 9, 1, [5, 0, 2, 6, 0, 1, 5, 0, 0]) (22, 31)
('14_9___6__', 9, 1, [6, 2, 4, 1, 0, 1, 5, 0, 0]) (22, 31)
part_in:(24, 33), all_in:(22, 23), all_out:(22, 33)
