30
less5
400_3___1__    16   0  [1, 0, 0, 2, 0, 1, 0, 1, 1, 0, 0, 5, 1, 1, 0, 0]  (2, 3)
400_4___1__    16   0  [1, 0, 0, 2, 0, 1, 0, 1, 1, 0, 0, 5, 0, 2, 0, 0]  (2, 3)
400_5___1__    16   0  [1, 0, 0, 2, 0, 1, 0, 1, 1, 0, 5, 0, 0, 2, 0, 0]  (1, 3)
600_4___1__    16   0  [1, 0, 0, 2, 0, 2, 1, 1, 0, 6, 0, 0, 0, 0, 0, 0]  (3, 5)
400_2___1__    15   0  [1, 0, 0, 2, 0, 1, 0, 1, 1, 0, 0, 5, 3, 0, 0]  (2, 3)
1000_5___1__    15   2  [0, 0, 2, 0, 2, 1, 1, 0, 0, 2, 2, 0, 2, 0, 0]  (3, 4)
400_1___1__    14   2  [1, 2, 0, 1, 0, 1, 1, 0, 0, 2, 2, 3, 0, 0]  (3, 4)
600_5___1__    14   0  [1, 0, 0, 2, 0, 2, 1, 2, 6, 0, 1, 0, 0, 0]  (3, 4)
1000_2___1__    14   2  [0, 0, 2, 0, 2, 1, 1, 0, 0, 5, 1, 1, 0, 0]  (3, 4)
1000_3___1__    14   2  [0, 0, 2, 0, 2, 1, 1, 1, 5, 0, 0, 1, 0, 0]  (3, 3)
1000_4___1__    14   2  [0, 0, 2, 0, 2, 1, 1, 1, 5, 0, 0, 1, 0, 0]  (3, 3)
600_3___1__    13   0  [1, 0, 0, 2, 0, 2, 1, 1, 7, 1, 1, 0, 0]  (3, 3)
600_1___1__    12   2  [1, 2, 0, 2, 1, 2, 3, 2, 1, 1, 0, 0]  (3, 4)
600_2___1__    12   0  [1, 4, 0, 2, 1, 0, 1, 6, 1, 1, 0, 0]  (2, 3)
1000_1___1__    12   2  [1, 2, 0, 2, 1, 1, 1, 2, 2, 1, 2, 0]  (3, 4)
part_in:(1, 5), all_in:(3, 3), all_out:(1, 5)
less8
600_2___2__    11   0  [0, 1, 4, 1, 3, 2, 2, 0, 2, 3, 0]  (9, 11)
600_3___2__    11   0  [2, 2, 3, 2, 0, 1, 4, 2, 2, 0, 0]  (8, 11)
400_2___2__    9   0  [0, 1, 4, 4, 7, 2, 1, 1, 0]  (10, 11)
400_3___2__    9   0  [2, 6, 2, 2, 4, 0, 1, 3, 0]  (11, 12)
1000_3___2__    9   3  [6, 2, 0, 1, 0, 3, 2, 3, 0]  (8, 11)
400_4___2__    8   0  [1, 0, 6, 2, 7, 2, 0, 3]  (11, 13)
600_4___2__    8   0  [0, 0, 0, 6, 2, 7, 6, 0]  (9, 11)
1000_1___2__    8   2  [0, 6, 2, 3, 2, 3, 3, 0]  (9, 11)
1000_2___2__    8   0  [1, 0, 6, 6, 3, 2, 3, 0]  (8, 11)
1000_4___2__    8   2  [0, 6, 2, 1, 1, 3, 2, 4]  (9, 11)
400_1___2__    7   0  [2, 9, 0, 5, 0, 4, 2]  (11, 11)
400_5___2__    7   0  [2, 4, 1, 2, 10, 2, 1]  (11, 13)
600_1___2__    7   0  [2, 6, 2, 6, 0, 6, 0]  (11, 12)
600_5___2__    7   0  [2, 6, 2, 6, 0, 6, 0]  (10, 11)
1000_5___2__    4   3  [6, 2, 3, 11]  (8, 11)
part_in:(8, 13), all_in:(11, 11), all_out:(8, 13)
less9
1000_3___3__    12   0  [2, 0, 1, 0, 5, 1, 0, 4, 2, 2, 0, 0]  (6, 9)
400_5___3__    11   3  [0, 2, 0, 1, 2, 1, 1, 3, 5, 0, 0]  (6, 7)
600_3___3__    11   4  [1, 0, 0, 4, 1, 4, 0, 3, 1, 0, 0]  (6, 8)
1000_4___3__    11   2  [0, 0, 1, 0, 5, 1, 1, 3, 5, 0, 0]  (6, 10)
1000_5___3__    11   3  [0, 2, 0, 6, 1, 2, 0, 2, 2, 0, 0]  (6, 9)
400_3___3__    10   3  [0, 2, 0, 4, 1, 1, 3, 5, 0, 0]  (5, 6)
400_4___3__    10   3  [0, 2, 0, 4, 1, 1, 3, 5, 0, 0]  (6, 6)
600_4___3__    10   4  [1, 0, 0, 4, 1, 4, 0, 5, 0, 0]  (6, 6)
400_1___3__    9   0  [3, 2, 0, 4, 1, 1, 3, 5, 1]  (5, 6)
600_1___3__    9   1  [2, 2, 0, 4, 6, 0, 5, 0, 0]  (6, 8)
600_2___3__    9   1  [2, 2, 0, 4, 6, 0, 5, 0, 0]  (6, 8)
600_5___3__    9   4  [1, 0, 0, 4, 6, 0, 5, 0, 0]  (6, 6)
1000_1___3__    9   0  [3, 2, 7, 1, 2, 0, 5, 0, 0]  (5, 6)
400_2___3__    8   4  [2, 0, 6, 1, 3, 5, 0, 0]  (6, 6)
1000_2___3__    7   4  [2, 5, 1, 1, 3, 5, 1]  (6, 6)
part_in:(5, 10), all_in:(6, 6), all_out:(5, 10)
less10
400_5___4__    13   1  [1, 0, 2, 0, 1, 3, 1, 0, 1, 5, 0, 1, 0]  (4, 5)
400_1___4__    12   1  [2, 2, 0, 1, 1, 3, 0, 1, 5, 0, 1, 0]  (3, 5)
1000_2___4__    12   1  [1, 0, 0, 0, 0, 0, 1, 5, 8, 0, 1, 0]  (5, 5)
400_2___4__    11   1  [2, 1, 0, 2, 5, 0, 1, 5, 0, 1, 0]  (5, 5)
400_3___4__    11   1  [1, 0, 2, 2, 5, 0, 1, 5, 0, 1, 0]  (4, 5)
1000_5___4__    11   1  [1, 0, 2, 2, 5, 1, 0, 5, 0, 1, 0]  (5, 5)
400_4___4__    10   1  [1, 0, 2, 2, 5, 2, 5, 0, 1, 0]  (4, 5)
600_1___4__    10   1  [2, 1, 0, 0, 7, 2, 5, 0, 1, 0]  (2, 5)
600_2___4__    10   1  [2, 1, 0, 2, 5, 2, 5, 0, 1, 0]  (4, 5)
1000_1___4__    10   1  [2, 1, 0, 2, 5, 2, 5, 0, 1, 0]  (4, 5)
1000_3___4__    10   1  [1, 0, 0, 1, 2, 5, 8, 0, 1, 0]  (5, 5)
1000_4___4__    10   1  [1, 0, 2, 2, 5, 2, 5, 0, 1, 0]  (5, 5)
600_3___4__    9   1  [2, 2, 2, 5, 2, 5, 0, 1, 0]  (4, 5)
600_5___4__    9   0  [0, 2, 2, 0, 7, 8, 0, 1, 0]  (3, 5)
600_4___4__    8   0  [0, 2, 2, 8, 8, 0, 1, 0]  (3, 5)
part_in:(2, 3), all_in:(4, 5), all_out:(2, 5)
row1
400_5___5__    17   1  [2, 0, 1, 2, 0, 2, 0, 0, 0, 2, 0, 1, 0, 0, 0, 1, 0]  (1, 1)
400_2___5__    15   1  [2, 0, 2, 2, 2, 1, 0, 0, 1, 0, 1, 0, 1, 1, 0]  (1, 1)
400_1___5__    14   4  [0, 5, 2, 0, 0, 0, 0, 1, 0, 1, 0, 1, 1, 0]  (1, 1)
400_3___5__    14   1  [2, 0, 2, 2, 2, 1, 0, 2, 0, 1, 0, 1, 1, 0]  (1, 1)
400_4___5__    14   1  [3, 1, 3, 2, 0, 0, 0, 2, 0, 1, 0, 1, 1, 0]  (1, 2)
600_4___5__    14   3  [1, 1, 3, 2, 0, 0, 0, 2, 0, 1, 0, 1, 1, 0]  (1, 2)
1000_3___5__    14   0  [2, 1, 1, 3, 1, 0, 1, 0, 2, 2, 0, 1, 1, 0]  (1, 2)
600_5___5__    13   5  [1, 3, 2, 0, 0, 0, 2, 0, 1, 0, 1, 1, 0]  (1, 2)
1000_1___5__    13   0  [3, 0, 1, 3, 2, 0, 0, 0, 3, 2, 1, 1, 0]  (1, 2)
1000_2___5__    13   0  [2, 1, 2, 2, 2, 1, 0, 2, 2, 0, 1, 1, 0]  (1, 1)
1000_5___5__    13   0  [2, 0, 0, 1, 3, 2, 1, 0, 5, 0, 1, 1, 0]  (1, 2)
600_2___5__    12   0  [4, 7, 0, 0, 0, 0, 2, 0, 2, 1, 1, 0]  (1, 1)
600_3___5__    12   5  [1, 3, 2, 0, 0, 0, 2, 0, 2, 1, 1, 0]  (1, 2)
1000_4___5__    12   0  [4, 1, 3, 2, 1, 0, 2, 2, 0, 1, 1, 0]  (1, 2)
600_1___5__    10   4  [0, 8, 1, 0, 2, 0, 2, 1, 1, 0]  (1, 2)
part_in:(3, 2), all_in:(1, 2), all_out:(1, 2)
row2
400_3___6__    14   0  [1, 0, 2, 0, 2, 0, 0, 2, 2, 0, 0, 5, 1, 0]  (29, 30)
600_2___6__    14   0  [1, 0, 0, 1, 0, 2, 0, 0, 5, 0, 0, 1, 3, 2]  (30, 32)
400_2___6__    13   0  [1, 0, 0, 2, 2, 0, 0, 4, 0, 0, 0, 5, 2]  (28, 30)
600_1___6__    13   0  [1, 1, 0, 4, 0, 0, 5, 0, 0, 5, 0, 0, 0]  (30, 32)
600_4___6__    13   0  [3, 0, 0, 3, 0, 0, 4, 0, 0, 0, 5, 1, 0]  (30, 33)
400_5___6__    12   2  [0, 2, 3, 0, 0, 5, 0, 0, 4, 0, 1, 0]  (27, 30)
600_5___6__    12   0  [3, 1, 3, 0, 0, 4, 0, 0, 0, 5, 1, 0]  (30, 32)
400_4___6__    11   2  [0, 2, 3, 0, 0, 5, 0, 0, 5, 1, 0]  (30, 30)
600_3___6__    11   0  [5, 3, 0, 0, 4, 0, 0, 0, 5, 1, 0]  (30, 32)
1000_5___6__    11   2  [0, 0, 5, 0, 0, 5, 0, 0, 4, 1, 1]  (30, 30)
1000_3___6__    10   3  [2, 3, 0, 0, 2, 2, 0, 0, 7, 0]  (30, 30)
1000_4___6__    9   3  [6, 0, 0, 5, 0, 0, 4, 1, 1]  (27, 30)
400_1___6__    8   0  [1, 1, 5, 1, 6, 0, 5, 2]  (30, 31)
1000_1___6__    7   2  [7, 0, 0, 5, 0, 0, 8]  (30, 31)
1000_2___6__    7   3  [6, 0, 0, 5, 0, 0, 8]  (29, 30)
part_in:(27, 33), all_in:(30, 30), all_out:(27, 33)
row3
400_3___7__    14   0  [1, 0, 3, 2, 0, 3, 1, 0, 0, 0, 2, 2, 1, 0]  (17, 18)
400_5___7__    13   0  [1, 7, 0, 3, 1, 1, 0, 2, 1, 0, 0, 0, 0]  (17, 19)
600_5___7__    13   0  [1, 1, 0, 5, 5, 0, 0, 0, 2, 1, 0, 1, 0]  (15, 17)
400_2___7__    12   0  [1, 7, 0, 3, 1, 0, 0, 0, 2, 2, 1, 0]  (17, 19)
400_4___7__    12   0  [1, 0, 6, 0, 3, 1, 1, 0, 2, 2, 1, 0]  (17, 17)
600_1___7__    12   0  [1, 1, 0, 4, 0, 7, 0, 2, 2, 0, 0, 0]  (14, 17)
600_2___7__    12   0  [1, 1, 5, 0, 5, 0, 0, 0, 2, 2, 1, 0]  (14, 17)
1000_3___7__    12   2  [0, 6, 0, 3, 2, 1, 2, 1, 0, 0, 0, 0]  (16, 17)
600_3___7__    11   0  [1, 7, 0, 5, 0, 0, 0, 2, 2, 1, 0]  (15, 17)
600_4___7__    11   0  [1, 1, 0, 5, 5, 1, 0, 2, 2, 1, 0]  (14, 17)
1000_5___7__    11   2  [7, 0, 5, 0, 0, 0, 2, 1, 0, 0, 1]  (16, 17)
400_1___7__    9   0  [1, 1, 5, 8, 0, 2, 1, 0, 2]  (15, 17)
1000_2___7__    9   2  [1, 5, 0, 5, 2, 2, 2, 1, 0]  (16, 17)
1000_4___7__    9   2  [7, 0, 8, 2, 1, 0, 0, 0, 0]  (17, 18)
1000_1___7__    7   2  [7, 0, 8, 0, 1, 2, 2]  (14, 17)
part_in:(14, 19), all_in:(17, 17), all_out:(14, 19)
row4
400_3___8__    16   0  [1, 3, 0, 0, 0, 0, 1, 0, 1, 1, 0, 3, 0, 1, 2, 0]  (0, 2)
600_3___8__    16   0  [1, 3, 0, 0, 0, 0, 1, 0, 1, 2, 3, 0, 2, 0, 0, 0]  (0, 2)
600_5___8__    16   0  [1, 3, 1, 0, 0, 2, 1, 0, 0, 0, 3, 0, 1, 1, 0, 0]  (0, 2)
400_4___8__    15   2  [3, 1, 0, 0, 1, 0, 1, 1, 0, 3, 0, 1, 0, 1, 0]  (1, 2)
600_1___8__    14   0  [0, 0, 4, 0, 0, 0, 2, 1, 1, 0, 4, 3, 0, 0]  (1, 2)
600_4___8__    14   2  [3, 1, 0, 0, 1, 0, 1, 1, 0, 4, 2, 0, 0, 0]  (0, 2)
400_2___8__    13   0  [1, 3, 1, 0, 0, 2, 1, 1, 0, 3, 0, 4, 0]  (1, 2)
400_5___8__    13   1  [4, 2, 0, 1, 0, 1, 0, 0, 0, 3, 0, 4, 0]  (1, 2)
600_2___8__    13   0  [1, 5, 0, 0, 2, 1, 1, 0, 4, 2, 0, 0, 0]  (0, 2)
1000_5___8__    13   1  [0, 5, 0, 0, 2, 1, 0, 0, 0, 3, 0, 0, 4]  (0, 2)
400_1___8__    12   0  [0, 4, 2, 0, 1, 0, 1, 2, 3, 0, 4, 0]  (1, 2)
1000_1___8__    12   1  [0, 3, 0, 0, 0, 0, 2, 1, 2, 3, 0, 5]  (1, 2)
1000_2___8__    12   2  [0, 2, 0, 0, 0, 0, 2, 1, 2, 3, 0, 5]  (1, 2)
1000_3___8__    12   2  [2, 1, 0, 0, 0, 2, 1, 2, 3, 0, 4, 0]  (0, 2)
1000_4___8__    10   6  [1, 0, 0, 1, 0, 1, 2, 3, 0, 5]  (1, 2)
part_in:(0, 0), all_in:(1, 2), all_out:(0, 2)
sum16
400_5___9__    13   4  [3, 0, 0, 3, 0, 1, 0, 1, 2, 1, 0, 1, 0]  (31, 33)
600_3___9__    13   0  [5, 1, 0, 0, 3, 0, 2, 0, 0, 0, 3, 0, 2]  (31, 33)
600_4___9__    12   8  [0, 0, 3, 0, 2, 0, 0, 0, 3, 0, 1, 0]  (31, 33)
1000_5___9__    12   4  [3, 0, 0, 3, 0, 0, 1, 1, 3, 0, 0, 2]  (31, 33)
400_4___9__    11   9  [0, 3, 2, 0, 1, 2, 0, 0, 0, 1, 0]  (31, 34)
600_2___9__    11   0  [2, 2, 1, 0, 0, 3, 3, 1, 0, 4, 2]  (31, 31)
600_5___9__    11   8  [0, 0, 3, 3, 0, 0, 0, 3, 0, 1, 0]  (31, 33)
1000_4___9__    10   9  [0, 3, 0, 2, 2, 2, 0, 0, 1, 0]  (31, 33)
1000_1___9__    9   8  [0, 0, 3, 3, 1, 0, 4, 1, 0]  (31, 31)
1000_2___9__    9   0  [2, 4, 0, 0, 3, 0, 2, 5, 4]  (31, 31)
1000_3___9__    9   8  [0, 0, 3, 0, 2, 5, 0, 2, 0]  (31, 32)
600_1___9__    8   0  [7, 0, 0, 3, 3, 1, 0, 7]  (31, 31)
400_1___9__    7   4  [4, 0, 3, 2, 0, 1, 8]  (31, 33)
400_2___9__    7   4  [4, 0, 3, 3, 1, 2, 5]  (31, 32)
400_3___9__    7   9  [0, 3, 3, 1, 4, 0, 2]  (31, 34)
part_in:(33, 34), all_in:(31, 32), all_out:(31, 34)
gap16
400_2___10__    12   0  [0, 3, 1, 5, 0, 0, 1, 2, 1, 0, 0, 4]  (22, 23)
400_3___10__    11   0  [0, 3, 1, 5, 0, 0, 1, 2, 1, 1, 4]  (22, 23)
400_4___10__    10   0  [0, 3, 1, 6, 0, 1, 4, 0, 0, 4]  (23, 23)
400_5___10__    10   0  [0, 3, 1, 7, 1, 3, 0, 0, 0, 4]  (23, 24)
1000_5___10__    10   0  [0, 0, 4, 7, 1, 2, 0, 1, 0, 4]  (23, 25)
400_1___10__    9   0  [0, 5, 5, 1, 1, 2, 1, 1, 4]  (23, 23)
600_3___10__    9   0  [0, 0, 4, 5, 0, 0, 1, 5, 5]  (23, 26)
1000_2___10__    9   0  [0, 0, 4, 5, 1, 1, 5, 0, 4]  (23, 23)
1000_4___10__    9   0  [0, 0, 10, 0, 0, 1, 5, 0, 4]  (23, 25)
600_2___10__    8   0  [0, 5, 5, 0, 0, 1, 6, 4]  (23, 25)
1000_1___10__    8   0  [0, 11, 1, 1, 2, 2, 0, 4]  (22, 23)
1000_3___10__    8   0  [1, 4, 6, 0, 1, 5, 0, 4]  (23, 23)
600_1___10__    7   0  [0, 11, 1, 1, 1, 4, 4]  (22, 23)
600_4___10__    7   0  [0, 0, 12, 1, 5, 0, 4]  (23, 27)
600_5___10__    7   0  [0, 0, 4, 7, 1, 6, 4]  (23, 28)
part_in:(22, 26), all_in:(23, 23), all_out:(22, 26)
sum25
400_2___11__    10   4  [3, 1, 2, 0, 0, 2, 0, 0, 4, 3]  (30, 32)
400_3___11__    10   8  [1, 2, 0, 0, 2, 0, 0, 4, 2, 0]  (30, 33)
600_3___11__    10   0  [7, 1, 4, 2, 0, 0, 4, 1, 0, 0]  (30, 34)
1000_1___11__    10   8  [1, 2, 0, 3, 0, 0, 0, 3, 2, 0]  (29, 30)
1000_2___11__    10   0  [7, 1, 4, 2, 0, 4, 0, 1, 0, 0]  (30, 31)
1000_5___11__    10   4  [3, 1, 2, 1, 3, 0, 4, 1, 0, 0]  (30, 31)
400_1___11__    9   4  [5, 2, 0, 2, 0, 0, 0, 7, 0]  (30, 31)
600_2___11__    9   0  [2, 4, 1, 7, 0, 5, 1, 0, 0]  (30, 30)
1000_4___11__    9   4  [5, 4, 2, 0, 4, 0, 1, 0, 0]  (30, 33)
400_4___11__    8   10  [3, 0, 2, 0, 0, 4, 2, 0]  (30, 31)
400_5___11__    8   8  [1, 4, 2, 0, 0, 4, 2, 0]  (30, 31)
600_1___11__    8   0  [7, 1, 7, 0, 0, 4, 2, 0]  (30, 31)
600_4___11__    8   8  [1, 4, 2, 0, 0, 4, 2, 0]  (30, 34)
600_5___11__    8   8  [1, 4, 2, 0, 0, 4, 2, 0]  (30, 34)
1000_3___11__    7   10  [4, 2, 0, 5, 1, 0, 0]  (30, 31)
part_in:(29, 34), all_in:(30, 30), all_out:(29, 34)
gap25
400_2___12__    8   0  [12, 0, 4, 0, 0, 1, 0, 4]  (9, 14)
600_3___12__    8   3  [8, 0, 0, 4, 1, 1, 4, 0]  (13, 14)
1000_1___12__    8   0  [2, 9, 5, 1, 1, 0, 3, 0]  (14, 14)
400_1___12__    7   0  [12, 5, 0, 0, 1, 0, 4]  (12, 14)
400_4___12__    7   3  [7, 1, 0, 4, 1, 2, 4]  (10, 14)
400_5___12__    7   0  [2, 9, 0, 4, 1, 1, 5]  (10, 14)
600_2___12__    7   0  [2, 8, 0, 0, 4, 1, 7]  (14, 15)
600_4___12__    7   3  [1, 7, 0, 4, 1, 6, 0]  (14, 15)
600_5___12__    7   3  [9, 0, 4, 1, 1, 0, 4]  (14, 14)
1000_2___12__    7   0  [2, 9, 0, 4, 1, 2, 4]  (13, 14)
1000_4___12__    7   3  [9, 0, 4, 1, 2, 3, 0]  (11, 14)
400_3___12__    6   0  [2, 9, 0, 4, 1, 7]  (9, 14)
1000_5___12__    6   0  [2, 9, 0, 4, 1, 7]  (11, 14)
1000_3___12__    5   3  [10, 4, 1, 2, 4]  (10, 14)
600_1___12__    4   19  [1, 2, 3, 0]  (14, 15)
part_in:(9, 15), all_in:(14, 14), all_out:(9, 15)
sum34
400_3___13__    11   0  [3, 2, 2, 3, 0, 0, 3, 3, 0, 1, 1]  (35, 37)
400_4___13__    11   0  [3, 2, 2, 3, 0, 0, 2, 0, 3, 0, 3]  (32, 37)
400_5___13__    10   0  [3, 2, 2, 4, 0, 3, 2, 0, 0, 3]  (32, 37)
1000_4___13__    10   0  [3, 5, 2, 1, 0, 4, 2, 0, 1, 1]  (30, 37)
400_1___13__    9   0  [3, 5, 2, 0, 1, 1, 0, 0, 8]  (35, 37)
600_1___13__    9   0  [2, 0, 5, 4, 0, 1, 1, 4, 3]  (26, 37)
600_3___13__    9   0  [5, 3, 4, 0, 1, 1, 4, 1, 1]  (29, 37)
600_5___13__    9   0  [3, 5, 4, 0, 1, 1, 2, 1, 3]  (31, 37)
1000_5___13__    9   0  [3, 5, 4, 0, 1, 1, 3, 0, 3]  (29, 37)
400_2___13__    8   0  [3, 2, 2, 3, 0, 0, 3, 8]  (35, 37)
1000_1___13__    8   0  [3, 5, 2, 1, 0, 2, 7, 1]  (33, 37)
1000_3___13__    8   0  [6, 2, 4, 0, 7, 0, 1, 1]  (30, 37)
600_2___13__    7   0  [2, 6, 4, 0, 8, 1, 1]  (24, 37)
600_4___13__    7   0  [3, 5, 4, 0, 3, 4, 3]  (29, 37)
1000_2___13__    6   0  [9, 4, 0, 7, 2, 1]  (33, 37)
part_in:(24, 34), all_in:(35, 37), all_out:(24, 37)
gap12
400_2___14__    13   0  [1, 0, 0, 3, 3, 2, 0, 0, 0, 3, 2, 2, 0]  (4, 6)
400_4___14__    13   3  [0, 3, 1, 3, 1, 0, 0, 1, 1, 1, 0, 2, 0]  (4, 5)
1000_2___14__    13   0  [2, 2, 1, 2, 0, 1, 1, 0, 0, 3, 1, 0, 3]  (4, 5)
400_5___14__    12   2  [1, 3, 5, 1, 0, 0, 1, 1, 1, 0, 2, 0]  (4, 5)
1000_1___14__    12   0  [1, 1, 3, 2, 0, 3, 2, 2, 0, 1, 2, 0]  (3, 4)
1000_5___14__    12   3  [0, 3, 1, 3, 1, 0, 0, 3, 1, 0, 2, 0]  (4, 5)
400_3___14__    11   2  [0, 0, 3, 7, 1, 1, 1, 1, 0, 2, 0]  (4, 6)
600_4___14__    11   5  [0, 1, 5, 0, 0, 1, 3, 1, 0, 2, 0]  (4, 6)
600_5___14__    11   2  [0, 1, 2, 5, 1, 1, 3, 1, 0, 2, 0]  (4, 7)
1000_3___14__    11   3  [4, 2, 2, 0, 0, 1, 3, 1, 0, 2, 0]  (4, 6)
1000_4___14__    11   3  [0, 3, 3, 1, 1, 1, 3, 1, 0, 2, 0]  (4, 7)
600_2___14__    10   0  [5, 1, 2, 2, 0, 0, 0, 4, 2, 3]  (4, 4)
400_1___14__    9   2  [1, 3, 3, 3, 1, 1, 1, 5, 0]  (4, 4)
600_3___14__    8   0  [2, 2, 1, 5, 1, 5, 2, 3]  (4, 7)
600_1___14__    7   0  [1, 5, 7, 3, 1, 2, 3]  (3, 4)
part_in:(3, 7), all_in:(4, 4), all_out:(3, 7)
gap23
400_4___15__    15   2  [0, 1, 5, 0, 0, 0, 0, 0, 1, 1, 0, 4, 0, 0, 0]  (4, 9)
400_5___15__    14   2  [0, 1, 6, 0, 0, 0, 0, 1, 1, 0, 4, 0, 0, 0]  (4, 9)
600_5___15__    14   2  [0, 1, 4, 1, 1, 0, 0, 1, 1, 0, 4, 0, 0, 0]  (1, 9)
1000_2___15__    14   1  [0, 0, 1, 6, 0, 0, 0, 0, 1, 1, 0, 5, 0, 0]  (6, 9)
400_3___15__    13   2  [0, 1, 6, 1, 0, 0, 1, 1, 2, 2, 0, 0, 0]  (4, 9)
1000_1___15__    13   3  [1, 6, 0, 0, 0, 0, 1, 1, 0, 2, 2, 0, 0]  (7, 9)
1000_5___15__    13   3  [1, 6, 0, 0, 0, 0, 1, 1, 0, 4, 0, 0, 0]  (3, 9)
400_1___15__    12   3  [1, 6, 0, 0, 0, 0, 1, 1, 0, 5, 0, 0]  (6, 9)
600_4___15__    12   2  [0, 1, 6, 0, 0, 0, 0, 1, 2, 5, 0, 0]  (0, 9)
1000_4___15__    12   2  [0, 1, 7, 0, 0, 0, 1, 1, 5, 0, 0, 0]  (2, 9)
600_2___15__    11   2  [0, 1, 8, 0, 0, 1, 1, 0, 5, 0, 0]  (1, 9)
400_2___15__    10   3  [1, 6, 1, 0, 0, 1, 1, 0, 6, 0]  (5, 9)
600_1___15__    10   3  [1, 8, 0, 0, 1, 1, 0, 5, 0, 0]  (2, 9)
1000_3___15__    10   3  [1, 6, 1, 0, 0, 1, 1, 5, 0, 1]  (3, 9)
600_3___15__    9   3  [1, 6, 1, 0, 0, 1, 8, 0, 0]  (0, 9)
part_in:(0, 6), all_in:(7, 9), all_out:(0, 9)
gap34
600_3___16__    15   0  [1, 4, 0, 1, 1, 0, 0, 4, 1, 1, 0, 0, 0, 0, 1]  (3, 6)
600_4___16__    15   0  [1, 2, 1, 0, 3, 0, 0, 4, 1, 1, 0, 0, 0, 0, 1]  (3, 9)
600_2___16__    14   0  [1, 4, 0, 3, 0, 0, 4, 1, 1, 0, 0, 0, 0, 1]  (3, 6)
600_5___16__    14   0  [1, 2, 1, 0, 3, 0, 0, 6, 1, 0, 0, 0, 0, 1]  (3, 8)
1000_2___16__    13   0  [1, 4, 0, 2, 1, 0, 4, 1, 1, 1, 0, 0, 1]  (3, 3)
1000_3___16__    13   0  [1, 4, 0, 2, 0, 1, 4, 1, 1, 1, 0, 0, 1]  (3, 3)
400_3___16__    12   2  [4, 3, 1, 0, 4, 1, 1, 0, 0, 0, 0, 1]  (2, 3)
1000_4___16__    12   2  [4, 0, 2, 1, 0, 4, 1, 1, 1, 0, 0, 1]  (2, 3)
1000_5___16__    12   2  [4, 0, 2, 1, 0, 4, 1, 2, 0, 0, 0, 1]  (3, 3)
400_2___16__    11   2  [4, 3, 1, 0, 4, 1, 2, 0, 0, 0, 1]  (1, 3)
400_4___16__    11   2  [4, 3, 1, 0, 4, 1, 2, 0, 0, 0, 1]  (2, 3)
400_5___16__    11   2  [4, 3, 1, 0, 4, 1, 2, 0, 0, 0, 1]  (3, 3)
600_1___16__    10   0  [1, 4, 0, 10, 1, 2, 0, 0, 0, 1]  (3, 6)
1000_1___16__    10   0  [1, 4, 3, 1, 5, 1, 3, 0, 0, 1]  (3, 4)
400_1___16__    9   0  [6, 5, 0, 4, 1, 3, 0, 0, 1]  (3, 3)
part_in:(1, 9), all_in:(3, 3), all_out:(1, 9)
gap45
1000_1___17__    15   0  [0, 2, 0, 1, 0, 0, 3, 6, 0, 1, 0, 1, 0, 0, 0]  (2, 3)
400_4___17__    14   0  [0, 2, 2, 0, 0, 5, 0, 2, 0, 0, 1, 2, 0, 1]  (2, 3)
400_5___17__    14   0  [0, 1, 2, 0, 0, 0, 1, 3, 3, 0, 0, 1, 3, 1]  (2, 2)
600_1___17__    14   0  [0, 2, 0, 0, 1, 0, 1, 0, 7, 0, 1, 0, 2, 1]  (2, 7)
600_2___17__    14   0  [0, 2, 0, 0, 1, 0, 1, 0, 7, 0, 1, 0, 2, 1]  (2, 7)
600_3___17__    13   0  [0, 2, 0, 0, 1, 0, 1, 0, 1, 5, 2, 3, 1]  (2, 6)
600_5___17__    13   0  [0, 2, 2, 0, 0, 1, 1, 4, 1, 0, 1, 3, 1]  (2, 4)
1000_2___17__    13   0  [0, 2, 2, 0, 0, 1, 8, 0, 1, 0, 1, 0, 1]  (2, 3)
400_1___17__    12   0  [0, 6, 0, 4, 0, 4, 0, 1, 0, 1, 0, 1]  (2, 2)
400_2___17__    12   0  [0, 6, 0, 1, 3, 3, 0, 0, 1, 2, 0, 1]  (2, 2)
400_3___17__    12   0  [0, 1, 0, 3, 0, 9, 0, 0, 1, 2, 0, 1]  (2, 2)
600_4___17__    11   0  [0, 2, 1, 1, 0, 1, 8, 0, 1, 3, 1]  (2, 5)
1000_3___17__    11   0  [0, 2, 1, 0, 0, 0, 10, 0, 1, 3, 1]  (2, 4)
1000_4___17__    11   0  [0, 2, 2, 0, 0, 3, 4, 1, 0, 5, 1]  (2, 5)
1000_5___17__    9   0  [0, 2, 2, 0, 0, 10, 0, 5, 1]  (2, 4)
part_in:(4, 7), all_in:(2, 3), all_out:(2, 7)
gap56
400_4___18__    15   0  [0, 2, 1, 4, 0, 1, 0, 0, 0, 3, 1, 1, 0, 0, 1]  (5, 8)
1000_5___18__    15   1  [2, 1, 3, 0, 0, 1, 0, 0, 0, 2, 0, 1, 1, 1, 1]  (5, 8)
400_3___18__    14   0  [0, 2, 1, 4, 0, 1, 0, 0, 0, 2, 0, 3, 1, 1]  (5, 7)
400_5___18__    14   0  [0, 4, 4, 0, 1, 0, 0, 0, 2, 0, 3, 0, 0, 1]  (5, 8)
1000_4___18__    14   1  [2, 0, 0, 3, 1, 1, 0, 0, 0, 3, 1, 1, 1, 1]  (5, 7)
600_4___18__    13   1  [2, 1, 5, 1, 0, 0, 0, 3, 1, 1, 0, 0, 1]  (5, 5)
400_1___18__    12   0  [0, 2, 6, 0, 1, 0, 0, 0, 2, 0, 3, 3]  (5, 6)
400_2___18__    12   0  [0, 4, 4, 0, 1, 0, 0, 0, 2, 0, 3, 3]  (5, 6)
600_1___18__    12   1  [2, 1, 1, 3, 0, 0, 0, 0, 0, 3, 3, 3]  (3, 5)
600_5___18__    12   1  [4, 1, 3, 1, 0, 0, 0, 3, 3, 0, 0, 1]  (5, 6)
1000_1___18__    12   0  [3, 1, 3, 1, 1, 0, 0, 0, 2, 0, 3, 3]  (5, 5)
1000_2___18__    12   0  [0, 4, 5, 1, 0, 0, 0, 3, 1, 1, 1, 1]  (5, 5)
1000_3___18__    12   1  [3, 0, 5, 1, 0, 0, 0, 3, 1, 1, 1, 1]  (5, 6)
600_2___18__    11   1  [4, 1, 3, 1, 0, 0, 0, 1, 1, 3, 3]  (5, 5)
600_3___18__    11   1  [4, 1, 3, 1, 0, 0, 0, 3, 3, 1, 1]  (5, 5)
part_in:(3, 8), all_in:(5, 5), all_out:(3, 8)
ball
400_3___19__    12   0  [0, 0, 0, 2, 3, 2, 2, 3, 1, 0, 4, 0]  (2, 3)
400_4___19__    12   0  [0, 0, 0, 2, 1, 4, 6, 0, 0, 0, 1, 3]  (2, 3)
400_5___19__    12   0  [0, 0, 0, 2, 3, 2, 6, 0, 0, 0, 1, 3]  (3, 3)
1000_4___19__    12   0  [1, 0, 0, 1, 3, 2, 6, 0, 0, 0, 1, 3]  (3, 3)
1000_5___19__    12   0  [1, 0, 0, 1, 3, 2, 6, 0, 0, 0, 1, 3]  (2, 3)
600_4___19__    11   0  [1, 0, 0, 1, 6, 6, 1, 0, 1, 2, 0]  (3, 3)
600_5___19__    11   2  [0, 2, 3, 2, 6, 0, 0, 0, 1, 2, 0]  (3, 3)
1000_3___19__    10   0  [1, 0, 2, 3, 2, 7, 0, 0, 4, 0]  (3, 3)
1000_1___19__    9   0  [1, 0, 2, 3, 2, 7, 0, 0, 5]  (3, 3)
400_1___19__    8   1  [0, 0, 2, 6, 6, 1, 0, 5]  (2, 3)
600_1___19__    8   0  [1, 0, 2, 6, 8, 0, 4, 0]  (3, 3)
1000_2___19__    8   0  [1, 0, 2, 6, 7, 0, 0, 5]  (3, 3)
400_2___19__    7   1  [0, 0, 2, 6, 8, 0, 5]  (2, 3)
600_2___19__    7   0  [1, 0, 2, 6, 8, 0, 5]  (3, 3)
600_3___19__    7   0  [1, 0, 2, 6, 8, 0, 5]  (3, 3)
part_in:(2, 1), all_in:(2, 3), all_out:(2, 3)
ball_column
400_5___20__    10   4  [1, 1, 1, 2, 3, 3, 1, 1, 1, 1]  (11, 12)
400_3___20__    8   0  [1, 1, 5, 2, 2, 6, 3, 1]  (9, 11)
400_4___20__    8   4  [1, 1, 4, 2, 0, 5, 3, 1]  (10, 11)
1000_4___20__    8   0  [3, 1, 1, 4, 6, 2, 3, 1]  (10, 11)
1000_5___20__    8   0  [3, 1, 1, 11, 0, 1, 3, 1]  (11, 11)
600_1___20__    7   0  [1, 1, 3, 4, 6, 2, 5]  (7, 11)
600_2___20__    7   0  [1, 3, 1, 4, 9, 3, 1]  (11, 12)
1000_1___20__    7   0  [1, 1, 3, 1, 9, 2, 5]  (8, 11)
1000_3___20__    7   0  [5, 3, 2, 6, 2, 3, 1]  (9, 11)
400_2___20__    6   0  [1, 10, 2, 6, 3, 1]  (11, 11)
600_3___20__    6   0  [5, 1, 4, 9, 3, 1]  (9, 11)
1000_2___20__    6   6  [3, 2, 6, 2, 3, 1]  (8, 11)
600_4___20__    5   0  [5, 1, 14, 3, 1]  (8, 11)
400_1___20__    4   0  [12, 6, 2, 5]  (9, 11)
600_5___20__    4   6  [1, 14, 3, 1]  (9, 11)
part_in:(7, 12), all_in:(11, 11), all_out:(7, 12)
blue_sort
400_3___21__    14   0  [0, 2, 0, 1, 3, 1, 0, 2, 0, 3, 1, 1, 0, 1]  (8, 13)
400_4___21__    12   0  [0, 3, 1, 3, 1, 0, 2, 0, 5, 1, 0, 1]  (8, 13)
400_5___21__    11   0  [0, 3, 0, 0, 3, 1, 0, 2, 6, 2, 1]  (8, 13)
400_2___21__    10   0  [0, 3, 1, 3, 5, 0, 3, 1, 2, 1]  (6, 13)
600_2___21__    10   0  [0, 3, 2, 5, 1, 0, 4, 1, 2, 1]  (5, 13)
600_3___21__    10   0  [0, 3, 2, 0, 3, 2, 5, 1, 2, 1]  (9, 13)
1000_4___21__    10   0  [0, 2, 0, 2, 2, 1, 0, 9, 2, 1]  (8, 13)
1000_5___21__    10   0  [0, 3, 2, 2, 0, 1, 2, 6, 2, 1]  (8, 13)
400_1___21__    9   0  [0, 2, 6, 5, 0, 3, 1, 2, 1]  (9, 13)
600_4___21__    9   0  [0, 3, 2, 2, 1, 2, 7, 2, 1]  (9, 13)
1000_1___21__    9   0  [0, 3, 2, 8, 0, 3, 1, 2, 1]  (12, 13)
1000_3___21__    9   0  [0, 6, 2, 1, 0, 7, 1, 2, 1]  (10, 13)
600_1___21__    8   0  [0, 3, 2, 7, 0, 6, 2, 1]  (5, 13)
1000_2___21__    8   0  [0, 3, 7, 3, 4, 1, 2, 1]  (11, 13)
600_5___21__    7   0  [0, 3, 2, 7, 7, 2, 1]  (9, 13)
part_in:(5, 11), all_in:(12, 13), all_out:(5, 13)
