Red4
('0_Red4_Top2_UnHit_0', 22) [19, 20, 21, 22] [1, 0, 0, 0, 0, 1, 0, 0, 0, 0, 0, 0, 0, 0, 0, 0, 0, 1, 0, 0, 0, 0, 0, 1]
('0_Red4_Top1_UnHit_0', 19) [20, 21, 22] [1, 0, 0, 1, 0, 0, 0, 0, 0, 0, 0, 0, 0, 0, 0, 0, 1, 1, 0, 0, 0, 1, 1, 1]
('1_Red4_Top1_UnHit_0', 19) [19, 20, 21, 22] [1, 0, 0, 0, 0, 0, 0, 0, 0, 0, 0, 0, 0, 0, 0, 0, 1, 1, 0, 0, 0, 1, 1, 1]
('1_Red4_Top3_Hit_0', 19) [19, 20, 21, 22] [0, 0, 0, 1, 0, 0, 0, 1, 0, 0, 1, 1, 0, 0, 0, 0, 1, 0, 0, 0, 0, 1, 0, 0]
('0_Red4_Top3_UnHit_0', 18) [19, 20, 21, 22] [0, 1, 0, 0, 0, 0, 0, 0, 1, 0, 0, 1, 0, 1, 0, 0, 1, 1, 1, 0, 0, 1, 0, 0]
('0_Red4_Top2_Hit_1', 14) [13, 14, 15, 16, 17, 18, 19, 20, 21, 22] [1, 0, 0, 1, 0, 0, 0, 1, 0, 1, 1, 0, 0, 0, 1, 1, 0, 0, 1, 1, 1, 1, 1, 0]
('0_Red4_Top3_Hit_1', 14) [12, 13, 14, 15, 16, 17, 18, 19, 20, 21, 22] [1, 0, 0, 1, 0, 0, 0, 1, 0, 1, 1, 0, 1, 1, 1, 1, 0, 0, 1, 1, 1, 0, 0, 0]
('0_Red4_Top2_Hit_0', 13) [8, 9, 10, 11, 12, 23] [1, 0, 0, 1, 0, 0, 0, 1, 0, 1, 1, 0, 0, 0, 1, 1, 0, 0, 1, 1, 1, 1, 1, 0]
('0_Red4_Top3_Hit_0', 13) [8, 9, 10, 11, 23] [1, 0, 0, 1, 0, 0, 0, 1, 0, 1, 1, 0, 1, 1, 1, 1, 0, 0, 1, 1, 1, 0, 0, 0]
('0_Red4_Top3_UnHit_1', 9) [8, 9, 10, 11, 12, 13, 14, 15, 16, 17, 18, 23] [0, 1, 0, 0, 0, 0, 0, 0, 1, 0, 0, 1, 0, 1, 0, 0, 1, 1, 1, 0, 0, 1, 0, 0]
('0_Red4_Top1_UnHit_1', 8) [8, 9, 10, 11, 12, 13, 14, 15, 16, 17, 18, 19, 23] [1, 0, 0, 1, 0, 0, 0, 0, 0, 0, 0, 0, 0, 0, 0, 0, 1, 1, 0, 0, 0, 1, 1, 1]
('1_Red4_Top1_UnHit_1', 6) [8, 9, 10, 11, 12, 13, 14, 15, 16, 17, 18, 23] [1, 0, 0, 0, 0, 0, 0, 0, 0, 0, 0, 0, 0, 0, 0, 0, 1, 1, 0, 0, 0, 1, 1, 1]
('1_Red4_Top3_Hit_1', 6) [8, 9, 10, 11, 12, 13, 14, 15, 16, 17, 18, 23] [0, 0, 0, 1, 0, 0, 0, 1, 0, 0, 1, 1, 0, 0, 0, 0, 1, 0, 0, 0, 0, 1, 0, 0]
('0_Red4_Top2_UnHit_1', 5) [8, 9, 10, 11, 12, 13, 14, 15, 16, 17, 18, 23] [1, 0, 0, 0, 0, 1, 0, 0, 0, 0, 0, 0, 0, 0, 0, 0, 0, 1, 0, 0, 0, 0, 0, 1]
RedSum34
('0_RedSum34_Top2_UnHit_0', 22) [32] [1, 0, 0, 0, 0, 0, 0, 0, 1, 0, 0, 0, 0, 0, 0, 0, 1, 1, 0, 0, 0, 0, 0, 0]
('1_RedSum34_Top3_Hit_0', 21) [32] [1, 0, 0, 0, 0, 0, 0, 0, 0, 0, 0, 1, 0, 0, 0, 0, 1, 0, 0, 0, 0, 0, 0, 1]
('0_RedSum34_Top1_UnHit_0', 18) [32] [1, 1, 0, 1, 1, 0, 0, 0, 1, 0, 0, 0, 0, 0, 0, 0, 1, 1, 0, 0, 0, 0, 0, 1]
('1_RedSum34_Top1_Hit_1', 16) [14, 15, 16, 17, 18, 19, 20, 21, 22, 23, 24, 25, 26, 27, 28, 29, 30, 31, 33, 34, 35, 36, 37, 38, 39, 40] [1, 1, 0, 1, 0, 1, 1, 1, 0, 1, 0, 0, 1, 0, 1, 1, 1, 0, 1, 1, 0, 1, 1, 0]
('1_RedSum34_Top1_UnHit_0', 16) [32] [1, 1, 0, 1, 0, 0, 0, 0, 1, 0, 1, 0, 0, 0, 0, 0, 1, 1, 0, 0, 0, 0, 1, 1]
('1_RedSum34_Top1_Hit_0', 9) [32] [1, 1, 0, 1, 0, 1, 1, 1, 0, 1, 0, 0, 1, 0, 1, 1, 1, 0, 1, 1, 0, 1, 1, 0]
('0_RedSum34_Top1_UnHit_1', 9) [14, 15, 16, 17, 18, 19, 20, 21, 22, 23, 24, 25, 26, 27, 28, 29, 30, 31, 33, 34, 35, 36, 37, 38, 39, 40] [1, 1, 0, 1, 1, 0, 0, 0, 1, 0, 0, 0, 0, 0, 0, 0, 1, 1, 0, 0, 0, 0, 0, 1]
('1_RedSum34_Top1_UnHit_1', 9) [14, 15, 16, 17, 18, 19, 20, 21, 22, 23, 24, 25, 26, 27, 28, 29, 30, 31, 33, 34, 35, 36, 37, 38, 39, 40] [1, 1, 0, 1, 0, 0, 0, 0, 1, 0, 1, 0, 0, 0, 0, 0, 1, 1, 0, 0, 0, 0, 1, 1]
('0_RedSum34_Top2_UnHit_1', 5) [14, 15, 16, 17, 18, 19, 20, 21, 22, 23, 24, 25, 26, 27, 28, 29, 30, 31, 33, 34, 35, 36, 37, 38, 39, 40] [1, 0, 0, 0, 0, 0, 0, 0, 1, 0, 0, 0, 0, 0, 0, 0, 1, 1, 0, 0, 0, 0, 0, 0]
('1_RedSum34_Top3_Hit_1', 4) [14, 15, 16, 17, 18, 19, 20, 21, 22, 23, 24, 25, 26, 27, 28, 29, 30, 31, 33, 34, 35, 36, 37, 38, 39, 40] [1, 0, 0, 0, 0, 0, 0, 0, 0, 0, 0, 1, 0, 0, 0, 0, 1, 0, 0, 0, 0, 0, 0, 1]
RedBlue
('1_RedBlue_Top3_Hit_0', 22) [7, 8, 9, 10] [0, 0, 0, 0, 0, 1, 0, 0, 0, 0, 0, 0, 0, 0, 0, 0, 0, 0, 0, 0, 0, 1, 0, 1]
('0_RedBlue_Top2_Hit_1', 17) [5, 6, 10, 11, 12, 13, 14, 15, 16, 17] [0, 1, 1, 1, 1, 0, 1, 1, 0, 1, 0, 0, 1, 1, 1, 1, 1, 0, 0, 0, 1, 1, 1, 0]
('0_RedBlue_Top3_Hit_1', 17) [5, 6, 12, 13, 14, 15, 16, 17] [1, 1, 1, 1, 1, 0, 1, 1, 0, 1, 0, 1, 1, 1, 1, 0, 1, 0, 0, 0, 1, 0, 1, 0]
('0_RedBlue_Top3_UnHit_0', 17) [5, 7, 8, 17] [0, 1, 1, 0, 0, 0, 0, 0, 0, 0, 1, 1, 0, 1, 0, 1, 0, 1, 0, 0, 0, 1, 0, 0]
('1_RedBlue_Top3_UnHit_0', 17) [7] [0, 0, 0, 1, 0, 0, 1, 0, 0, 1, 0, 0, 1, 0, 1, 0, 1, 0, 0, 0, 1, 0, 0, 0]
('1_RedBlue_Top2_Hit_1', 13) [5, 6, 11, 12, 13, 14, 15, 16, 17] [0, 1, 1, 1, 1, 0, 0, 1, 1, 1, 0, 0, 0, 1, 0, 0, 1, 0, 0, 0, 1, 1, 1, 0]
('1_RedBlue_Top2_Hit_0', 12) [7, 8, 9, 10] [0, 1, 1, 1, 1, 0, 0, 1, 1, 1, 0, 0, 0, 1, 0, 0, 1, 0, 0, 0, 1, 1, 1, 0]
('0_RedBlue_Top2_Hit_0', 10) [7, 8, 9] [0, 1, 1, 1, 1, 0, 1, 1, 0, 1, 0, 0, 1, 1, 1, 1, 1, 0, 0, 0, 1, 1, 1, 0]
('0_RedBlue_Top3_Hit_0', 10) [7, 8, 9, 10, 11] [1, 1, 1, 1, 1, 0, 1, 1, 0, 1, 0, 1, 1, 1, 1, 0, 1, 0, 0, 0, 1, 0, 1, 0]
('0_RedBlue_Top3_UnHit_1', 10) [6, 9, 10, 11, 12, 13, 14, 15, 16] [0, 1, 1, 0, 0, 0, 0, 0, 0, 0, 1, 1, 0, 1, 0, 1, 0, 1, 0, 0, 0, 1, 0, 0]
('1_RedBlue_Top3_UnHit_1', 8) [5, 6, 8, 9, 10, 11, 12, 13, 14, 15, 16, 17] [0, 0, 0, 1, 0, 0, 1, 0, 0, 1, 0, 0, 1, 0, 1, 0, 1, 0, 0, 0, 1, 0, 0, 0]
('1_RedBlue_Top3_Hit_1', 3) [5, 6, 11, 12, 13, 14, 15, 16, 17] [0, 0, 0, 0, 0, 1, 0, 0, 0, 0, 0, 0, 0, 0, 0, 0, 0, 0, 0, 0, 0, 1, 0, 1]
RedSum_
('0_RedSum_Top2_UnHit_0', 21) [103] [0, 0, 1, 0, 0, 0, 1, 1, 0, 0, 0, 1, 0, 0, 0, 0, 1, 0, 0, 0, 0, 0, 0, 0]
('0_RedSum_Top3_UnHit_0', 20) [103] [1, 0, 1, 0, 0, 1, 0, 0, 0, 0, 0, 1, 0, 0, 0, 0, 1, 1, 0, 0, 0, 0, 0, 0]
('0_RedSum_Top1_UnHit_0', 17) [103] [0, 1, 1, 1, 0, 0, 1, 1, 0, 0, 1, 1, 1, 0, 0, 0, 1, 0, 0, 0, 0, 0, 0, 0]
('0_RedSum_Top2_Hit_1', 17) [76, 77, 78, 79, 80, 81, 82, 83, 84, 85, 86, 87, 88, 89, 90, 91, 92, 93, 94, 95, 96, 97, 98, 99, 100, 101, 102, 104, 105, 106, 107, 108, 109, 110, 111, 112, 113, 114, 115, 116, 117, 118, 119, 120, 121, 122, 123, 124] [0, 1, 0, 1, 1, 1, 1, 1, 0, 1, 1, 0, 1, 0, 1, 0, 0, 0, 1, 1, 1, 1, 1, 0]
('0_RedSum_Top1_Hit_1', 16) [76, 77, 78, 79, 80, 81, 82, 83, 84, 85, 86, 87, 88, 89, 90, 91, 92, 93, 94, 95, 96, 97, 98, 99, 100, 101, 102, 104, 105, 106, 107, 108, 109, 110, 111, 112, 113, 114, 115, 116, 117, 118, 119, 120, 121, 122, 123, 124] [0, 1, 0, 1, 1, 0, 1, 1, 0, 1, 0, 0, 1, 0, 1, 1, 0, 0, 1, 1, 1, 1, 1, 0]
('1_RedSum_Top1_Hit_1', 14) [76, 77, 78, 79, 80, 81, 82, 83, 84, 85, 86, 87, 88, 89, 90, 91, 92, 93, 94, 95, 96, 97, 98, 99, 100, 101, 102, 104, 105, 106, 107, 108, 109, 110, 111, 112, 113, 114, 115, 116, 117, 118, 119, 120, 121, 122, 123, 124] [0, 1, 0, 1, 1, 0, 1, 1, 0, 1, 0, 0, 1, 0, 0, 1, 0, 0, 1, 1, 1, 1, 1, 0]
('1_RedSum_Top1_UnHit_0', 14) [103] [0, 1, 1, 1, 0, 1, 1, 1, 0, 0, 1, 1, 1, 0, 0, 0, 1, 0, 0, 0, 0, 0, 1, 0]
('0_RedSum_Top3_Hit_0', 14) [103] [0, 0, 0, 0, 1, 0, 1, 1, 0, 1, 0, 0, 1, 0, 1, 0, 0, 0, 1, 1, 1, 1, 1, 0]
('1_RedSum_Top3_Hit_0', 13) [103] [1, 0, 1, 0, 0, 1, 0, 1, 1, 1, 1, 0, 0, 0, 1, 1, 1, 0, 0, 0, 0, 0, 1, 1]
('0_RedSum_Top3_Hit_1', 13) [76, 77, 78, 79, 80, 81, 82, 83, 84, 85, 86, 87, 88, 89, 90, 91, 92, 93, 94, 95, 96, 97, 98, 99, 100, 101, 102, 104, 105, 106, 107, 108, 109, 110, 111, 112, 113, 114, 115, 116, 117, 118, 119, 120, 121, 122, 123, 124] [0, 0, 0, 0, 1, 0, 1, 1, 0, 1, 0, 0, 1, 0, 1, 0, 0, 0, 1, 1, 1, 1, 1, 0]
('1_RedSum_Top3_Hit_1', 12) [76, 77, 78, 79, 80, 81, 82, 83, 84, 85, 86, 87, 88, 89, 90, 91, 92, 93, 94, 95, 96, 97, 98, 99, 100, 101, 102, 104, 105, 106, 107, 108, 109, 110, 111, 112, 113, 114, 115, 116, 117, 118, 119, 120, 121, 122, 123, 124] [1, 0, 1, 0, 0, 1, 0, 1, 1, 1, 1, 0, 0, 0, 1, 1, 1, 0, 0, 0, 0, 0, 1, 1]
('0_RedSum_Top1_Hit_0', 11) [103] [0, 1, 0, 1, 1, 0, 1, 1, 0, 1, 0, 0, 1, 0, 1, 1, 0, 0, 1, 1, 1, 1, 1, 0]
('1_RedSum_Top1_Hit_0', 11) [103] [0, 1, 0, 1, 1, 0, 1, 1, 0, 1, 0, 0, 1, 0, 0, 1, 0, 0, 1, 1, 1, 1, 1, 0]
('1_RedSum_Top1_UnHit_1', 11) [76, 77, 78, 79, 80, 81, 82, 83, 84, 85, 86, 87, 88, 89, 90, 91, 92, 93, 94, 95, 96, 97, 98, 99, 100, 101, 102, 104, 105, 106, 107, 108, 109, 110, 111, 112, 113, 114, 115, 116, 117, 118, 119, 120, 121, 122, 123, 124] [0, 1, 1, 1, 0, 1, 1, 1, 0, 0, 1, 1, 1, 0, 0, 0, 1, 0, 0, 0, 0, 0, 1, 0]
('0_RedSum_Top1_UnHit_1', 10) [76, 77, 78, 79, 80, 81, 82, 83, 84, 85, 86, 87, 88, 89, 90, 91, 92, 93, 94, 95, 96, 97, 98, 99, 100, 101, 102, 104, 105, 106, 107, 108, 109, 110, 111, 112, 113, 114, 115, 116, 117, 118, 119, 120, 121, 122, 123, 124] [0, 1, 1, 1, 0, 0, 1, 1, 0, 0, 1, 1, 1, 0, 0, 0, 1, 0, 0, 0, 0, 0, 0, 0]
('0_RedSum_Top2_Hit_0', 10) [103] [0, 1, 0, 1, 1, 1, 1, 1, 0, 1, 1, 0, 1, 0, 1, 0, 0, 0, 1, 1, 1, 1, 1, 0]
('0_RedSum_Top3_UnHit_1', 7) [76, 77, 78, 79, 80, 81, 82, 83, 84, 85, 86, 87, 88, 89, 90, 91, 92, 93, 94, 95, 96, 97, 98, 99, 100, 101, 102, 104, 105, 106, 107, 108, 109, 110, 111, 112, 113, 114, 115, 116, 117, 118, 119, 120, 121, 122, 123, 124] [1, 0, 1, 0, 0, 1, 0, 0, 0, 0, 0, 1, 0, 0, 0, 0, 1, 1, 0, 0, 0, 0, 0, 0]
('0_RedSum_Top2_UnHit_1', 6) [76, 77, 78, 79, 80, 81, 82, 83, 84, 85, 86, 87, 88, 89, 90, 91, 92, 93, 94, 95, 96, 97, 98, 99, 100, 101, 102, 104, 105, 106, 107, 108, 109, 110, 111, 112, 113, 114, 115, 116, 117, 118, 119, 120, 121, 122, 123, 124] [0, 0, 1, 0, 0, 0, 1, 1, 0, 0, 0, 1, 0, 0, 0, 0, 1, 0, 0, 0, 0, 0, 0, 0]
Red1
('0_Red1_Top3_UnHit_0', 20) [4, 5, 6, 7] [0, 0, 1, 0, 0, 0, 0, 0, 0, 1, 1, 0, 0, 0, 0, 0, 0, 1, 0, 1, 0, 0, 0, 0]
('0_Red1_Top1_UnHit_1', 16) [-1, 0, 1, 2, 3, 4, 5, 8] [1, 1, 0, 0, 1, 1, 1, 0, 1, 1, 1, 1, 0, 1, 0, 0, 0, 1, 0, 1, 1, 0, 1, 1]
('0_Red1_Top2_UnHit_0', 15) [5, 6, 7] [0, 1, 1, 1, 1, 1, 0, 1, 1, 1, 1, 0, 0, 0, 0, 0, 0, 1, 0, 1, 0, 0, 0, 0]
('1_Red1_Top3_Hit_0', 15) [4, 5, 6, 7] [0, 1, 0, 0, 1, 1, 1, 0, 0, 1, 1, 1, 0, 0, 1, 0, 0, 0, 0, 1, 0, 0, 0, 1]
('0_Red1_Top3_Hit_1', 14) [-1, 0, 1, 2, 3, 8] [1, 0, 1, 1, 1, 0, 0, 1, 1, 0, 0, 1, 0, 0, 0, 1, 1, 1, 1, 0, 1, 0, 1, 0]
('0_Red1_Top3_Hit_0', 13) [4, 5, 6, 7] [1, 0, 1, 1, 1, 0, 0, 1, 1, 0, 0, 1, 0, 0, 0, 1, 1, 1, 1, 0, 1, 0, 1, 0]
('1_Red1_Top3_UnHit_0', 13) [-1, 0, 8] [0, 0, 1, 0, 1, 1, 0, 1, 0, 1, 0, 1, 0, 0, 0, 1, 1, 0, 1, 1, 0, 0, 1, 0]
('0_Red1_Top2_UnHit_1', 12) [-1, 0, 1, 2, 3, 4, 8] [0, 1, 1, 1, 1, 1, 0, 1, 1, 1, 1, 0, 0, 0, 0, 0, 0, 1, 0, 1, 0, 0, 0, 0]
('1_Red1_Top3_UnHit_1', 12) [1, 2, 3, 4, 5, 6, 7] [0, 0, 1, 0, 1, 1, 0, 1, 0, 1, 0, 1, 0, 0, 0, 1, 1, 0, 1, 1, 0, 0, 1, 0]
('0_Red1_Top1_UnHit_0', 11) [6, 7] [1, 1, 0, 0, 1, 1, 1, 0, 1, 1, 1, 1, 0, 1, 0, 0, 0, 1, 0, 1, 1, 0, 1, 1]
('1_Red1_Top3_Hit_1', 10) [-1, 0, 1, 2, 3, 8] [0, 1, 0, 0, 1, 1, 1, 0, 0, 1, 1, 1, 0, 0, 1, 0, 0, 0, 0, 1, 0, 0, 0, 1]
('0_Red1_Top3_UnHit_1', 7) [-1, 0, 1, 2, 3, 8] [0, 0, 1, 0, 0, 0, 0, 0, 0, 1, 1, 0, 0, 0, 0, 0, 0, 1, 0, 1, 0, 0, 0, 0]
Red6
('0_Red6_Top2_UnHit_0', 20) [30, 31, 32] [0, 0, 0, 0, 0, 0, 0, 1, 1, 0, 0, 1, 0, 0, 1, 0, 0, 0, 1, 1, 0, 0, 0, 0]
('0_Red6_Top3_UnHit_0', 19) [29, 30, 31, 32] [0, 0, 1, 0, 1, 0, 0, 1, 0, 0, 1, 0, 0, 0, 1, 0, 0, 0, 0, 1, 0, 0, 0, 1]
('0_Red6_Top1_UnHit_0', 18) [22, 23, 24, 30, 31, 32, 33] [0, 0, 0, 0, 0, 0, 0, 1, 1, 1, 0, 0, 1, 0, 1, 0, 1, 0, 1, 1, 0, 0, 0, 0]
('1_Red6_Top3_UnHit_0', 17) [29, 30, 31, 32] [1, 1, 0, 0, 0, 1, 1, 0, 1, 1, 0, 1, 0, 0, 0, 0, 0, 0, 1, 0, 0, 0, 0, 0]
('0_Red6_Top2_Hit_1', 16) [22, 23, 24, 25, 26, 27, 28, 33] [1, 0, 0, 1, 0, 1, 1, 0, 1, 1, 0, 1, 1, 0, 1, 1, 0, 1, 1, 0, 0, 1, 1, 0]
('0_Red6_Top1_Hit_1', 15) [22, 23, 24, 25, 26, 27, 28, 33] [1, 0, 0, 1, 0, 1, 1, 0, 1, 1, 0, 1, 0, 0, 0, 1, 0, 1, 1, 1, 0, 1, 1, 0]
('1_Red6_Top1_UnHit_0', 15) [22, 23, 24, 30, 31, 32, 33] [0, 1, 0, 0, 0, 0, 0, 1, 1, 1, 1, 0, 1, 0, 1, 0, 1, 0, 1, 1, 0, 0, 0, 0]
('0_Red6_Top3_Hit_1', 15) [22, 23, 24, 25, 26, 27, 28, 33] [1, 1, 0, 1, 1, 1, 1, 0, 1, 1, 0, 1, 1, 0, 0, 0, 0, 1, 0, 0, 0, 1, 1, 0]
('1_Red6_Top1_Hit_1', 14) [22, 23, 24, 25, 26, 27, 28, 33] [1, 0, 0, 1, 0, 1, 1, 0, 1, 1, 0, 1, 0, 0, 0, 1, 0, 1, 1, 1, 0, 1, 1, 0]
('1_Red6_Top2_UnHit_0', 13) [22, 23, 24, 25, 26, 33] [0, 1, 0, 0, 0, 0, 1, 1, 1, 1, 1, 1, 0, 0, 0, 1, 0, 1, 1, 1, 1, 0, 0, 0]
('0_Red6_Top1_Hit_0', 12) [29, 30, 31, 32] [1, 0, 0, 1, 0, 1, 1, 0, 1, 1, 0, 1, 0, 0, 0, 1, 0, 1, 1, 1, 0, 1, 1, 0]
('1_Red6_Top2_UnHit_1', 12) [27, 28, 29, 30, 31, 32] [0, 1, 0, 0, 0, 0, 1, 1, 1, 1, 1, 1, 0, 0, 0, 1, 0, 1, 1, 1, 1, 0, 0, 0]
('0_Red6_Top3_Hit_0', 12) [29, 30, 31, 32] [1, 1, 0, 1, 1, 1, 1, 0, 1, 1, 0, 1, 1, 0, 0, 0, 0, 1, 0, 0, 0, 1, 1, 0]
('1_Red6_Top1_Hit_0', 11) [29, 30, 31, 32] [1, 0, 0, 1, 0, 1, 1, 0, 1, 1, 0, 1, 0, 0, 0, 1, 0, 1, 1, 1, 0, 1, 1, 0]
('0_Red6_Top2_Hit_0', 11) [29, 30, 31, 32] [1, 0, 0, 1, 0, 1, 1, 0, 1, 1, 0, 1, 1, 0, 1, 1, 0, 1, 1, 0, 0, 1, 1, 0]
('1_Red6_Top1_UnHit_1', 10) [25, 26, 27, 28, 29] [0, 1, 0, 0, 0, 0, 0, 1, 1, 1, 1, 0, 1, 0, 1, 0, 1, 0, 1, 1, 0, 0, 0, 0]
('0_Red6_Top1_UnHit_1', 9) [25, 26, 27, 28, 29] [0, 0, 0, 0, 0, 0, 0, 1, 1, 1, 0, 0, 1, 0, 1, 0, 1, 0, 1, 1, 0, 0, 0, 0]
('0_Red6_Top3_UnHit_1', 8) [22, 23, 24, 25, 26, 27, 28, 33] [0, 0, 1, 0, 1, 0, 0, 1, 0, 0, 1, 0, 0, 0, 1, 0, 0, 0, 0, 1, 0, 0, 0, 1]
('1_Red6_Top3_UnHit_1', 8) [22, 23, 24, 25, 26, 27, 28, 33] [1, 1, 0, 0, 0, 1, 1, 0, 1, 1, 0, 1, 0, 0, 0, 0, 0, 0, 1, 0, 0, 0, 0, 0]
('0_Red6_Top2_UnHit_1', 7) [22, 23, 24, 25, 26, 27, 28, 29, 33] [0, 0, 0, 0, 0, 0, 0, 1, 1, 0, 0, 1, 0, 0, 1, 0, 0, 0, 1, 1, 0, 0, 0, 0]
RedGap16
('1_RedGap16_Top3_Hit_0', 20) [25] [0, 0, 0, 0, 1, 0, 0, 1, 0, 0, 0, 0, 0, 0, 0, 0, 1, 0, 0, 1, 0, 1, 0, 0]
('0_RedGap16_Top3_UnHit_0', 19) [20, 25, 28] [1, 0, 0, 0, 1, 1, 0, 0, 0, 0, 0, 0, 1, 0, 0, 0, 1, 0, 0, 0, 1, 1, 0, 0]
('1_RedGap16_Top3_UnHit_0', 18) [20, 21, 27, 28] [0, 0, 0, 0, 0, 0, 1, 1, 0, 0, 1, 1, 0, 0, 0, 0, 0, 0, 1, 1, 0, 0, 1, 0]
('0_RedGap16_Top3_Hit_0', 14) [25] [0, 1, 0, 1, 0, 1, 1, 0, 0, 1, 0, 0, 0, 0, 0, 1, 1, 1, 1, 1, 0, 0, 1, 0]
('1_RedGap16_Top2_Hit_0', 13) [25] [0, 0, 0, 1, 0, 0, 1, 1, 1, 0, 0, 0, 0, 0, 0, 1, 1, 1, 1, 1, 1, 1, 0, 0]
('0_RedGap16_Top3_Hit_1', 13) [20, 21, 22, 23, 24, 26, 27, 28] [0, 1, 0, 1, 0, 1, 1, 0, 0, 1, 0, 0, 0, 0, 0, 1, 1, 1, 1, 1, 0, 0, 1, 0]
('1_RedGap16_Top2_Hit_1', 12) [20, 21, 22, 23, 24, 26, 27, 28] [0, 0, 0, 1, 0, 0, 1, 1, 1, 0, 0, 0, 0, 0, 0, 1, 1, 1, 1, 1, 1, 1, 0, 0]
('0_RedGap16_Top3_UnHit_1', 8) [21, 22, 23, 24, 26, 27] [1, 0, 0, 0, 1, 1, 0, 0, 0, 0, 0, 0, 1, 0, 0, 0, 1, 0, 0, 0, 1, 1, 0, 0]
('1_RedGap16_Top3_UnHit_1', 7) [22, 23, 24, 25, 26] [0, 0, 0, 0, 0, 0, 1, 1, 0, 0, 1, 1, 0, 0, 0, 0, 0, 0, 1, 1, 0, 0, 1, 0]
('1_RedGap16_Top3_Hit_1', 5) [20, 21, 22, 23, 24, 26, 27, 28] [0, 0, 0, 0, 1, 0, 0, 1, 0, 0, 0, 0, 0, 0, 0, 0, 1, 0, 0, 1, 0, 1, 0, 0]
RedSum25
('1_RedSum25_Top3_Hit_0', 20) [32] [0, 0, 0, 0, 1, 1, 0, 0, 1, 0, 0, 0, 0, 1, 0, 0, 0, 0, 0, 0, 0, 0, 0, 1]
('1_RedSum25_Top2_Hit_0', 18) [32] [0, 0, 1, 1, 0, 0, 0, 0, 0, 1, 0, 0, 0, 0, 1, 0, 1, 0, 0, 1, 0, 0, 1, 0]
('1_RedSum25_Top3_UnHit_0', 17) [18, 19, 20, 38, 39] [1, 0, 0, 1, 1, 0, 1, 0, 0, 1, 0, 0, 1, 0, 0, 0, 0, 0, 0, 0, 0, 1, 1, 0]
('0_RedSum25_Top1_UnHit_0', 16) [32] [1, 0, 1, 0, 1, 0, 0, 1, 1, 0, 1, 0, 0, 1, 0, 1, 0, 0, 0, 0, 0, 0, 1, 1]
('0_RedSum25_Top3_UnHit_0', 16) [18, 19, 20, 21, 22, 23, 38, 39] [1, 1, 0, 0, 1, 1, 0, 1, 1, 0, 1, 0, 0, 1, 0, 0, 0, 1, 1, 0, 0, 0, 0, 0]
('0_RedSum25_Top3_Hit_1', 15) [18, 19, 20, 21, 22, 23, 24, 25, 26, 27, 28, 29, 30, 31, 33, 34, 35, 36, 37, 38, 39] [0, 0, 0, 1, 0, 0, 1, 0, 0, 1, 0, 1, 1, 0, 1, 0, 1, 1, 1, 1, 1, 1, 1, 0]
('1_RedSum25_Top1_UnHit_0', 13) [32] [1, 1, 1, 0, 1, 0, 0, 1, 1, 0, 1, 0, 0, 1, 1, 1, 0, 0, 0, 0, 0, 0, 1, 1]
('1_RedSum25_Top1_UnHit_1', 12) [18, 19, 20, 21, 22, 23, 24, 25, 26, 27, 28, 29, 30, 31, 33, 34, 35, 36, 37, 38, 39] [1, 1, 1, 0, 1, 0, 0, 1, 1, 0, 1, 0, 0, 1, 1, 1, 0, 0, 0, 0, 0, 0, 1, 1]
('0_RedSum25_Top3_Hit_0', 12) [32] [0, 0, 0, 1, 0, 0, 1, 0, 0, 1, 0, 1, 1, 0, 1, 0, 1, 1, 1, 1, 1, 1, 1, 0]
('0_RedSum25_Top1_UnHit_1', 11) [18, 19, 20, 21, 22, 23, 24, 25, 26, 27, 28, 29, 30, 31, 33, 34, 35, 36, 37, 38, 39] [1, 0, 1, 0, 1, 0, 0, 1, 1, 0, 1, 0, 0, 1, 0, 1, 0, 0, 0, 0, 0, 0, 1, 1]
('0_RedSum25_Top3_UnHit_1', 11) [24, 25, 26, 27, 28, 29, 30, 31, 32, 33, 34, 35, 36, 37] [1, 1, 0, 0, 1, 1, 0, 1, 1, 0, 1, 0, 0, 1, 0, 0, 0, 1, 1, 0, 0, 0, 0, 0]
('1_RedSum25_Top3_UnHit_1', 8) [21, 22, 23, 24, 25, 26, 27, 28, 29, 30, 31, 32, 33, 34, 35, 36, 37] [1, 0, 0, 1, 1, 0, 1, 0, 0, 1, 0, 0, 1, 0, 0, 0, 0, 0, 0, 0, 0, 1, 1, 0]
('1_RedSum25_Top2_Hit_1', 7) [18, 19, 20, 21, 22, 23, 24, 25, 26, 27, 28, 29, 30, 31, 33, 34, 35, 36, 37, 38, 39] [0, 0, 1, 1, 0, 0, 0, 0, 0, 1, 0, 0, 0, 0, 1, 0, 1, 0, 0, 1, 0, 0, 1, 0]
('1_RedSum25_Top3_Hit_1', 5) [18, 19, 20, 21, 22, 23, 24, 25, 26, 27, 28, 29, 30, 31, 33, 34, 35, 36, 37, 38, 39] [0, 0, 0, 0, 1, 1, 0, 0, 1, 0, 0, 0, 0, 1, 0, 0, 0, 0, 0, 0, 0, 0, 0, 1]
RedGap45
('0_RedGap45_Top3_UnHit_0', 20) [2, 3] [0, 0, 0, 0, 0, 0, 0, 0, 1, 0, 0, 1, 1, 1, 0, 1, 0, 0, 0, 0, 0, 0, 0, 1]
('0_RedGap45_Top1_Hit_1', 16) [1, 5, 6, 7, 8, 9, 10, 11] [1, 1, 1, 0, 1, 0, 1, 1, 1, 0, 1, 0, 1, 0, 1, 0, 1, 0, 1, 1, 0, 0, 1, 0]
('0_RedGap45_Top2_Hit_1', 16) [2, 3, 4, 5, 6, 7, 8, 9, 10] [1, 1, 0, 0, 1, 0, 1, 1, 0, 0, 1, 0, 1, 1, 1, 0, 1, 1, 1, 1, 0, 0, 1, 0]
('0_RedGap45_Top3_Hit_0', 16) [1, 9, 10, 11] [1, 0, 0, 0, 1, 0, 0, 1, 0, 0, 1, 0, 0, 0, 1, 0, 1, 0, 1, 0, 0, 1, 1, 0]
('1_RedGap45_Top1_Hit_1', 15) [1, 5, 6, 7, 8, 9, 10, 11] [1, 1, 1, 0, 1, 0, 1, 1, 1, 0, 1, 0, 1, 0, 1, 0, 1, 0, 1, 1, 0, 0, 1, 0]
('0_RedGap45_Top1_UnHit_0', 15) [1, 2, 3, 11] [0, 1, 0, 0, 1, 1, 0, 1, 0, 0, 0, 1, 0, 1, 1, 0, 1, 1, 1, 1, 0, 0, 0, 0]
('1_RedGap45_Top1_UnHit_0', 14) [2, 3] [0, 1, 0, 0, 1, 1, 0, 1, 0, 0, 0, 1, 0, 1, 1, 0, 1, 1, 1, 1, 0, 0, 0, 0]
('0_RedGap45_Top1_UnHit_1', 12) [4, 5, 6, 7, 8, 9, 10] [0, 1, 0, 0, 1, 1, 0, 1, 0, 0, 0, 1, 0, 1, 1, 0, 1, 1, 1, 1, 0, 0, 0, 0]
('0_RedGap45_Top1_Hit_0', 11) [2, 3, 4] [1, 1, 1, 0, 1, 0, 1, 1, 1, 0, 1, 0, 1, 0, 1, 0, 1, 0, 1, 1, 0, 0, 1, 0]
('1_RedGap45_Top1_UnHit_1', 11) [1, 4, 5, 6, 7, 8, 9, 10, 11] [0, 1, 0, 0, 1, 1, 0, 1, 0, 0, 0, 1, 0, 1, 1, 0, 1, 1, 1, 1, 0, 0, 0, 0]
('0_RedGap45_Top2_Hit_0', 11) [1, 11] [1, 1, 0, 0, 1, 0, 1, 1, 0, 0, 1, 0, 1, 1, 1, 0, 1, 1, 1, 1, 0, 0, 1, 0]
('0_RedGap45_Top3_Hit_1', 11) [2, 3, 4, 5, 6, 7, 8] [1, 0, 0, 0, 1, 0, 0, 1, 0, 0, 1, 0, 0, 0, 1, 0, 1, 0, 1, 0, 0, 1, 1, 0]
('1_RedGap45_Top1_Hit_0', 10) [2, 3, 4] [1, 1, 1, 0, 1, 0, 1, 1, 1, 0, 1, 0, 1, 0, 1, 0, 1, 0, 1, 1, 0, 0, 1, 0]
('0_RedGap45_Top3_UnHit_1', 7) [1, 4, 5, 6, 7, 8, 9, 10, 11] [0, 0, 0, 0, 0, 0, 0, 0, 1, 0, 0, 1, 1, 1, 0, 1, 0, 0, 0, 0, 0, 0, 0, 1]
RedGap56
('0_RedGap56_Top3_UnHit_0', 20) [5, 6, 7, 8] [1, 0, 0, 0, 0, 0, 0, 1, 0, 1, 0, 1, 0, 0, 0, 0, 1, 0, 0, 0, 0, 0, 1, 0]
('1_RedGap56_Top3_UnHit_0', 18) [8] [0, 1, 1, 0, 0, 0, 1, 0, 1, 0, 0, 0, 1, 1, 0, 0, 0, 0, 0, 0, 1, 0, 0, 0]
('0_RedGap56_Top1_Hit_1', 17) [0, 1, 2, 3, 4, 9, 10, 11, 12] [1, 1, 0, 1, 0, 1, 1, 0, 1, 0, 1, 0, 1, 1, 1, 0, 0, 1, 0, 1, 1, 1, 1, 0]
('1_RedGap56_Top1_Hit_1', 15) [0, 1, 2, 3, 4, 9, 10, 11, 12] [1, 1, 0, 1, 0, 1, 1, 0, 1, 0, 1, 0, 1, 1, 1, 0, 0, 1, 0, 1, 1, 1, 0, 0]
('0_RedGap56_Top1_UnHit_0', 15) [0, 1, 9, 10, 11, 12] [0, 0, 1, 1, 1, 0, 0, 0, 0, 1, 0, 1, 0, 1, 1, 1, 0, 0, 0, 0, 0, 1, 1, 1]
('1_RedGap56_Top1_UnHit_0', 14) [0, 1, 9, 10, 11, 12] [0, 0, 1, 1, 1, 0, 0, 0, 0, 1, 0, 1, 0, 1, 1, 1, 0, 0, 0, 0, 0, 1, 1, 1]
('0_RedGap56_Top1_UnHit_1', 12) [2, 3, 4, 5, 6, 7, 8] [0, 0, 1, 1, 1, 0, 0, 0, 0, 1, 0, 1, 0, 1, 1, 1, 0, 0, 0, 0, 0, 1, 1, 1]
('1_RedGap56_Top1_UnHit_1', 11) [2, 3, 4, 5, 6, 7, 8] [0, 0, 1, 1, 1, 0, 0, 0, 0, 1, 0, 1, 0, 1, 1, 1, 0, 0, 0, 0, 0, 1, 1, 1]
('0_RedGap56_Top1_Hit_0', 10) [5, 6, 7, 8] [1, 1, 0, 1, 0, 1, 1, 0, 1, 0, 1, 0, 1, 1, 1, 0, 0, 1, 0, 1, 1, 1, 1, 0]
('1_RedGap56_Top1_Hit_0', 10) [5, 6, 7, 8] [1, 1, 0, 1, 0, 1, 1, 0, 1, 0, 1, 0, 1, 1, 1, 0, 0, 1, 0, 1, 1, 1, 0, 0]
('0_RedGap56_Top3_UnHit_1', 7) [0, 1, 2, 3, 4, 9, 10, 11, 12] [1, 0, 0, 0, 0, 0, 0, 1, 0, 1, 0, 1, 0, 0, 0, 0, 1, 0, 0, 0, 0, 0, 1, 0]
('1_RedGap56_Top3_UnHit_1', 7) [0, 1, 2, 3, 4, 5, 6, 7, 9, 10, 11, 12] [0, 1, 1, 0, 0, 0, 1, 0, 1, 0, 0, 0, 1, 1, 0, 0, 0, 0, 0, 0, 1, 0, 0, 0]
Red3
('0_Red3_Top1_UnHit_0', 19) [5, 6, 7, 8, 10, 16, 17] [0, 0, 0, 1, 0, 0, 1, 0, 0, 0, 0, 0, 0, 0, 0, 1, 1, 1, 0, 0, 1, 0, 1, 0]
('0_Red3_Top2_UnHit_0', 19) [10, 11] [0, 1, 1, 0, 0, 1, 0, 1, 0, 0, 0, 0, 0, 1, 0, 0, 1, 1, 0, 0, 0, 0, 0, 0]
('0_Red3_Top1_Hit_1', 18) [5, 6, 7, 8, 9, 12, 13, 14, 15, 16, 17] [1, 0, 1, 1, 0, 1, 1, 1, 0, 1, 1, 0, 1, 0, 1, 1, 1, 0, 1, 1, 0, 1, 1, 0]
('1_Red3_Top1_UnHit_0', 18) [5, 6, 7, 8, 10, 16, 17] [0, 0, 0, 1, 0, 0, 1, 0, 0, 0, 0, 0, 0, 0, 0, 1, 1, 1, 0, 0, 1, 0, 1, 0]
('1_Red3_Top1_Hit_1', 17) [5, 6, 7, 8, 9, 12, 13, 14, 15, 16, 17] [1, 0, 1, 1, 0, 1, 1, 1, 0, 1, 1, 0, 1, 0, 1, 1, 1, 0, 1, 1, 0, 1, 1, 0]
('1_Red3_Top2_UnHit_0', 16) [5, 6, 7, 8, 17] [0, 0, 1, 0, 0, 1, 0, 1, 0, 0, 1, 0, 0, 0, 1, 1, 1, 0, 1, 0, 0, 1, 0, 0]
('0_Red3_Top2_Hit_0', 14) [10, 11] [1, 1, 1, 1, 0, 0, 1, 0, 0, 1, 1, 0, 0, 0, 1, 1, 0, 0, 1, 0, 0, 0, 1, 0]
('1_Red3_Top2_Hit_0', 14) [10] [0, 0, 1, 1, 0, 1, 0, 0, 0, 1, 1, 0, 1, 0, 1, 1, 0, 0, 0, 1, 0, 1, 1, 0]
('0_Red3_Top2_Hit_1', 13) [5, 6, 7, 8, 9, 12, 13, 14, 15, 16, 17] [1, 1, 1, 1, 0, 0, 1, 0, 0, 1, 1, 0, 0, 0, 1, 1, 0, 0, 1, 0, 0, 0, 1, 0]
('1_Red3_Top2_Hit_1', 11) [5, 6, 7, 8, 9, 11, 12, 13, 14, 15, 16, 17] [0, 0, 1, 1, 0, 1, 0, 0, 0, 1, 1, 0, 1, 0, 1, 1, 0, 0, 0, 1, 0, 1, 1, 0]
('0_Red3_Top1_Hit_0', 9) [10, 11] [1, 0, 1, 1, 0, 1, 1, 1, 0, 1, 1, 0, 1, 0, 1, 1, 1, 0, 1, 1, 0, 1, 1, 0]
('1_Red3_Top2_UnHit_1', 9) [9, 10, 11, 12, 13, 14, 15, 16] [0, 0, 1, 0, 0, 1, 0, 1, 0, 0, 1, 0, 0, 0, 1, 1, 1, 0, 1, 0, 0, 1, 0, 0]
('1_Red3_Top1_Hit_0', 8) [10, 11] [1, 0, 1, 1, 0, 1, 1, 1, 0, 1, 1, 0, 1, 0, 1, 1, 1, 0, 1, 1, 0, 1, 1, 0]
('0_Red3_Top1_UnHit_1', 8) [9, 11, 12, 13, 14, 15] [0, 0, 0, 1, 0, 0, 1, 0, 0, 0, 0, 0, 0, 0, 0, 1, 1, 1, 0, 0, 1, 0, 1, 0]
('0_Red3_Top2_UnHit_1', 8) [5, 6, 7, 8, 9, 12, 13, 14, 15, 16, 17] [0, 1, 1, 0, 0, 1, 0, 1, 0, 0, 0, 0, 0, 1, 0, 0, 1, 1, 0, 0, 0, 0, 0, 0]
('1_Red3_Top1_UnHit_1', 7) [9, 11, 12, 13, 14, 15] [0, 0, 0, 1, 0, 0, 1, 0, 0, 0, 0, 0, 0, 0, 0, 1, 1, 1, 0, 0, 1, 0, 1, 0]
RedGap25
('0_RedGap25_Top2_Hit_1', 19) [8, 9, 10, 11, 12, 13, 14, 15, 18, 19, 20, 21, 22, 23, 24] [0, 1, 1, 1, 1, 1, 1, 1, 1, 1, 1, 1, 1, 0, 0, 1, 0, 0, 1, 1, 0, 0, 1, 1]
('0_RedGap25_Top1_Hit_1', 16) [8, 9, 10, 11, 12, 13, 14, 15, 17, 18, 19, 20, 21, 22, 23, 24] [0, 1, 1, 1, 1, 1, 0, 0, 1, 1, 0, 0, 1, 1, 0, 1, 0, 0, 1, 1, 1, 0, 1, 0]
('1_RedGap25_Top1_Hit_1', 16) [8, 9, 10, 11, 12, 13, 14, 15, 17, 18, 19, 20, 21, 22, 23, 24] [0, 1, 1, 1, 1, 1, 0, 0, 1, 1, 0, 0, 1, 1, 0, 1, 1, 0, 1, 1, 1, 0, 1, 0]
('0_RedGap25_Top1_UnHit_1', 16) [8, 9, 10, 11, 12, 13, 14, 15, 17, 18, 19, 20, 21, 22, 23, 24] [0, 0, 0, 0, 0, 0, 1, 1, 1, 1, 1, 1, 1, 1, 1, 1, 0, 1, 0, 0, 1, 1, 0, 1]
('1_RedGap25_Top1_UnHit_1', 16) [8, 9, 10, 11, 12, 13, 14, 15, 17, 18, 19, 20, 21, 22, 23, 24] [0, 0, 0, 0, 0, 0, 1, 1, 1, 1, 1, 1, 1, 1, 1, 1, 1, 1, 0, 0, 1, 1, 0, 1]
('1_RedGap25_Top2_Hit_0', 16) [16, 17, 18, 19, 20] [0, 0, 0, 0, 0, 0, 0, 1, 1, 1, 0, 1, 0, 0, 0, 1, 0, 0, 0, 0, 1, 1, 1, 1]
('0_RedGap25_Top2_UnHit_1', 15) [14, 15, 17, 18] [0, 0, 0, 0, 1, 0, 1, 1, 1, 0, 1, 1, 0, 1, 1, 0, 1, 0, 1, 0, 1, 1, 0, 1]
('0_RedGap25_Top3_Hit_0', 14) [16] [0, 1, 0, 1, 1, 1, 1, 0, 0, 1, 1, 0, 1, 0, 0, 1, 0, 0, 1, 0, 0, 0, 1, 0]
('0_RedGap25_Top3_UnHit_0', 14) [8, 9, 10, 11, 16, 21, 22, 23, 24] [1, 1, 1, 1, 1, 0, 0, 1, 1, 0, 0, 1, 0, 1, 0, 0, 1, 0, 0, 0, 1, 0, 0, 1]
('0_RedGap25_Top3_Hit_1', 13) [8, 9, 10, 11, 12, 13, 14, 15, 17, 18, 19, 20, 21, 22, 23, 24] [0, 1, 0, 1, 1, 1, 1, 0, 0, 1, 1, 0, 1, 0, 0, 1, 0, 0, 1, 0, 0, 0, 1, 0]
('0_RedGap25_Top3_UnHit_1', 13) [12, 13, 14, 15, 17, 18, 19, 20] [1, 1, 1, 1, 1, 0, 0, 1, 1, 0, 0, 1, 0, 1, 0, 0, 1, 0, 0, 0, 1, 0, 0, 1]
('0_RedGap25_Top2_UnHit_0', 12) [8, 9, 10, 11, 12, 13, 16, 19, 20, 21, 22, 23, 24] [0, 0, 0, 0, 1, 0, 1, 1, 1, 0, 1, 1, 0, 1, 1, 0, 1, 0, 1, 0, 1, 1, 0, 1]
('0_RedGap25_Top1_Hit_0', 11) [16] [0, 1, 1, 1, 1, 1, 0, 0, 1, 1, 0, 0, 1, 1, 0, 1, 0, 0, 1, 1, 1, 0, 1, 0]
('0_RedGap25_Top1_UnHit_0', 11) [16] [0, 0, 0, 0, 0, 0, 1, 1, 1, 1, 1, 1, 1, 1, 1, 1, 0, 1, 0, 0, 1, 1, 0, 1]
('1_RedGap25_Top1_Hit_0', 9) [16] [0, 1, 1, 1, 1, 1, 0, 0, 1, 1, 0, 0, 1, 1, 0, 1, 1, 0, 1, 1, 1, 0, 1, 0]
('1_RedGap25_Top1_UnHit_0', 9) [16] [0, 0, 0, 0, 0, 0, 1, 1, 1, 1, 1, 1, 1, 1, 1, 1, 1, 1, 0, 0, 1, 1, 0, 1]
('1_RedGap25_Top2_Hit_1', 9) [8, 9, 10, 11, 12, 13, 14, 15, 21, 22, 23, 24] [0, 0, 0, 0, 0, 0, 0, 1, 1, 1, 0, 1, 0, 0, 0, 1, 0, 0, 0, 0, 1, 1, 1, 1]
('0_RedGap25_Top2_Hit_0', 8) [16, 17] [0, 1, 1, 1, 1, 1, 1, 1, 1, 1, 1, 1, 1, 0, 0, 1, 0, 0, 1, 1, 0, 0, 1, 1]
RedGap12
('1_RedGap12_Top3_Hit_0', 19) [1, 2] [0, 0, 0, 0, 0, 0, 0, 0, 0, 1, 0, 1, 0, 0, 0, 1, 1, 1, 0, 0, 0, 0, 1, 0]
('0_RedGap12_Top1_UnHit_0', 17) [1] [1, 0, 0, 1, 0, 0, 0, 0, 1, 0, 0, 1, 1, 0, 0, 1, 0, 1, 0, 0, 1, 0, 1, 0]
('0_RedGap12_Top2_UnHit_0', 17) [1] [0, 0, 0, 1, 0, 0, 1, 1, 0, 0, 0, 0, 1, 1, 0, 0, 1, 1, 0, 0, 1, 0, 0, 1]
('0_RedGap12_Top3_UnHit_0', 17) [1] [0, 0, 0, 1, 1, 1, 0, 0, 0, 0, 0, 0, 1, 1, 0, 0, 1, 1, 0, 0, 1, 0, 0, 1]
('1_RedGap12_Top3_UnHit_0', 17) [-1, 0, 1, 6, 7] [0, 0, 0, 0, 0, 0, 1, 0, 0, 0, 1, 0, 0, 0, 1, 1, 0, 0, 1, 1, 0, 1, 1, 0]
('0_RedGap12_Top3_Hit_1', 16) [-1, 0, 3, 4, 5, 6, 7] [1, 0, 1, 0, 1, 1, 1, 1, 1, 0, 1, 0, 0, 1, 1, 0, 0, 0, 1, 1, 0, 1, 1, 0]
('1_RedGap12_Top2_Hit_1', 15) [-1, 0, 2, 3, 4, 5, 6, 7] [1, 1, 1, 0, 0, 0, 0, 1, 1, 0, 1, 1, 0, 0, 1, 1, 1, 0, 1, 1, 0, 1, 1, 0]
('0_RedGap12_Top3_Hit_0', 11) [1, 2] [1, 0, 1, 0, 1, 1, 1, 1, 1, 0, 1, 0, 0, 1, 1, 0, 0, 0, 1, 1, 0, 1, 1, 0]
('0_RedGap12_Top1_UnHit_1', 10) [-1, 0, 2, 3, 4, 5, 6, 7] [1, 0, 0, 1, 0, 0, 0, 0, 1, 0, 0, 1, 1, 0, 0, 1, 0, 1, 0, 0, 1, 0, 1, 0]
('1_RedGap12_Top2_Hit_0', 10) [1] [1, 1, 1, 0, 0, 0, 0, 1, 1, 0, 1, 1, 0, 0, 1, 1, 1, 0, 1, 1, 0, 1, 1, 0]
('0_RedGap12_Top2_UnHit_1', 10) [-1, 0, 2, 3, 4, 5, 6, 7] [0, 0, 0, 1, 0, 0, 1, 1, 0, 0, 0, 0, 1, 1, 0, 0, 1, 1, 0, 0, 1, 0, 0, 1]
('0_RedGap12_Top3_UnHit_1', 10) [-1, 0, 2, 3, 4, 5, 6, 7] [0, 0, 0, 1, 1, 1, 0, 0, 0, 0, 0, 0, 1, 1, 0, 0, 1, 1, 0, 0, 1, 0, 0, 1]
('1_RedGap12_Top3_UnHit_1', 8) [2, 3, 4, 5] [0, 0, 0, 0, 0, 0, 1, 0, 0, 0, 1, 0, 0, 0, 1, 1, 0, 0, 1, 1, 0, 1, 1, 0]
('1_RedGap12_Top3_Hit_1', 6) [-1, 0, 3, 4, 5, 6, 7] [0, 0, 0, 0, 0, 0, 0, 0, 0, 1, 0, 1, 0, 0, 0, 1, 1, 1, 0, 0, 0, 0, 1, 0]
Red5
('0_Red5_Top2_UnHit_0', 18) [24] [0, 0, 0, 1, 0, 0, 0, 0, 1, 0, 0, 0, 0, 1, 1, 0, 0, 1, 0, 0, 1, 1, 0, 0]
('1_Red5_Top3_Hit_0', 17) [23, 24] [1, 0, 1, 0, 0, 0, 0, 0, 1, 0, 0, 0, 0, 1, 0, 0, 1, 1, 0, 0, 0, 1, 0, 0]
('0_Red5_Top3_UnHit_0', 17) [24] [1, 0, 1, 0, 0, 0, 0, 1, 1, 0, 0, 0, 0, 1, 1, 0, 0, 1, 1, 0, 0, 0, 0, 1]
('0_Red5_Top1_UnHit_1', 16) [15, 16, 17, 18, 19, 20, 21, 22, 23, 25, 26, 27, 28, 29, 30] [1, 1, 1, 1, 1, 0, 1, 0, 1, 1, 0, 0, 0, 1, 1, 0, 1, 1, 0, 0, 1, 1, 1, 0]
('0_Red5_Top2_Hit_1', 15) [15, 16, 17, 18, 19, 20, 21, 22, 23, 25, 26, 27, 28, 29, 30] [0, 1, 0, 1, 1, 1, 1, 0, 1, 1, 0, 1, 0, 0, 1, 1, 0, 0, 1, 0, 1, 1, 1, 0]
('1_Red5_Top2_Hit_1', 15) [15, 16, 17, 18, 19, 20, 21, 22, 25, 26, 27, 28, 29, 30] [0, 1, 0, 1, 0, 0, 1, 1, 1, 1, 0, 0, 1, 1, 0, 1, 1, 0, 0, 1, 1, 1, 1, 0]
('1_Red5_Top3_UnHit_0', 15) [15, 16, 17, 24, 28, 29, 30] [0, 0, 0, 1, 0, 0, 0, 1, 1, 0, 0, 1, 1, 0, 0, 1, 1, 0, 0, 1, 1, 0, 0, 0]
('0_Red5_Top3_Hit_1', 14) [15, 16, 17, 18, 19, 20, 21, 22, 23, 25, 26, 27, 28, 29, 30] [0, 1, 0, 1, 1, 0, 1, 0, 0, 1, 0, 1, 1, 0, 0, 1, 0, 0, 1, 1, 1, 1, 1, 0]
('1_Red5_Top1_UnHit_1', 13) [15, 16, 17, 18, 19, 20, 21, 22, 23, 25, 26, 27, 28, 29, 30] [1, 1, 1, 1, 1, 0, 1, 0, 1, 0, 0, 0, 0, 1, 1, 0, 1, 1, 0, 0, 1, 1, 0, 0]
('0_Red5_Top3_Hit_0', 13) [24] [0, 1, 0, 1, 1, 0, 1, 0, 0, 1, 0, 1, 1, 0, 0, 1, 0, 0, 1, 1, 1, 1, 1, 0]
('1_Red5_Top1_UnHit_0', 12) [24] [1, 1, 1, 1, 1, 0, 1, 0, 1, 0, 0, 0, 0, 1, 1, 0, 1, 1, 0, 0, 1, 1, 0, 0]
('0_Red5_Top2_Hit_0', 12) [24] [0, 1, 0, 1, 1, 1, 1, 0, 1, 1, 0, 1, 0, 0, 1, 1, 0, 0, 1, 0, 1, 1, 1, 0]
('0_Red5_Top1_UnHit_0', 11) [24] [1, 1, 1, 1, 1, 0, 1, 0, 1, 1, 0, 0, 0, 1, 1, 0, 1, 1, 0, 0, 1, 1, 1, 0]
('1_Red5_Top2_Hit_0', 10) [23, 24] [0, 1, 0, 1, 0, 0, 1, 1, 1, 1, 0, 0, 1, 1, 0, 1, 1, 0, 0, 1, 1, 1, 1, 0]
('0_Red5_Top3_UnHit_1', 10) [15, 16, 17, 18, 19, 20, 21, 22, 23, 25, 26, 27, 28, 29, 30] [1, 0, 1, 0, 0, 0, 0, 1, 1, 0, 0, 0, 0, 1, 1, 0, 0, 1, 1, 0, 0, 0, 0, 1]
('1_Red5_Top3_UnHit_1', 10) [18, 19, 20, 21, 22, 23, 25, 26, 27] [0, 0, 0, 1, 0, 0, 0, 1, 1, 0, 0, 1, 1, 0, 0, 1, 1, 0, 0, 1, 1, 0, 0, 0]
('0_Red5_Top2_UnHit_1', 9) [15, 16, 17, 18, 19, 20, 21, 22, 23, 25, 26, 27, 28, 29, 30] [0, 0, 0, 1, 0, 0, 0, 0, 1, 0, 0, 0, 0, 1, 1, 0, 0, 1, 0, 0, 1, 1, 0, 0]
('1_Red5_Top3_Hit_1', 8) [15, 16, 17, 18, 19, 20, 21, 22, 25, 26, 27, 28, 29, 30] [1, 0, 1, 0, 0, 0, 0, 0, 1, 0, 0, 0, 0, 1, 0, 0, 1, 1, 0, 0, 0, 1, 0, 0]
RedGap23
('0_RedGap23_Top3_UnHit_0', 18) [2] [0, 0, 0, 0, 1, 0, 1, 0, 0, 0, 0, 1, 0, 1, 1, 0, 0, 0, 0, 0, 1, 1, 0, 0]
('0_RedGap23_Top3_UnHit_1', 9) [0, 1, 3, 4, 5, 6, 7, 8, 9, 10, 11] [0, 0, 0, 0, 1, 0, 1, 0, 0, 0, 0, 1, 0, 1, 1, 0, 0, 0, 0, 0, 1, 1, 0, 0]
RedSum16
('0_RedSum16_Top3_UnHit_0', 17) [33, 34, 35, 36, 37, 38, 39] [0, 1, 1, 1, 1, 1, 1, 1, 0, 0, 1, 0, 0, 0, 0, 0, 0, 0, 0, 1, 0, 0, 0, 0]
('0_RedSum16_Top1_Hit_1', 15) [21, 22, 23, 24, 25, 26, 27, 28, 29, 30, 31, 40] [1, 0, 1, 0, 0, 0, 1, 0, 1, 1, 0, 1, 1, 0, 1, 0, 1, 1, 1, 1, 0, 1, 1, 0]
('0_RedSum16_Top2_Hit_1', 15) [21, 22, 23, 24, 25, 26, 27, 28, 29, 30, 31, 32, 33, 40] [1, 0, 0, 0, 0, 0, 1, 1, 1, 1, 1, 1, 1, 0, 1, 1, 1, 1, 0, 0, 0, 1, 1, 0]
('1_RedSum16_Top3_UnHit_0', 15) [35, 36, 37, 38, 39] [1, 0, 0, 0, 0, 0, 0, 0, 1, 1, 0, 1, 0, 0, 1, 0, 1, 1, 0, 0, 0, 1, 1, 1]
('1_RedSum16_Top1_Hit_1', 14) [21, 22, 23, 24, 25, 26, 27, 28, 29, 30, 31, 40] [1, 0, 1, 0, 0, 0, 1, 0, 1, 1, 0, 1, 1, 0, 1, 0, 1, 1, 1, 1, 0, 1, 1, 0]
('0_RedSum16_Top1_UnHit_0', 14) [21, 22, 23, 24, 25, 40] [0, 0, 0, 1, 0, 0, 0, 0, 0, 0, 1, 0, 1, 1, 1, 1, 1, 1, 1, 0, 0, 0, 1, 1]
('0_RedSum16_Top2_UnHit_1', 14) [21, 22, 23, 24, 25, 26, 27, 28, 29, 30, 31, 32, 33, 40] [0, 0, 0, 1, 0, 0, 0, 1, 1, 0, 1, 1, 0, 1, 0, 1, 1, 0, 1, 1, 0, 1, 0, 1]
('0_RedSum16_Top1_UnHit_1', 13) [26, 27, 28, 29, 30, 31, 32, 33, 34, 35, 36, 37, 38, 39] [0, 0, 0, 1, 0, 0, 0, 0, 0, 0, 1, 0, 1, 1, 1, 1, 1, 1, 1, 0, 0, 0, 1, 1]
('1_RedSum16_Top1_UnHit_1', 13) [26, 27, 28, 29, 30, 31, 32, 33, 34, 35, 36, 37, 38, 39] [0, 1, 0, 0, 0, 0, 0, 0, 0, 0, 1, 0, 1, 1, 1, 1, 0, 1, 1, 1, 1, 0, 1, 1]
('0_RedSum16_Top2_UnHit_0', 13) [34, 35, 36, 37, 38, 39] [0, 0, 0, 1, 0, 0, 0, 1, 1, 0, 1, 1, 0, 1, 0, 1, 1, 0, 1, 1, 0, 1, 0, 1]
('0_RedSum16_Top1_Hit_0', 12) [32, 33, 34, 35, 36, 37, 38, 39] [1, 0, 1, 0, 0, 0, 1, 0, 1, 1, 0, 1, 1, 0, 1, 0, 1, 1, 1, 1, 0, 1, 1, 0]
('1_RedSum16_Top1_UnHit_0', 12) [21, 22, 23, 24, 25, 40] [0, 1, 0, 0, 0, 0, 0, 0, 0, 0, 1, 0, 1, 1, 1, 1, 0, 1, 1, 1, 1, 0, 1, 1]
('0_RedSum16_Top2_Hit_0', 12) [34, 35, 36, 37, 38, 39] [1, 0, 0, 0, 0, 0, 1, 1, 1, 1, 1, 1, 1, 0, 1, 1, 1, 1, 0, 0, 0, 1, 1, 0]
('1_RedSum16_Top1_Hit_0', 11) [32, 33, 34, 35, 36, 37, 38, 39] [1, 0, 1, 0, 0, 0, 1, 0, 1, 1, 0, 1, 1, 0, 1, 0, 1, 1, 1, 1, 0, 1, 1, 0]
('0_RedSum16_Top3_UnHit_1', 10) [21, 22, 23, 24, 25, 26, 27, 28, 29, 30, 31, 32, 40] [0, 1, 1, 1, 1, 1, 1, 1, 0, 0, 1, 0, 0, 0, 0, 0, 0, 0, 0, 1, 0, 0, 0, 0]
('1_RedSum16_Top3_UnHit_1', 10) [21, 22, 23, 24, 25, 26, 27, 28, 29, 30, 31, 32, 33, 34, 40] [1, 0, 0, 0, 0, 0, 0, 0, 1, 1, 0, 1, 0, 0, 1, 0, 1, 1, 0, 0, 0, 1, 1, 1]
Red2
('1_Red2_Top3_Hit_0', 16) [8] [0, 1, 0, 1, 1, 0, 0, 1, 1, 0, 0, 0, 0, 0, 0, 0, 0, 1, 0, 0, 1, 0, 1, 1]
('0_Red2_Top3_Hit_0', 14) [8] [0, 0, 1, 0, 0, 1, 1, 0, 0, 1, 1, 1, 0, 0, 1, 1, 1, 0, 1, 1, 0, 1, 0, 0]
('0_Red2_Top3_Hit_1', 13) [2, 3, 4, 5, 6, 7, 9, 10, 11, 12, 13, 14, 15] [0, 0, 1, 0, 0, 1, 1, 0, 0, 1, 1, 1, 0, 0, 1, 1, 1, 0, 1, 1, 0, 1, 0, 0]
('1_Red2_Top3_Hit_1', 9) [2, 3, 4, 5, 6, 7, 9, 10, 11, 12, 13, 14, 15] [0, 1, 0, 1, 1, 0, 0, 1, 1, 0, 0, 0, 0, 0, 0, 0, 0, 1, 0, 0, 1, 0, 1, 1]
RedGap34
('0_RedGap34_Top1_Hit_1', 16) [-2, -1, 0, 1, 2, 3, 4, 13] [1, 1, 1, 1, 0, 1, 0, 1, 1, 0, 1, 1, 1, 0, 0, 1, 0, 1, 0, 1, 0, 0, 0, 1]
('0_RedGap34_Top2_Hit_1', 16) [-2, -1, 0, 1, 2, 3, 13] [1, 1, 0, 1, 0, 1, 0, 1, 1, 0, 1, 1, 0, 0, 0, 1, 1, 1, 0, 1, 0, 1, 0, 1]
('0_RedGap34_Top1_UnHit_0', 15) [-2, -1, 0, 1, 2, 3, 8, 9, 10, 11, 12, 13] [0, 0, 0, 1, 0, 0, 0, 1, 1, 1, 0, 1, 1, 0, 1, 0, 1, 0, 1, 1, 1, 0, 0, 0]
('1_RedGap34_Top1_Hit_1', 14) [-2, -1, 0, 1, 2, 3, 4, 13] [1, 1, 0, 1, 0, 1, 0, 1, 1, 0, 1, 1, 0, 0, 0, 1, 0, 1, 0, 1, 0, 1, 0, 1]
('1_RedGap34_Top1_UnHit_0', 14) [-2, -1, 0, 1, 2, 3, 7, 8, 9, 10, 11, 12, 13] [0, 0, 0, 1, 0, 0, 0, 1, 1, 1, 0, 1, 1, 0, 1, 0, 1, 0, 1, 1, 1, 0, 0, 0]
('1_RedGap34_Top2_Hit_0', 14) [4, 5, 6, 7, 8, 9, 10, 11, 12] [1, 0, 1, 1, 0, 0, 1, 1, 1, 0, 1, 1, 0, 0, 0, 1, 0, 1, 0, 0, 0, 0, 0, 0]
('0_RedGap34_Top2_UnHit_1', 14) [4, 5, 6, 7, 8, 9, 10, 11, 12] [0, 1, 1, 0, 1, 1, 0, 1, 0, 1, 1, 0, 1, 1, 1, 0, 1, 0, 1, 0, 1, 0, 0, 0]
('1_RedGap34_Top2_UnHit_1', 14) [5, 6, 7, 8, 9, 10, 11, 12] [0, 0, 1, 0, 1, 0, 1, 1, 0, 1, 1, 1, 1, 1, 0, 1, 1, 1, 1, 1, 0, 0, 0, 0]
('0_RedGap34_Top2_UnHit_0', 13) [-2, -1, 0, 1, 2, 3, 13] [0, 1, 1, 0, 1, 1, 0, 1, 0, 1, 1, 0, 1, 1, 1, 0, 1, 0, 1, 0, 1, 0, 0, 0]
('0_RedGap34_Top1_UnHit_1', 12) [4, 5, 6, 7] [0, 0, 0, 1, 0, 0, 0, 1, 1, 1, 0, 1, 1, 0, 1, 0, 1, 0, 1, 1, 1, 0, 0, 0]
('0_RedGap34_Top1_Hit_0', 11) [5, 6, 7, 8, 9, 10, 11, 12] [1, 1, 1, 1, 0, 1, 0, 1, 1, 0, 1, 1, 1, 0, 0, 1, 0, 1, 0, 1, 0, 0, 0, 1]
('1_RedGap34_Top1_Hit_0', 11) [5, 6, 7, 8, 9, 10, 11, 12] [1, 1, 0, 1, 0, 1, 0, 1, 1, 0, 1, 1, 0, 0, 0, 1, 0, 1, 0, 1, 0, 1, 0, 1]
('1_RedGap34_Top1_UnHit_1', 11) [4, 5, 6] [0, 0, 0, 1, 0, 0, 0, 1, 1, 1, 0, 1, 1, 0, 1, 0, 1, 0, 1, 1, 1, 0, 0, 0]
('0_RedGap34_Top2_Hit_0', 11) [4, 5, 6, 7, 8, 9, 10, 11, 12] [1, 1, 0, 1, 0, 1, 0, 1, 1, 0, 1, 1, 0, 0, 0, 1, 1, 1, 0, 1, 0, 1, 0, 1]
('1_RedGap34_Top2_Hit_1', 11) [-2, -1, 0, 1, 2, 3, 13] [1, 0, 1, 1, 0, 0, 1, 1, 1, 0, 1, 1, 0, 0, 0, 1, 0, 1, 0, 0, 0, 0, 0, 0]
('1_RedGap34_Top2_UnHit_0', 11) [-2, -1, 0, 1, 2, 3, 4, 13] [0, 0, 1, 0, 1, 0, 1, 1, 0, 1, 1, 1, 1, 1, 0, 1, 1, 1, 1, 1, 0, 0, 0, 0]
