29
less5
100_5___1__    12   0  [0, 1, 0, 0, 5, 4, 1, 0, 1, 1, 3, 0]  (0, 1)
100_3___1__    11   1  [1, 0, 3, 2, 4, 1, 0, 1, 4, 0, 0]  (0, 3)
200_3___1__    11   1  [1, 0, 0, 5, 5, 0, 0, 1, 1, 2, 1]  (0, 2)
100_4___1__    10   1  [2, 6, 2, 1, 1, 0, 1, 1, 3, 0]  (0, 2)
200_1___1__    10   0  [0, 2, 0, 3, 1, 6, 2, 4, 0, 0]  (0, 3)
300_4___1__    10   1  [2, 4, 0, 0, 2, 1, 1, 0, 1, 6]  (0, 2)
300_5___1__    10   1  [2, 2, 0, 2, 1, 2, 1, 0, 1, 6]  (0, 3)
300_3___1__    9   1  [2, 2, 2, 0, 2, 3, 0, 1, 6]  (0, 4)
100_1___1__    8   1  [2, 0, 5, 4, 1, 0, 1, 6]  (0, 2)
100_2___1__    8   1  [2, 0, 5, 4, 1, 2, 5, 0]  (0, 1)
200_2___1__    8   1  [2, 0, 4, 0, 2, 3, 2, 6]  (0, 2)
200_4___1__    8   1  [2, 6, 2, 2, 0, 0, 1, 6]  (0, 2)
200_5___1__    8   1  [2, 0, 5, 6, 0, 1, 1, 4]  (0, 4)
300_2___1__    8   1  [2, 3, 1, 0, 2, 3, 2, 6]  (0, 1)
300_1___1__    7   0  [0, 2, 3, 5, 3, 2, 6]  (0, 2)
part_in:(2, 4), all_in:(0, 1), all_out:(0, 4)
less8
300_4___2__    13   0  [2, 0, 0, 2, 1, 1, 0, 0, 0, 0, 1, 7, 1]  (3, 6)
100_2___2__    12   0  [2, 1, 2, 1, 1, 1, 0, 0, 1, 2, 1, 4]  (5, 6)
100_3___2__    12   0  [2, 1, 2, 1, 1, 1, 0, 0, 1, 2, 4, 1]  (5, 6)
200_3___2__    11   0  [2, 6, 1, 0, 0, 0, 0, 1, 0, 1, 6]  (3, 6)
200_4___2__    11   0  [2, 6, 1, 0, 0, 0, 0, 1, 0, 1, 6]  (3, 6)
100_4___2__    10   0  [2, 1, 4, 1, 1, 0, 0, 1, 2, 6]  (5, 6)
100_5___2__    10   0  [2, 1, 3, 0, 1, 1, 0, 0, 1, 9]  (5, 6)
200_1___2__    10   0  [2, 6, 1, 0, 0, 0, 0, 1, 2, 6]  (3, 6)
200_5___2__    10   0  [2, 6, 1, 0, 0, 0, 0, 1, 2, 6]  (3, 6)
300_1___2__    10   0  [2, 1, 4, 1, 0, 0, 3, 2, 4, 1]  (3, 6)
300_2___2__    10   0  [2, 1, 4, 1, 0, 0, 0, 5, 3, 2]  (4, 6)
300_3___2__    10   0  [2, 4, 1, 1, 0, 0, 0, 5, 4, 1]  (2, 6)
300_5___2__    10   0  [2, 0, 3, 1, 1, 0, 0, 1, 1, 9]  (2, 6)
100_1___2__    9   0  [2, 4, 1, 1, 1, 0, 0, 1, 9]  (5, 6)
200_2___2__    8   0  [2, 6, 1, 1, 0, 0, 4, 6]  (3, 6)
part_in:(2, 4), all_in:(5, 6), all_out:(2, 6)
less9
100_2___3__    9   1  [4, 0, 0, 2, 0, 7, 0, 5, 0]  (3, 6)
100_3___3__    9   1  [4, 0, 0, 2, 8, 0, 4, 0, 0]  (3, 6)
100_5___3__    9   1  [4, 1, 2, 7, 0, 0, 1, 3, 0]  (4, 6)
200_1___3__    9   1  [3, 0, 1, 2, 2, 6, 4, 0, 0]  (2, 6)
200_5___3__    9   1  [3, 0, 1, 2, 7, 1, 2, 2, 0]  (2, 6)
100_1___3__    8   1  [4, 0, 0, 2, 8, 0, 4, 1]  (2, 6)
100_4___3__    8   1  [0, 3, 1, 2, 7, 1, 5, 0]  (4, 6)
200_2___3__    8   1  [3, 0, 1, 2, 2, 11, 0, 0]  (3, 6)
300_1___3__    8   0  [0, 0, 3, 4, 2, 6, 2, 3]  (3, 6)
300_3___3__    8   1  [0, 3, 0, 3, 9, 2, 2, 0]  (3, 6)
300_4___3__    8   1  [0, 3, 1, 0, 0, 0, 9, 6]  (4, 6)
200_3___3__    7   1  [4, 1, 2, 9, 4, 0, 0]  (5, 6)
200_4___3__    7   1  [3, 0, 1, 2, 14, 0, 0]  (5, 6)
300_5___3__    7   1  [4, 3, 0, 7, 1, 2, 3]  (3, 6)
300_2___3__    6   1  [0, 3, 4, 9, 5, 0]  (5, 6)
part_in:(2, 4), all_in:(5, 6), all_out:(2, 6)
less10
300_3___4__    17   1  [0, 0, 0, 1, 1, 1, 0, 2, 0, 1, 0, 1, 0, 0, 2, 0, 1]  (0, 5)
100_3___4__    16   1  [0, 0, 0, 1, 1, 0, 1, 2, 0, 2, 0, 0, 0, 0, 3, 1]  (0, 5)
100_4___4__    16   1  [0, 0, 0, 1, 0, 0, 0, 1, 3, 2, 0, 0, 0, 0, 3, 1]  (0, 5)
100_5___4__    16   1  [0, 0, 0, 1, 0, 0, 0, 1, 2, 2, 0, 0, 0, 0, 0, 5]  (1, 5)
300_2___4__    16   1  [0, 0, 0, 1, 1, 1, 0, 2, 2, 0, 1, 0, 0, 2, 0, 1]  (0, 5)
300_4___4__    16   1  [0, 0, 0, 1, 1, 1, 0, 2, 2, 0, 1, 0, 0, 2, 0, 1]  (0, 5)
300_5___4__    16   1  [0, 0, 0, 1, 1, 1, 0, 2, 2, 0, 0, 0, 0, 0, 2, 2]  (0, 5)
100_2___4__    14   1  [0, 0, 0, 1, 1, 0, 1, 2, 3, 1, 0, 0, 3, 1]  (1, 5)
200_2___4__    14   2  [0, 0, 1, 1, 1, 0, 2, 0, 2, 1, 0, 3, 0, 1]  (1, 5)
200_3___4__    14   1  [0, 0, 0, 1, 1, 2, 2, 0, 2, 0, 0, 0, 4, 1]  (1, 5)
200_1___4__    13   2  [0, 0, 1, 1, 2, 3, 1, 0, 1, 0, 0, 3, 1]  (1, 5)
200_4___4__    13   1  [1, 0, 1, 1, 2, 2, 0, 2, 0, 0, 0, 4, 1]  (1, 5)
200_5___4__    13   1  [1, 0, 1, 1, 2, 2, 0, 2, 1, 0, 2, 1, 1]  (0, 5)
300_1___4__    13   1  [0, 0, 0, 1, 1, 2, 5, 0, 1, 0, 0, 2, 2]  (0, 5)
100_1___4__    12   1  [0, 0, 0, 1, 1, 2, 6, 0, 0, 0, 4, 1]  (1, 5)
part_in:(0, 0), all_in:(1, 5), all_out:(0, 5)
row1
100_3___5__    19   1  [1, 0, 0, 0, 0, 4, 0, 0, 0, 0, 0, 0, 0, 2, 0, 0, 1, 0, 0]  (1, 1)
100_4___5__    19   0  [0, 1, 0, 0, 0, 3, 2, 0, 0, 0, 0, 0, 0, 2, 0, 0, 1, 0, 0]  (0, 1)
300_3___5__    19   1  [1, 0, 0, 0, 0, 1, 3, 0, 0, 0, 0, 0, 2, 0, 0, 0, 1, 0, 0]  (1, 2)
300_5___5__    19   1  [1, 0, 0, 0, 0, 5, 0, 0, 0, 0, 0, 0, 1, 0, 0, 0, 1, 0, 0]  (1, 1)
200_5___5__    18   1  [1, 0, 0, 0, 0, 5, 0, 0, 0, 0, 0, 0, 1, 0, 0, 0, 1, 1]  (1, 1)
300_4___5__    18   1  [1, 0, 0, 0, 0, 0, 0, 3, 0, 0, 0, 0, 0, 4, 0, 1, 0, 0]  (1, 1)
100_1___5__    17   1  [1, 0, 0, 0, 0, 5, 0, 0, 0, 0, 0, 0, 1, 2, 1, 0, 0]  (1, 1)
200_4___5__    17   0  [0, 1, 0, 0, 0, 0, 5, 0, 0, 0, 0, 0, 2, 0, 1, 1, 1]  (0, 1)
300_2___5__    17   1  [1, 0, 0, 0, 0, 5, 0, 0, 0, 0, 0, 2, 0, 0, 0, 1, 1]  (1, 1)
100_2___5__    16   1  [1, 0, 0, 0, 0, 5, 0, 0, 0, 0, 0, 2, 2, 1, 0, 0]  (1, 1)
100_5___5__    16   1  [1, 0, 0, 0, 6, 0, 0, 0, 0, 0, 0, 3, 0, 1, 0, 0]  (0, 1)
200_1___5__    16   1  [1, 0, 0, 0, 0, 5, 0, 0, 0, 0, 0, 2, 2, 1, 0, 0]  (1, 1)
200_2___5__    16   1  [1, 0, 0, 0, 0, 5, 0, 0, 0, 0, 0, 2, 1, 0, 1, 1]  (0, 1)
300_1___5__    16   1  [1, 0, 0, 0, 0, 0, 4, 0, 0, 0, 0, 0, 2, 2, 1, 1]  (1, 2)
200_3___5__    15   1  [1, 0, 0, 0, 6, 0, 0, 0, 0, 0, 2, 1, 0, 1, 1]  (1, 1)
part_in:(0, 2), all_in:(1, 1), all_out:(0, 2)
row2
100_5___6__    12   1  [0, 1, 3, 1, 0, 5, 0, 2, 1, 0, 1, 1]  (4, 7)
200_3___6__    12   1  [0, 1, 5, 0, 5, 0, 1, 0, 1, 0, 1, 1]  (4, 8)
300_4___6__    12   1  [0, 1, 3, 1, 0, 4, 0, 0, 2, 2, 1, 1]  (4, 9)
100_1___6__    11   1  [0, 1, 3, 1, 6, 0, 1, 2, 0, 1, 1]  (4, 9)
100_2___6__    11   1  [0, 1, 5, 6, 0, 2, 1, 0, 0, 0, 1]  (4, 10)
100_3___6__    11   1  [0, 1, 6, 5, 0, 1, 0, 1, 0, 1, 1]  (4, 10)
100_4___6__    11   1  [0, 1, 5, 0, 5, 0, 2, 1, 0, 1, 1]  (4, 8)
300_1___6__    11   1  [0, 1, 3, 1, 6, 0, 2, 2, 1, 0, 0]  (4, 7)
300_5___6__    11   1  [0, 1, 3, 2, 5, 0, 2, 1, 0, 1, 1]  (4, 8)
200_4___6__    10   1  [0, 1, 5, 0, 5, 0, 2, 2, 1, 1]  (4, 8)
300_3___6__    10   1  [0, 1, 5, 0, 5, 0, 2, 2, 1, 1]  (4, 9)
200_1___6__    9   1  [0, 7, 0, 5, 2, 0, 2, 1, 1]  (4, 7)
200_2___6__    9   1  [0, 7, 6, 0, 1, 2, 0, 1, 1]  (4, 8)
200_5___6__    9   1  [0, 1, 6, 6, 1, 0, 2, 1, 1]  (4, 6)
300_2___6__    9   1  [0, 7, 0, 5, 0, 2, 2, 1, 1]  (4, 8)
part_in:(7, 10), all_in:(4, 6), all_out:(4, 10)
row3
100_5___7__    11   1  [2, 3, 2, 2, 1, 0, 0, 4, 0, 1, 1]  (11, 14)
100_4___7__    10   1  [0, 1, 6, 2, 1, 0, 0, 4, 0, 3]  (10, 14)
200_2___7__    10   1  [2, 5, 0, 2, 2, 2, 2, 0, 1, 1]  (9, 14)
200_4___7__    10   1  [0, 1, 6, 2, 1, 0, 0, 1, 3, 3]  (10, 14)
300_5___7__    9   1  [2, 3, 2, 4, 0, 5, 0, 1, 1]  (9, 14)
100_2___7__    8   1  [2, 9, 1, 0, 0, 4, 0, 3]  (9, 14)
100_3___7__    8   1  [2, 6, 4, 0, 2, 2, 0, 3]  (8, 14)
200_5___7__    8   1  [2, 6, 4, 0, 0, 1, 3, 3]  (11, 14)
300_4___7__    8   1  [2, 6, 2, 1, 0, 0, 5, 3]  (7, 14)
100_1___7__    7   1  [2, 11, 0, 2, 2, 0, 3]  (9, 14)
200_1___7__    7   1  [2, 5, 0, 5, 2, 3, 3]  (9, 14)
200_3___7__    6   1  [2, 6, 5, 2, 3, 3]  (10, 14)
300_2___7__    6   1  [2, 0, 5, 5, 6, 3]  (9, 14)
300_3___7__    6   1  [2, 6, 4, 0, 6, 3]  (7, 14)
300_1___7__    5   1  [2, 6, 4, 0, 10]  (10, 14)
part_in:(7, 10), all_in:(11, 14), all_out:(7, 14)
row4
300_4___8__    21   0  [0, 0, 0, 0, 1, 0, 2, 0, 0, 0, 0, 0, 0, 0, 0, 1, 0, 0, 2, 0, 1]  (1, 1)
100_3___8__    20   0  [1, 0, 0, 2, 0, 1, 0, 0, 0, 0, 0, 0, 0, 2, 0, 0, 0, 1, 0, 1]  (0, 1)
100_4___8__    20   0  [1, 0, 0, 2, 0, 1, 0, 0, 0, 0, 0, 0, 0, 2, 0, 0, 0, 1, 0, 1]  (0, 1)
200_5___8__    20   0  [1, 0, 0, 2, 0, 2, 0, 0, 0, 0, 0, 0, 0, 0, 0, 0, 0, 2, 0, 1]  (0, 1)
300_2___8__    20   0  [0, 0, 0, 0, 1, 0, 2, 0, 0, 0, 0, 0, 0, 0, 0, 1, 0, 0, 2, 2]  (0, 1)
100_1___8__    19   0  [1, 0, 0, 2, 0, 2, 0, 0, 0, 0, 0, 0, 0, 1, 0, 0, 2, 0, 1]  (0, 1)
100_2___8__    19   0  [1, 0, 0, 2, 0, 1, 0, 0, 0, 0, 0, 0, 0, 2, 0, 0, 2, 0, 1]  (0, 1)
100_5___8__    19   0  [1, 0, 0, 2, 0, 1, 0, 0, 0, 0, 0, 0, 3, 0, 0, 0, 1, 0, 1]  (0, 1)
200_1___8__    19   0  [1, 0, 0, 2, 1, 1, 0, 0, 0, 0, 0, 0, 0, 1, 0, 0, 2, 0, 1]  (0, 1)
200_2___8__    19   0  [1, 0, 0, 2, 1, 0, 0, 0, 0, 0, 0, 1, 0, 1, 0, 0, 2, 0, 1]  (0, 1)
300_1___8__    19   0  [0, 0, 0, 0, 2, 1, 1, 0, 0, 0, 0, 0, 0, 0, 1, 0, 0, 2, 2]  (0, 1)
300_3___8__    19   0  [0, 0, 0, 0, 2, 2, 0, 0, 0, 0, 0, 0, 0, 0, 1, 0, 0, 2, 2]  (0, 1)
200_3___8__    18   0  [1, 0, 3, 1, 1, 0, 0, 0, 0, 1, 0, 0, 0, 0, 0, 2, 0, 1]  (0, 1)
200_4___8__    18   0  [1, 0, 0, 6, 0, 0, 0, 0, 0, 0, 0, 0, 0, 0, 0, 2, 0, 1]  (0, 1)
300_5___8__    18   0  [1, 0, 0, 0, 1, 2, 0, 0, 0, 0, 0, 0, 1, 1, 0, 0, 2, 2]  (0, 1)
part_in:(0, -1), all_in:(0, 1), all_out:(0, 1)
sum_all
200_3___9__    10   6  [0, 2, 3, 0, 1, 1, 1, 0, 2, 2]  (98, 118)
200_5___9__    10   7  [2, 3, 0, 1, 2, 0, 0, 2, 0, 1]  (90, 118)
200_2___9__    9   7  [2, 3, 0, 1, 2, 0, 0, 2, 2]  (82, 118)
100_5___9__    8   7  [0, 4, 0, 2, 3, 0, 2, 2]  (86, 118)
200_4___9__    8   6  [3, 3, 0, 1, 3, 0, 2, 2]  (86, 118)
100_3___9__    7   6  [3, 3, 2, 4, 1, 0, 2]  (95, 118)
100_1___9__    6   4  [5, 3, 2, 4, 2, 2]  (111, 118)
100_2___9__    6   4  [2, 6, 2, 4, 2, 2]  (115, 118)
100_4___9__    6   13  [0, 2, 3, 0, 2, 2]  (90, 118)
200_1___9__    6   10  [3, 0, 4, 1, 2, 2]  (86, 118)
300_2___9__    5   7  [6, 0, 6, 2, 2]  (72, 118)
300_3___9__    5   14  [0, 1, 4, 2, 2]  (78, 118)
300_4___9__    5   10  [3, 0, 1, 7, 2]  (64, 118)
300_1___9__    4   10  [4, 6, 2, 2]  (71, 118)
300_5___9__    4   7  [6, 2, 7, 2]  (65, 118)
part_in:(64, 114), all_in:(115, 118), all_out:(64, 118)
sum16
100_3___10__    15   0  [0, 0, 2, 0, 2, 1, 0, 0, 0, 2, 3, 0, 1, 0, 2]  (31, 33)
100_5___10__    14   0  [0, 0, 0, 1, 1, 0, 0, 2, 0, 0, 2, 3, 3, 2]  (29, 31)
200_3___10__    14   0  [0, 0, 2, 0, 0, 1, 0, 3, 2, 1, 1, 0, 2, 2]  (31, 35)
200_4___10__    13   0  [0, 0, 2, 0, 3, 2, 0, 2, 1, 1, 0, 2, 2]  (31, 31)
200_5___10__    13   0  [0, 0, 2, 0, 0, 1, 3, 0, 2, 3, 0, 3, 1]  (31, 31)
100_1___10__    12   0  [0, 0, 1, 0, 0, 2, 1, 1, 0, 7, 2, 2]  (31, 35)
100_2___10__    12   0  [0, 0, 1, 0, 0, 2, 3, 0, 2, 4, 2, 2]  (31, 35)
200_2___10__    12   0  [0, 0, 2, 0, 2, 4, 2, 1, 1, 0, 2, 2]  (31, 31)
100_4___10__    11   0  [0, 0, 0, 1, 0, 6, 0, 2, 3, 3, 2]  (31, 31)
200_1___10__    11   0  [0, 0, 2, 0, 2, 0, 2, 5, 2, 2, 2]  (31, 31)
300_3___10__    11   0  [0, 0, 2, 0, 2, 3, 0, 2, 1, 2, 5]  (28, 31)
300_1___10__    10   0  [0, 0, 2, 0, 2, 3, 5, 2, 2, 2]  (27, 31)
300_2___10__    10   0  [0, 0, 2, 0, 2, 3, 0, 4, 2, 5]  (27, 31)
300_4___10__    10   0  [0, 0, 2, 0, 2, 3, 0, 2, 1, 8]  (25, 31)
300_5___10__    9   0  [0, 0, 2, 0, 2, 3, 0, 2, 10]  (24, 31)
part_in:(25, 35), all_in:(31, 31), all_out:(25, 35)
gap16
200_5___11__    9   0  [1, 0, 1, 4, 2, 6, 1, 1, 3]  (19, 21)
300_3___11__    9   2  [0, 1, 2, 1, 2, 3, 2, 5, 1]  (21, 22)
200_2___11__    7   0  [1, 0, 1, 4, 2, 6, 7]  (21, 22)
200_3___11__    7   2  [0, 1, 4, 2, 6, 3, 3]  (20, 21)
300_1___11__    7   0  [1, 0, 1, 7, 6, 5, 1]  (21, 21)
100_3___11__    6   2  [2, 2, 4, 6, 5, 1]  (21, 29)
200_1___11__    6   2  [0, 8, 0, 6, 5, 1]  (21, 22)
200_4___11__    6   2  [0, 6, 2, 6, 3, 3]  (20, 21)
100_1___11__    5   0  [4, 7, 6, 5, 1]  (21, 25)
100_2___11__    5   5  [4, 2, 6, 5, 1]  (21, 25)
100_4___11__    5   5  [4, 2, 6, 5, 1]  (21, 27)
300_2___11__    5   2  [0, 1, 7, 6, 7]  (21, 22)
300_4___11__    5   3  [1, 4, 2, 6, 7]  (21, 21)
300_5___11__    5   3  [1, 4, 2, 6, 7]  (20, 21)
100_5___11__    4   5  [4, 2, 6, 7]  (21, 26)
part_in:(19, 29), all_in:(21, 21), all_out:(19, 29)
sum25
200_4___12__    11   6  [0, 2, 2, 0, 2, 1, 0, 0, 0, 2, 2]  (31, 43)
300_4___12__    11   7  [5, 0, 0, 1, 1, 0, 0, 0, 2, 0, 1]  (21, 43)
100_1___12__    10   4  [3, 1, 2, 0, 2, 1, 1, 0, 2, 2]  (40, 43)
100_2___12__    10   4  [2, 0, 4, 0, 2, 1, 1, 0, 2, 2]  (41, 43)
200_1___12__    10   7  [0, 1, 3, 0, 1, 1, 1, 0, 2, 2]  (30, 43)
200_5___12__    10   7  [2, 2, 0, 2, 1, 1, 0, 2, 0, 1]  (30, 43)
300_2___12__    10   4  [2, 0, 5, 0, 1, 1, 0, 0, 0, 5]  (23, 43)
100_4___12__    9   8  [4, 0, 2, 1, 0, 0, 0, 2, 2]  (32, 43)
100_5___12__    9   7  [0, 4, 0, 2, 1, 1, 0, 2, 2]  (31, 43)
200_2___12__    9   7  [0, 5, 0, 1, 1, 1, 0, 2, 2]  (29, 43)
300_1___12__    9   7  [2, 2, 1, 3, 0, 0, 0, 2, 2]  (23, 43)
300_5___12__    9   7  [5, 0, 2, 1, 0, 0, 0, 2, 2]  (20, 43)
100_3___12__    8   8  [4, 0, 2, 1, 1, 0, 2, 2]  (33, 43)
200_3___12__    8   7  [2, 3, 2, 1, 1, 0, 2, 2]  (35, 43)
300_3___12__    8   7  [6, 0, 1, 1, 0, 0, 0, 5]  (24, 43)
part_in:(20, 40), all_in:(41, 43), all_out:(20, 43)
gap25
100_5___13__    13   2  [0, 1, 1, 1, 0, 6, 1, 0, 0, 0, 1, 1, 1]  (7, 20)
100_4___13__    11   2  [0, 3, 1, 0, 8, 0, 0, 0, 1, 1, 1]  (7, 22)
300_4___13__    11   2  [0, 1, 1, 1, 0, 3, 2, 3, 0, 3, 1]  (7, 14)
100_2___13__    10   2  [0, 1, 1, 2, 9, 0, 0, 1, 1, 1]  (7, 18)
300_5___13__    9   2  [0, 1, 1, 1, 0, 3, 6, 0, 5]  (7, 13)
100_1___13__    8   1  [0, 0, 3, 2, 8, 1, 0, 5]  (7, 16)
100_3___13__    8   2  [0, 3, 2, 8, 0, 1, 1, 3]  (7, 26)
200_1___13__    8   3  [3, 2, 2, 6, 0, 0, 1, 3]  (7, 14)
200_5___13__    8   3  [3, 2, 9, 0, 0, 1, 1, 1]  (7, 15)
300_3___13__    8   1  [1, 1, 1, 2, 6, 3, 0, 5]  (7, 19)
200_2___13__    7   3  [3, 2, 9, 0, 0, 1, 3]  (7, 14)
200_3___13__    7   3  [3, 2, 9, 0, 0, 1, 3]  (7, 16)
300_2___13__    7   1  [1, 1, 1, 13, 0, 3, 1]  (7, 15)
200_4___13__    6   3  [3, 2, 9, 1, 1, 3]  (7, 15)
300_1___13__    6   1  [3, 1, 13, 0, 3, 1]  (7, 13)
part_in:(14, 26), all_in:(7, 13), all_out:(7, 26)
sum34
200_5___14__    12   4  [2, 2, 1, 1, 1, 0, 2, 1, 1, 0, 0, 1]  (29, 44)
100_1___14__    11   4  [2, 2, 1, 1, 1, 3, 0, 0, 1, 0, 2]  (35, 44)
100_2___14__    11   4  [2, 2, 1, 1, 1, 0, 2, 0, 0, 2, 2]  (35, 44)
200_1___14__    11   4  [2, 2, 1, 1, 1, 3, 0, 0, 1, 0, 2]  (23, 44)
200_2___14__    11   4  [2, 2, 1, 1, 1, 0, 2, 1, 1, 0, 2]  (20, 44)
100_3___14__    10   10  [1, 1, 0, 0, 0, 2, 0, 0, 2, 2]  (27, 44)
100_4___14__    10   10  [1, 0, 0, 1, 0, 2, 1, 1, 0, 2]  (27, 44)
100_5___14__    10   7  [2, 1, 1, 1, 0, 2, 1, 1, 0, 2]  (29, 44)
200_3___14__    10   4  [2, 2, 1, 1, 1, 0, 2, 1, 2, 2]  (29, 44)
300_3___14__    10   7  [2, 1, 3, 0, 2, 0, 0, 1, 0, 2]  (23, 44)
300_4___14__    10   7  [2, 1, 1, 1, 0, 2, 0, 2, 0, 2]  (18, 44)
300_5___14__    10   7  [2, 1, 1, 1, 0, 2, 0, 2, 0, 2]  (20, 44)
200_4___14__    9   4  [5, 1, 1, 1, 0, 2, 1, 2, 2]  (23, 44)
300_1___14__    9   7  [2, 1, 3, 3, 0, 0, 1, 0, 2]  (22, 44)
300_2___14__    9   7  [2, 1, 3, 3, 0, 0, 1, 0, 2]  (21, 44)
part_in:(18, 34), all_in:(35, 44), all_out:(18, 44)
gap12
200_5___15__    13   1  [0, 1, 2, 1, 0, 1, 0, 1, 0, 5, 0, 3, 0]  (1, 13)
300_3___15__    13   2  [2, 4, 1, 2, 0, 0, 4, 0, 0, 0, 0, 0, 0]  (0, 13)
300_4___15__    13   1  [0, 1, 0, 3, 0, 1, 4, 0, 4, 0, 1, 0, 0]  (1, 13)
100_3___15__    11   1  [0, 7, 1, 0, 1, 5, 0, 1, 1, 0, 0]  (0, 13)
200_2___15__    11   2  [1, 2, 1, 0, 1, 0, 2, 0, 4, 4, 0]  (2, 13)
200_3___15__    11   1  [0, 1, 2, 1, 0, 1, 3, 0, 4, 4, 0]  (2, 13)
300_2___15__    11   2  [0, 0, 0, 6, 3, 5, 0, 0, 1, 0, 0]  (1, 13)
100_1___15__    10   1  [0, 1, 4, 2, 9, 0, 0, 1, 0, 0]  (5, 13)
100_2___15__    10   1  [0, 1, 4, 0, 1, 9, 1, 1, 0, 0]  (4, 13)
200_4___15__    10   1  [0, 1, 5, 1, 0, 1, 6, 0, 3, 0]  (2, 13)
300_1___15__    10   2  [1, 0, 6, 3, 5, 0, 0, 1, 0, 0]  (2, 13)
100_4___15__    9   1  [0, 7, 1, 0, 8, 1, 1, 0, 0]  (1, 13)
200_1___15__    9   2  [1, 2, 1, 2, 0, 9, 2, 0, 0]  (3, 13)
300_5___15__    9   1  [0, 1, 0, 6, 2, 6, 1, 2, 0]  (1, 13)
100_5___15__    8   2  [7, 1, 0, 8, 1, 1, 0, 0]  (3, 13)
part_in:(0, 4), all_in:(5, 13), all_out:(0, 13)
gap23
100_2___16__    14   0  [0, 0, 0, 1, 1, 2, 1, 1, 1, 1, 2, 0, 4, 0]  (2, 3)
100_4___16__    14   0  [1, 2, 1, 1, 0, 1, 1, 0, 0, 1, 2, 0, 4, 0]  (2, 5)
100_1___16__    13   0  [0, 0, 1, 0, 0, 0, 2, 1, 1, 3, 2, 0, 5]  (2, 4)
100_3___16__    13   0  [1, 2, 1, 1, 0, 1, 1, 0, 0, 1, 2, 0, 5]  (2, 5)
100_5___16__    13   0  [1, 2, 1, 2, 1, 1, 0, 0, 1, 2, 0, 4, 0]  (2, 6)
200_4___16__    13   0  [1, 1, 0, 0, 0, 1, 0, 1, 3, 1, 3, 4, 0]  (1, 2)
200_5___16__    13   0  [0, 0, 1, 0, 0, 0, 2, 1, 3, 1, 3, 4, 0]  (2, 4)
200_1___16__    12   0  [1, 1, 0, 0, 0, 2, 1, 1, 1, 1, 3, 5]  (2, 3)
200_2___16__    12   0  [1, 0, 0, 0, 0, 0, 2, 1, 5, 3, 4, 0]  (1, 2)
300_4___16__    12   0  [0, 0, 2, 1, 1, 0, 1, 5, 2, 0, 4, 0]  (2, 2)
200_3___16__    11   0  [1, 2, 1, 2, 1, 1, 1, 1, 3, 4, 0]  (2, 2)
300_1___16__    11   0  [0, 0, 2, 1, 2, 1, 5, 2, 0, 1, 3]  (2, 2)
300_2___16__    11   0  [0, 0, 2, 1, 1, 0, 1, 5, 2, 0, 5]  (2, 4)
300_3___16__    11   0  [0, 0, 2, 1, 1, 0, 1, 5, 2, 0, 5]  (2, 4)
300_5___16__    10   0  [1, 2, 1, 1, 0, 1, 5, 2, 0, 5]  (2, 3)
part_in:(1, 6), all_in:(2, 2), all_out:(1, 6)
gap34
100_5___17__    15   0  [1, 3, 0, 1, 0, 1, 0, 3, 1, 0, 0, 0, 0, 1, 2]  (4, 4)
200_1___17__    15   0  [1, 1, 2, 0, 2, 0, 0, 3, 1, 1, 0, 0, 0, 0, 2]  (1, 4)
100_1___17__    14   0  [0, 0, 4, 3, 0, 0, 5, 0, 0, 0, 0, 0, 0, 2]  (3, 4)
100_2___17__    14   0  [1, 1, 2, 3, 0, 0, 5, 0, 0, 0, 0, 0, 0, 2]  (4, 4)
100_4___17__    14   0  [0, 0, 3, 2, 2, 0, 3, 1, 0, 0, 0, 0, 1, 2]  (4, 4)
200_2___17__    14   0  [3, 1, 0, 2, 0, 0, 0, 3, 1, 1, 0, 0, 1, 2]  (2, 4)
200_3___17__    14   0  [2, 0, 1, 0, 2, 1, 0, 3, 1, 1, 0, 0, 1, 2]  (4, 5)
300_4___17__    14   0  [1, 1, 5, 1, 0, 3, 1, 0, 0, 0, 0, 0, 0, 2]  (4, 7)
200_4___17__    13   0  [3, 1, 0, 2, 1, 0, 3, 1, 1, 0, 0, 1, 2]  (4, 4)
300_3___17__    13   0  [1, 4, 2, 1, 0, 3, 1, 0, 0, 0, 0, 1, 2]  (4, 10)
300_5___17__    13   0  [1, 4, 2, 1, 0, 3, 1, 0, 0, 0, 0, 1, 2]  (4, 5)
100_3___17__    12   0  [0, 0, 3, 4, 1, 5, 0, 0, 0, 0, 1, 2]  (4, 7)
300_2___17__    11   2  [4, 4, 0, 3, 1, 1, 0, 0, 0, 0, 2]  (4, 6)
200_5___17__    10   0  [6, 2, 1, 0, 5, 1, 0, 0, 1, 2]  (4, 4)
300_1___17__    10   4  [2, 4, 0, 5, 1, 0, 0, 0, 0, 2]  (4, 6)
part_in:(1, 10), all_in:(4, 4), all_out:(1, 10)
gap45
100_4___18__    12   1  [0, 4, 3, 5, 0, 1, 0, 0, 2, 0, 0, 0]  (1, 11)
200_3___18__    12   2  [0, 5, 7, 0, 0, 0, 0, 0, 2, 0, 0, 0]  (1, 8)
300_3___18__    12   2  [0, 0, 4, 7, 0, 1, 0, 0, 1, 1, 0, 0]  (1, 5)
100_2___18__    11   1  [0, 0, 3, 9, 0, 1, 0, 0, 2, 0, 1]  (1, 8)
200_1___18__    11   2  [0, 5, 4, 2, 0, 1, 0, 0, 2, 0, 1]  (1, 9)
200_4___18__    11   1  [0, 0, 5, 7, 0, 1, 0, 0, 3, 0, 0]  (1, 9)
300_4___18__    11   2  [0, 5, 1, 5, 0, 1, 0, 0, 1, 1, 1]  (1, 4)
300_5___18__    11   2  [0, 1, 5, 5, 0, 1, 0, 0, 1, 1, 1]  (1, 3)
100_3___18__    10   1  [0, 6, 5, 1, 0, 1, 0, 0, 2, 2]  (1, 12)
200_2___18__    10   2  [0, 5, 7, 0, 1, 0, 0, 2, 1, 0]  (1, 10)
200_5___18__    10   2  [0, 5, 7, 0, 1, 0, 0, 3, 0, 0]  (1, 5)
100_1___18__    9   2  [4, 9, 0, 1, 0, 2, 0, 0, 1]  (1, 7)
100_5___18__    9   2  [5, 2, 6, 1, 0, 0, 2, 0, 1]  (1, 9)
300_1___18__    8   2  [11, 5, 0, 0, 1, 0, 0, 1]  (1, 3)
300_2___18__    8   2  [1, 4, 7, 2, 0, 0, 3, 1]  (1, 5)
part_in:(4, 12), all_in:(1, 3), all_out:(1, 12)
gap56
200_5___19__    14   0  [2, 0, 0, 1, 2, 2, 1, 0, 2, 0, 0, 1, 1, 2]  (1, 2)
200_4___19__    13   0  [3, 0, 1, 2, 2, 1, 0, 1, 0, 0, 0, 3, 2]  (1, 2)
100_4___19__    12   0  [1, 0, 0, 0, 1, 2, 2, 2, 2, 0, 0, 6]  (0, 1)
200_2___19__    12   0  [3, 0, 1, 2, 2, 1, 0, 2, 0, 0, 3, 2]  (1, 4)
200_3___19__    12   3  [0, 0, 1, 2, 2, 1, 0, 2, 0, 0, 3, 2]  (1, 2)
100_1___19__    11   3  [0, 0, 1, 2, 2, 3, 1, 0, 0, 3, 2]  (1, 1)
100_2___19__    11   4  [0, 1, 2, 2, 1, 0, 2, 0, 0, 3, 2]  (0, 1)
100_5___19__    11   3  [0, 0, 1, 2, 2, 2, 2, 0, 0, 3, 2]  (1, 1)
200_1___19__    11   4  [0, 1, 2, 2, 2, 1, 0, 0, 0, 3, 2]  (1, 4)
300_1___19__    11   3  [0, 0, 1, 2, 2, 5, 0, 0, 3, 0, 1]  (1, 6)
300_3___19__    11   3  [0, 0, 1, 2, 2, 2, 2, 0, 0, 2, 3]  (1, 3)
300_2___19__    10   3  [1, 1, 2, 2, 2, 2, 0, 0, 3, 2]  (1, 5)
300_4___19__    10   3  [0, 0, 1, 2, 2, 4, 0, 0, 0, 6]  (1, 5)
100_3___19__    9   3  [0, 0, 1, 2, 2, 5, 0, 0, 6]  (0, 1)
300_5___19__    9   4  [0, 1, 5, 2, 2, 0, 0, 1, 4]  (1, 5)
part_in:(0, 6), all_in:(1, 1), all_out:(0, 6)
ball
200_5___20__    22   1  [0, 1, 0, 0, 1, 0, 0, 0, 0, 0, 0, 0, 0, 0, 0, 0, 0, 1, 0, 0, 1, 1]  (1, 4)
100_1___20__    19   1  [0, 1, 0, 0, 1, 0, 0, 0, 2, 0, 0, 1, 0, 0, 1, 0, 0, 1, 1]  (2, 4)
100_2___20__    19   1  [0, 1, 0, 0, 1, 0, 0, 0, 2, 0, 0, 1, 0, 0, 1, 0, 0, 1, 1]  (2, 4)
100_3___20__    19   1  [0, 1, 0, 0, 1, 0, 0, 0, 2, 0, 0, 1, 0, 0, 1, 0, 0, 1, 1]  (2, 4)
100_5___20__    19   1  [0, 1, 0, 0, 1, 0, 0, 0, 2, 0, 0, 1, 0, 0, 1, 0, 0, 1, 1]  (2, 4)
200_1___20__    19   1  [0, 1, 0, 0, 1, 0, 0, 0, 2, 0, 0, 1, 0, 0, 1, 0, 1, 0, 1]  (1, 4)
200_3___20__    19   1  [0, 1, 0, 0, 1, 0, 0, 0, 2, 0, 0, 0, 0, 0, 0, 1, 0, 2, 1]  (0, 4)
200_4___20__    19   1  [0, 1, 0, 0, 1, 0, 0, 0, 2, 0, 0, 0, 0, 0, 0, 1, 0, 2, 1]  (1, 4)
100_4___20__    18   1  [0, 1, 0, 0, 1, 0, 0, 3, 0, 0, 1, 0, 0, 1, 0, 0, 1, 1]  (2, 4)
200_2___20__    18   1  [0, 1, 0, 0, 1, 0, 0, 0, 2, 0, 0, 1, 0, 0, 1, 0, 2, 1]  (1, 4)
300_2___20__    18   1  [0, 1, 0, 0, 1, 0, 0, 4, 0, 1, 0, 0, 1, 0, 0, 0, 0, 1]  (2, 4)
300_5___20__    18   1  [0, 1, 0, 0, 1, 0, 0, 1, 0, 1, 0, 2, 0, 1, 0, 0, 1, 1]  (1, 4)
300_1___20__    17   1  [2, 0, 0, 1, 0, 0, 0, 2, 0, 0, 1, 0, 0, 1, 0, 2, 1]  (1, 4)
300_3___20__    14   1  [2, 0, 0, 1, 0, 0, 4, 0, 2, 0, 1, 0, 2, 1]  (0, 4)
300_4___20__    14   1  [2, 0, 0, 1, 0, 0, 4, 0, 2, 0, 1, 0, 2, 1]  (1, 4)
part_in:(0, 1), all_in:(2, 4), all_out:(0, 4)
ball_column
100_1___21__    13   0  [0, 2, 4, 2, 1, 0, 0, 3, 1, 1, 0, 0, 1]  (2, 7)
100_3___21__    12   0  [1, 1, 7, 1, 1, 3, 1, 1, 0, 0, 0, 0]  (4, 7)
100_2___21__    11   0  [11, 1, 0, 0, 3, 1, 1, 0, 0, 0, 0]  (2, 7)
100_4___21__    10   0  [1, 1, 9, 1, 3, 1, 1, 0, 1, 0]  (3, 7)
200_2___21__    10   0  [13, 1, 1, 0, 0, 1, 2, 0, 0, 0]  (3, 7)
200_3___21__    10   0  [0, 12, 1, 1, 1, 1, 2, 0, 0, 0]  (1, 7)
200_4___21__    10   0  [0, 0, 11, 1, 3, 1, 2, 0, 0, 0]  (2, 7)
200_5___21__    10   0  [13, 1, 2, 0, 1, 1, 0, 0, 0, 0]  (1, 7)
300_3___21__    10   0  [3, 3, 0, 9, 0, 1, 2, 0, 0, 0]  (1, 7)
100_5___21__    9   0  [3, 1, 7, 1, 3, 3, 0, 1, 0]  (3, 7)
200_1___21__    8   0  [13, 1, 3, 1, 2, 0, 0, 0]  (2, 7)
300_4___21__    8   0  [3, 4, 6, 2, 2, 2, 0, 1]  (3, 7)
300_1___21__    7   0  [3, 3, 7, 2, 2, 2, 2]  (2, 7)
300_5___21__    7   0  [3, 15, 0, 0, 1, 0, 2]  (2, 7)
300_2___21__    6   0  [8, 9, 2, 2, 1, 0]  (4, 7)
part_in:(1, 3), all_in:(4, 7), all_out:(1, 7)
blue
100_2___22__    14   0  [0, 1, 0, 0, 2, 1, 0, 0, 0, 4, 0, 0, 6, 0]  (6, 8)
100_3___22__    14   0  [0, 1, 0, 0, 2, 1, 0, 0, 0, 4, 1, 1, 4, 0]  (6, 9)
100_4___22__    13   0  [0, 1, 0, 0, 2, 2, 1, 4, 1, 0, 0, 4, 0]  (6, 12)
100_5___22__    11   0  [0, 1, 1, 2, 2, 1, 4, 1, 1, 4, 0]  (6, 13)
200_2___22__    11   0  [0, 3, 2, 2, 0, 0, 7, 0, 3, 0, 0]  (6, 12)
200_4___22__    11   0  [0, 1, 1, 2, 2, 0, 9, 2, 0, 0, 0]  (6, 11)
200_5___22__    11   0  [0, 1, 1, 2, 2, 0, 0, 6, 1, 4, 0]  (6, 13)
300_4___22__    11   0  [0, 1, 1, 2, 1, 0, 0, 0, 6, 6, 0]  (6, 11)
300_5___22__    11   0  [0, 1, 1, 0, 1, 2, 0, 0, 6, 6, 0]  (6, 13)
200_1___22__    10   0  [0, 1, 1, 0, 1, 1, 1, 0, 12, 1]  (6, 13)
200_3___22__    10   0  [0, 1, 1, 2, 2, 0, 0, 8, 3, 1]  (6, 12)
300_1___22__    10   0  [0, 3, 0, 1, 1, 0, 0, 0, 8, 5]  (6, 14)
300_2___22__    10   0  [0, 1, 1, 0, 1, 2, 1, 8, 4, 0]  (6, 11)
300_3___22__    10   0  [0, 1, 1, 2, 2, 0, 0, 8, 4, 0]  (6, 11)
100_1___22__    9   0  [0, 1, 0, 0, 2, 1, 1, 7, 7]  (6, 8)
part_in:(9, 14), all_in:(6, 8), all_out:(6, 14)
blue_sort
300_3___23__    12   2  [1, 1, 0, 1, 1, 2, 5, 1, 1, 0, 0, 1]  (7, 7)
300_5___23__    12   2  [3, 0, 1, 1, 2, 5, 0, 0, 0, 1, 0, 1]  (7, 10)
100_3___23__    11   0  [5, 0, 1, 1, 2, 5, 1, 1, 0, 0, 1]  (7, 10)
300_1___23__    11   2  [3, 0, 1, 1, 2, 5, 1, 1, 0, 0, 1]  (7, 9)
300_2___23__    11   2  [3, 0, 1, 1, 2, 5, 1, 1, 0, 0, 1]  (7, 9)
100_2___23__    10   0  [1, 3, 0, 1, 1, 2, 7, 2, 0, 1]  (7, 8)
200_2___23__    10   2  [3, 0, 1, 1, 2, 5, 1, 2, 0, 1]  (6, 7)
200_5___23__    10   2  [3, 0, 1, 1, 2, 5, 1, 2, 0, 1]  (6, 7)
300_4___23__    10   2  [3, 0, 1, 1, 2, 5, 1, 2, 0, 1]  (7, 8)
100_1___23__    9   0  [1, 3, 0, 1, 1, 2, 10, 0, 1]  (7, 8)
100_5___23__    9   0  [1, 3, 2, 1, 2, 6, 3, 0, 1]  (7, 10)
200_1___23__    9   2  [3, 0, 1, 1, 2, 5, 4, 0, 1]  (6, 7)
200_3___23__    9   2  [3, 0, 1, 1, 2, 5, 4, 0, 1]  (7, 7)
100_4___23__    8   2  [3, 0, 1, 1, 2, 10, 0, 1]  (7, 10)
200_4___23__    8   2  [3, 2, 1, 2, 5, 4, 0, 1]  (7, 7)
part_in:(6, 10), all_in:(7, 7), all_out:(6, 10)
