continues1
2_8: 18: [2, 7, 14, 21, 26, 27]: [2, 2, 1, 1, 1, 1, 2, 2, 2, 2, 2, 2, 1, 1, 1, 2, 2, 1]: 0
6_3: 14: [1, 5, 10, 14, 24, 29]: [2, 2, 1, 1, 1, 2, 1, 1, 2, 1, 2, 1, 1, 1]: 0
15_1: 12: [1, 3, 8, 9, 19, 25]: [1, 2, 2, 1, 3, 1, 2, 1, 2, 2, 4, 1]: 2
19_2: 11: [3, 7, 12, 18, 25, 28]: [1, 1, 2, 2, 2, 3, 2, 1, 1, 3, 2]: 2
5_10: 10: [7, 10, 16, 19, 23, 23]: [1, 1, 1, 2, 1, 2, 1, 3, 3, 4]: 1
2_9: 9: [2, 4, 12, 17, 21, 25]: [1, 1, 1, 1, 1, 3, 2, 2, 2]: 1
1_1: 8: [0, 2, 7, 13, 21, 26]: [1, 3, 1, 1, 2, 1, 2, 1]: 0
7_6: 8: [5, 14, 17, 23, 29, 30]: [2, 1, 2, 1, 1, 1, 1, 1]: 2
8_6: 8: [6, 10, 11, 16, 21, 24]: [1, 1, 1, 1, 3, 1, 1, 1]: 0
20_6: 8: [5, 10, 15, 23, 24, 26]: [1, 2, 2, 1, 1, 4, 1, 2]: 1
5_7: 7: [5, 6, 15, 20, 23, 23]: [1, 1, 1, 2, 2, 1, 1]: 1
10_9: 7: [5, 6, 10, 17, 21, 26]: [1, 2, 3, 1, 1, 2, 1]: 1
12_6: 7: [4, 8, 19, 23, 27, 27]: [2, 1, 1, 1, 2, 1, 1]: 2
20_7: 7: [3, 7, 13, 20, 25, 27]: [1, 2, 1, 1, 1, 2, 2]: 1
3_10: 7: [7, 9, 15, 21, 24, 30]: [3, 2, 2, 2, 1, 2, 1]: 0
1_2: 6: [1, 5, 10, 13, 23, 26]: [1, 1, 1, 1, 2, 2]: 1
1_3: 6: [3, 8, 12, 16, 23, 28]: [2, 3, 2, 1, 3, 3]: 3
2_2: 6: [3, 7, 11, 14, 22, 26]: [3, 1, 1, 2, 1, 1]: 1
4_3: 6: [2, 7, 12, 15, 23, 29]: [3, 1, 1, 2, 2, 4]: 1
5_3: 6: [2, 6, 11, 15, 23, 28]: [1, 1, 2, 3, 1, 2]: 1
continues0
10_8: 3: [3, 7, 12, 19, 24, 27]: [0, 0, 0, 1, 2, 0, 1, 2, 1, 2, 0]: 1
13_1: 3: [0, 3, 5, 11, 18, 23]: [0, 0, 0, 1, 1, 1, 0, 0, 0, 1, 2]: 3
8_8: 2: [7, 12, 14, 18, 23, 26]: [0, 0, 1, 1, 2, 1, 1, 1, 2, 3, 1]: 2
11_6: 2: [2, 9, 13, 19, 25, 26]: [0, 0, 1, 0, 0, 1, 2, 1, 2, 0, 0]: 0
16_6: 2: [4, 9, 14, 21, 26, 29]: [0, 0, 1, 0, 1, 1, 0, 1, 2, 0, 1]: 0
1_8: 1: [5, 15, 16, 22, 24, 28]: [0, 1, 2, 1, 0, 2, 0, 2, 1, 2, 0]: 0
2_6: 1: [1, 7, 12, 21, 24, 24]: [0, 2, 1, 2, 2, 3, 1, 1, 2, 1, 0]: 0
2_7: 1: [3, 9, 15, 24, 28, 28]: [0, 2, 1, 1, 0, 3, 0, 1, 1, 1, 1]: 1
6_1: 1: [2, 4, 7, 13, 21, 23]: [0, 1, 0, 1, 0, 1, 0, 1, 2, 2, 1]: 1
6_2: 1: [1, 2, 7, 12, 24, 27]: [0, 1, 1, 3, 0, 1, 2, 2, 1, 3, 1]: 0
9_8: 1: [4, 10, 15, 24, 27, 29]: [0, 1, 0, 1, 1, 0, 4, 1, 1, 1, 1]: 0
11_1: 1: [1, 4, 8, 13, 21, 22]: [0, 2, 1, 2, 1, 1, 2, 0, 2, 2, 1]: 1
11_9: 1: [6, 8, 15, 19, 25, 29]: [0, 2, 0, 3, 2, 1, 0, 2, 1, 0, 2]: 1
12_1: 1: [1, 6, 8, 12, 19, 27]: [0, 2, 0, 1, 2, 2, 0, 1, 1, 1, 2]: 1
13_8: 1: [3, 11, 19, 22, 23, 28]: [0, 1, 1, 1, 1, 3, 1, 1, 2, 2, 2]: 2
14_6: 1: [5, 8, 11, 18, 22, 26]: [0, 1, 1, 0, 0, 2, 1, 0, 1, 2, 2]: 2
14_7: 1: [4, 8, 11, 20, 24, 29]: [0, 1, 2, 1, 1, 2, 0, 0, 2, 0, 3]: 1
15_6: 1: [3, 9, 14, 22, 28, 29]: [0, 1, 1, 0, 1, 1, 0, 1, 1, 3, 1]: 1
15_7: 1: [3, 8, 11, 20, 26, 25]: [0, 1, 1, 1, 1, 2, 1, 2, 0, 1, 3]: 2
15_9: 1: [6, 10, 12, 17, 24, 27]: [0, 3, 1, 2, 1, 1, 1, 0, 1, 2, 3]: 1
