30
less5
100_5___1__    15   2  [0, 4, 1, 0, 0, 0, 2, 1, 0, 0, 0, 0, 1, 0, 3]  (3, 13)
300_1___1__    14   9  [0, 0, 0, 3, 1, 0, 0, 0, 0, 0, 0, 0, 0, 2]  (3, 13)
300_5___1__    14   8  [1, 0, 0, 0, 2, 1, 0, 0, 0, 0, 0, 0, 0, 3]  (4, 13)
100_1___1__    13   3  [5, 0, 0, 0, 3, 2, 0, 0, 0, 0, 0, 0, 3]  (4, 13)
100_4___1__    13   2  [5, 0, 0, 0, 0, 3, 2, 0, 0, 0, 1, 0, 3]  (3, 13)
200_1___1__    13   1  [0, 6, 0, 0, 4, 1, 0, 0, 0, 0, 1, 0, 3]  (8, 13)
200_5___1__    13   4  [3, 1, 0, 0, 0, 2, 2, 0, 0, 0, 1, 0, 3]  (2, 13)
300_2___1__    13   9  [0, 0, 1, 2, 1, 0, 0, 0, 0, 0, 0, 0, 3]  (4, 13)
300_4___1__    13   8  [1, 0, 0, 0, 2, 2, 0, 0, 0, 0, 0, 0, 3]  (4, 13)
100_2___1__    12   2  [6, 0, 0, 4, 2, 0, 0, 0, 0, 0, 0, 3]  (4, 13)
100_3___1__    12   1  [0, 6, 0, 1, 3, 2, 0, 0, 0, 1, 0, 3]  (4, 13)
200_2___1__    11   8  [1, 0, 1, 2, 2, 0, 0, 0, 1, 0, 3]  (7, 13)
200_4___1__    11   4  [3, 1, 2, 2, 2, 0, 0, 0, 1, 0, 3]  (4, 13)
300_3___1__    11   10  [0, 1, 2, 2, 0, 0, 0, 0, 0, 0, 3]  (3, 13)
200_3___1__    9   1  [6, 1, 5, 2, 0, 0, 2, 0, 3]  (5, 13)
part_in:(2, 7), all_in:(8, 13), all_out:(2, 13)
less8
300_3___2__    14   1  [4, 0, 0, 0, 0, 0, 4, 1, 0, 0, 1, 2, 1, 1]  (2, 4)
200_1___2__    13   5  [0, 1, 1, 0, 4, 1, 0, 0, 0, 0, 1, 0, 3]  (2, 2)
200_5___2__    12   3  [0, 1, 1, 1, 0, 4, 1, 0, 2, 0, 1, 3]  (2, 5)
300_2___2__    12   0  [5, 0, 0, 0, 0, 0, 4, 1, 0, 2, 2, 3]  (2, 5)
300_5___2__    12   3  [2, 0, 0, 1, 0, 2, 1, 1, 0, 0, 4, 3]  (2, 4)
100_1___2__    11   6  [1, 0, 0, 0, 4, 1, 0, 0, 3, 0, 3]  (2, 5)
100_2___2__    11   6  [1, 0, 0, 0, 4, 1, 0, 0, 1, 2, 3]  (2, 5)
100_3___2__    11   1  [4, 1, 0, 0, 5, 1, 0, 0, 1, 2, 3]  (2, 6)
200_4___2__    11   4  [1, 1, 1, 5, 1, 0, 1, 0, 0, 1, 3]  (2, 4)
300_1___2__    11   1  [4, 1, 0, 0, 0, 4, 1, 0, 2, 2, 3]  (2, 6)
300_4___2__    11   1  [4, 1, 1, 0, 2, 1, 1, 0, 2, 2, 3]  (2, 5)
200_2___2__    10   6  [1, 1, 0, 4, 1, 0, 1, 0, 2, 3]  (2, 3)
100_4___2__    9   6  [1, 0, 0, 5, 1, 0, 2, 2, 3]  (2, 6)
100_5___2__    9   6  [1, 1, 5, 1, 0, 2, 0, 1, 3]  (2, 6)
200_3___2__    9   6  [1, 1, 5, 1, 0, 2, 0, 1, 3]  (2, 4)
part_in:(4, 6), all_in:(2, 3), all_out:(2, 6)
less9
200_4___3__    15   1  [0, 0, 0, 3, 0, 1, 0, 0, 0, 1, 0, 0, 1, 1, 6]  (0, 3)
200_3___3__    14   1  [0, 1, 3, 0, 1, 0, 0, 0, 1, 1, 1, 1, 3, 2]  (0, 3)
200_5___3__    13   2  [0, 0, 4, 1, 0, 0, 0, 1, 0, 0, 1, 1, 6]  (0, 4)
300_5___3__    13   3  [0, 1, 1, 0, 1, 1, 0, 1, 1, 1, 1, 4, 1]  (0, 4)
100_1___3__    12   1  [1, 5, 1, 0, 1, 3, 0, 0, 0, 0, 1, 4]  (0, 2)
100_2___3__    12   2  [0, 5, 1, 1, 0, 3, 0, 0, 0, 0, 1, 4]  (0, 2)
100_3___3__    12   1  [0, 0, 5, 1, 1, 0, 2, 0, 1, 1, 1, 4]  (0, 2)
200_1___3__    12   1  [0, 0, 2, 2, 1, 0, 0, 0, 3, 1, 1, 6]  (0, 2)
200_2___3__    11   1  [0, 0, 5, 1, 0, 0, 0, 3, 1, 1, 6]  (0, 2)
300_1___3__    11   3  [0, 1, 1, 0, 1, 0, 1, 3, 1, 1, 6]  (0, 4)
300_3___3__    11   2  [0, 0, 3, 0, 1, 1, 0, 3, 1, 1, 6]  (0, 4)
100_4___3__    10   2  [1, 3, 0, 1, 2, 2, 0, 1, 1, 6]  (0, 3)
100_5___3__    10   2  [0, 5, 1, 1, 0, 2, 0, 1, 1, 6]  (0, 3)
300_2___3__    10   2  [0, 4, 0, 1, 1, 0, 3, 1, 1, 6]  (0, 3)
300_4___3__    10   4  [3, 0, 1, 1, 0, 2, 0, 1, 1, 6]  (0, 3)
part_in:(3, 4), all_in:(0, 2), all_out:(0, 4)
less10
100_4___4__    17   1  [1, 0, 0, 2, 1, 0, 0, 3, 0, 0, 0, 0, 0, 0, 1, 0, 3]  (0, 0)
100_5___4__    16   3  [0, 3, 1, 0, 0, 2, 0, 0, 0, 0, 0, 0, 0, 1, 0, 3]  (0, 0)
300_2___4__    16   0  [0, 1, 0, 1, 1, 2, 0, 1, 2, 0, 0, 0, 0, 0, 2, 3]  (0, 0)
300_4___4__    16   0  [0, 2, 2, 0, 1, 0, 0, 1, 1, 0, 0, 1, 0, 0, 2, 3]  (0, 0)
100_3___4__    15   1  [1, 1, 2, 2, 0, 3, 0, 0, 0, 0, 0, 0, 1, 0, 3]  (0, 0)
300_3___4__    15   0  [0, 2, 1, 0, 0, 2, 0, 4, 0, 0, 0, 0, 0, 2, 3]  (0, 0)
300_5___4__    15   0  [3, 2, 0, 2, 0, 1, 1, 0, 0, 0, 0, 0, 0, 2, 3]  (0, 0)
100_1___4__    14   1  [1, 0, 0, 2, 2, 0, 3, 0, 0, 1, 1, 1, 0, 3]  (0, 0)
100_2___4__    14   1  [1, 1, 2, 2, 3, 0, 0, 0, 0, 0, 1, 1, 0, 3]  (0, 0)
200_1___4__    14   1  [1, 1, 1, 2, 0, 0, 4, 0, 0, 0, 0, 0, 2, 3]  (0, 0)
200_2___4__    14   0  [0, 1, 4, 1, 0, 0, 2, 1, 0, 1, 0, 0, 2, 3]  (0, 0)
200_5___4__    14   1  [2, 1, 1, 2, 0, 3, 0, 0, 1, 0, 0, 2, 1, 1]  (0, 1)
300_1___4__    14   0  [2, 0, 0, 0, 0, 0, 8, 0, 0, 0, 0, 0, 2, 3]  (0, 0)
200_3___4__    13   1  [2, 3, 2, 0, 4, 0, 0, 0, 0, 0, 1, 0, 3]  (0, 0)
200_4___4__    13   1  [2, 0, 2, 2, 0, 4, 0, 0, 0, 0, 0, 2, 3]  (0, 0)
part_in:(2, 1), all_in:(0, 1), all_out:(0, 1)
row1
100_5___5__    18   1  [0, 1, 3, 0, 0, 0, 0, 0, 0, 0, 2, 0, 1, 0, 2, 0, 1, 0]  (0, 3)
100_2___5__    17   1  [0, 0, 0, 3, 0, 0, 0, 0, 0, 0, 0, 2, 2, 0, 2, 2, 0]  (1, 3)
100_4___5__    17   1  [0, 1, 3, 0, 0, 0, 0, 0, 0, 0, 2, 0, 1, 3, 0, 1, 0]  (0, 3)
300_5___5__    17   1  [0, 0, 0, 3, 0, 0, 0, 0, 1, 0, 2, 0, 2, 2, 0, 1, 0]  (0, 3)
100_3___5__    16   1  [0, 0, 4, 0, 0, 0, 0, 1, 0, 2, 0, 1, 0, 2, 2, 0]  (0, 3)
300_2___5__    16   1  [2, 3, 0, 0, 0, 0, 0, 0, 0, 2, 0, 2, 2, 0, 1, 0]  (0, 3)
300_4___5__    16   1  [0, 1, 3, 0, 0, 0, 0, 1, 0, 2, 0, 2, 2, 0, 1, 0]  (0, 3)
200_2___5__    15   1  [3, 2, 0, 0, 0, 0, 0, 0, 0, 2, 0, 2, 2, 0, 2]  (1, 3)
200_5___5__    15   1  [2, 3, 0, 0, 0, 0, 1, 0, 2, 0, 1, 0, 2, 0, 2]  (0, 3)
300_1___5__    15   1  [2, 3, 0, 0, 0, 0, 0, 0, 0, 2, 0, 2, 2, 0, 2]  (0, 3)
300_3___5__    15   1  [0, 1, 3, 0, 0, 0, 0, 1, 0, 2, 0, 2, 2, 2, 0]  (0, 3)
200_1___5__    14   1  [0, 1, 3, 0, 0, 0, 0, 1, 0, 2, 0, 2, 2, 3]  (1, 3)
200_3___5__    14   1  [3, 2, 0, 0, 0, 0, 1, 0, 2, 0, 2, 2, 0, 2]  (1, 3)
200_4___5__    14   1  [3, 2, 0, 0, 0, 0, 1, 0, 2, 0, 2, 2, 0, 2]  (0, 3)
100_1___5__    13   1  [0, 0, 4, 0, 0, 0, 0, 1, 0, 2, 2, 3, 3]  (1, 3)
part_in:(0, 0), all_in:(1, 3), all_out:(0, 3)
row2
200_2___6__    12   1  [3, 1, 1, 0, 2, 1, 1, 1, 1, 1, 0, 4]  (11, 13)
100_4___6__    10   1  [3, 3, 0, 2, 1, 3, 3, 0, 2, 1]  (10, 13)
100_5___6__    10   1  [3, 3, 0, 2, 5, 1, 0, 0, 0, 4]  (10, 13)
200_1___6__    10   1  [3, 1, 1, 0, 2, 5, 1, 2, 1, 2]  (13, 13)
100_3___6__    9   1  [3, 1, 2, 8, 3, 0, 1, 0, 1]  (10, 13)
200_5___6__    9   1  [3, 1, 0, 1, 2, 5, 2, 1, 4]  (11, 13)
300_1___6__    9   1  [0, 2, 2, 4, 1, 3, 4, 1, 2]  (13, 16)
300_2___6__    9   1  [3, 2, 1, 2, 1, 3, 1, 2, 4]  (13, 14)
300_3___6__    9   1  [3, 2, 1, 2, 1, 3, 4, 1, 2]  (12, 13)
300_4___6__    9   1  [3, 2, 0, 0, 2, 1, 3, 4, 4]  (13, 13)
300_5___6__    9   1  [2, 3, 1, 2, 1, 2, 0, 4, 4]  (13, 14)
100_2___6__    8   0  [0, 3, 1, 0, 4, 9, 0, 4]  (10, 13)
200_3___6__    8   1  [5, 0, 0, 0, 2, 5, 4, 4]  (11, 13)
200_4___6__    8   1  [3, 1, 0, 1, 2, 5, 4, 4]  (11, 13)
100_1___6__    5   1  [5, 5, 10, 1, 2]  (13, 13)
part_in:(10, 16), all_in:(13, 13), all_out:(10, 16)
row3
200_2___7__    10   1  [3, 2, 1, 2, 3, 0, 2, 2, 0, 3]  (4, 6)
200_3___7__    9   5  [2, 4, 3, 0, 0, 1, 2, 0, 3]  (4, 6)
300_1___7__    9   5  [2, 2, 1, 1, 2, 2, 2, 0, 3]  (4, 4)
300_3___7__    9   5  [2, 4, 1, 2, 0, 1, 2, 0, 3]  (4, 6)
300_4___7__    9   5  [2, 1, 2, 1, 2, 0, 1, 3, 3]  (4, 6)
100_1___7__    8   3  [1, 0, 1, 9, 2, 2, 0, 3]  (4, 6)
100_5___7__    8   1  [1, 1, 2, 9, 2, 2, 0, 3]  (4, 7)
200_5___7__    8   5  [2, 4, 4, 0, 1, 2, 0, 3]  (4, 8)
300_2___7__    8   5  [2, 4, 1, 2, 2, 2, 0, 3]  (4, 5)
300_5___7__    8   1  [3, 2, 4, 1, 5, 2, 0, 3]  (4, 5)
100_2___7__    7   3  [1, 2, 9, 2, 2, 0, 3]  (4, 7)
100_3___7__    7   3  [1, 2, 10, 1, 2, 0, 3]  (4, 7)
200_1___7__    7   5  [2, 8, 0, 2, 2, 0, 3]  (4, 5)
200_4___7__    7   5  [2, 4, 5, 1, 2, 0, 3]  (4, 7)
100_4___7__    6   5  [2, 9, 2, 2, 0, 3]  (4, 7)
part_in:(6, 8), all_in:(4, 5), all_out:(4, 8)
row4
100_1___8__    23   0  [0, 1, 0, 0, 1, 1, 0, 1, 0, 0, 0, 0, 0, 1, 0, 0, 0, 0, 0, 1, 0, 0, 0]  (0, 0)
100_2___8__    22   0  [0, 1, 0, 0, 1, 1, 0, 1, 0, 0, 0, 0, 2, 0, 0, 0, 0, 0, 1, 0, 0, 0]  (0, 0)
100_3___8__    22   0  [0, 1, 0, 2, 1, 0, 1, 0, 0, 0, 0, 0, 1, 0, 0, 0, 0, 0, 1, 0, 0, 0]  (0, 0)
200_2___8__    22   0  [0, 1, 0, 0, 1, 0, 0, 0, 1, 1, 0, 0, 2, 0, 0, 0, 0, 0, 1, 0, 0, 0]  (0, 0)
200_3___8__    22   0  [0, 1, 0, 0, 1, 0, 0, 0, 1, 1, 0, 0, 2, 0, 0, 0, 0, 0, 1, 0, 0, 0]  (0, 0)
200_4___8__    22   0  [0, 1, 0, 0, 1, 0, 0, 0, 1, 1, 0, 0, 2, 0, 0, 0, 0, 0, 1, 0, 0, 0]  (0, 0)
100_4___8__    21   0  [0, 1, 0, 0, 1, 1, 0, 1, 0, 0, 0, 0, 2, 0, 0, 0, 0, 2, 0, 0, 0]  (0, 0)
100_5___8__    21   0  [0, 1, 0, 0, 1, 1, 0, 1, 0, 0, 0, 0, 2, 0, 0, 0, 0, 2, 0, 0, 0]  (0, 0)
200_5___8__    21   0  [0, 1, 0, 0, 1, 0, 0, 0, 1, 1, 0, 0, 2, 0, 0, 0, 0, 2, 0, 0, 0]  (0, 0)
200_1___8__    20   0  [0, 1, 0, 0, 1, 1, 0, 1, 1, 0, 0, 2, 0, 0, 0, 0, 2, 0, 0, 0]  (0, 0)
300_3___8__    20   0  [2, 0, 2, 1, 0, 1, 1, 0, 0, 0, 1, 0, 0, 0, 0, 0, 1, 0, 0, 0]  (0, 0)
300_2___8__    19   0  [2, 0, 2, 1, 0, 1, 2, 0, 0, 1, 0, 0, 0, 0, 0, 1, 0, 0, 0]  (0, 0)
300_1___8__    18   0  [2, 0, 2, 1, 2, 2, 0, 0, 1, 0, 0, 0, 0, 0, 1, 0, 0, 0]  (0, 0)
300_4___8__    18   0  [0, 1, 0, 2, 1, 2, 0, 1, 0, 2, 0, 0, 0, 0, 2, 0, 0, 0]  (0, 0)
300_5___8__    18   0  [2, 0, 0, 1, 1, 2, 2, 0, 0, 1, 0, 0, 0, 0, 2, 0, 0, 0]  (0, 0)
part_in:(1, 0), all_in:(0, 0), all_out:(0, 0)
sum_all
200_5___9__    15   0  [0, 2, 2, 1, 0, 3, 0, 0, 2, 0, 3, 0, 0, 0, 1]  (104, 118)
100_4___9__    13   0  [3, 2, 1, 0, 1, 0, 0, 0, 0, 2, 6, 0, 1]  (112, 118)
100_1___9__    12   0  [2, 2, 2, 0, 2, 1, 0, 2, 0, 5, 0, 1]  (88, 118)
100_5___9__    12   0  [3, 2, 1, 0, 1, 0, 1, 0, 2, 5, 0, 2]  (101, 118)
200_3___9__    12   0  [8, 0, 2, 1, 0, 2, 0, 1, 2, 0, 0, 1]  (111, 118)
200_4___9__    12   0  [6, 1, 0, 4, 0, 2, 0, 1, 2, 0, 0, 1]  (111, 118)
100_2___9__    11   0  [4, 3, 0, 1, 0, 1, 0, 2, 0, 5, 2]  (116, 118)
100_3___9__    11   0  [4, 1, 1, 0, 1, 1, 0, 0, 2, 6, 2]  (118, 120)
200_2___9__    11   0  [8, 0, 4, 0, 2, 0, 1, 2, 0, 0, 1]  (108, 118)
300_4___9__    11   0  [6, 1, 0, 1, 2, 0, 2, 5, 0, 0, 1]  (109, 118)
200_1___9__    10   0  [5, 2, 0, 2, 1, 0, 2, 0, 6, 1]  (98, 118)
300_5___9__    10   0  [8, 0, 4, 0, 2, 4, 0, 0, 0, 1]  (100, 118)
300_2___9__    9   0  [8, 0, 2, 1, 0, 2, 0, 5, 2]  (110, 118)
300_3___9__    8   0  [8, 0, 4, 0, 2, 6, 0, 1]  (118, 118)
300_1___9__    7   0  [8, 3, 1, 0, 2, 6, 2]  (93, 118)
part_in:(88, 120), all_in:(118, 118), all_out:(88, 120)
sum16
200_4___10__    13   0  [5, 1, 3, 0, 0, 0, 0, 3, 1, 1, 0, 0, 2]  (34, 37)
200_5___10__    12   1  [4, 1, 1, 1, 2, 0, 3, 1, 1, 0, 0, 2]  (34, 36)
100_4___10__    11   0  [3, 1, 0, 0, 4, 0, 0, 0, 1, 5, 4]  (34, 39)
200_3___10__    11   0  [5, 1, 3, 0, 1, 0, 1, 1, 1, 3, 2]  (34, 38)
300_5___10__    11   6  [0, 0, 3, 2, 0, 3, 3, 0, 0, 0, 1]  (34, 36)
100_3___10__    10   0  [5, 0, 0, 6, 0, 1, 1, 1, 1, 4]  (34, 41)
100_5___10__    10   0  [3, 1, 0, 0, 1, 2, 1, 0, 7, 4]  (34, 35)
200_2___10__    10   0  [5, 1, 3, 0, 2, 3, 1, 3, 0, 1]  (34, 38)
100_2___10__    9   0  [5, 0, 0, 6, 0, 3, 1, 4, 1]  (34, 40)
200_1___10__    9   0  [5, 1, 1, 1, 0, 2, 3, 1, 6]  (34, 34)
300_4___10__    9   3  [2, 0, 0, 6, 0, 3, 5, 0, 1]  (34, 37)
300_3___10__    8   6  [0, 0, 4, 1, 0, 3, 5, 2]  (34, 40)
300_1___10__    7   0  [5, 1, 4, 1, 0, 9, 2]  (33, 34)
300_2___10__    7   6  [1, 4, 1, 0, 3, 5, 2]  (34, 38)
100_1___10__    6   0  [5, 1, 3, 3, 3, 8]  (33, 34)
part_in:(33, 41), all_in:(34, 34), all_out:(33, 41)
gap16
100_4___11__    12   1  [6, 3, 0, 0, 0, 0, 0, 1, 1, 0, 1, 4]  (25, 32)
100_5___11__    12   5  [0, 1, 3, 0, 0, 0, 0, 2, 1, 0, 1, 4]  (27, 32)
100_3___11__    11   1  [4, 1, 3, 0, 0, 1, 0, 1, 1, 2, 4]  (26, 32)
300_2___11__    11   6  [1, 3, 1, 1, 0, 0, 0, 1, 0, 1, 4]  (30, 32)
100_2___11__    10   1  [6, 3, 0, 0, 1, 0, 1, 1, 3, 3]  (27, 32)
200_5___11__    10   6  [1, 3, 1, 1, 0, 1, 1, 0, 1, 4]  (22, 32)
300_1___11__    10   1  [4, 5, 1, 1, 0, 1, 1, 0, 1, 4]  (28, 32)
300_3___11__    10   1  [4, 1, 5, 1, 0, 1, 1, 0, 1, 4]  (27, 32)
300_5___11__    10   6  [1, 3, 1, 1, 0, 0, 2, 0, 1, 4]  (30, 32)
100_1___11__    9   1  [4, 6, 0, 1, 0, 1, 1, 0, 6]  (29, 32)
300_4___11__    9   6  [1, 3, 1, 1, 0, 3, 0, 1, 4]  (29, 32)
200_1___11__    8   1  [4, 6, 0, 1, 0, 1, 1, 7]  (26, 32)
200_4___11__    8   5  [2, 5, 1, 0, 1, 1, 0, 6]  (21, 32)
200_3___11__    7   5  [6, 1, 1, 0, 1, 1, 7]  (22, 32)
200_2___11__    6   5  [8, 1, 0, 1, 1, 7]  (24, 32)
part_in:(21, 29), all_in:(30, 32), all_out:(21, 32)
sum25
100_3___12__    10   0  [4, 1, 1, 3, 1, 1, 1, 0, 3, 4]  (37, 38)
100_4___12__    10   0  [4, 1, 1, 2, 0, 0, 0, 1, 1, 9]  (35, 37)
200_2___12__    10   0  [4, 3, 1, 1, 1, 1, 0, 0, 0, 8]  (37, 38)
300_5___12__    10   0  [2, 3, 1, 3, 1, 1, 1, 4, 2, 1]  (32, 37)
200_3___12__    9   0  [8, 1, 1, 1, 1, 0, 0, 6, 2]  (37, 37)
300_4___12__    9   0  [0, 1, 3, 1, 5, 1, 1, 7, 1]  (34, 37)
100_1___12__    8   0  [2, 2, 2, 3, 1, 1, 1, 9]  (32, 37)
100_2___12__    8   0  [4, 3, 3, 1, 1, 1, 0, 8]  (37, 39)
100_5___12__    8   0  [6, 1, 2, 0, 1, 1, 1, 9]  (32, 37)
200_1___12__    8   0  [4, 3, 3, 1, 1, 1, 6, 2]  (33, 37)
200_4___12__    8   0  [6, 1, 1, 1, 1, 1, 1, 9]  (37, 37)
200_5___12__    8   0  [0, 5, 1, 5, 1, 1, 7, 1]  (33, 37)
300_1___12__    8   0  [4, 1, 1, 3, 1, 1, 1, 9]  (30, 37)
300_2___12__    8   5  [1, 1, 3, 1, 1, 1, 0, 8]  (34, 37)
300_3___12__    7   7  [1, 3, 1, 1, 1, 7, 1]  (37, 38)
part_in:(30, 39), all_in:(37, 37), all_out:(30, 39)
gap25
100_2___13__    11   1  [2, 2, 1, 0, 0, 5, 0, 0, 1, 1, 5]  (19, 21)
100_5___13__    10   1  [1, 0, 2, 1, 0, 4, 5, 0, 0, 5]  (20, 21)
100_3___13__    9   4  [2, 1, 0, 6, 1, 1, 0, 0, 5]  (18, 21)
100_4___13__    9   1  [2, 2, 1, 0, 6, 1, 1, 1, 5]  (19, 21)
200_4___13__    9   4  [4, 0, 2, 1, 1, 1, 1, 1, 5]  (16, 21)
200_5___13__    9   1  [2, 4, 0, 4, 1, 1, 1, 1, 5]  (16, 21)
100_1___13__    7   4  [4, 0, 0, 5, 3, 1, 5]  (21, 24)
200_3___13__    7   4  [1, 2, 0, 6, 3, 1, 5]  (13, 21)
300_3___13__    7   4  [2, 1, 0, 6, 3, 2, 4]  (21, 22)
300_4___13__    7   1  [2, 2, 2, 4, 5, 1, 5]  (21, 25)
200_1___13__    6   4  [5, 1, 4, 1, 3, 5]  (20, 21)
300_2___13__    6   1  [2, 5, 6, 0, 2, 7]  (21, 23)
300_5___13__    6   4  [2, 2, 4, 5, 1, 5]  (21, 24)
200_2___13__    5   10  [1, 4, 1, 3, 5]  (16, 21)
300_1___13__    4   1  [2, 5, 6, 11]  (21, 23)
part_in:(13, 25), all_in:(21, 21), all_out:(13, 25)
sum34
100_2___14__    14   0  [3, 0, 0, 2, 2, 0, 0, 0, 0, 1, 1, 3, 1, 2]  (40, 47)
200_3___14__    14   0  [4, 0, 2, 1, 1, 1, 0, 2, 2, 1, 0, 0, 1, 0]  (40, 47)
100_3___14__    13   0  [3, 1, 0, 1, 2, 1, 0, 0, 1, 0, 6, 1, 0]  (40, 47)
100_4___14__    13   0  [3, 0, 0, 0, 1, 2, 0, 0, 0, 0, 7, 1, 2]  (37, 47)
100_5___14__    13   0  [3, 0, 0, 0, 1, 2, 0, 0, 0, 0, 7, 1, 2]  (32, 47)
200_4___14__    13   0  [3, 0, 1, 1, 1, 3, 0, 2, 2, 1, 0, 0, 2]  (43, 47)
200_5___14__    13   0  [0, 2, 0, 1, 1, 4, 0, 0, 2, 2, 2, 0, 2]  (38, 47)
100_1___14__    12   0  [2, 0, 0, 0, 2, 3, 0, 0, 0, 7, 1, 2]  (27, 47)
200_1___14__    12   0  [3, 0, 0, 2, 3, 1, 0, 2, 0, 1, 1, 4]  (36, 47)
300_2___14__    12   0  [3, 0, 0, 2, 5, 0, 2, 0, 3, 1, 1, 0]  (35, 47)
200_2___14__    11   0  [4, 0, 2, 5, 0, 2, 0, 1, 1, 1, 2]  (38, 47)
300_1___14__    11   0  [3, 0, 0, 2, 3, 1, 0, 2, 4, 1, 2]  (26, 47)
300_3___14__    11   0  [3, 0, 3, 4, 0, 0, 2, 4, 1, 1, 0]  (38, 47)
300_4___14__    11   0  [3, 0, 3, 2, 2, 0, 2, 4, 0, 0, 2]  (35, 47)
300_5___14__    9   0  [3, 0, 3, 5, 0, 2, 5, 0, 2]  (29, 47)
part_in:(26, 42), all_in:(43, 47), all_out:(26, 47)
gap12
100_4___15__    14   1  [0, 2, 2, 0, 1, 2, 0, 3, 0, 2, 2, 0, 0, 0]  (0, 7)
200_1___15__    14   1  [0, 0, 1, 0, 3, 1, 1, 0, 2, 0, 0, 5, 1, 0]  (2, 7)
200_4___15__    13   2  [4, 2, 0, 0, 1, 0, 2, 0, 1, 1, 2, 1, 0]  (3, 7)
100_2___15__    12   1  [0, 0, 1, 6, 1, 3, 1, 0, 1, 2, 1, 0]  (1, 7)
200_5___15__    12   2  [0, 3, 2, 0, 0, 1, 0, 2, 0, 6, 1, 0]  (2, 7)
300_2___15__    12   1  [0, 2, 5, 0, 1, 3, 0, 0, 2, 2, 0, 1]  (1, 7)
300_4___15__    12   1  [0, 2, 2, 3, 1, 0, 3, 0, 0, 1, 2, 2]  (0, 7)
300_5___15__    12   2  [0, 0, 3, 2, 0, 1, 0, 3, 0, 5, 1, 0]  (1, 7)
100_3___15__    11   1  [0, 2, 3, 2, 1, 4, 0, 2, 2, 0, 1]  (0, 7)
100_5___15__    11   1  [0, 5, 1, 3, 0, 3, 1, 4, 0, 0, 0]  (0, 7)
200_2___15__    11   2  [0, 6, 1, 1, 0, 2, 0, 0, 5, 1, 0]  (4, 7)
200_3___15__    11   2  [0, 6, 0, 0, 1, 1, 1, 4, 2, 1, 0]  (4, 7)
300_3___15__    11   0  [0, 0, 2, 6, 1, 4, 0, 0, 1, 2, 2]  (1, 7)
100_1___15__    10   1  [0, 0, 1, 0, 3, 1, 1, 11, 1, 0]  (0, 7)
300_1___15__    9   1  [0, 7, 0, 0, 1, 2, 2, 5, 2]  (1, 7)
part_in:(0, 3), all_in:(4, 7), all_out:(0, 7)
gap23
100_3___16__    15   3  [1, 1, 1, 0, 1, 1, 0, 0, 1, 0, 1, 0, 3, 1, 0]  (5, 14)
100_4___16__    15   2  [0, 1, 3, 0, 1, 1, 0, 0, 1, 0, 0, 1, 3, 1, 0]  (6, 14)
100_5___16__    15   2  [0, 1, 3, 0, 1, 1, 0, 0, 1, 0, 1, 0, 3, 1, 0]  (4, 14)
100_2___16__    14   2  [2, 1, 1, 1, 0, 2, 0, 1, 0, 0, 1, 3, 1, 0]  (4, 14)
200_4___16__    14   2  [0, 1, 3, 0, 1, 1, 0, 2, 0, 0, 0, 0, 3, 2]  (6, 14)
300_4___16__    14   2  [0, 1, 4, 1, 1, 1, 1, 0, 1, 0, 1, 1, 0, 1]  (6, 14)
200_3___16__    13   2  [0, 1, 3, 0, 1, 2, 0, 1, 0, 0, 1, 5, 0]  (6, 14)
300_2___16__    13   5  [4, 1, 1, 0, 0, 1, 0, 0, 0, 0, 1, 1, 2]  (5, 14)
300_3___16__    13   3  [1, 4, 1, 1, 0, 0, 1, 0, 1, 0, 1, 3, 0]  (5, 14)
100_1___16__    12   5  [3, 1, 0, 2, 2, 0, 0, 1, 1, 1, 1, 0]  (4, 14)
200_5___16__    12   2  [0, 1, 4, 1, 2, 2, 0, 0, 0, 0, 3, 2]  (7, 14)
300_5___16__    12   3  [1, 4, 1, 1, 3, 0, 1, 0, 1, 1, 1, 0]  (4, 14)
200_2___16__    11   2  [2, 3, 2, 3, 1, 0, 0, 1, 3, 1, 0]  (4, 14)
300_1___16__    10   5  [4, 1, 1, 0, 2, 0, 1, 0, 1, 4]  (2, 14)
200_1___16__    7   5  [6, 4, 0, 0, 0, 1, 6]  (4, 14)
part_in:(2, 6), all_in:(7, 14), all_out:(2, 14)
gap34
200_2___17__    13   0  [3, 1, 0, 0, 2, 0, 4, 1, 1, 0, 0, 1, 3]  (3, 6)
200_5___17__    13   0  [3, 1, 0, 0, 2, 3, 1, 1, 1, 0, 0, 1, 3]  (3, 6)
300_3___17__    13   0  [3, 1, 0, 0, 2, 1, 3, 1, 1, 0, 0, 1, 3]  (3, 10)
300_4___17__    13   0  [3, 1, 0, 0, 2, 1, 3, 1, 1, 0, 0, 1, 3]  (3, 12)
300_5___17__    13   0  [3, 1, 0, 0, 2, 1, 3, 1, 1, 0, 0, 1, 3]  (3, 11)
100_2___17__    12   0  [3, 1, 0, 0, 2, 5, 1, 1, 0, 0, 1, 3]  (3, 12)
100_3___17__    12   0  [3, 1, 0, 0, 2, 5, 1, 1, 0, 0, 1, 3]  (3, 10)
100_4___17__    12   0  [3, 1, 0, 0, 2, 5, 1, 1, 0, 0, 1, 3]  (3, 9)
100_1___17__    11   0  [3, 1, 0, 0, 2, 5, 3, 0, 0, 1, 3]  (3, 13)
100_5___17__    11   0  [2, 0, 1, 0, 0, 8, 3, 0, 0, 1, 3]  (3, 11)
200_1___17__    11   0  [3, 1, 0, 0, 2, 5, 3, 0, 0, 1, 3]  (3, 12)
200_3___17__    11   0  [3, 1, 0, 0, 2, 1, 3, 3, 0, 0, 5]  (3, 4)
200_4___17__    11   0  [3, 1, 0, 0, 2, 1, 3, 3, 0, 0, 5]  (3, 7)
300_1___17__    11   0  [3, 1, 0, 3, 5, 1, 1, 0, 0, 1, 3]  (3, 13)
300_2___17__    11   0  [3, 1, 0, 0, 8, 1, 1, 0, 0, 1, 3]  (3, 13)
part_in:(5, 13), all_in:(3, 4), all_out:(3, 13)
gap45
200_5___18__    18   1  [0, 0, 1, 0, 0, 0, 1, 0, 0, 0, 1, 2, 3, 1, 0, 0, 1, 0]  (3, 4)
100_2___18__    16   0  [0, 1, 1, 1, 0, 1, 1, 2, 0, 3, 1, 1, 0, 0, 1, 0]  (3, 4)
100_4___18__    16   0  [0, 0, 0, 1, 1, 0, 1, 1, 0, 1, 0, 5, 2, 0, 1, 0]  (3, 4)
300_2___18__    16   1  [1, 1, 0, 0, 0, 1, 1, 2, 0, 3, 1, 1, 0, 0, 1, 0]  (4, 4)
100_3___18__    15   0  [2, 1, 1, 0, 1, 1, 0, 1, 0, 5, 1, 0, 0, 1, 0]  (3, 4)
100_5___18__    15   0  [0, 1, 1, 1, 0, 1, 1, 0, 1, 0, 5, 2, 0, 1, 0]  (4, 4)
200_1___18__    15   0  [0, 1, 1, 1, 0, 1, 0, 3, 2, 3, 1, 0, 0, 1, 0]  (2, 4)
200_2___18__    15   0  [1, 0, 1, 1, 0, 1, 2, 1, 2, 3, 1, 0, 0, 1, 0]  (4, 4)
200_3___18__    15   0  [0, 0, 0, 1, 1, 0, 1, 2, 1, 2, 3, 2, 0, 1, 0]  (2, 4)
300_3___18__    15   1  [0, 0, 1, 0, 0, 0, 1, 4, 0, 3, 1, 2, 0, 1, 0]  (4, 5)
300_4___18__    15   1  [1, 1, 0, 0, 0, 3, 2, 0, 3, 1, 1, 0, 0, 1, 0]  (4, 5)
200_4___18__    14   1  [0, 0, 3, 0, 1, 2, 1, 2, 3, 1, 0, 0, 1, 0]  (1, 4)
300_1___18__    14   0  [0, 1, 1, 0, 0, 0, 3, 2, 6, 1, 0, 0, 1, 0]  (4, 6)
300_5___18__    14   1  [1, 1, 0, 1, 3, 0, 1, 0, 3, 1, 2, 0, 1, 0]  (4, 8)
100_1___18__    12   0  [0, 1, 1, 1, 0, 3, 2, 0, 5, 2, 0, 2]  (4, 7)
part_in:(1, 6), all_in:(4, 4), all_out:(1, 6)
gap56
200_3___19__    15   0  [2, 0, 1, 0, 1, 1, 1, 3, 1, 1, 0, 1, 1, 0, 1]  (4, 5)
200_1___19__    14   0  [2, 0, 1, 0, 3, 5, 0, 0, 1, 0, 1, 1, 0, 1]  (4, 4)
200_2___19__    14   0  [2, 0, 1, 0, 3, 5, 0, 0, 1, 0, 1, 1, 0, 1]  (4, 4)
200_4___19__    13   0  [2, 0, 1, 0, 1, 1, 5, 1, 1, 0, 1, 2, 1]  (3, 4)
200_5___19__    13   0  [2, 0, 1, 0, 1, 1, 5, 1, 1, 0, 1, 2, 1]  (4, 4)
300_5___19__    13   3  [0, 1, 0, 1, 1, 5, 0, 0, 1, 0, 1, 2, 1]  (4, 4)
300_4___19__    12   3  [0, 1, 0, 1, 1, 5, 1, 1, 0, 1, 2, 1]  (3, 4)
100_4___19__    11   3  [0, 1, 0, 3, 1, 4, 0, 2, 1, 2, 1]  (4, 4)
100_5___19__    11   0  [2, 0, 1, 0, 1, 3, 5, 2, 1, 2, 1]  (4, 5)
300_1___19__    11   0  [0, 2, 1, 0, 1, 1, 7, 2, 1, 2, 1]  (4, 4)
300_2___19__    11   0  [2, 0, 1, 0, 1, 1, 6, 0, 2, 4, 1]  (4, 4)
300_3___19__    11   3  [0, 1, 0, 1, 1, 5, 1, 1, 0, 4, 1]  (2, 4)
100_1___19__    10   0  [3, 1, 2, 1, 7, 2, 0, 0, 2, 1]  (3, 4)
100_2___19__    10   0  [3, 1, 4, 1, 5, 2, 0, 0, 2, 1]  (3, 4)
100_3___19__    9   4  [1, 0, 3, 1, 5, 2, 1, 2, 1]  (3, 4)
part_in:(2, 5), all_in:(4, 4), all_out:(2, 5)
ball
300_2___20__    18   0  [0, 1, 0, 0, 1, 0, 1, 0, 1, 2, 0, 0, 1, 0, 0, 1, 1, 2]  (1, 2)
300_3___20__    18   1  [1, 0, 0, 1, 0, 1, 0, 1, 2, 0, 0, 1, 0, 0, 1, 1, 1, 0]  (1, 1)
300_4___20__    17   1  [1, 0, 0, 0, 0, 0, 1, 0, 1, 2, 1, 1, 0, 0, 1, 1, 2]  (1, 1)
100_5___20__    16   1  [1, 0, 0, 0, 1, 1, 0, 1, 2, 1, 1, 0, 0, 1, 1, 2]  (1, 3)
200_3___20__    16   1  [1, 0, 0, 0, 1, 1, 0, 4, 0, 0, 1, 0, 2, 1, 1, 0]  (1, 1)
200_4___20__    16   1  [1, 0, 0, 0, 1, 1, 0, 4, 0, 0, 1, 0, 0, 1, 1, 2]  (1, 1)
100_1___20__    15   1  [1, 0, 0, 2, 1, 0, 1, 2, 1, 1, 0, 0, 1, 1, 2]  (1, 3)
100_2___20__    15   1  [1, 0, 0, 2, 1, 0, 1, 2, 1, 1, 0, 0, 1, 1, 2]  (1, 2)
100_3___20__    15   1  [1, 0, 0, 2, 1, 0, 4, 1, 0, 0, 0, 0, 1, 1, 2]  (1, 2)
100_4___20__    15   1  [1, 0, 0, 0, 1, 1, 0, 4, 1, 1, 0, 0, 1, 1, 2]  (1, 2)
300_5___20__    15   1  [1, 0, 0, 1, 0, 1, 0, 6, 1, 0, 0, 1, 1, 1, 0]  (1, 2)
200_1___20__    14   0  [0, 1, 1, 0, 1, 2, 4, 0, 0, 1, 0, 0, 1, 4]  (1, 1)
200_2___20__    14   1  [1, 1, 0, 1, 1, 0, 1, 2, 0, 2, 0, 2, 1, 2]  (1, 1)
200_5___20__    14   1  [1, 0, 0, 2, 1, 0, 4, 1, 1, 0, 0, 1, 1, 2]  (1, 2)
300_1___20__    14   1  [1, 0, 0, 1, 0, 1, 0, 6, 1, 0, 0, 1, 1, 2]  (1, 1)
part_in:(3, 3), all_in:(1, 2), all_out:(1, 3)
ball_column
100_2___21__    15   0  [0, 0, 0, 0, 0, 3, 5, 0, 0, 1, 1, 0, 1, 1, 2]  (2, 3)
100_3___21__    15   0  [0, 0, 1, 0, 3, 1, 3, 0, 0, 1, 2, 1, 1, 1, 0]  (2, 4)
100_1___21__    14   0  [0, 1, 0, 0, 2, 0, 6, 0, 1, 1, 0, 1, 1, 2]  (2, 5)
200_5___21__    13   0  [0, 0, 1, 0, 3, 5, 0, 0, 1, 2, 3, 1, 0]  (2, 3)
300_3___21__    13   0  [0, 0, 1, 0, 2, 0, 5, 0, 0, 1, 6, 1, 0]  (2, 2)
100_5___21__    12   0  [1, 1, 0, 3, 5, 0, 0, 1, 2, 3, 1, 0]  (2, 5)
300_1___21__    12   0  [2, 0, 0, 2, 0, 5, 0, 0, 1, 2, 3, 2]  (1, 2)
300_2___21__    12   0  [1, 0, 0, 0, 2, 0, 5, 0, 0, 4, 3, 2]  (2, 2)
300_4___21__    12   0  [0, 2, 0, 2, 0, 5, 0, 0, 1, 2, 3, 2]  (2, 2)
300_5___21__    12   0  [3, 0, 2, 0, 5, 0, 0, 1, 2, 3, 1, 0]  (2, 3)
100_4___21__    11   0  [1, 1, 0, 3, 5, 0, 0, 1, 2, 3, 2]  (2, 5)
200_3___21__    11   0  [0, 0, 1, 0, 10, 0, 1, 0, 5, 1, 0]  (1, 2)
200_2___21__    10   0  [0, 0, 1, 0, 10, 0, 1, 0, 5, 2]  (1, 2)
200_4___21__    10   0  [0, 0, 1, 0, 10, 0, 1, 2, 3, 2]  (1, 2)
200_1___21__    9   0  [0, 0, 1, 0, 10, 0, 1, 2, 6]  (2, 2)
part_in:(1, 5), all_in:(2, 2), all_out:(1, 5)
blue
100_5___22__    13   2  [1, 1, 1, 1, 2, 3, 1, 2, 1, 1, 0, 0, 0]  (7, 10)
200_4___22__    13   0  [0, 0, 3, 0, 2, 2, 3, 1, 1, 0, 3, 1, 0]  (10, 11)
200_5___22__    13   2  [1, 1, 0, 1, 0, 2, 3, 1, 1, 0, 3, 1, 0]  (9, 10)
300_4___22__    13   2  [3, 0, 1, 0, 2, 3, 1, 2, 1, 1, 0, 0, 0]  (7, 10)
300_5___22__    13   2  [3, 0, 1, 0, 2, 3, 1, 2, 1, 1, 0, 0, 0]  (6, 10)
100_3___22__    12   2  [2, 0, 3, 2, 0, 2, 1, 2, 3, 0, 0, 0]  (10, 10)
100_4___22__    12   2  [2, 0, 3, 2, 3, 1, 2, 1, 1, 0, 0, 0]  (8, 10)
200_1___22__    12   1  [4, 1, 0, 0, 2, 3, 1, 2, 2, 0, 1, 0]  (6, 10)
200_2___22__    12   1  [0, 3, 1, 1, 2, 3, 1, 2, 2, 0, 1, 0]  (10, 11)
300_1___22__    12   6  [1, 0, 0, 2, 3, 1, 1, 0, 1, 1, 1, 0]  (6, 10)
300_2___22__    12   2  [3, 2, 0, 2, 3, 1, 1, 0, 1, 1, 1, 0]  (8, 10)
100_2___22__    11   2  [2, 0, 3, 2, 3, 1, 2, 3, 0, 0, 0]  (7, 10)
200_3___22__    11   1  [4, 0, 2, 2, 3, 1, 2, 2, 0, 1, 0]  (10, 13)
300_3___22__    11   2  [3, 0, 1, 0, 2, 3, 1, 2, 3, 1, 0]  (10, 11)
100_1___22__    8   5  [0, 1, 1, 2, 3, 4, 3, 2]  (5, 10)
part_in:(6, 13), all_in:(10, 10), all_out:(6, 13)
blue_sort
200_2___23__    11   0  [0, 5, 1, 4, 1, 3, 3, 0, 1, 0, 0]  (4, 8)
100_3___23__    10   0  [0, 3, 3, 4, 3, 1, 1, 1, 0, 3]  (4, 12)
100_4___23__    10   0  [0, 1, 5, 8, 1, 1, 1, 0, 2, 0]  (4, 9)
100_5___23__    10   0  [0, 5, 1, 5, 2, 1, 1, 2, 2, 0]  (4, 8)
200_1___23__    10   0  [0, 4, 0, 1, 4, 5, 1, 1, 3, 0]  (3, 4)
200_4___23__    10   0  [0, 5, 1, 6, 1, 1, 3, 0, 2, 0]  (4, 7)
200_5___23__    10   0  [0, 5, 1, 6, 1, 1, 1, 1, 3, 0]  (4, 7)
300_2___23__    10   0  [0, 7, 4, 3, 0, 0, 0, 0, 4, 1]  (4, 13)
300_1___23__    9   0  [0, 7, 4, 4, 0, 0, 0, 4, 1]  (4, 11)
300_4___23__    9   0  [0, 5, 1, 4, 5, 1, 1, 3, 0]  (4, 10)
300_5___23__    9   0  [0, 5, 1, 4, 1, 1, 1, 1, 6]  (4, 9)
100_2___23__    8   0  [0, 7, 4, 1, 3, 1, 1, 4]  (4, 10)
300_3___23__    8   0  [0, 3, 1, 1, 10, 1, 1, 4]  (4, 13)
100_1___23__    7   0  [0, 7, 4, 1, 3, 1, 6]  (4, 7)
200_3___23__    7   0  [0, 5, 1, 10, 3, 3, 0]  (4, 10)
part_in:(3, 13), all_in:(4, 4), all_out:(3, 13)
