30
row3
100_5___7__    11   2  [1, 1, 2, 1, 0, 4, 2, 0, 4, 1, 0]  (3, 10)
100_4___7__    10   2  [1, 1, 2, 2, 4, 2, 0, 4, 1, 0]  (3, 9)
200_5___7__    9   2  [3, 2, 7, 1, 0, 0, 4, 1, 0]  (3, 7)
300_5___7__    9   2  [3, 2, 2, 4, 2, 0, 4, 1, 0]  (3, 10)
100_2___7__    8   2  [6, 2, 4, 2, 0, 4, 1, 0]  (3, 11)
100_3___7__    7   2  [6, 7, 2, 0, 4, 1, 0]  (3, 10)
100_1___7__    6   9  [7, 2, 0, 3, 0, 2]  (3, 11)
200_2___7__    6   2  [3, 2, 10, 0, 4, 2]  (3, 10)
200_3___7__    6   2  [3, 2, 10, 0, 4, 2]  (3, 8)
200_4___7__    6   2  [3, 2, 10, 0, 4, 2]  (3, 7)
300_1___7__    6   2  [6, 7, 2, 0, 3, 3]  (3, 10)
300_2___7__    6   2  [6, 7, 2, 0, 5, 1]  (3, 10)
300_3___7__    6   2  [6, 10, 0, 5, 0, 0]  (3, 8)
300_4___7__    6   2  [6, 7, 2, 0, 6, 0]  (3, 10)
200_1___7__    4   9  [10, 0, 4, 2]  (3, 11)
part_in:(8, 11), all_in:(3, 7), all_out:(3, 11)
less9
300_5___3__    11   2  [0, 1, 1, 1, 1, 1, 2, 0, 1, 3, 5]  (1, 3)
100_5___3__    10   2  [0, 3, 3, 1, 1, 0, 2, 3, 2, 2]  (1, 4)
200_2___3__    10   2  [0, 3, 2, 0, 1, 1, 2, 0, 3, 5]  (1, 4)
200_3___3__    10   2  [0, 3, 2, 0, 1, 1, 3, 3, 2, 2]  (1, 4)
100_4___3__    9   2  [0, 2, 0, 3, 1, 1, 3, 3, 5]  (1, 5)
300_2___3__    9   2  [0, 3, 1, 1, 4, 1, 0, 3, 5]  (1, 4)
300_4___3__    9   2  [0, 1, 1, 1, 1, 1, 5, 3, 5]  (1, 4)
100_3___3__    8   2  [0, 2, 0, 3, 3, 3, 3, 5]  (1, 5)
200_1___3__    8   2  [1, 2, 2, 0, 3, 3, 3, 5]  (1, 5)
200_4___3__    8   2  [0, 3, 3, 1, 1, 3, 3, 5]  (1, 4)
200_5___3__    8   2  [0, 3, 3, 1, 1, 3, 3, 5]  (1, 3)
100_2___3__    7   2  [4, 3, 1, 1, 3, 3, 5]  (1, 5)
300_3___3__    7   2  [0, 3, 1, 1, 7, 3, 5]  (1, 3)
100_1___3__    6   7  [3, 1, 1, 3, 3, 5]  (1, 5)
300_1___3__    6   3  [3, 3, 1, 4, 0, 9]  (1, 4)
part_in:(4, 5), all_in:(1, 3), all_out:(1, 5)
gap34
100_3___17__    13   0  [2, 1, 3, 1, 0, 1, 1, 0, 3, 0, 0, 3, 1]  (2, 8)
100_5___17__    13   0  [2, 1, 1, 1, 1, 2, 1, 0, 3, 0, 2, 1, 1]  (2, 11)
100_4___17__    12   0  [2, 1, 3, 1, 0, 1, 1, 0, 3, 0, 4, 1]  (2, 9)
100_1___17__    10   9  [1, 2, 0, 0, 0, 3, 0, 0, 3, 1]  (2, 6)
200_1___17__    10   0  [8, 5, 1, 2, 0, 0, 0, 1, 1, 1]  (2, 3)
300_5___17__    10   3  [1, 1, 1, 1, 5, 3, 0, 2, 1, 1]  (2, 7)
100_2___17__    9   9  [1, 0, 1, 2, 3, 0, 0, 3, 1]  (2, 6)
200_2___17__    9   3  [5, 5, 1, 2, 0, 0, 0, 3, 1]  (2, 4)
200_5___17__    9   5  [1, 1, 1, 5, 3, 0, 4, 0, 0]  (2, 4)
300_3___17__    9   3  [3, 1, 1, 1, 3, 3, 0, 4, 1]  (2, 4)
300_4___17__    9   3  [3, 1, 1, 5, 3, 0, 2, 1, 1]  (2, 4)
300_1___17__    8   6  [0, 3, 2, 2, 3, 0, 4, 1]  (2, 10)
300_2___17__    8   6  [0, 3, 2, 2, 3, 0, 4, 1]  (2, 6)
200_3___17__    7   9  [2, 2, 1, 3, 0, 4, 1]  (2, 4)
200_4___17__    6   9  [1, 5, 3, 0, 4, 1]  (2, 2)
part_in:(4, 11), all_in:(2, 3), all_out:(2, 11)
gap45
100_5___18__    11   2  [3, 0, 3, 1, 3, 1, 0, 1, 1, 1, 2]  (2, 9)
300_2___18__    11   2  [3, 0, 1, 0, 0, 1, 5, 2, 1, 1, 2]  (1, 9)
100_1___18__    10   2  [1, 1, 0, 8, 0, 1, 2, 1, 1, 2]  (3, 9)
100_2___18__    10   2  [1, 1, 0, 5, 3, 1, 2, 1, 1, 2]  (3, 9)
100_3___18__    10   2  [1, 1, 0, 5, 1, 3, 2, 1, 1, 2]  (3, 9)
300_1___18__    10   2  [0, 2, 0, 1, 0, 0, 7, 2, 1, 4]  (3, 9)
300_4___18__    10   2  [1, 1, 0, 2, 0, 1, 5, 2, 1, 4]  (2, 9)
300_5___18__    10   2  [1, 1, 0, 2, 0, 1, 5, 2, 1, 4]  (2, 9)
200_2___18__    9   6  [0, 5, 1, 3, 0, 1, 1, 1, 2]  (4, 9)
300_3___18__    9   2  [3, 0, 2, 0, 1, 5, 2, 1, 4]  (3, 9)
100_4___18__    8   2  [3, 0, 5, 5, 2, 1, 1, 2]  (2, 9)
200_3___18__    8   2  [3, 0, 5, 5, 2, 1, 1, 2]  (4, 9)
200_5___18__    8   6  [0, 2, 2, 5, 2, 1, 1, 2]  (5, 9)
200_4___18__    7   6  [0, 5, 5, 2, 1, 1, 2]  (6, 9)
200_1___18__    6   6  [0, 11, 2, 1, 1, 2]  (5, 9)
part_in:(1, 4), all_in:(5, 9), all_out:(1, 9)
blue
100_2___22__    11   1  [2, 3, 0, 0, 0, 7, 2, 0, 1, 2, 0]  (3, 10)
100_4___22__    11   1  [6, 0, 0, 0, 3, 3, 2, 0, 1, 2, 0]  (3, 10)
100_3___22__    9   1  [7, 0, 0, 6, 3, 0, 1, 2, 0]  (3, 9)
100_5___22__    9   1  [5, 1, 0, 0, 3, 6, 2, 2, 0]  (3, 7)
200_3___22__    9   2  [4, 1, 0, 0, 3, 6, 0, 1, 3]  (3, 10)
200_4___22__    9   2  [4, 1, 0, 0, 3, 6, 2, 0, 2]  (3, 11)
100_1___22__    8   1  [7, 0, 0, 3, 6, 0, 4, 0]  (3, 11)
200_2___22__    8   2  [4, 2, 0, 10, 0, 1, 0, 2]  (3, 13)
300_4___22__    8   3  [5, 0, 0, 3, 6, 2, 2, 0]  (3, 11)
300_5___22__    8   3  [4, 0, 0, 0, 10, 2, 2, 0]  (3, 8)
200_1___22__    6   7  [2, 0, 3, 7, 1, 3]  (3, 11)
200_5___22__    6   8  [0, 0, 0, 10, 2, 3]  (3, 12)
300_1___22__    6   10  [0, 4, 5, 2, 2, 0]  (3, 6)
300_2___22__    6   9  [0, 0, 10, 2, 2, 0]  (3, 9)
300_3___22__    6   3  [6, 0, 10, 2, 2, 0]  (3, 11)
part_in:(7, 13), all_in:(3, 6), all_out:(3, 13)
row2
100_4___6__    12   2  [1, 1, 2, 2, 3, 0, 0, 0, 0, 4, 2, 0]  (10, 11)
200_5___6__    12   0  [1, 1, 1, 2, 6, 0, 1, 0, 4, 1, 0, 0]  (10, 11)
100_5___6__    11   2  [1, 1, 2, 2, 4, 0, 0, 0, 4, 2, 0]  (8, 11)
300_4___6__    10   0  [3, 1, 2, 6, 0, 2, 4, 1, 0, 0]  (6, 11)
100_2___6__    9   2  [6, 2, 3, 0, 1, 0, 4, 2, 0]  (8, 11)
200_3___6__    9   0  [1, 1, 1, 9, 3, 4, 1, 0, 0]  (9, 11)
200_4___6__    9   0  [1, 1, 1, 2, 6, 3, 4, 1, 1]  (9, 11)
300_1___6__    9   4  [1, 2, 6, 0, 2, 4, 1, 0, 0]  (8, 11)
300_2___6__    9   4  [1, 2, 6, 0, 2, 4, 1, 0, 0]  (8, 11)
100_1___6__    8   6  [2, 6, 0, 1, 0, 4, 2, 0]  (7, 11)
300_3___6__    8   4  [1, 2, 6, 3, 4, 1, 0, 0]  (8, 11)
300_5___6__    8   4  [1, 2, 7, 2, 4, 1, 0, 0]  (8, 11)
100_3___6__    7   6  [2, 6, 0, 2, 4, 2, 0]  (9, 11)
200_1___6__    7   0  [3, 1, 9, 3, 4, 1, 1]  (7, 11)
200_2___6__    7   0  [3, 1, 9, 3, 4, 1, 1]  (7, 11)
part_in:(6, 9), all_in:(10, 11), all_out:(6, 11)
less8
200_4___2__    12   2  [0, 0, 1, 0, 7, 2, 3, 0, 0, 1, 1, 0]  (1, 6)
100_2___2__    11   1  [1, 0, 0, 1, 7, 2, 0, 3, 0, 3, 0]  (1, 7)
100_4___2__    11   3  [0, 0, 0, 0, 7, 2, 3, 0, 0, 3, 0]  (1, 6)
100_5___2__    11   2  [0, 0, 0, 1, 7, 2, 3, 0, 0, 3, 0]  (1, 6)
200_2___2__    11   1  [2, 0, 1, 7, 3, 3, 0, 0, 0, 1, 0]  (1, 5)
200_3___2__    11   1  [1, 0, 0, 1, 7, 3, 3, 0, 1, 1, 0]  (1, 7)
300_3___2__    11   3  [0, 0, 1, 1, 5, 2, 3, 0, 0, 3, 0]  (1, 7)
100_1___2__    10   1  [2, 0, 0, 0, 7, 2, 4, 0, 3, 0]  (1, 6)
100_3___2__    10   3  [0, 0, 0, 0, 7, 2, 4, 0, 3, 0]  (1, 7)
300_1___2__    10   1  [2, 0, 1, 7, 2, 1, 2, 0, 3, 0]  (1, 6)
300_2___2__    10   1  [1, 0, 0, 1, 7, 2, 4, 0, 3, 0]  (1, 6)
300_4___2__    10   3  [0, 2, 1, 5, 2, 3, 0, 0, 3, 0]  (1, 6)
200_1___2__    9   1  [2, 2, 7, 7, 0, 0, 0, 1, 0]  (1, 4)
200_5___2__    9   2  [0, 0, 2, 7, 2, 4, 0, 3, 0]  (1, 7)
300_5___2__    9   3  [0, 0, 1, 7, 2, 4, 0, 3, 0]  (1, 5)
part_in:(5, 7), all_in:(1, 4), all_out:(1, 7)
sum_all
100_2___9__    14   1  [1, 0, 1, 1, 1, 0, 0, 2, 1, 0, 1, 4, 2, 0]  (73, 121)
100_3___9__    14   1  [1, 0, 1, 1, 1, 0, 0, 2, 1, 0, 1, 4, 2, 0]  (79, 121)
100_4___9__    14   1  [1, 2, 1, 0, 0, 0, 0, 2, 1, 0, 1, 4, 2, 0]  (78, 121)
100_5___9__    14   1  [1, 2, 1, 1, 0, 0, 2, 0, 0, 0, 1, 4, 2, 0]  (91, 121)
200_4___9__    13   1  [1, 2, 3, 0, 0, 2, 1, 0, 1, 4, 0, 1, 0]  (84, 121)
300_1___9__    13   1  [1, 2, 3, 0, 0, 2, 1, 0, 1, 4, 1, 0, 0]  (104, 121)
300_3___9__    13   1  [1, 2, 3, 0, 0, 2, 1, 0, 1, 1, 2, 2, 0]  (76, 121)
300_4___9__    13   1  [1, 2, 3, 0, 0, 2, 1, 0, 1, 1, 2, 2, 0]  (94, 121)
200_3___9__    12   1  [1, 2, 3, 0, 0, 2, 1, 0, 1, 4, 2, 0]  (91, 121)
200_5___9__    12   1  [1, 2, 3, 0, 0, 2, 1, 0, 1, 4, 2, 0]  (85, 121)
300_2___9__    12   1  [1, 2, 3, 0, 0, 2, 1, 0, 1, 4, 2, 0]  (96, 121)
300_5___9__    12   1  [1, 2, 3, 0, 0, 2, 1, 0, 1, 4, 2, 0]  (98, 121)
100_1___9__    11   1  [1, 2, 1, 1, 0, 0, 4, 2, 4, 2, 0]  (77, 121)
200_2___9__    11   1  [4, 3, 0, 0, 2, 0, 0, 0, 1, 4, 3]  (95, 121)
200_1___9__    9   1  [4, 3, 0, 0, 2, 1, 2, 4, 3]  (103, 121)
part_in:(73, 103), all_in:(104, 121), all_out:(73, 121)
sum25
100_3___12__    16   1  [1, 0, 2, 0, 0, 0, 0, 0, 2, 1, 0, 0, 0, 4, 2, 0]  (26, 46)
100_5___12__    16   1  [1, 0, 2, 0, 0, 0, 0, 0, 2, 1, 0, 0, 0, 4, 2, 0]  (31, 46)
100_4___12__    15   1  [1, 0, 2, 0, 0, 0, 0, 0, 2, 1, 0, 0, 0, 4, 3]  (25, 46)
300_3___12__    15   1  [1, 3, 0, 1, 0, 0, 2, 0, 0, 0, 0, 0, 4, 2, 0]  (25, 46)
300_5___12__    15   1  [1, 3, 0, 1, 0, 0, 2, 0, 0, 0, 0, 0, 4, 2, 0]  (32, 46)
300_4___12__    14   1  [1, 3, 0, 1, 0, 0, 2, 1, 0, 0, 0, 1, 2, 3]  (31, 46)
300_2___12__    13   1  [1, 3, 0, 1, 0, 0, 2, 1, 1, 0, 4, 2, 0]  (31, 46)
200_4___12__    12   1  [5, 2, 0, 0, 2, 1, 0, 0, 0, 4, 0, 2]  (29, 46)
200_5___12__    12   1  [1, 3, 2, 0, 0, 2, 1, 0, 0, 0, 4, 3]  (30, 46)
300_1___12__    12   1  [5, 2, 0, 0, 2, 0, 0, 1, 0, 4, 2, 0]  (36, 46)
100_1___12__    11   1  [2, 2, 0, 1, 0, 0, 4, 1, 0, 4, 3]  (25, 46)
100_2___12__    11   1  [2, 2, 0, 1, 0, 0, 4, 1, 0, 4, 3]  (24, 46)
200_1___12__    10   1  [5, 2, 0, 0, 2, 1, 1, 0, 4, 3]  (36, 46)
200_3___12__    10   1  [8, 0, 0, 2, 1, 0, 0, 0, 4, 3]  (31, 46)
200_2___12__    9   1  [8, 0, 0, 2, 1, 1, 0, 4, 3]  (34, 46)
part_in:(24, 35), all_in:(36, 46), all_out:(24, 46)
gap25
100_3___13__    14   0  [1, 1, 1, 1, 0, 3, 0, 0, 0, 0, 4, 1, 1, 2]  (10, 16)
100_2___13__    12   0  [1, 1, 1, 1, 4, 0, 1, 0, 4, 1, 2, 1]  (10, 16)
100_4___13__    11   0  [1, 1, 1, 2, 3, 0, 1, 0, 4, 1, 4]  (10, 16)
100_5___13__    11   0  [1, 1, 1, 2, 3, 0, 2, 4, 1, 1, 2]  (12, 16)
200_2___13__    11   0  [1, 1, 1, 1, 4, 0, 1, 0, 4, 1, 4]  (8, 16)
200_3___13__    11   0  [1, 1, 1, 1, 4, 0, 1, 0, 4, 1, 4]  (9, 16)
200_4___13__    11   0  [1, 1, 1, 1, 4, 0, 1, 0, 4, 1, 4]  (8, 16)
300_1___13__    11   0  [1, 1, 0, 2, 4, 0, 1, 0, 4, 1, 4]  (13, 16)
300_2___13__    11   0  [1, 1, 0, 2, 4, 0, 1, 0, 4, 1, 4]  (9, 16)
300_4___13__    11   0  [1, 1, 1, 1, 4, 0, 1, 0, 4, 1, 4]  (8, 16)
100_1___13__    10   0  [1, 1, 1, 1, 4, 0, 2, 4, 1, 4]  (10, 16)
200_5___13__    10   0  [1, 1, 1, 6, 0, 1, 0, 4, 1, 4]  (9, 16)
300_3___13__    10   0  [1, 1, 3, 4, 0, 1, 0, 4, 1, 4]  (8, 16)
300_5___13__    10   0  [1, 1, 1, 6, 0, 1, 0, 4, 1, 4]  (10, 16)
200_1___13__    9   0  [1, 1, 1, 7, 1, 0, 4, 1, 4]  (9, 16)
part_in:(8, 12), all_in:(13, 16), all_out:(8, 16)
gap12
100_1___15__    12   4  [4, 0, 4, 1, 0, 1, 2, 0, 0, 1, 0, 0]  (4, 14)
100_4___15__    12   4  [4, 0, 0, 3, 2, 1, 2, 0, 0, 1, 0, 0]  (4, 14)
100_5___15__    12   4  [4, 0, 0, 3, 2, 1, 2, 0, 0, 1, 0, 0]  (4, 14)
200_5___15__    12   2  [1, 4, 0, 0, 3, 4, 2, 0, 0, 1, 0, 0]  (6, 14)
100_3___15__    11   4  [4, 0, 4, 2, 1, 2, 0, 0, 1, 0, 0]  (4, 14)
200_2___15__    11   2  [1, 4, 0, 4, 2, 1, 2, 1, 1, 0, 0]  (7, 14)
300_4___15__    11   4  [4, 0, 0, 3, 1, 0, 1, 2, 3, 0, 0]  (3, 14)
100_2___15__    10   4  [4, 0, 4, 2, 1, 2, 1, 1, 0, 0]  (4, 14)
200_1___15__    10   2  [1, 4, 0, 4, 2, 1, 4, 1, 0, 0]  (7, 14)
200_3___15__    10   2  [1, 4, 0, 4, 4, 2, 1, 1, 0, 0]  (5, 14)
300_1___15__    10   4  [4, 0, 0, 3, 2, 1, 2, 3, 0, 0]  (5, 14)
300_2___15__    10   4  [4, 0, 0, 3, 1, 0, 1, 2, 4, 0]  (3, 14)
200_4___15__    9   2  [1, 4, 0, 0, 3, 4, 6, 0, 0]  (6, 14)
300_3___15__    9   4  [4, 0, 0, 3, 2, 1, 2, 4, 0]  (2, 14)
300_5___15__    9   4  [4, 0, 0, 3, 2, 1, 2, 4, 0]  (3, 14)
part_in:(2, 6), all_in:(7, 14), all_out:(2, 14)
gap23
100_3___16__    12   1  [0, 1, 1, 2, 2, 1, 0, 0, 1, 5, 2, 1]  (0, 5)
200_2___16__    12   1  [0, 1, 1, 7, 0, 0, 1, 3, 1, 1, 0, 1]  (0, 5)
200_3___16__    12   1  [0, 1, 1, 7, 0, 0, 0, 0, 3, 1, 2, 1]  (0, 5)
200_4___16__    12   1  [0, 1, 1, 7, 1, 0, 0, 3, 1, 1, 0, 1]  (0, 5)
200_5___16__    12   1  [0, 1, 1, 7, 1, 0, 0, 3, 1, 1, 0, 1]  (0, 5)
300_4___16__    12   1  [0, 1, 1, 7, 1, 1, 2, 0, 1, 2, 0, 0]  (1, 5)
300_5___16__    12   1  [0, 1, 1, 1, 5, 1, 1, 3, 1, 2, 0, 0]  (1, 5)
100_4___16__    11   1  [0, 1, 1, 2, 2, 1, 1, 1, 2, 2, 4]  (0, 5)
100_5___16__    11   1  [0, 1, 1, 2, 4, 1, 1, 0, 4, 2, 1]  (0, 5)
300_2___16__    11   2  [1, 0, 0, 7, 1, 1, 2, 0, 1, 2, 1]  (1, 5)
100_1___16__    10   4  [1, 2, 4, 0, 0, 1, 2, 2, 2, 1]  (0, 5)
200_1___16__    10   0  [1, 1, 1, 7, 1, 1, 3, 1, 2, 1]  (0, 5)
300_3___16__    10   2  [1, 1, 7, 1, 1, 3, 1, 2, 0, 0]  (0, 5)
100_2___16__    9   2  [1, 1, 2, 4, 1, 1, 5, 2, 1]  (0, 5)
300_1___16__    9   4  [1, 7, 1, 1, 2, 0, 1, 2, 1]  (0, 5)
part_in:(0, 0), all_in:(1, 5), all_out:(0, 5)
sum16
300_4___10__    15   1  [1, 3, 0, 3, 1, 0, 2, 0, 0, 1, 1, 0, 1, 0, 0]  (32, 33)
100_3___10__    14   1  [1, 0, 3, 3, 1, 0, 2, 0, 0, 1, 2, 1, 0, 0]  (25, 33)
300_5___10__    14   1  [1, 4, 3, 1, 0, 2, 0, 0, 1, 1, 0, 1, 0, 0]  (33, 35)
300_3___10__    13   3  [4, 3, 1, 0, 2, 1, 1, 1, 0, 0, 0, 0, 0]  (28, 33)
100_2___10__    12   0  [2, 0, 3, 3, 1, 0, 2, 1, 1, 2, 2, 0]  (24, 33)
100_4___10__    12   1  [1, 4, 3, 1, 0, 2, 0, 0, 1, 2, 2, 0]  (24, 33)
100_5___10__    12   1  [1, 0, 3, 3, 2, 2, 0, 0, 1, 2, 2, 0]  (27, 33)
200_5___10__    12   1  [1, 4, 3, 2, 2, 0, 0, 1, 2, 1, 0, 0]  (29, 33)
100_1___10__    11   8  [3, 1, 0, 2, 0, 0, 1, 2, 1, 0, 0]  (27, 33)
200_1___10__    11   0  [0, 10, 1, 0, 2, 0, 0, 4, 0, 0, 1]  (32, 33)
200_4___10__    11   1  [10, 1, 0, 2, 0, 0, 1, 2, 0, 0, 1]  (28, 33)
300_1___10__    11   12  [1, 0, 2, 0, 0, 1, 2, 0, 0, 0, 0]  (33, 34)
300_2___10__    11   3  [8, 1, 0, 2, 1, 1, 2, 0, 0, 0, 0]  (32, 33)
200_2___10__    10   1  [10, 1, 0, 0, 1, 1, 1, 2, 1, 1]  (30, 33)
200_3___10__    10   1  [10, 2, 2, 0, 0, 1, 2, 0, 0, 1]  (30, 33)
part_in:(24, 35), all_in:(33, 33), all_out:(24, 35)
sum34
100_4___14__    13   1  [0, 3, 1, 0, 0, 0, 0, 3, 0, 0, 1, 4, 3]  (24, 42)
100_5___14__    13   1  [0, 3, 1, 0, 0, 0, 0, 2, 1, 0, 1, 4, 3]  (27, 42)
200_2___14__    13   1  [0, 0, 2, 3, 0, 0, 2, 1, 0, 1, 4, 1, 1]  (29, 42)
100_1___14__    12   1  [0, 3, 1, 1, 0, 0, 3, 0, 0, 1, 4, 3]  (24, 42)
100_2___14__    12   1  [0, 3, 2, 0, 0, 0, 3, 0, 0, 1, 4, 3]  (24, 42)
100_3___14__    12   1  [0, 3, 1, 0, 0, 0, 0, 4, 0, 1, 4, 3]  (24, 42)
200_4___14__    12   1  [0, 3, 3, 0, 0, 2, 1, 0, 1, 4, 0, 2]  (24, 42)
300_2___14__    12   1  [0, 3, 3, 0, 0, 2, 0, 0, 0, 1, 4, 3]  (31, 42)
300_4___14__    12   1  [0, 3, 3, 0, 0, 2, 0, 0, 0, 1, 1, 6]  (29, 42)
200_1___14__    11   1  [0, 3, 3, 0, 0, 2, 0, 0, 0, 6, 3]  (32, 42)
200_3___14__    11   1  [0, 3, 3, 0, 0, 2, 1, 0, 6, 1, 1]  (28, 42)
200_5___14__    11   1  [0, 3, 3, 0, 0, 2, 1, 0, 1, 4, 3]  (24, 42)
300_5___14__    11   1  [0, 3, 3, 0, 0, 2, 1, 0, 1, 4, 3]  (30, 42)
300_1___14__    10   1  [0, 3, 3, 0, 0, 2, 2, 1, 4, 3]  (33, 42)
300_3___14__    10   1  [0, 3, 3, 0, 0, 2, 1, 0, 6, 3]  (21, 42)
part_in:(24, 31), all_in:(32, 42), all_out:(24, 42)
gap56
200_2___19__    15   0  [1, 2, 1, 1, 1, 0, 1, 1, 0, 2, 0, 0, 2, 0, 2]  (1, 3)
200_3___19__    14   0  [1, 0, 1, 1, 1, 1, 0, 3, 0, 2, 0, 0, 2, 3]  (1, 5)
200_4___19__    14   0  [1, 0, 1, 3, 1, 0, 1, 1, 0, 2, 1, 2, 0, 2]  (1, 5)
300_1___19__    14   0  [1, 0, 1, 3, 0, 0, 0, 4, 2, 0, 0, 2, 2, 0]  (1, 3)
300_4___19__    14   0  [1, 0, 1, 1, 1, 1, 0, 3, 0, 0, 1, 0, 0, 6]  (1, 5)
300_5___19__    14   0  [1, 0, 1, 1, 1, 1, 0, 3, 0, 0, 1, 1, 2, 3]  (1, 6)
100_4___19__    13   0  [1, 0, 1, 1, 1, 1, 0, 3, 0, 0, 1, 4, 3]  (1, 2)
200_1___19__    13   0  [1, 2, 1, 1, 1, 0, 1, 1, 0, 2, 1, 2, 3]  (1, 2)
200_5___19__    13   0  [1, 0, 1, 3, 1, 0, 3, 0, 2, 1, 2, 0, 2]  (1, 6)
300_2___19__    13   0  [1, 0, 1, 1, 1, 1, 0, 3, 0, 2, 1, 2, 3]  (1, 4)
100_2___19__    12   0  [1, 0, 1, 1, 1, 1, 0, 3, 0, 2, 4, 3]  (1, 2)
100_3___19__    12   0  [1, 0, 1, 1, 1, 1, 0, 4, 0, 1, 4, 3]  (1, 1)
100_5___19__    12   0  [1, 0, 1, 1, 1, 1, 0, 3, 0, 2, 4, 3]  (1, 1)
300_3___19__    11   0  [1, 0, 1, 3, 1, 0, 4, 2, 1, 2, 3]  (1, 5)
100_1___19__    10   0  [1, 0, 1, 1, 1, 1, 0, 4, 2, 8]  (1, 3)
part_in:(3, 6), all_in:(1, 2), all_out:(1, 6)
gap16
200_3___11__    14   1  [0, 1, 0, 0, 5, 0, 1, 0, 0, 4, 1, 1, 0, 1]  (20, 31)
200_4___11__    14   1  [0, 1, 0, 0, 5, 0, 1, 0, 0, 4, 1, 1, 0, 1]  (20, 31)
200_1___11__    13   1  [0, 1, 0, 0, 5, 0, 1, 1, 4, 1, 1, 0, 1]  (19, 31)
200_2___11__    13   1  [0, 1, 0, 0, 5, 0, 2, 0, 4, 1, 1, 0, 1]  (20, 31)
200_5___11__    13   1  [0, 1, 0, 0, 5, 0, 1, 1, 4, 1, 1, 0, 1]  (22, 31)
100_1___11__    12   1  [0, 1, 0, 0, 5, 0, 1, 1, 4, 3, 0, 1]  (19, 31)
100_2___11__    12   1  [0, 1, 0, 0, 5, 0, 1, 1, 4, 1, 2, 1]  (18, 31)
100_3___11__    12   1  [0, 1, 0, 0, 5, 0, 1, 1, 4, 1, 2, 1]  (17, 31)
100_4___11__    12   1  [0, 1, 0, 0, 5, 0, 1, 1, 4, 1, 2, 1]  (18, 31)
100_5___11__    12   1  [0, 1, 0, 0, 5, 0, 1, 1, 4, 1, 2, 1]  (18, 31)
300_1___11__    12   1  [0, 1, 0, 0, 5, 0, 1, 1, 4, 3, 0, 1]  (22, 31)
300_2___11__    12   1  [0, 1, 0, 0, 5, 0, 1, 1, 4, 3, 0, 1]  (18, 31)
300_3___11__    12   1  [0, 1, 0, 0, 5, 0, 1, 1, 4, 3, 0, 1]  (17, 31)
300_5___11__    12   1  [0, 1, 0, 0, 5, 0, 1, 1, 4, 3, 0, 1]  (20, 31)
300_4___11__    11   1  [0, 1, 0, 0, 5, 0, 3, 4, 3, 0, 1]  (17, 31)
part_in:(17, 21), all_in:(22, 31), all_out:(17, 31)
blue_sort
100_4___23__    15   2  [0, 0, 2, 2, 0, 1, 2, 0, 1, 1, 0, 1, 0, 0, 2]  (9, 12)
100_1___23__    14   2  [0, 2, 0, 2, 0, 1, 2, 0, 1, 1, 0, 1, 0, 3]  (9, 11)
100_3___23__    14   2  [0, 3, 2, 0, 1, 2, 0, 1, 1, 0, 1, 0, 0, 2]  (9, 10)
100_2___23__    13   2  [0, 3, 2, 0, 1, 2, 0, 1, 1, 0, 1, 0, 3]  (9, 11)
300_2___23__    13   2  [0, 3, 1, 0, 0, 1, 3, 1, 1, 0, 2, 0, 2]  (7, 9)
200_1___23__    12   2  [0, 5, 0, 2, 1, 1, 1, 1, 0, 1, 0, 3]  (9, 9)
200_2___23__    12   2  [0, 3, 3, 1, 1, 1, 1, 1, 0, 1, 0, 3]  (9, 13)
200_5___23__    12   1  [1, 3, 2, 2, 2, 0, 1, 1, 0, 1, 0, 3]  (9, 10)
300_1___23__    12   2  [0, 3, 2, 0, 1, 3, 1, 1, 0, 2, 0, 2]  (7, 9)
300_5___23__    12   0  [2, 0, 2, 2, 2, 2, 0, 1, 2, 2, 0, 2]  (9, 9)
100_5___23__    11   2  [0, 3, 3, 1, 2, 0, 1, 2, 1, 0, 3]  (9, 11)
200_3___23__    11   2  [0, 3, 3, 1, 1, 1, 3, 0, 1, 0, 3]  (7, 9)
200_4___23__    11   2  [0, 3, 5, 1, 0, 0, 3, 0, 1, 0, 3]  (9, 14)
300_3___23__    11   2  [0, 3, 2, 0, 1, 3, 3, 0, 2, 0, 2]  (8, 9)
300_4___23__    11   2  [0, 3, 2, 2, 2, 0, 3, 0, 2, 0, 2]  (8, 9)
part_in:(7, 14), all_in:(9, 9), all_out:(7, 14)
ball_column
100_3___21__    17   0  [0, 2, 0, 0, 1, 0, 1, 3, 0, 1, 0, 0, 2, 1, 0, 1, 0]  (2, 4)
100_4___21__    16   0  [0, 2, 0, 0, 1, 2, 3, 0, 1, 0, 0, 2, 1, 0, 1, 0]  (2, 4)
100_5___21__    16   0  [0, 2, 0, 0, 1, 0, 1, 4, 1, 0, 0, 2, 1, 0, 1, 0]  (2, 3)
300_2___21__    16   0  [0, 2, 0, 2, 0, 1, 3, 0, 1, 0, 0, 2, 1, 0, 1, 0]  (2, 2)
300_4___21__    16   0  [0, 2, 1, 1, 0, 1, 3, 0, 1, 0, 0, 2, 1, 0, 1, 0]  (2, 2)
100_2___21__    15   0  [0, 2, 1, 1, 2, 3, 0, 1, 0, 0, 2, 1, 0, 1, 0]  (2, 5)
200_5___21__    15   0  [0, 2, 1, 1, 2, 3, 0, 1, 0, 0, 2, 1, 0, 1, 0]  (2, 3)
300_1___21__    15   0  [0, 2, 0, 0, 1, 2, 3, 0, 1, 0, 0, 2, 1, 0, 2]  (2, 3)
300_5___21__    15   0  [0, 2, 0, 0, 1, 0, 1, 4, 1, 0, 0, 4, 0, 1, 0]  (2, 3)
100_1___21__    14   0  [0, 2, 1, 1, 2, 3, 0, 1, 0, 0, 2, 1, 0, 2]  (2, 4)
300_3___21__    14   0  [0, 2, 1, 1, 0, 1, 3, 0, 1, 0, 0, 4, 0, 2]  (2, 3)
200_1___21__    13   0  [0, 2, 1, 1, 6, 0, 1, 0, 0, 2, 1, 0, 2]  (2, 2)
200_2___21__    13   0  [0, 2, 1, 1, 6, 0, 1, 0, 0, 2, 1, 0, 2]  (2, 2)
200_4___21__    13   0  [0, 2, 1, 1, 2, 3, 2, 0, 0, 2, 1, 0, 2]  (2, 2)
200_3___21__    12   0  [0, 2, 1, 1, 6, 2, 0, 0, 2, 1, 0, 2]  (2, 2)
part_in:(4, 5), all_in:(2, 3), all_out:(2, 5)
less5
200_4___1__    17   1  [0, 0, 0, 2, 1, 0, 0, 3, 0, 0, 0, 0, 0, 1, 0, 0, 4]  (1, 12)
100_4___1__    16   1  [0, 0, 0, 0, 1, 1, 0, 0, 3, 0, 0, 1, 2, 0, 0, 4]  (0, 12)
200_5___1__    16   1  [0, 0, 0, 2, 1, 0, 0, 3, 0, 0, 0, 0, 0, 1, 1, 4]  (0, 12)
100_3___1__    15   1  [0, 0, 1, 1, 1, 0, 0, 4, 0, 0, 0, 2, 0, 0, 4]  (0, 12)
200_2___1__    15   1  [0, 0, 3, 1, 0, 0, 3, 0, 0, 1, 2, 0, 0, 2, 1]  (2, 12)
200_3___1__    15   1  [0, 0, 3, 1, 0, 0, 3, 0, 0, 1, 0, 1, 0, 0, 4]  (0, 12)
300_5___1__    15   1  [0, 0, 0, 0, 1, 1, 0, 0, 4, 0, 1, 0, 1, 1, 4]  (2, 12)
100_5___1__    14   1  [0, 0, 0, 0, 1, 1, 1, 3, 0, 0, 1, 2, 1, 4]  (0, 12)
300_1___1__    14   1  [0, 0, 0, 2, 1, 1, 3, 0, 0, 1, 0, 1, 1, 4]  (2, 12)
300_3___1__    14   1  [0, 0, 0, 2, 1, 1, 3, 0, 0, 1, 0, 1, 1, 4]  (1, 12)
300_4___1__    14   1  [0, 0, 0, 2, 1, 1, 3, 0, 0, 1, 0, 1, 1, 4]  (1, 12)
100_1___1__    13   1  [0, 2, 1, 1, 0, 0, 4, 0, 0, 0, 2, 1, 4]  (0, 12)
100_2___1__    13   1  [0, 2, 1, 1, 0, 0, 4, 0, 0, 3, 0, 0, 4]  (0, 12)
200_1___1__    13   1  [5, 0, 0, 0, 0, 3, 0, 0, 1, 0, 1, 1, 4]  (1, 12)
300_2___1__    13   1  [1, 0, 2, 1, 0, 0, 4, 0, 1, 0, 1, 1, 4]  (2, 12)
part_in:(0, 1), all_in:(2, 12), all_out:(0, 12)
less10
300_5___4__    19   3  [0, 0, 0, 1, 0, 0, 0, 1, 1, 1, 0, 0, 0, 2, 1, 0, 0, 0, 0]  (0, 2)
200_3___4__    17   4  [1, 0, 0, 0, 0, 2, 1, 1, 0, 1, 0, 1, 1, 0, 0, 0, 0]  (0, 0)
300_4___4__    17   3  [0, 1, 1, 0, 0, 2, 1, 1, 0, 0, 0, 2, 1, 0, 0, 0, 0]  (0, 2)
100_3___4__    16   1  [2, 1, 1, 0, 5, 1, 0, 1, 0, 0, 0, 1, 0, 0, 0, 0]  (0, 2)
100_5___4__    16   4  [0, 2, 0, 1, 1, 1, 1, 0, 0, 2, 0, 1, 0, 0, 0, 0]  (0, 1)
200_4___4__    16   4  [1, 1, 0, 1, 1, 1, 1, 0, 0, 0, 2, 1, 0, 0, 0, 0]  (0, 1)
100_2___4__    15   1  [2, 3, 0, 3, 1, 1, 0, 1, 1, 0, 1, 0, 0, 0, 0]  (0, 2)
200_5___4__    15   4  [3, 0, 0, 0, 1, 1, 1, 0, 0, 3, 1, 0, 0, 0, 0]  (0, 1)
100_4___4__    14   4  [3, 0, 3, 1, 1, 0, 0, 0, 2, 1, 0, 0, 0, 0]  (0, 2)
200_1___4__    14   4  [0, 2, 0, 3, 1, 1, 0, 0, 0, 2, 1, 0, 0, 1]  (0, 1)
300_3___4__    14   3  [0, 1, 1, 0, 5, 1, 0, 0, 3, 1, 0, 0, 0, 0]  (0, 1)
100_1___4__    13   4  [3, 0, 3, 1, 2, 1, 1, 0, 1, 0, 0, 0, 0]  (0, 2)
200_2___4__    13   4  [3, 0, 3, 1, 1, 0, 0, 3, 1, 0, 0, 0, 0]  (0, 0)
300_1___4__    13   4  [1, 1, 0, 3, 1, 1, 0, 1, 2, 1, 0, 0, 1]  (0, 2)
300_2___4__    13   4  [3, 0, 3, 1, 1, 0, 0, 0, 2, 1, 0, 0, 1]  (0, 2)
part_in:(2, 2), all_in:(0, 1), all_out:(0, 2)
row1
100_3___5__    18   1  [0, 0, 0, 1, 1, 1, 0, 3, 0, 0, 1, 0, 1, 0, 1, 1, 0, 0]  (0, 6)
200_5___5__    18   1  [0, 0, 0, 2, 0, 1, 0, 0, 2, 0, 0, 1, 0, 0, 0, 0, 1, 3]  (1, 6)
300_4___5__    18   1  [0, 0, 0, 3, 0, 0, 0, 0, 2, 0, 0, 1, 0, 1, 0, 0, 0, 3]  (0, 6)
100_4___5__    17   1  [0, 0, 0, 3, 1, 0, 0, 2, 0, 0, 1, 0, 1, 0, 1, 2, 0]  (0, 6)
200_3___5__    17   1  [0, 0, 3, 0, 1, 0, 0, 2, 0, 0, 1, 0, 0, 0, 0, 1, 3]  (1, 6)
200_4___5__    17   1  [0, 0, 0, 3, 1, 0, 0, 2, 0, 0, 1, 0, 0, 0, 0, 1, 3]  (1, 6)
300_3___5__    17   1  [0, 0, 4, 0, 0, 0, 0, 1, 0, 0, 0, 1, 0, 1, 0, 1, 3]  (1, 6)
300_5___5__    17   1  [0, 0, 4, 0, 0, 0, 0, 1, 0, 0, 0, 1, 0, 1, 0, 1, 3]  (0, 6)
100_1___5__    16   1  [0, 0, 0, 3, 1, 0, 3, 0, 0, 1, 0, 1, 0, 1, 1, 1]  (0, 6)
200_2___5__    16   1  [0, 0, 4, 1, 0, 0, 2, 0, 0, 1, 0, 0, 0, 0, 1, 3]  (0, 6)
300_2___5__    16   1  [0, 0, 4, 1, 0, 0, 2, 0, 0, 1, 0, 1, 0, 1, 1, 1]  (0, 6)
100_2___5__    15   1  [0, 0, 0, 3, 1, 4, 0, 0, 1, 0, 1, 0, 1, 1, 1]  (0, 6)
100_5___5__    15   1  [0, 0, 0, 3, 1, 1, 2, 0, 0, 1, 0, 1, 2, 2, 0]  (0, 6)
300_1___5__    15   1  [0, 0, 4, 1, 0, 0, 2, 0, 0, 1, 0, 1, 0, 1, 3]  (0, 6)
200_1___5__    14   1  [0, 0, 4, 1, 0, 0, 2, 0, 2, 0, 1, 0, 1, 3]  (0, 6)
part_in:(0, 0), all_in:(1, 6), all_out:(0, 6)
row4
300_4___8__    21   0  [0, 1, 0, 0, 1, 0, 0, 0, 0, 1, 0, 1, 1, 0, 2, 0, 1, 0, 0, 0, 0]  (0, 1)
300_5___8__    21   0  [0, 1, 0, 0, 1, 0, 0, 0, 0, 1, 0, 1, 1, 0, 2, 0, 1, 0, 0, 0, 0]  (0, 1)
100_5___8__    19   0  [0, 1, 0, 2, 0, 0, 0, 2, 0, 1, 1, 0, 2, 0, 1, 0, 0, 0, 0]  (0, 0)
300_3___8__    19   0  [0, 1, 0, 2, 0, 0, 0, 0, 1, 0, 1, 1, 0, 2, 0, 1, 1, 0, 0]  (0, 1)
100_1___8__    18   0  [0, 1, 0, 2, 0, 1, 2, 0, 1, 1, 0, 2, 0, 1, 0, 0, 0, 0]  (0, 0)
100_2___8__    18   0  [0, 1, 0, 2, 0, 0, 0, 2, 0, 3, 0, 2, 0, 1, 0, 0, 0, 0]  (0, 0)
100_3___8__    18   0  [0, 1, 0, 2, 0, 0, 0, 2, 0, 3, 0, 2, 0, 1, 0, 0, 0, 0]  (0, 0)
100_4___8__    18   0  [0, 1, 0, 2, 0, 0, 0, 2, 0, 3, 0, 2, 0, 1, 0, 0, 0, 0]  (0, 0)
200_5___8__    18   0  [0, 1, 0, 2, 0, 1, 2, 0, 1, 1, 0, 2, 0, 1, 0, 0, 0, 0]  (0, 0)
300_1___8__    17   0  [2, 0, 2, 0, 1, 0, 1, 2, 1, 0, 2, 0, 1, 0, 0, 0, 0]  (0, 0)
300_2___8__    17   0  [0, 1, 0, 2, 0, 1, 0, 1, 2, 1, 0, 2, 0, 1, 1, 0, 0]  (0, 1)
200_1___8__    16   0  [2, 0, 2, 0, 1, 2, 0, 3, 0, 2, 0, 1, 0, 0, 0, 0]  (0, 0)
200_2___8__    16   0  [2, 0, 2, 0, 1, 2, 0, 3, 0, 2, 0, 1, 0, 0, 0, 0]  (0, 0)
200_4___8__    16   0  [2, 0, 2, 0, 1, 2, 0, 3, 0, 2, 0, 1, 0, 0, 0, 0]  (0, 1)
200_3___8__    15   0  [2, 0, 2, 0, 1, 2, 0, 4, 2, 0, 1, 0, 0, 0, 0]  (0, 0)
part_in:(2, 1), all_in:(0, 1), all_out:(0, 1)
ball
100_1___20__    20   0  [0, 2, 0, 0, 1, 0, 0, 0, 3, 0, 0, 0, 0, 0, 1, 0, 2, 0, 0, 0]  (1, 2)
100_2___20__    19   0  [0, 2, 0, 0, 2, 0, 0, 3, 0, 0, 0, 0, 0, 1, 0, 2, 0, 0, 0]  (1, 2)
100_4___20__    19   1  [2, 0, 0, 1, 0, 0, 0, 3, 0, 0, 0, 0, 0, 1, 0, 2, 0, 0, 0]  (1, 2)
100_5___20__    19   1  [2, 0, 0, 1, 0, 0, 0, 3, 0, 0, 0, 0, 0, 1, 0, 2, 0, 0, 0]  (1, 1)
200_2___20__    19   1  [0, 1, 0, 0, 1, 0, 0, 0, 3, 0, 0, 0, 0, 0, 1, 0, 2, 0, 1]  (1, 2)
200_3___20__    19   1  [0, 1, 0, 0, 2, 0, 0, 3, 0, 0, 0, 0, 0, 1, 0, 2, 0, 0, 0]  (1, 2)
200_4___20__    19   1  [0, 2, 0, 1, 0, 0, 0, 3, 0, 0, 0, 0, 0, 1, 0, 2, 0, 0, 0]  (1, 2)
300_5___20__    19   1  [1, 1, 0, 1, 0, 0, 0, 3, 0, 0, 0, 0, 0, 1, 0, 2, 0, 0, 0]  (1, 1)
100_3___20__    18   1  [2, 0, 0, 2, 0, 0, 3, 0, 0, 0, 0, 0, 1, 0, 2, 0, 0, 0]  (1, 2)
200_5___20__    18   1  [0, 2, 0, 2, 0, 0, 3, 0, 0, 0, 0, 0, 1, 0, 2, 0, 0, 0]  (1, 2)
300_1___20__    18   1  [2, 0, 0, 1, 0, 0, 0, 3, 0, 0, 0, 0, 0, 1, 0, 3, 0, 0]  (1, 1)
300_2___20__    18   1  [3, 0, 1, 0, 0, 0, 3, 0, 0, 0, 0, 0, 1, 0, 2, 0, 0, 0]  (1, 1)
300_3___20__    18   1  [1, 1, 0, 1, 0, 0, 0, 3, 0, 0, 0, 0, 0, 1, 3, 0, 0, 0]  (1, 1)
300_4___20__    18   1  [1, 1, 0, 1, 0, 0, 0, 3, 0, 0, 0, 0, 0, 1, 3, 0, 0, 0]  (1, 1)
200_1___20__    17   1  [2, 0, 0, 2, 0, 0, 3, 0, 0, 0, 0, 0, 1, 0, 2, 0, 1]  (1, 2)
part_in:(3, 2), all_in:(1, 2), all_out:(1, 2)
