D:\code\torch\venv\Scripts\python.exe D:\code\torch\two\analyse\find_all_low.py 
157
less5
{0: 63, 1: 62, 2: 58, 3: 59, 4: 57, 5: 60, 6: 56, 7: 53, 8: 59, 9: 58, 10: 54, 11: 52, 12: 55, 13: 51, 14: 53}
[(0, 63), (1, 62), (5, 60), (3, 59), (8, 59), (2, 58), (9, 58), (4, 57), (6, 56), (12, 55), (10, 54), (7, 53), (14, 53), (11, 52), (13, 51)]
less8
{0: 54, 1: 49, 2: 53, 3: 57, 4: 53, 5: 59, 6: 54, 7: 53, 8: 54, 9: 54, 10: 53, 11: 55, 12: 43, 13: 50, 14: 50}
[(5, 59), (3, 57), (11, 55), (0, 54), (6, 54), (8, 54), (9, 54), (2, 53), (4, 53), (7, 53), (10, 53), (13, 50), (14, 50), (1, 49), (12, 43)]
less9
{0: 53, 1: 51, 2: 50, 3: 50, 4: 48, 5: 47, 6: 47, 7: 45, 8: 51, 9: 43, 10: 50, 11: 49, 12: 51, 13: 45, 14: 43}
[(0, 53), (1, 51), (8, 51), (12, 51), (2, 50), (3, 50), (10, 50), (11, 49), (4, 48), (5, 47), (6, 47), (7, 45), (13, 45), (9, 43), (14, 43)]
less10
{0: 63, 1: 62, 2: 63, 3: 61, 4: 67, 5: 60, 6: 66, 7: 59, 8: 65, 9: 59, 10: 64, 11: 59, 12: 63, 13: 62, 14: 68}
[(14, 68), (4, 67), (6, 66), (8, 65), (10, 64), (0, 63), (2, 63), (12, 63), (1, 62), (13, 62), (3, 61), (5, 60), (7, 59), (9, 59), (11, 59)]
row1
{0: 83, 1: 76, 2: 73, 3: 74, 4: 80, 5: 76, 6: 78, 7: 74, 8: 70, 9: 74, 10: 70, 11: 72, 12: 74, 13: 74, 14: 72}
[(0, 83), (4, 80), (6, 78), (1, 76), (5, 76), (3, 74), (7, 74), (9, 74), (12, 74), (13, 74), (2, 73), (11, 72), (14, 72), (8, 70), (10, 70)]
row2
{0: 49, 1: 51, 2: 51, 3: 51, 4: 49, 5: 51, 6: 51, 7: 49, 8: 52, 9: 46, 10: 50, 11: 47, 12: 50, 13: 49, 14: 46}
[(8, 52), (1, 51), (2, 51), (3, 51), (5, 51), (6, 51), (10, 50), (12, 50), (0, 49), (4, 49), (7, 49), (13, 49), (11, 47), (9, 46), (14, 46)]
row3
{0: 50, 1: 55, 2: 49, 3: 47, 4: 56, 5: 46, 6: 51, 7: 47, 8: 57, 9: 48, 10: 42, 11: 46, 12: 53, 13: 55, 14: 45}
[(8, 57), (4, 56), (1, 55), (13, 55), (12, 53), (6, 51), (0, 50), (2, 49), (9, 48), (3, 47), (7, 47), (5, 46), (11, 46), (14, 45), (10, 42)]
row4
{0: 67, 1: 66, 2: 63, 3: 67, 4: 66, 5: 62, 6: 61, 7: 59, 8: 66, 9: 64, 10: 61, 11: 59, 12: 59, 13: 62, 14: 54}
[(0, 67), (3, 67), (1, 66), (4, 66), (8, 66), (9, 64), (2, 63), (5, 62), (13, 62), (6, 61), (10, 61), (7, 59), (11, 59), (12, 59), (14, 54)]
sum16
{0: 51, 1: 60, 2: 60, 3: 59, 4: 62, 5: 63, 6: 55, 7: 53, 8: 53, 9: 53, 10: 51, 11: 50, 12: 53, 13: 54, 14: 53}
[(5, 63), (4, 62), (1, 60), (2, 60), (3, 59), (6, 55), (13, 54), (7, 53), (8, 53), (9, 53), (12, 53), (14, 53), (0, 51), (10, 51), (11, 50)]
gap16
{0: 54, 1: 50, 2: 50, 3: 51, 4: 52, 5: 54, 6: 51, 7: 47, 8: 49, 9: 50, 10: 44, 11: 52, 12: 45, 13: 48, 14: 51}
[(0, 54), (5, 54), (4, 52), (11, 52), (3, 51), (6, 51), (14, 51), (1, 50), (2, 50), (9, 50), (8, 49), (13, 48), (7, 47), (12, 45), (10, 44)]
sum25
{0: 49, 1: 44, 2: 46, 3: 53, 4: 47, 5: 38, 6: 46, 7: 44, 8: 43, 9: 48, 10: 51, 11: 45, 12: 49, 13: 44, 14: 48}
[(3, 53), (10, 51), (0, 49), (12, 49), (9, 48), (14, 48), (4, 47), (2, 46), (6, 46), (11, 45), (1, 44), (7, 44), (13, 44), (8, 43), (5, 38)]
gap25
{0: 43, 1: 41, 2: 41, 3: 43, 4: 50, 5: 41, 6: 46, 7: 54, 8: 44, 9: 45, 10: 47, 11: 42, 12: 45, 13: 49, 14: 45}
[(7, 54), (4, 50), (13, 49), (10, 47), (6, 46), (9, 45), (12, 45), (14, 45), (8, 44), (0, 43), (3, 43), (11, 42), (1, 41), (2, 41), (5, 41)]
sum34
{0: 60, 1: 52, 2: 56, 3: 47, 4: 51, 5: 49, 6: 51, 7: 54, 8: 55, 9: 46, 10: 51, 11: 55, 12: 51, 13: 51, 14: 48}
[(0, 60), (2, 56), (8, 55), (11, 55), (7, 54), (1, 52), (4, 51), (6, 51), (10, 51), (12, 51), (13, 51), (5, 49), (14, 48), (3, 47), (9, 46)]
gap12
{0: 50, 1: 41, 2: 44, 3: 45, 4: 46, 5: 52, 6: 52, 7: 55, 8: 48, 9: 48, 10: 54, 11: 46, 12: 48, 13: 46, 14: 57}
[(14, 57), (7, 55), (10, 54), (5, 52), (6, 52), (0, 50), (8, 48), (9, 48), (12, 48), (4, 46), (11, 46), (13, 46), (3, 45), (2, 44), (1, 41)]
gap23
{0: 54, 1: 51, 2: 57, 3: 47, 4: 50, 5: 40, 6: 47, 7: 53, 8: 49, 9: 49, 10: 46, 11: 54, 12: 48, 13: 42, 14: 47}
[(2, 57), (0, 54), (11, 54), (7, 53), (1, 51), (4, 50), (8, 49), (9, 49), (12, 48), (3, 47), (6, 47), (14, 47), (10, 46), (13, 42), (5, 40)]
gap34
{0: 49, 1: 48, 2: 46, 3: 56, 4: 50, 5: 47, 6: 51, 7: 47, 8: 58, 9: 57, 10: 54, 11: 47, 12: 53, 13: 55, 14: 50}
[(8, 58), (9, 57), (3, 56), (13, 55), (10, 54), (12, 53), (6, 51), (4, 50), (14, 50), (0, 49), (1, 48), (5, 47), (7, 47), (11, 47), (2, 46)]
gap45
{0: 68, 1: 57, 2: 58, 3: 61, 4: 64, 5: 64, 6: 63, 7: 64, 8: 64, 9: 70, 10: 58, 11: 60, 12: 64, 13: 60, 14: 61}
[(9, 70), (0, 68), (4, 64), (5, 64), (7, 64), (8, 64), (12, 64), (6, 63), (3, 61), (14, 61), (11, 60), (13, 60), (2, 58), (10, 58), (1, 57)]
gap56
{0: 69, 1: 74, 2: 72, 3: 74, 4: 69, 5: 72, 6: 68, 7: 65, 8: 67, 9: 68, 10: 67, 11: 64, 12: 61, 13: 70, 14: 64}
[(1, 74), (3, 74), (2, 72), (5, 72), (13, 70), (0, 69), (4, 69), (6, 68), (9, 68), (8, 67), (10, 67), (7, 65), (11, 64), (14, 64), (12, 61)]
ball
{0: 80, 1: 86, 2: 82, 3: 87, 4: 80, 5: 78, 6: 78, 7: 81, 8: 79, 9: 73, 10: 75, 11: 74, 12: 82, 13: 73, 14: 74}
[(3, 87), (1, 86), (2, 82), (12, 82), (7, 81), (0, 80), (4, 80), (8, 79), (5, 78), (6, 78), (10, 75), (11, 74), (14, 74), (9, 73), (13, 73)]
ball_number
{0: 58, 1: 52, 2: 52, 3: 47, 4: 47, 5: 42, 6: 47, 7: 52, 8: 54, 9: 42, 10: 50, 11: 36, 12: 42, 13: 45, 14: 44}
[(0, 58), (8, 54), (1, 52), (2, 52), (7, 52), (10, 50), (3, 47), (4, 47), (6, 47), (13, 45), (14, 44), (5, 42), (9, 42), (12, 42), (11, 36)]
blue_sort
{0: 50, 1: 47, 2: 50, 3: 51, 4: 55, 5: 49, 6: 50, 7: 51, 8: 43, 9: 49, 10: 51, 11: 42, 12: 47, 13: 47, 14: 49}
[(4, 55), (3, 51), (7, 51), (10, 51), (0, 50), (2, 50), (6, 50), (5, 49), (9, 49), (14, 49), (1, 47), (12, 47), (13, 47), (8, 43), (11, 42)]

Process finished with exit code 0
