30
less5
400_4___1__    14   0  [0, 0, 5, 0, 2, 0, 0, 0, 0, 0, 3, 2, 2, 1]  (4, 4)
400_5___1__    13   0  [0, 5, 0, 0, 2, 0, 0, 0, 0, 4, 2, 2, 1]  (4, 7)
600_4___1__    13   0  [0, 6, 0, 0, 0, 0, 0, 0, 2, 1, 4, 2, 1]  (3, 4)
400_3___1__    12   0  [0, 0, 5, 1, 1, 0, 0, 0, 0, 7, 2, 1]  (2, 4)
1000_5___1__    12   0  [0, 0, 2, 2, 0, 2, 0, 0, 0, 8, 2, 1]  (4, 4)
1000_4___1__    11   0  [1, 5, 0, 0, 1, 0, 0, 0, 8, 2, 1]  (3, 4)
400_1___1__    10   0  [0, 0, 2, 2, 3, 0, 0, 6, 5, 1]  (4, 4)
400_2___1__    10   0  [0, 0, 5, 3, 0, 0, 6, 2, 2, 1]  (4, 5)
600_5___1__    10   1  [6, 0, 1, 0, 0, 0, 6, 2, 2, 1]  (2, 4)
1000_1___1__    10   0  [1, 2, 2, 1, 2, 0, 4, 4, 2, 1]  (2, 4)
1000_2___1__    10   0  [0, 0, 5, 1, 1, 0, 0, 9, 2, 1]  (4, 5)
1000_3___1__    10   0  [1, 5, 0, 0, 1, 0, 0, 9, 2, 1]  (2, 4)
600_1___1__    9   1  [3, 2, 1, 1, 0, 0, 4, 7, 1]  (3, 4)
600_3___1__    9   0  [7, 1, 1, 0, 0, 0, 8, 2, 1]  (2, 4)
600_2___1__    8   1  [6, 1, 1, 0, 0, 9, 2, 1]  (0, 4)
part_in:(2, 7), all_in:(4, 4), all_out:(2, 7)
less8
1000_3___2__    13   1  [0, 3, 2, 3, 1, 0, 0, 1, 3, 0, 0, 2, 0]  (16, 17)
400_3___2__    12   1  [4, 0, 1, 3, 1, 0, 0, 1, 3, 0, 0, 3]  (15, 16)
600_2___2__    12   2  [2, 0, 2, 3, 1, 0, 2, 3, 0, 0, 2, 0]  (16, 18)
600_3___2__    12   1  [4, 2, 2, 0, 1, 0, 0, 1, 3, 0, 0, 3]  (16, 17)
400_4___2__    11   6  [2, 0, 4, 0, 0, 1, 1, 1, 0, 0, 3]  (14, 16)
400_5___2__    11   9  [2, 2, 0, 0, 1, 1, 1, 0, 0, 2, 0]  (12, 16)
1000_4___2__    11   0  [1, 3, 2, 5, 1, 1, 3, 0, 0, 2, 0]  (15, 16)
400_2___2__    10   6  [2, 1, 1, 1, 0, 2, 3, 0, 0, 3]  (15, 16)
600_1___2__    10   5  [0, 6, 0, 0, 1, 1, 3, 0, 0, 3]  (16, 16)
600_4___2__    10   6  [6, 0, 0, 0, 0, 1, 3, 0, 0, 3]  (14, 16)
600_5___2__    10   5  [0, 6, 0, 0, 1, 1, 3, 0, 0, 3]  (12, 16)
1000_1___2__    10   2  [2, 3, 3, 1, 3, 3, 0, 0, 2, 0]  (15, 16)
1000_2___2__    10   2  [3, 2, 3, 1, 3, 3, 0, 0, 2, 0]  (13, 16)
1000_5___2__    8   2  [12, 0, 0, 1, 3, 0, 0, 3]  (14, 16)
400_1___2__    7   5  [0, 4, 3, 7, 0, 0, 3]  (16, 17)
part_in:(12, 18), all_in:(16, 16), all_out:(12, 18)
less9
600_3___3__    12   0  [4, 0, 3, 1, 0, 0, 0, 1, 2, 3, 2, 1]  (8, 14)
400_4___3__    11   0  [1, 3, 5, 0, 0, 0, 1, 2, 3, 2, 1]  (8, 10)
400_5___3__    11   0  [1, 3, 5, 0, 0, 0, 1, 2, 3, 2, 1]  (7, 8)
1000_1___3__    11   0  [1, 2, 0, 5, 0, 0, 0, 4, 3, 2, 1]  (8, 12)
1000_3___3__    11   0  [0, 4, 2, 2, 0, 0, 0, 4, 3, 2, 1]  (8, 16)
1000_5___3__    11   0  [1, 2, 0, 2, 2, 0, 0, 0, 8, 2, 1]  (8, 13)
400_2___3__    10   0  [1, 3, 5, 0, 0, 0, 4, 3, 2, 1]  (8, 9)
400_3___3__    10   0  [1, 3, 5, 0, 0, 0, 4, 3, 2, 1]  (8, 10)
600_4___3__    10   0  [4, 0, 5, 0, 0, 0, 1, 6, 2, 1]  (8, 14)
600_5___3__    10   5  [0, 5, 0, 0, 0, 1, 2, 3, 2, 1]  (8, 14)
1000_4___3__    10   0  [1, 3, 5, 0, 0, 0, 4, 3, 2, 1]  (8, 15)
600_2___3__    9   5  [0, 5, 0, 0, 0, 4, 3, 2, 1]  (8, 14)
1000_2___3__    9   0  [1, 3, 5, 1, 0, 4, 3, 2, 1]  (8, 12)
400_1___3__    8   0  [1, 3, 5, 1, 0, 8, 2, 1]  (8, 10)
600_1___3__    8   5  [0, 5, 0, 0, 0, 8, 2, 1]  (8, 12)
part_in:(7, 16), all_in:(8, 8), all_out:(7, 16)
less10
400_5___4__    17   1  [0, 1, 5, 0, 1, 0, 1, 0, 0, 1, 0, 1, 0, 0, 1, 0, 0]  (1, 5)
400_3___4__    16   1  [0, 1, 5, 0, 1, 2, 0, 0, 0, 0, 0, 1, 0, 0, 1, 1]  (4, 5)
400_4___4__    16   1  [2, 5, 0, 1, 0, 1, 0, 0, 0, 0, 0, 1, 0, 0, 1, 1]  (3, 5)
600_2___4__    15   1  [2, 5, 0, 1, 3, 0, 0, 0, 0, 0, 0, 0, 0, 1, 1]  (3, 5)
600_3___4__    15   1  [2, 5, 0, 1, 0, 2, 0, 0, 0, 1, 0, 0, 0, 1, 1]  (3, 5)
600_5___4__    15   1  [8, 0, 1, 0, 2, 0, 0, 0, 0, 0, 0, 0, 0, 1, 1]  (4, 5)
1000_5___4__    15   1  [1, 0, 5, 0, 1, 0, 3, 0, 0, 0, 1, 0, 0, 1, 1]  (3, 5)
600_1___4__    14   1  [2, 5, 0, 1, 3, 0, 0, 0, 0, 0, 1, 0, 1, 1]  (4, 5)
600_4___4__    14   1  [8, 0, 1, 0, 2, 0, 0, 0, 1, 0, 0, 0, 1, 1]  (4, 5)
400_1___4__    13   1  [0, 1, 5, 0, 1, 4, 1, 0, 0, 1, 0, 1, 1]  (4, 5)
400_2___4__    13   1  [0, 1, 5, 0, 1, 4, 1, 0, 1, 0, 0, 1, 1]  (3, 5)
1000_3___4__    13   1  [8, 0, 1, 4, 0, 0, 0, 1, 0, 0, 1, 0, 0]  (4, 5)
1000_4___4__    13   1  [2, 5, 0, 1, 4, 0, 0, 2, 0, 0, 1, 0, 0]  (3, 5)
1000_1___4__    12   1  [2, 5, 0, 1, 4, 0, 0, 0, 2, 0, 1, 1]  (5, 5)
1000_2___4__    12   1  [8, 0, 1, 4, 0, 1, 1, 0, 0, 1, 0, 0]  (3, 5)
part_in:(1, 3), all_in:(4, 5), all_out:(1, 5)
row1
400_5___5__    17   0  [0, 0, 2, 0, 1, 0, 0, 0, 1, 0, 0, 0, 3, 0, 1, 1, 3]  (1, 1)
400_4___5__    15   0  [0, 0, 2, 0, 1, 0, 1, 1, 0, 0, 0, 3, 0, 1, 5]  (0, 1)
400_1___5__    14   0  [0, 0, 0, 1, 0, 1, 0, 1, 1, 0, 0, 0, 6, 5]  (0, 1)
400_2___5__    14   1  [0, 0, 1, 0, 1, 0, 1, 1, 0, 0, 0, 3, 2, 5]  (1, 1)
600_5___5__    14   0  [0, 0, 2, 0, 1, 0, 1, 1, 0, 0, 0, 0, 5, 5]  (1, 1)
400_3___5__    13   1  [0, 2, 0, 1, 0, 1, 1, 0, 0, 0, 3, 2, 5]  (0, 1)
600_2___5__    13   0  [0, 0, 2, 0, 2, 1, 1, 0, 0, 0, 6, 3, 1]  (0, 1)
600_3___5__    13   0  [0, 0, 2, 0, 2, 1, 1, 0, 0, 0, 0, 5, 5]  (0, 1)
600_4___5__    13   0  [0, 0, 2, 0, 1, 0, 1, 1, 0, 0, 0, 0, 11]  (0, 1)
600_1___5__    11   1  [0, 2, 0, 2, 1, 1, 0, 0, 0, 6, 5]  (0, 1)
1000_1___5__    11   0  [0, 0, 3, 2, 1, 1, 0, 0, 0, 6, 5]  (0, 1)
1000_2___5__    11   1  [0, 2, 2, 0, 1, 1, 0, 0, 0, 6, 5]  (0, 1)
1000_3___5__    11   1  [0, 2, 2, 0, 1, 1, 0, 0, 0, 6, 5]  (1, 1)
1000_4___5__    10   1  [0, 2, 2, 0, 1, 1, 0, 0, 0, 12]  (1, 1)
1000_5___5__    10   1  [0, 5, 0, 1, 1, 0, 0, 0, 6, 5]  (0, 1)
part_in:(0, -1), all_in:(0, 1), all_out:(0, 1)
row2
400_2___6__    11   2  [0, 0, 0, 5, 3, 0, 5, 0, 3, 0, 0]  (31, 31)
400_3___6__    11   0  [2, 0, 0, 5, 1, 2, 3, 2, 3, 0, 0]  (28, 31)
400_4___6__    11   3  [0, 0, 5, 1, 0, 1, 5, 0, 3, 0, 0]  (27, 31)
600_1___6__    11   3  [0, 0, 5, 0, 0, 2, 5, 0, 3, 0, 0]  (31, 33)
600_3___6__    11   2  [0, 0, 0, 5, 1, 2, 5, 0, 3, 0, 0]  (26, 31)
1000_5___6__    11   3  [0, 0, 4, 1, 1, 1, 2, 3, 3, 0, 0]  (27, 31)
400_5___6__    10   3  [0, 0, 4, 0, 1, 2, 6, 3, 0, 0]  (31, 32)
600_2___6__    10   3  [0, 0, 1, 3, 4, 5, 0, 3, 0, 0]  (31, 31)
600_5___6__    10   2  [0, 0, 0, 5, 1, 0, 1, 10, 0, 0]  (31, 31)
600_4___6__    9   2  [0, 0, 0, 5, 1, 0, 1, 11, 0]  (26, 31)
1000_3___6__    9   0  [2, 0, 0, 7, 2, 6, 3, 0, 0]  (24, 31)
1000_2___6__    8   3  [0, 0, 9, 0, 6, 3, 0, 0]  (27, 31)
1000_4___6__    8   3  [0, 0, 4, 1, 3, 6, 4, 0]  (26, 31)
400_1___6__    7   4  [0, 5, 10, 0, 3, 0, 0]  (29, 31)
1000_1___6__    6   3  [0, 0, 17, 3, 0, 0]  (31, 33)
part_in:(24, 33), all_in:(31, 31), all_out:(24, 33)
row3
600_5___7__    13   2  [0, 0, 0, 2, 1, 0, 1, 0, 1, 0, 6, 2, 1]  (14, 16)
400_3___7__    12   0  [1, 0, 0, 0, 2, 2, 1, 2, 0, 2, 6, 1]  (16, 17)
400_5___7__    12   0  [1, 1, 0, 2, 1, 0, 0, 0, 2, 0, 9, 1]  (13, 16)
600_3___7__    12   2  [0, 0, 0, 2, 2, 1, 2, 0, 5, 0, 2, 1]  (16, 20)
1000_3___7__    12   0  [2, 1, 2, 1, 0, 0, 0, 2, 0, 6, 2, 1]  (16, 21)
1000_5___7__    12   2  [0, 0, 0, 2, 1, 0, 0, 3, 0, 5, 0, 4]  (16, 19)
400_4___7__    11   0  [1, 1, 0, 2, 2, 1, 0, 1, 0, 6, 4]  (16, 18)
400_2___7__    10   0  [1, 0, 0, 0, 2, 2, 1, 3, 9, 1]  (15, 16)
600_2___7__    10   2  [0, 0, 0, 2, 2, 1, 2, 7, 2, 1]  (16, 17)
600_4___7__    10   2  [1, 0, 2, 2, 1, 0, 1, 0, 6, 4]  (16, 18)
1000_4___7__    10   5  [2, 1, 0, 0, 0, 2, 0, 5, 0, 4]  (16, 19)
400_1___7__    8   4  [0, 2, 1, 0, 5, 5, 3, 1]  (16, 19)
600_1___7__    8   4  [0, 2, 2, 0, 0, 3, 9, 1]  (14, 16)
1000_1___7__    8   5  [0, 1, 2, 5, 5, 0, 3, 0]  (14, 16)
1000_2___7__    8   2  [2, 2, 2, 1, 2, 7, 2, 1]  (16, 19)
part_in:(13, 21), all_in:(16, 16), all_out:(13, 21)
row4
600_5___8__    18   0  [0, 0, 0, 3, 0, 1, 1, 0, 1, 1, 1, 1, 0, 0, 0, 1, 1, 0]  (2, 3)
400_4___8__    16   0  [1, 0, 3, 0, 1, 0, 1, 1, 1, 1, 2, 0, 0, 1, 1, 0]  (2, 3)
600_4___8__    16   0  [1, 0, 4, 2, 0, 0, 1, 1, 1, 1, 0, 0, 0, 1, 1, 0]  (2, 3)
400_3___8__    15   0  [1, 0, 3, 0, 1, 2, 1, 1, 1, 2, 0, 0, 1, 1, 0]  (2, 3)
400_5___8__    14   0  [0, 0, 0, 3, 0, 4, 1, 1, 1, 3, 0, 1, 1, 0]  (2, 2)
600_1___8__    14   0  [1, 0, 4, 3, 0, 5, 1, 0, 0, 0, 1, 0, 0, 0]  (1, 2)
600_2___8__    14   0  [1, 0, 4, 2, 0, 0, 1, 3, 1, 0, 0, 0, 3, 0]  (0, 2)
600_3___8__    14   0  [2, 3, 0, 2, 0, 0, 1, 3, 2, 0, 0, 1, 1, 0]  (2, 2)
1000_3___8__    14   0  [2, 3, 0, 4, 1, 1, 1, 1, 0, 0, 0, 1, 1, 0]  (2, 2)
1000_5___8__    14   0  [0, 0, 0, 3, 0, 0, 7, 1, 2, 0, 0, 1, 1, 0]  (2, 2)
1000_4___8__    12   0  [2, 3, 0, 6, 1, 1, 2, 0, 0, 1, 1, 0]  (2, 2)
400_2___8__    11   0  [1, 0, 3, 0, 4, 1, 3, 2, 0, 4, 0]  (2, 2)
1000_1___8__    11   0  [2, 3, 0, 6, 3, 1, 0, 0, 2, 1, 0]  (1, 2)
1000_2___8__    11   0  [2, 3, 0, 6, 3, 1, 0, 0, 2, 1, 0]  (2, 2)
400_1___8__    10   0  [2, 3, 0, 4, 1, 3, 2, 0, 4, 0]  (1, 2)
part_in:(0, 3), all_in:(2, 2), all_out:(0, 3)
sum16
1000_3___9__    14   0  [2, 5, 0, 2, 1, 0, 1, 0, 1, 0, 1, 2, 0, 0]  (25, 32)
400_4___9__    13   2  [0, 1, 2, 0, 0, 0, 1, 1, 0, 1, 5, 2, 1]  (32, 39)
600_3___9__    13   0  [2, 0, 0, 0, 3, 0, 3, 0, 2, 2, 1, 2, 1]  (31, 32)
600_4___9__    13   0  [2, 0, 0, 0, 3, 0, 1, 2, 1, 0, 4, 2, 1]  (32, 34)
600_5___9__    13   3  [0, 0, 0, 3, 0, 1, 1, 0, 1, 4, 0, 2, 1]  (32, 34)
1000_4___9__    13   0  [2, 2, 2, 0, 0, 1, 2, 1, 0, 2, 1, 2, 1]  (32, 33)
1000_5___9__    13   0  [0, 1, 1, 3, 0, 0, 4, 1, 0, 2, 1, 2, 1]  (30, 32)
400_5___9__    12   0  [1, 0, 1, 2, 1, 0, 1, 2, 1, 5, 2, 1]  (32, 36)
1000_1___9__    10   3  [1, 0, 4, 1, 2, 1, 0, 4, 2, 1]  (31, 32)
1000_2___9__    9   0  [2, 5, 5, 0, 1, 0, 4, 2, 1]  (29, 32)
400_3___9__    8   3  [1, 4, 0, 3, 0, 7, 2, 1]  (32, 38)
400_2___9__    7   3  [1, 2, 6, 0, 7, 2, 1]  (32, 38)
600_1___9__    7   3  [1, 0, 9, 1, 0, 4, 4]  (32, 32)
600_2___9__    7   3  [1, 0, 4, 4, 7, 2, 1]  (32, 32)
400_1___9__    6   2  [0, 1, 10, 7, 2, 1]  (32, 36)
part_in:(25, 39), all_in:(32, 32), all_out:(25, 39)
gap16
400_5___10__    12   0  [1, 3, 0, 0, 0, 7, 0, 4, 0, 2, 0, 0]  (26, 28)
400_4___10__    11   0  [1, 4, 0, 0, 7, 0, 4, 0, 2, 0, 0]  (21, 28)
400_1___10__    10   0  [1, 2, 1, 1, 7, 0, 5, 1, 0, 1]  (23, 28)
400_2___10__    10   0  [1, 2, 1, 0, 0, 7, 0, 5, 2, 1]  (20, 28)
400_3___10__    9   0  [1, 2, 1, 1, 7, 0, 5, 2, 1]  (19, 28)
600_4___10__    9   0  [1, 5, 0, 7, 0, 2, 2, 2, 1]  (24, 28)
1000_1___10__    9   0  [1, 2, 2, 0, 7, 0, 5, 2, 1]  (25, 28)
1000_3___10__    9   0  [1, 5, 0, 7, 0, 2, 1, 3, 1]  (20, 28)
1000_5___10__    9   0  [1, 2, 0, 1, 0, 7, 0, 5, 4]  (25, 28)
600_3___10__    8   0  [1, 5, 8, 0, 2, 2, 2, 1]  (21, 28)
1000_2___10__    8   0  [1, 5, 0, 8, 5, 2, 0, 0]  (23, 28)
600_1___10__    7   0  [1, 1, 4, 8, 2, 5, 1]  (26, 28)
600_2___10__    7   0  [1, 6, 8, 2, 2, 2, 1]  (20, 28)
600_5___10__    7   0  [1, 6, 7, 0, 5, 2, 1]  (25, 28)
1000_4___10__    7   0  [1, 5, 0, 7, 0, 8, 1]  (22, 28)
part_in:(19, 25), all_in:(26, 28), all_out:(19, 28)
sum25
1000_3___11__    12   0  [2, 0, 5, 1, 0, 1, 4, 0, 2, 0, 0, 2]  (19, 31)
400_5___11__    11   0  [2, 0, 0, 4, 2, 1, 3, 1, 2, 0, 3]  (30, 31)
1000_4___11__    11   0  [2, 0, 4, 0, 1, 0, 6, 0, 2, 0, 3]  (30, 31)
400_4___11__    10   0  [2, 0, 0, 4, 2, 1, 5, 2, 0, 3]  (31, 36)
1000_1___11__    10   3  [0, 0, 0, 3, 2, 5, 0, 0, 2, 4]  (31, 32)
1000_2___11__    10   0  [2, 0, 4, 0, 1, 0, 6, 0, 2, 4]  (28, 31)
600_4___11__    9   0  [2, 0, 0, 4, 2, 1, 5, 2, 4]  (29, 31)
600_5___11__    9   0  [2, 0, 0, 4, 2, 1, 5, 2, 4]  (28, 31)
1000_5___11__    9   0  [3, 0, 4, 1, 0, 4, 1, 4, 3]  (26, 31)
400_3___11__    8   0  [2, 0, 0, 4, 2, 7, 3, 3]  (31, 35)
600_3___11__    8   0  [2, 0, 0, 4, 1, 0, 7, 7]  (26, 31)
600_1___11__    7   3  [0, 0, 4, 2, 7, 2, 4]  (30, 31)
400_1___11__    6   2  [0, 0, 0, 7, 7, 7]  (31, 33)
400_2___11__    6   0  [2, 0, 0, 4, 10, 7]  (31, 34)
600_2___11__    6   3  [0, 5, 1, 0, 7, 7]  (29, 31)
part_in:(19, 36), all_in:(31, 31), all_out:(19, 36)
gap25
1000_1___12__    10   4  [1, 1, 0, 3, 6, 1, 0, 3, 0, 0]  (22, 25)
400_1___12__    8   4  [0, 0, 1, 0, 7, 2, 5, 2]  (20, 25)
600_5___12__    8   4  [1, 1, 0, 7, 2, 2, 4, 0]  (11, 25)
1000_2___12__    8   4  [1, 2, 10, 2, 1, 1, 0, 0]  (15, 25)
1000_4___12__    8   4  [1, 2, 3, 3, 2, 2, 4, 0]  (15, 25)
400_2___12__    7   4  [0, 0, 1, 0, 10, 7, 0]  (15, 25)
400_4___12__    7   4  [1, 2, 7, 2, 5, 1, 0]  (12, 25)
400_5___12__    7   4  [1, 1, 8, 2, 5, 1, 0]  (14, 25)
600_1___12__    7   4  [1, 2, 3, 6, 1, 0, 5]  (21, 25)
600_3___12__    7   4  [1, 1, 4, 3, 2, 2, 5]  (11, 25)
1000_3___12__    7   4  [1, 2, 7, 2, 2, 4, 0]  (9, 25)
600_4___12__    6   4  [1, 6, 3, 2, 2, 5]  (13, 25)
1000_5___12__    6   4  [1, 10, 2, 2, 4, 0]  (11, 25)
400_3___12__    5   4  [1, 9, 0, 10, 0]  (15, 25)
600_2___12__    5   4  [1, 13, 1, 0, 5]  (12, 25)
part_in:(9, 21), all_in:(22, 25), all_out:(9, 25)
sum34
1000_3___13__    11   0  [0, 7, 0, 1, 2, 0, 2, 0, 3, 3, 0]  (21, 34)
1000_4___13__    11   0  [0, 4, 2, 0, 1, 3, 2, 0, 3, 3, 0]  (29, 34)
400_3___13__    10   0  [0, 3, 3, 0, 1, 2, 0, 7, 3, 0]  (34, 37)
400_4___13__    10   0  [0, 2, 0, 3, 0, 4, 0, 7, 3, 0]  (34, 40)
400_5___13__    10   0  [0, 3, 2, 0, 0, 4, 0, 7, 3, 0]  (31, 34)
600_3___13__    10   0  [0, 1, 1, 4, 1, 2, 0, 7, 3, 0]  (28, 34)
1000_2___13__    10   0  [0, 7, 2, 2, 0, 2, 0, 3, 3, 0]  (28, 34)
1000_5___13__    10   0  [0, 1, 1, 3, 0, 5, 2, 4, 3, 0]  (27, 34)
600_5___13__    9   0  [0, 1, 1, 2, 1, 4, 0, 7, 4]  (24, 34)
600_2___13__    8   0  [0, 8, 1, 2, 0, 7, 3, 0]  (25, 34)
600_4___13__    8   0  [0, 3, 4, 4, 0, 7, 3, 0]  (29, 34)
1000_1___13__    8   0  [0, 2, 7, 3, 2, 4, 3, 0]  (32, 34)
400_1___13__    7   1  [1, 0, 0, 10, 7, 3, 0]  (34, 39)
400_2___13__    7   0  [0, 3, 9, 0, 7, 3, 0]  (34, 37)
600_1___13__    7   0  [0, 1, 1, 4, 5, 7, 4]  (34, 34)
part_in:(21, 40), all_in:(34, 34), all_out:(21, 40)
gap12
400_4___14__    14   1  [0, 0, 1, 1, 1, 0, 2, 0, 4, 0, 3, 0, 1, 1]  (1, 2)
400_5___14__    13   1  [0, 0, 1, 1, 1, 0, 2, 0, 4, 0, 3, 0, 3]  (1, 2)
400_2___14__    12   0  [0, 0, 0, 3, 2, 2, 0, 4, 0, 3, 0, 3]  (0, 1)
400_3___14__    12   1  [1, 1, 1, 1, 0, 2, 0, 4, 0, 3, 0, 3]  (0, 1)
600_4___14__    12   0  [0, 1, 3, 1, 0, 2, 0, 5, 3, 0, 1, 1]  (1, 2)
600_5___14__    12   1  [1, 3, 1, 0, 2, 0, 5, 0, 2, 0, 1, 1]  (1, 3)
400_1___14__    11   1  [1, 1, 1, 5, 0, 4, 0, 3, 0, 1, 1]  (0, 1)
1000_1___14__    11   1  [2, 2, 0, 1, 2, 0, 4, 0, 3, 0, 3]  (1, 1)
1000_3___14__    11   0  [0, 1, 3, 1, 0, 2, 0, 5, 3, 2, 1]  (1, 2)
1000_5___14__    11   1  [0, 0, 3, 1, 0, 2, 0, 5, 3, 2, 1]  (1, 5)
600_2___14__    10   0  [0, 0, 4, 2, 3, 5, 3, 0, 1, 1]  (1, 2)
1000_2___14__    10   1  [0, 0, 3, 1, 0, 3, 5, 3, 2, 1]  (1, 3)
600_1___14__    9   1  [3, 1, 2, 3, 5, 3, 0, 1, 1]  (1, 1)
600_3___14__    9   1  [5, 2, 3, 5, 0, 2, 0, 1, 1]  (1, 2)
1000_4___14__    9   1  [1, 3, 1, 0, 2, 0, 5, 3, 4]  (1, 2)
part_in:(0, 5), all_in:(1, 1), all_out:(0, 5)
gap23
400_5___15__    15   0  [0, 1, 1, 0, 4, 0, 0, 2, 1, 1, 2, 0, 2, 0, 0]  (6, 7)
400_4___15__    14   0  [0, 1, 1, 0, 4, 0, 0, 2, 1, 1, 2, 0, 3, 0]  (7, 7)
1000_4___15__    14   0  [0, 1, 1, 5, 0, 0, 2, 1, 0, 0, 2, 0, 3, 0]  (4, 7)
1000_5___15__    14   0  [0, 1, 1, 0, 4, 0, 0, 2, 1, 0, 3, 0, 3, 0]  (4, 7)
400_3___15__    13   0  [0, 1, 1, 2, 2, 0, 0, 2, 3, 2, 0, 3, 0]  (7, 7)
1000_1___15__    13   0  [0, 1, 1, 0, 2, 2, 0, 4, 0, 3, 0, 3, 0]  (3, 7)
1000_2___15__    13   0  [0, 1, 1, 0, 5, 0, 4, 0, 0, 2, 0, 3, 0]  (4, 7)
1000_3___15__    13   0  [0, 1, 1, 5, 0, 3, 1, 0, 0, 2, 0, 3, 0]  (5, 7)
600_4___15__    12   0  [0, 1, 2, 5, 0, 4, 0, 3, 0, 2, 0, 0]  (3, 7)
400_2___15__    11   0  [0, 1, 1, 0, 6, 2, 3, 2, 0, 3, 0]  (7, 8)
600_5___15__    11   0  [0, 1, 1, 0, 4, 0, 0, 4, 5, 3, 0]  (2, 7)
400_1___15__    10   0  [0, 1, 1, 0, 5, 0, 9, 0, 3, 0]  (7, 8)
600_1___15__    10   0  [0, 1, 1, 0, 5, 0, 6, 3, 3, 0]  (7, 7)
600_3___15__    10   0  [0, 1, 8, 0, 6, 2, 0, 2, 0, 0]  (4, 7)
600_2___15__    9   0  [0, 1, 1, 0, 5, 0, 10, 3, 0]  (2, 7)
part_in:(2, 8), all_in:(7, 7), all_out:(2, 8)
gap34
1000_2___16__    12   4  [1, 1, 1, 0, 0, 3, 1, 2, 0, 0, 1, 3]  (7, 14)
400_4___16__    11   4  [1, 2, 0, 0, 0, 4, 0, 1, 0, 0, 6]  (1, 14)
600_4___16__    11   4  [1, 1, 0, 0, 0, 0, 3, 1, 3, 0, 5]  (6, 14)
1000_5___16__    11   4  [1, 2, 0, 0, 0, 3, 1, 2, 0, 2, 3]  (2, 14)
400_3___16__    10   4  [1, 1, 0, 0, 0, 0, 7, 0, 0, 6]  (2, 14)
400_5___16__    10   4  [1, 2, 0, 0, 0, 5, 1, 0, 0, 6]  (2, 14)
600_1___16__    10   4  [1, 2, 0, 0, 0, 3, 1, 4, 2, 2]  (11, 14)
600_2___16__    10   4  [1, 1, 0, 0, 0, 0, 5, 4, 2, 2]  (4, 14)
600_3___16__    10   4  [1, 1, 0, 0, 0, 0, 5, 3, 0, 5]  (4, 14)
600_5___16__    10   6  [1, 0, 0, 0, 0, 5, 2, 0, 0, 5]  (3, 14)
400_1___16__    9   4  [1, 3, 0, 0, 3, 1, 2, 0, 6]  (9, 14)
400_2___16__    9   4  [1, 2, 0, 0, 0, 3, 4, 0, 6]  (2, 14)
1000_3___16__    9   4  [1, 1, 1, 0, 0, 3, 1, 3, 6]  (0, 14)
1000_4___16__    9   4  [1, 1, 1, 0, 0, 3, 1, 3, 6]  (5, 14)
1000_1___16__    8   4  [1, 3, 0, 0, 3, 1, 3, 6]  (14, 15)
part_in:(0, 10), all_in:(11, 14), all_out:(0, 14)
gap45
400_1___17__    14   0  [4, 0, 1, 0, 1, 0, 1, 1, 2, 0, 0, 1, 2, 2]  (2, 4)
400_2___17__    14   0  [3, 0, 0, 1, 2, 0, 1, 1, 2, 0, 0, 1, 2, 2]  (4, 4)
400_4___17__    14   0  [0, 2, 0, 0, 1, 2, 0, 1, 1, 3, 0, 1, 2, 2]  (3, 4)
1000_1___17__    13   5  [0, 1, 0, 1, 0, 0, 0, 1, 3, 0, 1, 2, 2]  (3, 4)
1000_2___17__    13   5  [0, 1, 0, 1, 0, 1, 1, 3, 0, 0, 0, 2, 2]  (4, 4)
400_3___17__    12   4  [0, 0, 1, 2, 0, 1, 1, 2, 1, 1, 2, 2]  (4, 5)
400_5___17__    12   0  [3, 0, 0, 1, 3, 1, 1, 3, 0, 1, 2, 2]  (4, 5)
600_1___17__    12   5  [0, 1, 0, 2, 1, 1, 2, 0, 0, 1, 2, 2]  (3, 4)
600_2___17__    12   5  [0, 1, 0, 2, 1, 1, 2, 0, 0, 1, 2, 2]  (4, 5)
600_5___17__    12   3  [1, 0, 1, 3, 1, 1, 2, 0, 0, 1, 2, 2]  (4, 5)
600_4___17__    11   5  [0, 1, 3, 1, 1, 2, 0, 0, 1, 2, 2]  (3, 4)
1000_3___17__    11   5  [0, 1, 3, 1, 1, 3, 0, 0, 0, 2, 2]  (3, 4)
1000_4___17__    10   3  [1, 0, 5, 1, 1, 0, 2, 2, 2, 2]  (4, 6)
600_3___17__    9   5  [2, 3, 1, 1, 2, 1, 1, 2, 2]  (2, 4)
1000_5___17__    9   5  [0, 5, 1, 1, 3, 0, 1, 2, 2]  (3, 4)
part_in:(2, 6), all_in:(4, 4), all_out:(2, 6)
gap56
600_5___18__    17   0  [0, 0, 3, 3, 0, 0, 1, 1, 0, 0, 0, 0, 0, 0, 0, 0, 4]  (2, 10)
1000_5___18__    17   0  [0, 0, 2, 0, 1, 1, 1, 1, 2, 1, 0, 0, 0, 0, 0, 2, 1]  (2, 9)
400_3___18__    16   0  [0, 0, 2, 0, 3, 1, 1, 1, 0, 1, 0, 0, 0, 0, 0, 4]  (2, 4)
400_4___18__    16   0  [0, 0, 3, 1, 1, 0, 0, 3, 0, 1, 0, 0, 0, 0, 0, 4]  (2, 6)
400_5___18__    16   0  [0, 0, 2, 0, 3, 0, 0, 3, 0, 1, 0, 0, 0, 0, 0, 4]  (2, 9)
600_4___18__    16   0  [0, 0, 3, 1, 1, 0, 0, 3, 0, 1, 0, 0, 0, 0, 0, 4]  (2, 8)
1000_4___18__    16   0  [0, 0, 3, 1, 1, 1, 1, 2, 1, 0, 0, 0, 0, 0, 2, 1]  (2, 4)
1000_2___18__    15   0  [0, 0, 3, 1, 1, 1, 2, 1, 1, 0, 0, 0, 0, 0, 4]  (2, 4)
1000_3___18__    15   0  [0, 0, 3, 1, 1, 1, 4, 1, 0, 0, 0, 0, 0, 3, 0]  (2, 8)
400_2___18__    14   0  [0, 0, 2, 0, 3, 4, 1, 1, 0, 0, 0, 0, 0, 4]  (2, 4)
400_1___18__    13   0  [0, 0, 2, 0, 3, 6, 1, 0, 0, 0, 0, 0, 4]  (2, 2)
600_3___18__    13   0  [0, 0, 3, 3, 1, 1, 2, 2, 0, 0, 0, 0, 4]  (2, 7)
1000_1___18__    13   0  [0, 0, 2, 0, 3, 6, 1, 0, 0, 0, 0, 0, 4]  (1, 2)
600_1___18__    12   0  [0, 0, 3, 3, 6, 1, 0, 0, 0, 0, 0, 4]  (2, 3)
600_2___18__    12   0  [0, 0, 1, 1, 3, 6, 2, 0, 0, 0, 0, 4]  (2, 5)
part_in:(1, 10), all_in:(2, 2), all_out:(1, 10)
ball
600_5___19__    13   5  [0, 0, 0, 1, 2, 0, 1, 0, 2, 3, 1, 1, 0]  (2, 3)
400_4___19__    12   5  [0, 0, 0, 1, 3, 0, 0, 0, 2, 3, 1, 2]  (2, 3)
400_5___19__    12   5  [0, 0, 0, 1, 3, 1, 0, 2, 0, 4, 0, 1]  (2, 3)
600_4___19__    12   5  [1, 0, 1, 2, 0, 1, 0, 2, 3, 1, 1, 0]  (2, 3)
400_3___19__    11   1  [3, 1, 0, 4, 2, 0, 2, 0, 2, 1, 2]  (2, 2)
1000_3___19__    11   6  [0, 0, 4, 1, 0, 0, 2, 3, 1, 1, 0]  (2, 3)
1000_4___19__    11   5  [0, 0, 0, 1, 5, 0, 2, 2, 2, 1, 0]  (2, 3)
1000_5___19__    11   5  [0, 0, 0, 1, 5, 0, 2, 2, 2, 1, 0]  (2, 3)
400_1___19__    8   5  [1, 0, 8, 2, 2, 0, 1, 2]  (2, 2)
600_1___19__    8   7  [0, 4, 0, 2, 2, 5, 1, 0]  (2, 3)
1000_1___19__    8   6  [0, 0, 5, 2, 2, 5, 1, 0]  (2, 2)
1000_2___19__    8   6  [0, 0, 8, 2, 3, 1, 1, 0]  (2, 2)
600_2___19__    7   7  [0, 5, 2, 2, 5, 1, 0]  (2, 3)
600_3___19__    7   7  [0, 5, 2, 2, 5, 1, 0]  (2, 3)
400_2___19__    6   7  [0, 8, 2, 0, 4, 2]  (2, 2)
part_in:(4, 3), all_in:(2, 3), all_out:(2, 3)
ball_column
1000_5___20__    10   5  [0, 1, 3, 2, 0, 4, 1, 0, 1, 2]  (3, 11)
1000_2___20__    9   5  [2, 3, 1, 0, 0, 7, 1, 0, 1]  (3, 6)
400_1___20__    8   5  [2, 6, 0, 2, 3, 0, 1, 2]  (3, 4)
400_5___20__    8   2  [3, 1, 1, 1, 6, 1, 2, 4]  (3, 7)
1000_3___20__    8   5  [2, 3, 1, 1, 1, 4, 0, 4]  (3, 14)
400_2___20__    7   1  [6, 3, 3, 2, 4, 1, 2]  (3, 4)
600_5___20__    7   8  [3, 2, 5, 2, 1, 0, 1]  (3, 6)
1000_1___20__    7   5  [2, 7, 4, 1, 0, 1, 2]  (3, 7)
400_4___20__    6   1  [0, 5, 3, 6, 4, 4]  (3, 6)
1000_4___20__    6   5  [2, 3, 3, 7, 1, 2]  (3, 7)
400_3___20__    5   1  [6, 3, 3, 7, 4]  (3, 6)
600_1___20__    5   5  [2, 6, 10, 0, 1]  (3, 4)
600_2___20__    5   8  [3, 2, 10, 0, 1]  (3, 6)
600_4___20__    4   8  [3, 11, 1, 2]  (3, 7)
600_3___20__    3   8  [3, 14, 1]  (3, 7)
part_in:(5, 14), all_in:(3, 4), all_out:(3, 14)
blue_sort
400_4___21__    10   2  [0, 5, 1, 0, 4, 0, 3, 0, 2, 2]  (1, 8)
600_3___21__    8   1  [5, 1, 2, 4, 0, 3, 0, 5]  (1, 7)
400_3___21__    7   2  [0, 3, 1, 1, 0, 9, 6]  (1, 9)
400_5___21__    7   2  [6, 2, 4, 0, 3, 0, 5]  (1, 9)
600_2___21__    7   1  [0, 4, 1, 2, 5, 3, 6]  (1, 9)
600_4___21__    7   1  [7, 2, 4, 0, 3, 0, 5]  (1, 4)
600_5___21__    7   1  [7, 2, 4, 0, 3, 0, 5]  (1, 7)
1000_1___21__    7   2  [0, 3, 1, 2, 10, 2, 2]  (1, 5)
1000_2___21__    7   2  [4, 1, 2, 5, 4, 2, 2]  (1, 7)
1000_3___21__    7   7  [1, 2, 4, 0, 4, 2, 2]  (1, 9)
400_2___21__    6   2  [0, 3, 1, 2, 9, 6]  (1, 7)
600_1___21__    6   1  [0, 6, 2, 5, 3, 6]  (1, 2)
1000_5___21__    6   2  [6, 2, 4, 0, 4, 5]  (1, 8)
400_1___21__    5   2  [0, 3, 1, 2, 16]  (1, 5)
1000_4___21__    5   9  [2, 4, 0, 4, 5]  (1, 8)
part_in:(3, 9), all_in:(1, 2), all_out:(1, 9)
