30
less5
100_5___1__    15   2  [0, 0, 0, 0, 1, 3, 0, 1, 1, 0, 4, 1, 0, 1, 0]  (6, 10)
200_5___1__    14   0  [1, 0, 0, 0, 0, 1, 0, 0, 1, 0, 1, 7, 2, 2]  (9, 10)
100_1___1__    13   1  [0, 0, 1, 0, 1, 3, 0, 1, 2, 2, 1, 2, 2]  (2, 10)
200_4___1__    13   3  [0, 0, 0, 1, 0, 2, 0, 1, 2, 2, 1, 2, 2]  (9, 10)
300_5___1__    13   3  [1, 0, 1, 0, 0, 1, 0, 1, 2, 2, 1, 2, 2]  (5, 10)
200_1___1__    11   1  [1, 2, 1, 3, 0, 1, 5, 1, 1, 0, 2]  (10, 10)
200_2___1__    11   1  [1, 2, 1, 1, 1, 0, 1, 0, 6, 2, 2]  (10, 10)
200_3___1__    11   3  [2, 1, 3, 0, 1, 0, 4, 1, 2, 1, 0]  (7, 10)
100_3___1__    10   3  [2, 1, 3, 0, 1, 2, 4, 2, 1, 0]  (6, 10)
100_4___1__    10   2  [0, 1, 0, 1, 3, 0, 1, 2, 7, 2]  (7, 10)
300_1___1__    10   3  [2, 1, 3, 0, 1, 0, 1, 6, 0, 2]  (4, 10)
100_2___1__    9   3  [1, 0, 1, 3, 0, 1, 2, 7, 2]  (3, 10)
300_2___1__    9   3  [1, 0, 1, 3, 0, 1, 2, 7, 2]  (4, 10)
300_3___1__    9   3  [2, 1, 0, 0, 1, 2, 2, 7, 2]  (4, 10)
300_4___1__    9   3  [1, 0, 1, 0, 2, 2, 2, 7, 2]  (4, 10)
part_in:(2, 8), all_in:(9, 10), all_out:(2, 10)
less8
100_2___2__    14   0  [2, 0, 0, 0, 1, 0, 1, 3, 0, 1, 1, 4, 2, 0]  (4, 4)
100_5___2__    14   0  [2, 0, 0, 0, 1, 0, 1, 1, 2, 1, 1, 4, 2, 0]  (2, 4)
200_1___2__    14   0  [0, 0, 0, 0, 0, 0, 2, 1, 5, 0, 1, 4, 2, 0]  (3, 4)
300_5___2__    14   0  [1, 0, 0, 0, 0, 4, 1, 2, 1, 1, 3, 0, 2, 0]  (4, 4)
100_4___2__    13   0  [2, 0, 0, 0, 1, 0, 1, 4, 1, 1, 4, 2, 0]  (2, 4)
300_1___2__    13   0  [1, 0, 0, 0, 0, 3, 0, 6, 1, 1, 2, 2, 0]  (3, 4)
200_2___2__    12   0  [2, 0, 0, 0, 2, 1, 5, 0, 1, 4, 2, 0]  (3, 4)
200_3___2__    12   0  [1, 0, 0, 0, 0, 2, 1, 6, 1, 4, 2, 0]  (3, 4)
300_2___2__    12   0  [2, 0, 0, 0, 1, 1, 0, 6, 1, 4, 2, 0]  (3, 4)
300_4___2__    12   0  [1, 0, 0, 0, 0, 4, 4, 1, 1, 4, 2, 0]  (4, 4)
100_1___2__    11   0  [2, 0, 0, 0, 1, 2, 6, 1, 4, 2, 0]  (4, 4)
100_3___2__    11   0  [2, 0, 0, 0, 1, 2, 6, 1, 4, 2, 0]  (2, 4)
200_4___2__    11   0  [2, 0, 0, 0, 2, 1, 6, 1, 4, 2, 0]  (3, 4)
200_5___2__    11   0  [1, 0, 0, 0, 0, 4, 6, 1, 4, 2, 0]  (3, 4)
300_3___2__    11   0  [2, 0, 0, 0, 4, 6, 1, 3, 0, 2, 0]  (4, 4)
part_in:(2, 2), all_in:(3, 4), all_out:(2, 4)
less9
100_5___3__    12   0  [1, 1, 0, 6, 2, 0, 1, 1, 1, 0, 2, 2]  (0, 1)
200_1___3__    11   1  [4, 0, 7, 0, 1, 1, 1, 0, 0, 1, 2]  (0, 0)
200_5___3__    11   0  [4, 0, 5, 2, 0, 1, 3, 0, 0, 1, 2]  (0, 0)
300_1___3__    11   7  [7, 0, 1, 1, 1, 0, 0, 0, 0, 0, 1]  (0, 0)
300_4___3__    11   5  [1, 4, 2, 0, 1, 1, 1, 0, 2, 0, 1]  (0, 0)
100_2___3__    10   5  [0, 8, 0, 1, 1, 1, 0, 0, 1, 2]  (0, 2)
100_3___3__    10   5  [1, 7, 0, 1, 1, 1, 0, 0, 1, 2]  (0, 3)
100_4___3__    10   4  [0, 9, 0, 1, 1, 1, 0, 2, 0, 1]  (0, 1)
200_4___3__    10   4  [0, 0, 5, 2, 0, 1, 3, 0, 2, 2]  (0, 0)
300_2___3__    10   5  [1, 3, 3, 0, 1, 3, 0, 2, 0, 1]  (0, 0)
300_3___3__    10   5  [1, 7, 0, 1, 3, 0, 0, 1, 0, 1]  (0, 0)
100_1___3__    9   7  [7, 0, 1, 1, 1, 0, 0, 1, 2]  (0, 2)
200_2___3__    9   6  [8, 0, 1, 1, 1, 0, 0, 1, 2]  (0, 0)
200_3___3__    9   4  [2, 7, 0, 1, 1, 1, 0, 2, 2]  (0, 0)
300_5___3__    8   5  [9, 0, 1, 3, 0, 0, 1, 2]  (0, 1)
part_in:(2, 3), all_in:(0, 1), all_out:(0, 3)
less10
300_1___4__    21   0  [0, 0, 0, 0, 1, 0, 0, 0, 1, 0, 0, 0, 3, 0, 0, 1, 1, 1, 0, 0, 0]  (0, 0)
100_3___4__    19   0  [0, 0, 0, 0, 1, 0, 0, 0, 2, 0, 1, 2, 0, 2, 1, 1, 0, 0, 0]  (0, 0)
200_3___4__    19   0  [1, 0, 0, 1, 0, 0, 0, 1, 0, 0, 2, 2, 0, 0, 2, 1, 0, 0, 0]  (0, 0)
200_4___4__    19   0  [0, 0, 0, 0, 1, 0, 0, 0, 1, 1, 0, 0, 3, 0, 0, 2, 1, 1, 0]  (0, 0)
300_2___4__    19   0  [0, 0, 0, 0, 1, 0, 0, 0, 1, 0, 1, 3, 0, 2, 1, 1, 0, 0, 0]  (0, 0)
300_5___4__    19   0  [0, 0, 0, 0, 1, 0, 0, 0, 2, 0, 0, 3, 0, 2, 1, 1, 0, 0, 0]  (0, 0)
100_1___4__    18   1  [1, 0, 1, 0, 0, 0, 2, 0, 0, 3, 0, 1, 0, 1, 1, 0, 0, 0]  (0, 0)
200_2___4__    18   0  [0, 0, 0, 0, 1, 0, 0, 0, 2, 0, 1, 3, 0, 0, 2, 2, 0, 0]  (0, 0)
300_4___4__    18   0  [0, 0, 0, 0, 1, 0, 0, 0, 4, 3, 0, 0, 1, 1, 1, 0, 0, 0]  (0, 1)
100_2___4__    17   0  [0, 1, 0, 1, 0, 0, 0, 2, 0, 4, 0, 2, 1, 1, 0, 0, 0]  (0, 0)
100_4___4__    17   0  [0, 0, 0, 0, 1, 0, 0, 0, 2, 0, 5, 2, 1, 1, 0, 0, 0]  (0, 0)
100_5___4__    17   0  [0, 0, 0, 0, 1, 0, 0, 0, 2, 0, 4, 0, 4, 1, 0, 0, 0]  (0, 0)
200_1___4__    17   0  [0, 0, 0, 0, 1, 0, 0, 0, 3, 4, 0, 1, 0, 1, 2, 0, 0]  (0, 0)
300_3___4__    17   0  [0, 0, 0, 0, 1, 0, 0, 0, 2, 1, 4, 2, 1, 1, 0, 0, 0]  (0, 1)
200_5___4__    15   0  [1, 0, 0, 1, 0, 0, 0, 3, 0, 4, 0, 3, 1, 1, 0]  (0, 0)
part_in:(2, 1), all_in:(0, 1), all_out:(0, 1)
row1
100_4___5__    21   0  [0, 0, 0, 1, 0, 1, 1, 1, 0, 1, 0, 0, 0, 1, 0, 1, 0, 0, 0, 1, 0]  (3, 3)
200_4___5__    20   0  [0, 0, 0, 1, 0, 1, 1, 1, 2, 0, 0, 0, 1, 0, 1, 0, 0, 0, 1, 0]  (3, 4)
100_5___5__    19   0  [0, 1, 1, 0, 1, 1, 1, 0, 1, 0, 0, 0, 1, 0, 1, 0, 1, 1, 0]  (2, 3)
100_3___5__    18   1  [1, 1, 0, 1, 1, 1, 0, 1, 0, 0, 0, 1, 0, 1, 0, 1, 1, 0]  (3, 3)
200_5___5__    18   0  [0, 3, 0, 1, 1, 1, 0, 1, 0, 0, 0, 1, 0, 1, 0, 1, 1, 0]  (3, 3)
200_2___5__    17   0  [0, 1, 1, 0, 3, 1, 2, 0, 0, 0, 1, 0, 1, 0, 1, 1, 0]  (3, 3)
200_3___5__    17   1  [1, 1, 0, 1, 1, 1, 2, 0, 0, 0, 1, 0, 1, 0, 1, 1, 0]  (3, 3)
300_5___5__    17   1  [3, 0, 1, 1, 1, 0, 1, 0, 0, 0, 1, 0, 1, 0, 1, 1, 0]  (1, 3)
100_1___5__    16   1  [3, 2, 1, 1, 0, 1, 0, 0, 0, 1, 0, 1, 0, 1, 1, 0]  (1, 3)
100_2___5__    16   1  [3, 2, 1, 1, 0, 1, 0, 0, 0, 1, 0, 1, 0, 1, 1, 0]  (0, 3)
200_1___5__    16   1  [1, 1, 2, 1, 1, 2, 0, 0, 0, 1, 0, 1, 0, 1, 1, 0]  (3, 3)
300_1___5__    16   1  [1, 1, 2, 1, 1, 0, 1, 0, 0, 0, 1, 0, 2, 1, 1, 0]  (0, 3)
300_2___5__    16   1  [1, 1, 0, 1, 1, 1, 2, 0, 0, 0, 1, 0, 2, 1, 1, 0]  (1, 3)
300_3___5__    16   1  [1, 1, 2, 1, 1, 2, 0, 0, 0, 1, 0, 1, 0, 1, 1, 0]  (1, 3)
300_4___5__    16   1  [1, 1, 0, 1, 1, 1, 2, 0, 0, 0, 1, 0, 2, 1, 1, 0]  (2, 3)
part_in:(0, 4), all_in:(3, 3), all_out:(0, 4)
row2
100_1___6__    14   1  [0, 1, 0, 1, 0, 1, 1, 4, 2, 0, 0, 3, 0, 1]  (9, 14)
100_2___6__    14   1  [0, 1, 0, 1, 2, 1, 1, 2, 2, 0, 0, 3, 0, 1]  (9, 13)
300_3___6__    14   0  [0, 0, 1, 0, 1, 1, 0, 1, 4, 2, 0, 4, 0, 1]  (9, 9)
300_4___6__    13   1  [0, 1, 0, 1, 1, 0, 1, 4, 2, 0, 4, 0, 1]  (8, 9)
100_4___6__    12   1  [0, 1, 0, 1, 2, 3, 5, 0, 0, 3, 0, 1]  (9, 12)
300_2___6__    12   1  [0, 1, 0, 1, 2, 1, 4, 2, 0, 4, 0, 1]  (9, 9)
300_5___6__    12   1  [0, 1, 0, 0, 0, 2, 6, 2, 0, 4, 0, 1]  (9, 9)
100_3___6__    11   1  [0, 1, 0, 1, 1, 0, 1, 8, 4, 0, 1]  (9, 12)
300_1___6__    11   1  [0, 1, 0, 1, 9, 2, 0, 0, 3, 0, 1]  (9, 9)
100_5___6__    10   1  [0, 1, 0, 4, 1, 1, 6, 4, 0, 1]  (9, 13)
200_2___6__    10   1  [0, 1, 0, 4, 1, 4, 3, 4, 0, 1]  (9, 9)
200_3___6__    10   1  [0, 1, 0, 1, 4, 4, 3, 4, 0, 1]  (9, 10)
200_4___6__    9   1  [0, 1, 2, 2, 6, 3, 4, 0, 1]  (9, 9)
200_5___6__    9   1  [0, 1, 0, 11, 2, 0, 4, 0, 1]  (9, 9)
200_1___6__    8   0  [1, 1, 0, 11, 3, 4, 0, 1]  (9, 9)
part_in:(8, 14), all_in:(9, 9), all_out:(8, 14)
row3
100_1___7__    13   0  [0, 0, 1, 0, 3, 0, 1, 2, 1, 2, 0, 4, 2]  (3, 6)
100_2___7__    12   0  [0, 0, 2, 3, 0, 1, 2, 1, 2, 0, 4, 2]  (4, 6)
200_2___7__    12   0  [0, 0, 1, 0, 4, 1, 2, 0, 0, 3, 4, 2]  (4, 6)
300_2___7__    12   0  [0, 0, 1, 0, 4, 1, 2, 1, 2, 0, 4, 2]  (6, 7)
300_3___7__    12   1  [0, 2, 1, 1, 0, 1, 2, 1, 2, 0, 4, 2]  (6, 6)
300_4___7__    12   0  [0, 0, 2, 0, 2, 0, 4, 1, 2, 0, 4, 2]  (6, 7)
300_5___7__    12   0  [0, 0, 2, 0, 3, 4, 1, 0, 1, 0, 4, 2]  (6, 6)
100_3___7__    11   0  [0, 0, 2, 3, 0, 1, 2, 1, 3, 4, 2]  (3, 6)
100_4___7__    11   0  [0, 0, 2, 4, 4, 1, 2, 0, 4, 0, 1]  (3, 6)
200_3___7__    11   0  [0, 0, 2, 3, 2, 2, 0, 0, 3, 4, 2]  (5, 6)
100_5___7__    9   0  [0, 0, 2, 4, 4, 1, 3, 4, 2]  (3, 6)
200_4___7__    9   0  [0, 0, 12, 0, 0, 3, 4, 0, 1]  (4, 6)
300_1___7__    9   0  [0, 0, 2, 9, 1, 2, 0, 4, 2]  (6, 7)
200_1___7__    8   1  [0, 1, 0, 9, 1, 3, 4, 2]  (4, 6)
200_5___7__    8   0  [0, 0, 2, 9, 1, 3, 4, 2]  (4, 6)
part_in:(3, 7), all_in:(6, 6), all_out:(3, 7)
row4
100_4___8__    19   1  [0, 1, 2, 0, 1, 0, 1, 0, 0, 0, 1, 1, 0, 0, 1, 0, 1, 0, 0]  (0, 2)
100_5___8__    19   1  [0, 1, 0, 1, 0, 1, 0, 1, 0, 0, 0, 3, 0, 0, 1, 0, 1, 0, 0]  (0, 2)
300_1___8__    19   2  [2, 1, 0, 0, 0, 0, 1, 0, 1, 2, 0, 0, 0, 1, 0, 0, 0, 0, 0]  (1, 2)
300_2___8__    19   2  [2, 1, 0, 0, 0, 0, 1, 0, 0, 0, 2, 0, 1, 1, 0, 0, 0, 0, 0]  (1, 2)
300_4___8__    19   1  [0, 2, 1, 0, 0, 0, 0, 1, 0, 2, 1, 0, 1, 1, 0, 0, 0, 0, 0]  (1, 2)
100_3___8__    18   1  [0, 1, 2, 0, 0, 0, 0, 1, 0, 0, 4, 0, 0, 1, 0, 1, 0, 0]  (0, 2)
200_4___8__    18   1  [0, 4, 0, 1, 0, 1, 0, 0, 1, 1, 0, 0, 0, 1, 0, 1, 0, 0]  (2, 2)
300_3___8__    18   1  [0, 2, 1, 0, 0, 0, 0, 1, 0, 1, 3, 1, 1, 0, 0, 0, 0, 0]  (1, 2)
300_5___8__    18   1  [0, 2, 1, 0, 0, 0, 0, 1, 0, 1, 0, 2, 1, 1, 0, 1, 0, 0]  (1, 2)
100_1___8__    17   2  [4, 0, 0, 0, 0, 1, 0, 0, 2, 1, 0, 0, 1, 0, 1, 0, 0]  (0, 2)
100_2___8__    17   1  [0, 4, 0, 1, 0, 1, 0, 0, 0, 0, 2, 1, 1, 0, 1, 0, 0]  (0, 2)
200_2___8__    17   1  [0, 2, 1, 0, 1, 0, 1, 0, 0, 4, 0, 0, 1, 0, 1, 0, 0]  (1, 2)
200_1___8__    16   2  [2, 1, 0, 1, 0, 1, 0, 0, 4, 0, 0, 1, 0, 1, 0, 0]  (2, 2)
200_3___8__    15   1  [0, 4, 0, 1, 0, 1, 0, 0, 4, 1, 1, 0, 1, 0, 0]  (1, 2)
200_5___8__    15   2  [4, 0, 1, 0, 1, 0, 0, 1, 1, 0, 3, 0, 1, 0, 0]  (1, 2)
part_in:(0, 0), all_in:(1, 2), all_out:(0, 2)
sum_all
300_4___9__    8   1  [5, 2, 0, 5, 0, 1, 3, 4]  (84, 95)
100_1___9__    7   0  [0, 5, 0, 1, 0, 8, 8]  (84, 100)
100_3___9__    7   1  [1, 3, 2, 1, 7, 3, 4]  (84, 112)
100_4___9__    7   1  [2, 2, 2, 1, 7, 3, 4]  (84, 108)
100_5___9__    7   1  [2, 2, 2, 1, 7, 3, 4]  (84, 114)
200_1___9__    7   0  [2, 3, 2, 0, 5, 6, 4]  (84, 97)
200_2___9__    7   1  [1, 3, 1, 0, 0, 12, 4]  (84, 109)
200_4___9__    7   1  [1, 3, 2, 0, 5, 6, 4]  (84, 108)
300_1___9__    7   1  [5, 0, 1, 6, 5, 0, 4]  (84, 93)
200_3___9__    6   1  [1, 3, 1, 0, 13, 4]  (84, 110)
300_3___9__    6   1  [5, 10, 1, 0, 2, 4]  (84, 110)
300_5___9__    6   1  [5, 2, 7, 1, 3, 4]  (82, 84)
100_2___9__    5   0  [0, 5, 1, 8, 10]  (84, 118)
200_5___9__    5   1  [5, 2, 0, 12, 4]  (84, 111)
300_2___9__    5   1  [5, 2, 7, 5, 4]  (84, 89)
part_in:(82, 118), all_in:(84, 84), all_out:(82, 118)
sum16
200_3___10__    15   1  [0, 0, 1, 1, 0, 1, 6, 2, 0, 0, 1, 0, 0, 0, 1]  (26, 34)
100_1___10__    14   0  [0, 0, 0, 1, 4, 0, 8, 0, 0, 1, 0, 0, 0, 1]  (26, 32)
100_3___10__    14   1  [0, 0, 1, 1, 2, 1, 5, 1, 0, 0, 2, 0, 0, 1]  (26, 33)
100_4___10__    14   1  [0, 0, 0, 3, 1, 1, 5, 1, 1, 2, 0, 0, 0, 0]  (26, 33)
300_4___10__    14   1  [1, 4, 1, 0, 2, 2, 0, 1, 0, 0, 2, 0, 0, 1]  (26, 29)
100_5___10__    12   1  [2, 3, 1, 1, 5, 1, 1, 2, 0, 0, 0, 0]  (26, 36)
300_3___10__    12   1  [1, 6, 1, 4, 0, 1, 0, 0, 2, 0, 0, 1]  (26, 33)
200_2___10__    11   1  [1, 4, 1, 6, 2, 0, 0, 2, 0, 0, 1]  (26, 33)
200_4___10__    11   1  [1, 3, 0, 1, 6, 2, 1, 2, 0, 0, 1]  (26, 32)
200_5___10__    11   1  [1, 3, 0, 1, 6, 2, 1, 2, 0, 0, 1]  (26, 34)
300_5___10__    11   1  [1, 3, 2, 6, 0, 1, 1, 2, 0, 0, 1]  (26, 26)
100_2___10__    10   1  [8, 7, 1, 0, 0, 1, 0, 0, 0, 1]  (26, 36)
300_1___10__    10   1  [1, 6, 6, 2, 0, 0, 2, 0, 0, 1]  (26, 31)
300_2___10__    10   1  [1, 3, 2, 7, 1, 1, 2, 0, 0, 1]  (26, 29)
200_1___10__    9   3  [6, 0, 5, 2, 1, 2, 0, 0, 1]  (26, 31)
part_in:(30, 36), all_in:(26, 29), all_out:(26, 36)
gap16
300_1___11__    17   0  [0, 0, 0, 1, 0, 0, 1, 1, 3, 2, 0, 0, 0, 3, 1, 0, 0]  (23, 24)
200_4___11__    16   0  [0, 1, 2, 0, 0, 0, 1, 0, 4, 1, 0, 0, 1, 3, 0, 0]  (24, 25)
300_5___11__    16   0  [0, 0, 0, 2, 0, 1, 1, 3, 0, 0, 0, 0, 0, 0, 6, 0]  (21, 24)
100_1___11__    15   0  [0, 0, 0, 0, 1, 0, 1, 1, 3, 2, 0, 0, 0, 3, 3]  (22, 24)
100_3___11__    15   0  [0, 0, 0, 0, 1, 2, 5, 1, 0, 0, 0, 0, 2, 2, 1]  (24, 24)
100_5___11__    15   0  [0, 1, 0, 1, 0, 1, 1, 3, 1, 0, 0, 0, 0, 1, 5]  (24, 25)
200_5___11__    15   0  [0, 1, 2, 0, 1, 1, 6, 0, 0, 0, 1, 1, 1, 0, 0]  (24, 24)
100_4___11__    14   0  [0, 1, 0, 1, 0, 1, 1, 3, 2, 0, 0, 0, 1, 5]  (24, 24)
300_2___11__    14   0  [0, 1, 2, 0, 1, 1, 3, 2, 0, 0, 0, 5, 0, 0]  (22, 24)
300_4___11__    14   0  [0, 1, 2, 0, 1, 1, 3, 1, 0, 0, 0, 0, 6, 0]  (20, 24)
200_1___11__    13   0  [0, 1, 2, 2, 2, 5, 0, 0, 0, 1, 3, 0, 0]  (22, 24)
200_2___11__    13   0  [0, 1, 2, 2, 2, 6, 0, 0, 1, 1, 1, 0, 0]  (24, 24)
200_3___11__    13   0  [0, 1, 2, 2, 2, 4, 1, 0, 0, 1, 3, 0, 0]  (23, 24)
300_3___11__    13   0  [0, 0, 0, 2, 2, 5, 2, 0, 0, 0, 5, 0, 0]  (24, 24)
100_2___11__    12   0  [0, 1, 0, 1, 0, 1, 1, 6, 0, 0, 0, 7]  (24, 24)
part_in:(20, 25), all_in:(24, 24), all_out:(20, 25)
sum25
200_1___12__    10   0  [2, 4, 0, 0, 0, 3, 1, 4, 1, 4]  (29, 35)
200_4___12__    10   1  [1, 0, 3, 0, 0, 0, 5, 4, 1, 4]  (29, 39)
300_4___12__    10   1  [6, 2, 2, 2, 0, 1, 0, 0, 1, 4]  (29, 32)
300_5___12__    10   1  [6, 1, 0, 2, 3, 1, 0, 0, 1, 4]  (28, 29)
100_3___12__    9   1  [1, 4, 1, 1, 1, 5, 0, 0, 6]  (29, 39)
200_2___12__    9   3  [4, 0, 0, 0, 2, 0, 6, 1, 4]  (29, 40)
200_3___12__    9   1  [1, 4, 0, 0, 0, 2, 0, 6, 6]  (29, 39)
300_3___12__    9   1  [6, 2, 2, 2, 0, 2, 0, 1, 4]  (29, 37)
100_5___12__    8   1  [2, 3, 1, 9, 0, 0, 1, 4]  (29, 37)
100_1___12__    7   0  [2, 4, 1, 0, 8, 1, 6]  (29, 35)
100_4___12__    7   1  [2, 1, 1, 1, 9, 1, 6]  (29, 38)
300_1___12__    7   8  [0, 0, 3, 2, 4, 1, 4]  (29, 32)
300_2___12__    7   1  [6, 0, 1, 2, 7, 1, 4]  (29, 32)
100_2___12__    6   0  [7, 0, 4, 3, 3, 6]  (29, 39)
200_5___12__    6   8  [1, 0, 2, 7, 1, 4]  (29, 40)
part_in:(28, 40), all_in:(29, 29), all_out:(28, 40)
gap25
100_4___13__    17   0  [1, 0, 0, 1, 0, 1, 1, 2, 1, 1, 1, 0, 1, 0, 2, 0, 0]  (17, 20)
300_2___13__    16   0  [1, 0, 0, 1, 4, 0, 1, 1, 2, 0, 0, 1, 0, 1, 1, 0]  (14, 17)
100_1___13__    15   0  [1, 0, 0, 4, 4, 1, 2, 0, 0, 1, 0, 1, 0, 0, 0]  (16, 17)
100_3___13__    15   0  [1, 0, 0, 4, 2, 1, 1, 1, 1, 0, 1, 0, 2, 0, 0]  (17, 20)
100_2___13__    14   0  [1, 0, 0, 4, 2, 1, 1, 3, 0, 1, 0, 2, 0, 0]  (17, 17)
100_5___13__    14   1  [0, 0, 2, 4, 2, 1, 1, 1, 0, 1, 0, 2, 0, 0]  (17, 19)
200_3___13__    13   0  [1, 0, 0, 7, 3, 1, 0, 0, 0, 1, 0, 3, 0]  (17, 19)
200_4___13__    13   2  [0, 0, 2, 0, 7, 1, 0, 0, 0, 1, 0, 3, 0]  (17, 20)
200_5___13__    13   2  [0, 0, 2, 6, 1, 1, 0, 0, 0, 1, 0, 3, 0]  (17, 18)
300_3___13__    13   2  [0, 0, 4, 4, 1, 2, 0, 0, 1, 0, 1, 1, 0]  (17, 17)
200_2___13__    12   0  [1, 0, 0, 4, 6, 1, 0, 0, 0, 1, 4, 0]  (17, 18)
300_4___13__    12   1  [0, 0, 5, 4, 1, 2, 0, 0, 1, 3, 0, 0]  (13, 17)
300_5___13__    12   1  [0, 0, 0, 9, 1, 2, 0, 0, 1, 3, 0, 0]  (13, 17)
200_1___13__    11   0  [1, 0, 0, 11, 1, 0, 0, 0, 1, 4, 0]  (17, 18)
300_1___13__    11   0  [1, 0, 0, 1, 4, 2, 4, 1, 1, 2, 2]  (14, 17)
part_in:(13, 20), all_in:(17, 17), all_out:(13, 20)
sum34
100_5___14__    9   1  [2, 2, 1, 0, 1, 7, 2, 0, 4]  (29, 38)
100_1___14__    8   0  [6, 0, 0, 1, 2, 3, 5, 4]  (29, 33)
100_3___14__    8   0  [0, 5, 1, 2, 7, 2, 0, 4]  (29, 35)
200_4___14__    8   1  [2, 2, 1, 1, 5, 5, 0, 4]  (29, 37)
300_1___14__    8   0  [0, 5, 1, 1, 5, 0, 5, 4]  (29, 30)
300_4___14__    8   1  [5, 3, 0, 4, 0, 4, 0, 4]  (29, 33)
300_5___14__    8   1  [2, 2, 1, 0, 7, 4, 0, 4]  (26, 29)
100_4___14__    7   1  [2, 2, 4, 1, 8, 0, 4]  (29, 35)
200_1___14__    7   0  [6, 1, 1, 2, 2, 6, 4]  (29, 32)
200_2___14__    7   0  [6, 1, 0, 0, 11, 0, 4]  (29, 37)
300_2___14__    7   1  [5, 1, 1, 6, 4, 0, 4]  (29, 29)
100_2___14__    6   0  [0, 5, 1, 8, 5, 4]  (29, 42)
200_3___14__    6   0  [6, 1, 1, 11, 0, 4]  (29, 35)
200_5___14__    6   7  [1, 0, 0, 11, 0, 4]  (29, 38)
300_3___14__    6   1  [5, 1, 8, 4, 0, 4]  (29, 39)
part_in:(26, 42), all_in:(29, 29), all_out:(26, 42)
gap12
200_5___15__    13   0  [0, 0, 1, 1, 1, 7, 1, 0, 3, 0, 1, 0, 1]  (5, 5)
300_2___15__    13   0  [0, 2, 1, 3, 3, 1, 2, 2, 0, 0, 2, 0, 0]  (5, 5)
300_4___15__    13   0  [3, 1, 1, 1, 5, 1, 0, 2, 0, 0, 1, 0, 1]  (4, 5)
200_2___15__    12   0  [1, 1, 1, 1, 7, 1, 0, 2, 0, 0, 2, 1]  (5, 6)
200_3___15__    12   0  [1, 1, 1, 1, 7, 2, 2, 0, 0, 1, 0, 1]  (4, 5)
200_4___15__    12   0  [1, 1, 1, 1, 7, 1, 3, 0, 0, 1, 0, 1]  (5, 5)
100_1___15__    11   0  [3, 1, 1, 7, 1, 0, 3, 0, 1, 0, 1]  (3, 5)
100_2___15__    11   0  [3, 1, 1, 7, 1, 3, 0, 0, 1, 0, 1]  (4, 5)
300_1___15__    11   0  [0, 2, 1, 7, 1, 1, 0, 3, 0, 2, 1]  (4, 5)
300_5___15__    11   0  [3, 5, 3, 1, 1, 0, 3, 0, 1, 0, 1]  (4, 5)
100_4___15__    10   0  [1, 1, 3, 7, 2, 3, 0, 1, 0, 1]  (3, 5)
300_3___15__    10   0  [3, 1, 3, 3, 1, 2, 3, 0, 2, 1]  (5, 5)
100_3___15__    9   0  [3, 1, 9, 2, 3, 0, 1, 0, 1]  (4, 5)
200_1___15__    9   0  [1, 3, 9, 2, 2, 0, 0, 2, 1]  (3, 5)
100_5___15__    7   0  [3, 11, 2, 3, 0, 2, 1]  (2, 5)
part_in:(3, 6), all_in:(5, 5), all_out:(3, 6)
gap23
300_4___16__    16   0  [1, 0, 0, 1, 2, 2, 1, 0, 0, 1, 0, 1, 3, 0, 0, 1]  (5, 6)
200_5___16__    13   0  [1, 1, 0, 0, 2, 1, 4, 1, 0, 5, 0, 0, 1]  (6, 7)
300_1___16__    13   3  [0, 1, 2, 1, 1, 0, 0, 3, 1, 3, 0, 0, 1]  (5, 6)
300_5___16__    13   0  [3, 1, 2, 3, 0, 0, 0, 1, 0, 1, 3, 1, 1]  (5, 6)
200_4___16__    12   0  [1, 0, 0, 1, 2, 1, 3, 0, 1, 6, 1, 1]  (6, 7)
300_2___16__    12   3  [0, 1, 2, 1, 1, 0, 0, 0, 8, 0, 0, 1]  (5, 6)
200_1___16__    11   1  [0, 0, 0, 1, 2, 1, 3, 0, 8, 1, 1]  (5, 6)
300_3___16__    11   4  [1, 2, 3, 1, 0, 2, 1, 3, 0, 0, 1]  (6, 9)
100_4___16__    10   4  [1, 2, 1, 0, 1, 0, 0, 8, 1, 1]  (6, 8)
100_5___16__    10   4  [0, 0, 0, 1, 2, 1, 1, 8, 1, 1]  (6, 9)
200_2___16__    10   3  [0, 1, 2, 1, 3, 0, 8, 1, 0, 0]  (6, 6)
200_3___16__    10   0  [2, 0, 1, 2, 5, 0, 4, 3, 1, 1]  (3, 6)
100_1___16__    9   4  [1, 2, 1, 2, 1, 8, 0, 0, 1]  (4, 6)
100_2___16__    9   4  [1, 2, 1, 2, 10, 0, 0, 0, 0]  (6, 7)
100_3___16__    9   3  [0, 1, 2, 4, 1, 4, 3, 1, 1]  (6, 7)
part_in:(3, 9), all_in:(6, 6), all_out:(3, 9)
gap34
100_3___17__    13   0  [2, 2, 2, 1, 2, 1, 3, 0, 1, 1, 0, 0, 1]  (5, 5)
100_2___17__    12   0  [2, 1, 0, 4, 2, 1, 3, 0, 1, 1, 1, 1]  (3, 5)
100_5___17__    12   0  [1, 0, 2, 4, 2, 1, 3, 0, 1, 1, 1, 1]  (1, 5)
200_1___17__    12   0  [2, 1, 0, 4, 2, 1, 3, 0, 2, 0, 1, 1]  (5, 6)
200_3___17__    12   0  [2, 2, 1, 2, 2, 1, 3, 0, 1, 1, 2, 0]  (5, 6)
300_4___17__    12   0  [1, 0, 2, 4, 2, 1, 2, 0, 0, 3, 1, 1]  (1, 5)
100_4___17__    11   0  [1, 0, 2, 7, 1, 3, 0, 3, 0, 0, 1]  (5, 5)
200_2___17__    11   0  [2, 1, 0, 4, 2, 1, 3, 0, 1, 1, 3]  (4, 5)
200_4___17__    11   0  [2, 1, 0, 1, 2, 2, 1, 3, 0, 3, 3]  (5, 5)
300_2___17__    11   0  [2, 1, 0, 4, 2, 1, 3, 0, 1, 3, 1]  (0, 5)
300_3___17__    11   0  [2, 2, 4, 2, 1, 3, 0, 1, 1, 1, 1]  (0, 5)
300_5___17__    11   0  [1, 0, 2, 4, 2, 1, 3, 0, 3, 1, 1]  (1, 5)
100_1___17__    10   0  [1, 3, 4, 4, 3, 2, 1, 0, 0, 1]  (5, 5)
300_1___17__    9   0  [2, 2, 4, 2, 1, 3, 0, 1, 5]  (0, 5)
200_5___17__    8   3  [2, 4, 2, 1, 3, 0, 3, 3]  (2, 5)
part_in:(0, 6), all_in:(5, 5), all_out:(0, 6)
gap45
200_4___18__    15   0  [3, 1, 2, 0, 0, 3, 0, 1, 0, 2, 1, 1, 0, 0, 0]  (6, 7)
100_2___18__    13   0  [0, 7, 0, 0, 4, 1, 1, 1, 1, 1, 0, 0, 0]  (6, 6)
200_1___18__    13   0  [3, 1, 2, 0, 1, 3, 1, 1, 1, 1, 2, 0, 0]  (6, 7)
200_3___18__    13   0  [3, 1, 2, 0, 0, 0, 3, 1, 3, 1, 2, 0, 0]  (6, 8)
200_5___18__    13   0  [3, 1, 2, 0, 0, 4, 1, 1, 1, 1, 2, 0, 0]  (6, 8)
100_3___18__    12   0  [3, 4, 0, 0, 4, 1, 1, 1, 1, 1, 0, 1]  (6, 7)
100_4___18__    12   0  [5, 2, 0, 0, 4, 1, 1, 1, 1, 1, 0, 1]  (6, 6)
100_5___18__    12   0  [3, 1, 2, 0, 0, 4, 1, 1, 1, 1, 2, 1]  (6, 8)
200_2___18__    12   0  [3, 1, 2, 0, 1, 3, 1, 3, 1, 2, 0, 0]  (6, 8)
300_3___18__    12   0  [3, 2, 1, 0, 5, 1, 1, 1, 1, 2, 0, 0]  (6, 7)
300_4___18__    12   0  [3, 1, 0, 1, 0, 0, 4, 3, 1, 4, 0, 0]  (5, 6)
300_5___18__    12   0  [3, 1, 0, 1, 0, 0, 4, 3, 1, 4, 0, 0]  (6, 6)
300_2___18__    11   0  [3, 2, 1, 0, 1, 3, 3, 1, 1, 2, 1]  (6, 8)
100_1___18__    10   1  [2, 4, 0, 5, 1, 1, 1, 1, 2, 1]  (6, 6)
300_1___18__    9   0  [3, 1, 0, 1, 0, 5, 5, 4, 1]  (6, 7)
part_in:(5, 8), all_in:(6, 6), all_out:(5, 8)
gap56
100_4___19__    15   0  [0, 1, 0, 0, 0, 4, 2, 0, 0, 1, 3, 2, 1, 0, 0]  (1, 2)
300_3___19__    14   0  [3, 1, 1, 0, 1, 0, 1, 0, 0, 1, 2, 0, 5, 0]  (1, 2)
200_5___19__    13   0  [3, 1, 4, 0, 1, 0, 0, 1, 2, 0, 2, 2, 0]  (0, 2)
100_3___19__    12   0  [0, 1, 1, 0, 4, 2, 0, 0, 4, 0, 5, 0]  (0, 2)
200_3___19__    12   0  [3, 1, 1, 0, 2, 1, 1, 1, 2, 0, 5, 0]  (0, 2)
200_4___19__    12   0  [3, 1, 1, 3, 1, 0, 0, 1, 2, 0, 2, 3]  (0, 2)
200_2___19__    11   0  [3, 0, 0, 2, 4, 1, 1, 3, 0, 1, 3]  (-1, 2)
300_1___19__    11   0  [5, 4, 2, 0, 0, 1, 1, 0, 0, 5, 0]  (2, 3)
300_2___19__    11   0  [3, 1, 1, 5, 0, 0, 1, 2, 0, 5, 0]  (2, 2)
300_4___19__    11   0  [3, 1, 4, 2, 0, 0, 1, 2, 0, 5, 0]  (1, 2)
300_5___19__    11   0  [3, 1, 1, 2, 2, 0, 0, 1, 2, 0, 6]  (2, 2)
100_1___19__    10   0  [0, 1, 2, 4, 3, 0, 1, 3, 5, 0]  (1, 2)
100_5___19__    10   0  [2, 0, 1, 8, 0, 1, 2, 0, 5, 0]  (2, 2)
200_1___19__    10   0  [3, 0, 0, 1, 2, 2, 1, 1, 3, 6]  (0, 2)
100_2___19__    7   0  [0, 9, 2, 1, 1, 3, 6]  (2, 2)
part_in:(-1, 3), all_in:(2, 2), all_out:(-1, 3)
ball
100_1___20__    18   0  [1, 1, 1, 0, 0, 0, 3, 0, 0, 0, 0, 3, 0, 0, 0, 1, 0, 1]  (2, 3)
200_5___20__    18   0  [1, 1, 1, 0, 0, 0, 0, 2, 0, 0, 0, 0, 4, 0, 0, 1, 0, 1]  (1, 3)
100_4___20__    17   0  [1, 3, 0, 0, 0, 0, 2, 0, 0, 0, 0, 4, 0, 0, 1, 0, 1]  (0, 3)
100_5___20__    17   0  [1, 3, 0, 0, 0, 3, 0, 0, 0, 0, 2, 1, 0, 0, 1, 0, 1]  (1, 3)
200_1___20__    17   0  [1, 1, 1, 0, 0, 0, 4, 0, 0, 0, 1, 1, 1, 0, 1, 0, 1]  (1, 3)
200_2___20__    17   0  [1, 1, 1, 0, 0, 0, 0, 3, 0, 0, 0, 3, 1, 0, 1, 0, 1]  (2, 3)
100_2___20__    16   0  [1, 3, 0, 0, 0, 0, 3, 0, 0, 0, 4, 0, 0, 1, 0, 1]  (1, 3)
200_3___20__    16   0  [1, 1, 1, 0, 0, 0, 0, 3, 0, 0, 0, 5, 0, 1, 0, 1]  (0, 3)
200_4___20__    16   0  [1, 3, 0, 0, 0, 0, 3, 0, 0, 0, 4, 0, 0, 1, 0, 1]  (1, 3)
300_2___20__    16   0  [1, 3, 0, 0, 0, 0, 3, 0, 0, 0, 4, 0, 0, 1, 0, 1]  (1, 3)
300_5___20__    16   0  [1, 3, 0, 0, 0, 0, 3, 0, 0, 0, 4, 0, 0, 1, 0, 1]  (2, 3)
100_3___20__    15   0  [1, 3, 0, 0, 0, 4, 1, 0, 2, 1, 0, 0, 1, 0, 1]  (0, 3)
300_1___20__    14   0  [1, 3, 0, 0, 0, 4, 1, 0, 2, 1, 0, 0, 1, 2]  (1, 3)
300_4___20__    14   0  [1, 3, 0, 0, 0, 0, 3, 1, 0, 4, 0, 0, 1, 2]  (1, 3)
300_3___20__    13   0  [1, 3, 0, 0, 0, 0, 3, 1, 0, 5, 0, 1, 2]  (1, 3)
part_in:(0, 1), all_in:(2, 3), all_out:(0, 3)
ball_column
300_1___21__    15   0  [0, 1, 3, 0, 0, 2, 0, 0, 1, 1, 3, 0, 0, 0, 3]  (1, 3)
200_4___21__    14   0  [1, 0, 4, 0, 2, 2, 0, 1, 4, 0, 0, 0, 0, 1]  (1, 3)
100_1___21__    13   0  [2, 4, 0, 3, 0, 1, 4, 0, 0, 0, 0, 0, 2]  (2, 3)
200_5___21__    13   0  [1, 0, 3, 0, 0, 2, 2, 0, 1, 4, 0, 0, 3]  (1, 3)
300_2___21__    13   0  [0, 1, 4, 0, 2, 1, 1, 1, 3, 0, 0, 0, 3]  (1, 3)
100_4___21__    12   0  [1, 0, 4, 0, 3, 2, 5, 0, 0, 0, 1, 1]  (1, 3)
300_5___21__    12   0  [2, 3, 0, 0, 2, 3, 1, 3, 0, 0, 0, 3]  (1, 3)
100_3___21__    11   0  [2, 4, 0, 6, 1, 3, 0, 0, 0, 1, 1]  (1, 3)
100_5___21__    11   0  [1, 0, 3, 0, 0, 6, 5, 0, 0, 0, 3]  (2, 3)
200_3___21__    11   0  [2, 4, 0, 6, 1, 3, 0, 0, 0, 0, 2]  (1, 3)
300_4___21__    11   0  [2, 4, 0, 2, 3, 1, 3, 0, 0, 0, 3]  (0, 3)
100_2___21__    10   0  [2, 4, 0, 5, 0, 5, 0, 0, 0, 3]  (2, 3)
200_1___21__    10   3  [4, 0, 2, 5, 2, 0, 0, 0, 0, 3]  (1, 3)
300_3___21__    10   0  [2, 4, 0, 2, 3, 1, 4, 0, 0, 3]  (1, 3)
200_2___21__    9   0  [2, 4, 0, 6, 1, 4, 0, 0, 3]  (2, 3)
part_in:(0, 1), all_in:(2, 3), all_out:(0, 3)
blue
100_1___22__    11   1  [5, 3, 0, 2, 0, 0, 6, 0, 0, 1, 0]  (4, 12)
300_3___22__    11   3  [0, 2, 2, 1, 2, 1, 6, 0, 0, 1, 0]  (4, 12)
300_1___22__    10   3  [0, 2, 3, 0, 2, 1, 6, 0, 0, 2]  (4, 10)
300_2___22__    10   3  [0, 2, 4, 2, 1, 6, 0, 0, 1, 0]  (4, 8)
100_3___22__    9   3  [3, 4, 2, 1, 6, 0, 0, 1, 0]  (4, 15)
100_4___22__    9   3  [3, 4, 2, 1, 6, 0, 0, 1, 0]  (4, 15)
200_2___22__    9   0  [3, 7, 2, 0, 6, 0, 0, 0, 2]  (4, 4)
200_5___22__    9   7  [4, 2, 2, 3, 1, 0, 0, 1, 0]  (4, 6)
300_4___22__    9   3  [3, 4, 2, 1, 6, 0, 0, 1, 0]  (4, 9)
300_5___22__    9   3  [3, 4, 2, 1, 6, 0, 0, 1, 0]  (4, 6)
100_2___22__    8   7  [4, 2, 1, 6, 0, 0, 1, 0]  (4, 12)
100_5___22__    8   7  [4, 2, 1, 6, 0, 0, 1, 0]  (4, 10)
200_1___22__    8   0  [11, 2, 1, 6, 0, 0, 1, 0]  (4, 4)
200_3___22__    8   3  [3, 4, 2, 8, 0, 0, 1, 0]  (4, 9)
200_4___22__    8   3  [11, 6, 0, 0, 0, 0, 1, 0]  (4, 10)
part_in:(7, 15), all_in:(4, 6), all_out:(4, 15)
blue_sort
100_2___23__    12   1  [1, 1, 1, 1, 2, 1, 2, 2, 2, 1, 1, 1]  (5, 12)
100_5___23__    11   1  [5, 4, 1, 2, 0, 1, 1, 0, 1, 1, 1]  (5, 12)
100_3___23__    10   1  [1, 1, 1, 4, 1, 2, 0, 1, 4, 3]  (5, 14)
100_4___23__    10   1  [1, 3, 4, 1, 2, 0, 1, 2, 3, 1]  (5, 13)
300_2___23__    10   1  [1, 1, 3, 2, 1, 2, 2, 2, 3, 1]  (5, 9)
300_3___23__    10   1  [1, 1, 1, 1, 2, 1, 2, 2, 6, 1]  (5, 11)
100_1___23__    9   1  [1, 1, 1, 4, 4, 2, 4, 1, 1]  (5, 10)
300_1___23__    9   0  [0, 1, 1, 6, 1, 2, 2, 6, 1]  (5, 8)
300_4___23__    9   1  [0, 0, 1, 1, 4, 4, 2, 6, 1]  (5, 8)
300_5___23__    9   1  [0, 0, 1, 1, 4, 4, 2, 6, 1]  (5, 9)
200_5___23__    8   1  [3, 1, 9, 2, 1, 0, 3, 1]  (5, 8)
200_2___23__    7   1  [3, 3, 0, 6, 2, 6, 1]  (5, 7)
200_3___23__    7   1  [3, 1, 8, 0, 2, 6, 1]  (5, 6)
200_4___23__    6   1  [3, 10, 0, 2, 6, 1]  (5, 6)
200_1___23__    5   1  [3, 11, 2, 6, 1]  (5, 6)
part_in:(7, 14), all_in:(5, 6), all_out:(5, 14)
