continues1
8_2: 17: [4, 8, 10, 15, 19, 23]: [1, 2, 1, 2, 1, 1, 1, 3, 1, 1, 1, 1, 2, 3, 2, 2, 2]
3_7: 13: [7, 9, 12, 20, 26, 27]: [1, 1, 1, 2, 2, 1, 2, 1, 1, 1, 2, 2, 1]
16_6: 12: [8, 10, 11, 17, 25, 31]: [2, 2, 2, 2, 3, 2, 1, 1, 2, 2, 2, 1]
15_6: 11: [8, 16, 15, 19, 25, 27]: [1, 1, 2, 2, 1, 1, 2, 1, 3, 1, 1]
10_3: 10: [3, 6, 6, 13, 19, 23]: [1, 2, 1, 1, 1, 1, 2, 1, 2, 1]
7_6: 9: [3, 9, 17, 20, 27, 28]: [1, 2, 2, 2, 3, 1, 1, 1, 3]
15_3: 9: [4, 6, 8, 14, 20, 23]: [2, 1, 1, 2, 2, 1, 1, 2, 1]
17_3: 9: [4, 6, 10, 15, 20, 26]: [1, 3, 2, 2, 2, 2, 2, 1, 1]
16_7: 8: [7, 8, 10, 18, 25, 29]: [1, 1, 1, 2, 1, 3, 1, 2]
19_10: 8: [3, 10, 10, 15, 26, 31]: [1, 1, 1, 1, 1, 1, 1, 1]
7_8: 7: [9, 15, 18, 21, 30, 30]: [1, 1, 1, 2, 1, 1, 2]
14_7: 7: [8, 12, 14, 17, 28, 28]: [1, 1, 1, 1, 1, 3, 1]
14_9: 7: [5, 12, 14, 19, 30, 30]: [1, 1, 1, 1, 3, 1, 1]
15_7: 7: [9, 12, 12, 17, 24, 26]: [1, 1, 1, 2, 1, 2, 2]
20_8: 7: [9, 11, 15, 20, 26, 30]: [1, 2, 1, 2, 2, 1, 1]
4_10: 7: [8, 12, 16, 21, 29, 31]: [1, 1, 1, 1, 2, 1, 1]
1_3: 6: [7, 10, 11, 15, 21, 24]: [1, 2, 1, 1, 1, 1]
3_2: 6: [3, 4, 7, 12, 18, 21]: [2, 2, 3, 1, 1, 1]
9_7: 6: [6, 9, 10, 18, 29, 31]: [1, 2, 1, 1, 1, 1]
11_7: 6: [6, 8, 13, 19, 26, 29]: [2, 1, 1, 3, 1, 2]
continues0
8_8: 3: [10, 14, 18, 22, 29, 30]: [0, 0, 0, 1, 1, 0, 2, 3, 0, 1, 2]
20_2: 3: [2, 5, 7, 13, 20, 24]: [0, 0, 0, 2, 2, 1, 1, 0, 1, 2, 1]
16_10: 3: [10, 19, 17, 24, 31, 32]: [0, 0, 0, 2, 1, 1, 3, 0, 2, 1, 1]
2_8: 2: [7, 12, 13, 19, 27, 30]: [0, 0, 1, 1, 3, 2, 3, 2, 1, 2, 1]
5_9: 2: [7, 13, 16, 19, 28, 30]: [0, 0, 1, 0, 1, 0, 0, 0, 0, 2, 2]
6_2: 2: [2, 4, 4, 10, 17, 21]: [0, 0, 2, 1, 0, 2, 1, 1, 2, 2, 1]
6_8: 2: [12, 17, 19, 22, 27, 28]: [0, 0, 1, 0, 2, 0, 0, 1, 0, 1, 2]
8_9: 2: [7, 12, 19, 22, 28, 30]: [0, 0, 1, 1, 2, 1, 1, 0, 0, 1, 1]
12_7: 2: [7, 9, 11, 17, 25, 29]: [0, 0, 2, 1, 2, 2, 0, 1, 2, 2, 1]
14_1: 2: [3, 7, 8, 12, 16, 23]: [0, 0, 2, 0, 2, 0, 0, 1, 0, 2, 2]
14_2: 2: [3, 4, 7, 11, 18, 20]: [0, 0, 1, 1, 2, 2, 1, 0, 1, 0, 0]
14_8: 2: [7, 12, 15, 20, 30, 30]: [0, 0, 1, 1, 3, 1, 3, 2, 1, 2, 2]
16_1: 2: [4, 5, 7, 12, 12, 21]: [0, 0, 1, 1, 0, 2, 2, 2, 1, 2, 2]
18_8: 2: [7, 7, 13, 18, 27, 29]: [0, 0, 1, 0, 0, 1, 1, 1, 0, 0, 0]
20_9: 2: [7, 10, 15, 20, 26, 30]: [0, 0, 1, 2, 2, 0, 1, 1, 0, 1, 1]
1_10: 2: [7, 12, 17, 20, 27, 30]: [0, 0, 1, 1, 1, 0, 0, 0, 1, 1, 3]
2_10: 2: [7, 12, 15, 20, 28, 32]: [0, 0, 1, 0, 1, 0, 2, 1, 3, 1, 2]
5_10: 2: [8, 14, 18, 21, 29, 31]: [0, 0, 1, 1, 1, 2, 2, 1, 0, 2, 2]
1_1: 1: [5, 7, 8, 12, 14, 22]: [0, 1, 0, 3, 1, 0, 2, 0, 1, 2, 2]
1_7: 1: [6, 12, 13, 17, 23, 27]: [0, 1, 1, 1, 1, 1, 2, 1, 2, 1, 1]
1_8: 1: [8, 14, 17, 19, 27, 29]: [0, 1, 1, 0, 1, 2, 1, 1, 1, 1, 3]
2_1: 1: [3, 7, 7, 12, 15, 24]: [0, 1, 1, 0, 4, 0, 1, 2, 1, 1, 0]
2_2: 1: [3, 5, 8, 14, 16, 23]: [0, 1, 2, 2, 1, 2, 2, 0, 1, 1, 1]
2_3: 1: [4, 8, 11, 16, 22, 25]: [0, 2, 1, 1, 1, 1, 2, 2, 2, 1, 0]
2_7: 1: [6, 9, 10, 15, 23, 28]: [0, 1, 1, 0, 0, 0, 2, 0, 2, 2, 1]
2_9: 1: [6, 12, 13, 18, 28, 31]: [0, 1, 2, 1, 0, 1, 1, 1, 2, 2, 1]
3_6: 1: [6, 9, 12, 21, 24, 28]: [0, 1, 0, 2, 2, 1, 3, 0, 1, 1, 0]
3_8: 1: [9, 13, 12, 21, 28, 27]: [0, 1, 0, 2, 0, 2, 2, 1, 1, 2, 2]
4_2: 1: [3, 5, 8, 13, 17, 21]: [0, 1, 0, 3, 1, 0, 1, 1, 1, 1, 0]
4_6: 1: [2, 5, 8, 17, 27, 30]: [0, 1, 1, 0, 0, 1, 2, 0, 1, 0, 2]
4_7: 1: [6, 9, 10, 19, 29, 30]: [0, 1, 2, 1, 0, 1, 2, 2, 1, 0, 2]
4_9: 1: [8, 12, 15, 20, 29, 30]: [0, 1, 1, 0, 2, 1, 2, 1, 0, 1, 1]
5_3: 1: [2, 4, 7, 14, 20, 24]: [0, 1, 1, 0, 2, 1, 1, 0, 3, 0, 1]
5_6: 1: [8, 12, 15, 22, 26, 29]: [0, 1, 0, 1, 0, 1, 1, 0, 1, 0, 0]
5_7: 1: [9, 13, 14, 17, 24, 28]: [0, 2, 1, 0, 1, 3, 1, 0, 2, 1, 1]
6_3: 1: [4, 5, 7, 16, 21, 26]: [0, 2, 0, 2, 2, 0, 2, 2, 2, 0, 0]
6_9: 1: [9, 14, 17, 23, 29, 31]: [0, 2, 1, 1, 0, 0, 1, 2, 2, 1, 2]
7_1: 1: [2, 5, 8, 12, 14, 23]: [0, 1, 2, 1, 1, 0, 3, 2, 1, 0, 1]
7_7: 1: [4, 10, 15, 19, 26, 28]: [0, 2, 1, 1, 1, 1, 0, 1, 1, 1, 2]
9_1: 1: [3, 4, 6, 11, 14, 24]: [0, 1, 3, 2, 1, 0, 0, 1, 3, 1, 0]
9_3: 1: [7, 9, 11, 15, 21, 25]: [0, 3, 2, 0, 0, 1, 1, 0, 1, 0, 0]
10_1: 1: [5, 10, 11, 14, 19, 23]: [0, 1, 2, 1, 1, 0, 1, 0, 1, 2, 0]
10_2: 1: [1, 7, 6, 13, 18, 22]: [0, 1, 1, 1, 1, 1, 1, 0, 1, 3, 3]
10_9: 1: [7, 13, 14, 20, 26, 29]: [0, 2, 1, 1, 2, 1, 1, 0, 1, 4, 2]
11_3: 1: [5, 8, 12, 17, 23, 28]: [0, 3, 2, 2, 4, 2, 2, 2, 2, 0, 0]
11_6: 1: [5, 9, 14, 17, 26, 28]: [0, 2, 0, 0, 1, 1, 0, 0, 1, 1, 1]
12_3: 1: [4, 6, 9, 13, 20, 24]: [0, 2, 2, 1, 1, 0, 1, 0, 1, 3, 1]
12_8: 1: [9, 14, 18, 21, 28, 30]: [0, 2, 0, 1, 2, 0, 0, 1, 2, 1, 2]
13_1: 1: [6, 9, 13, 18, 20, 27]: [0, 2, 1, 1, 0, 1, 0, 2, 1, 2, 0]
13_3: 1: [4, 7, 10, 15, 22, 26]: [0, 2, 0, 1, 0, 2, 0, 0, 2, 2, 0]
13_7: 1: [6, 9, 9, 16, 27, 29]: [0, 1, 2, 1, 0, 1, 1, 1, 0, 2, 3]
14_3: 1: [4, 6, 9, 15, 22, 25]: [0, 1, 1, 0, 1, 1, 1, 0, 1, 2, 3]
15_2: 1: [2, 3, 7, 13, 18, 21]: [0, 2, 0, 0, 1, 1, 0, 1, 0, 1, 0]
16_3: 1: [6, 8, 11, 14, 22, 25]: [0, 2, 1, 0, 2, 0, 1, 0, 1, 0, 0]
17_8: 1: [8, 11, 10, 17, 23, 28]: [0, 1, 0, 1, 0, 1, 1, 0, 0, 2, 0]
17_9: 1: [6, 12, 12, 19, 25, 29]: [0, 1, 0, 0, 1, 2, 2, 0, 0, 2, 1]
18_2: 1: [0, 3, 6, 13, 16, 20]: [0, 1, 1, 1, 0, 1, 2, 0, 1, 1, 2]
19_2: 1: [2, 6, 7, 12, 17, 20]: [0, 1, 1, 2, 2, 1, 1, 1, 2, 2, 3]
19_8: 1: [6, 13, 13, 18, 26, 31]: [0, 1, 0, 1, 0, 0, 1, 0, 2, 0, 1]
20_3: 1: [3, 7, 10, 15, 20, 25]: [0, 2, 1, 0, 3, 1, 1, 0, 1, 1, 0]
6_10: 1: [7, 13, 18, 22, 28, 31]: [0, 2, 0, 1, 0, 1, 0, 1, 2, 1, 1]
8_10: 1: [6, 13, 19, 22, 29, 31]: [0, 1, 1, 0, 1, 0, 1, 0, 3, 1, 1]
9_10: 1: [8, 13, 11, 18, 29, 32]: [0, 1, 2, 2, 0, 0, 0, 0, 2, 1, 2]
12_10: 1: [7, 12, 16, 19, 28, 31]: [0, 1, 2, 1, 2, 2, 0, 0, 3, 1, 1]
13_10: 1: [6, 10, 13, 18, 29, 30]: [0, 2, 0, 1, 1, 2, 0, 1, 1, 0, 2]
14_10: 1: [6, 12, 15, 20, 31, 32]: [0, 1, 1, 3, 2, 1, 0, 0, 1, 2, 3]
1_0: 0: [7, 12, 17, 20, 27, 30]: [0, 0, 1, 1, 1, 0, 0, 0, 1, 1, 3]
1_2: 0: [4, 7, 8, 15, 16, 22]: [1, 0, 1, 2, 0, 1, 1, 0, 1, 1, 1]
1_3: 0: [7, 10, 11, 15, 21, 24]: [1, 2, 1, 1, 1, 1, 0, 1, 0, 1, 0]
1_4: 0: [5, 8, 13, 17, 23, 28]: [1, 2, 0, 0, 3, 2, 0, 0, 2, 1, 1]
1_5: 0: [5, 9, 14, 18, 23, 28]: [1, 2, 2, 0, 0, 1, 1, 0, 1, 0, 1]
1_6: 0: [4, 9, 13, 17, 21, 27]: [1, 1, 0, 1, 1, 3, 1, 1, 3, 1, 1]
1_9: 0: [6, 11, 16, 19, 25, 29]: [1, 0, 0, 1, 1, 1, 0, 2, 1, 2, 2]
2_0: 0: [7, 12, 15, 20, 28, 32]: [0, 0, 1, 0, 1, 0, 2, 1, 3, 1, 2]
2_4: 0: [4, 9, 12, 17, 23, 28]: [2, 2, 1, 1, 1, 2, 2, 0, 1, 0, 2]
2_5: 0: [4, 9, 13, 18, 23, 28]: [0, 3, 2, 0, 1, 1, 2, 0, 1, 0, 2]
2_6: 0: [5, 9, 11, 18, 26, 28]: [1, 1, 0, 1, 1, 2, 2, 0, 1, 0, 1]
3_0: 0: [8, 13, 14, 20, 28, 28]: [1, 0, 0, 0, 1, 0, 1, 1, 2, 2, 2]
3_1: 0: [1, 3, 6, 10, 15, 20]: [1, 0, 2, 3, 0, 1, 1, 1, 1, 1, 1]
3_2: 0: [3, 4, 7, 12, 18, 21]: [2, 2, 3, 1, 1, 1, 0, 1, 1, 1, 1]
3_3: 0: [3, 5, 8, 14, 19, 23]: [2, 2, 1, 1, 1, 0, 0, 1, 2, 0, 1]
3_4: 0: [5, 9, 13, 18, 23, 28]: [2, 2, 2, 0, 3, 2, 1, 0, 2, 0, 1]
3_5: 0: [4, 8, 13, 18, 23, 28]: [0, 3, 2, 0, 0, 1, 2, 0, 1, 0, 2]
3_7: 0: [7, 9, 12, 20, 26, 27]: [1, 1, 1, 2, 2, 1, 2, 1, 1, 1, 2]
3_9: 0: [7, 12, 13, 20, 28, 29]: [1, 2, 1, 0, 2, 1, 2, 1, 2, 0, 2]
4_0: 0: [8, 12, 16, 21, 29, 31]: [1, 1, 1, 1, 2, 1, 1, 0, 1, 1, 2]
4_1: 0: [2, 4, 5, 13, 17, 25]: [1, 1, 1, 1, 2, 0, 0, 3, 0, 2, 1]
4_3: 0: [3, 7, 10, 14, 19, 24]: [1, 0, 1, 2, 2, 0, 0, 1, 2, 1, 0]
4_4: 0: [5, 9, 13, 18, 23, 28]: [3, 2, 2, 0, 3, 2, 2, 0, 0, 0, 1]
4_5: 0: [4, 8, 13, 17, 23, 28]: [0, 3, 2, 0, 0, 2, 2, 0, 2, 0, 2]
4_8: 0: [9, 13, 15, 20, 30, 30]: [1, 1, 0, 2, 0, 3, 2, 2, 1, 1, 1]
5_0: 0: [8, 14, 18, 21, 29, 31]: [0, 0, 1, 1, 1, 2, 2, 1, 0, 2, 2]
5_1: 0: [3, 5, 7, 11, 15, 22]: [1, 1, 1, 1, 1, 0, 0, 1, 1, 2, 0]
5_2: 0: [3, 5, 6, 13, 17, 21]: [3, 1, 2, 1, 1, 0, 2, 2, 2, 2, 0]
5_4: 0: [5, 8, 12, 17, 23, 28]: [1, 3, 0, 0, 3, 1, 1, 0, 2, 0, 0]
5_5: 0: [4, 8, 13, 17, 23, 28]: [2, 3, 1, 0, 0, 2, 2, 0, 1, 0, 1]
5_8: 0: [10, 15, 17, 21, 28, 30]: [1, 0, 1, 1, 1, 1, 0, 1, 1, 0, 1]
6_0: 0: [7, 13, 18, 22, 28, 31]: [0, 2, 0, 1, 0, 1, 0, 1, 2, 1, 1]
6_1: 0: [3, 4, 6, 9, 15, 24]: [2, 0, 0, 2, 1, 0, 2, 2, 1, 1, 0]
6_4: 0: [5, 8, 12, 17, 23, 29]: [1, 1, 1, 1, 3, 1, 1, 1, 2, 0, 1]
6_5: 0: [4, 8, 13, 17, 23, 28]: [0, 1, 2, 0, 0, 1, 2, 0, 1, 0, 1]
6_6: 0: [7, 11, 15, 19, 25, 30]: [3, 0, 0, 1, 1, 2, 1, 1, 3, 1, 1]
6_7: 0: [13, 15, 17, 20, 25, 27]: [1, 2, 1, 0, 0, 0, 0, 1, 3, 3, 0]
7_0: 0: [8, 13, 16, 20, 29, 31]: [1, 1, 0, 2, 1, 2, 2, 0, 1, 0, 3]
7_2: 0: [3, 7, 9, 12, 15, 21]: [1, 0, 1, 3, 1, 2, 1, 0, 1, 2, 0]
7_3: 0: [5, 7, 10, 15, 20, 26]: [1, 1, 0, 0, 1, 1, 0, 1, 1, 2, 0]
7_4: 0: [5, 10, 14, 18, 24, 29]: [1, 2, 1, 0, 1, 2, 1, 0, 2, 0, 1]
7_5: 0: [4, 8, 13, 18, 23, 28]: [1, 3, 1, 0, 1, 2, 2, 0, 1, 1, 1]
7_6: 0: [3, 9, 17, 20, 27, 28]: [1, 2, 2, 2, 3, 1, 1, 1, 3, 0, 1]
7_8: 0: [9, 15, 18, 21, 30, 30]: [1, 1, 1, 2, 1, 1, 2, 0, 1, 0, 2]
7_9: 0: [8, 14, 18, 22, 31, 31]: [1, 1, 1, 1, 0, 0, 0, 0, 1, 2, 3]
8_0: 0: [6, 13, 19, 22, 29, 31]: [0, 1, 1, 0, 1, 0, 1, 0, 3, 1, 1]
8_1: 0: [3, 8, 9, 14, 19, 24]: [2, 0, 1, 1, 1, 0, 1, 1, 2, 2, 1]
8_2: 0: [4, 8, 10, 15, 19, 23]: [1, 2, 1, 2, 1, 1, 1, 3, 1, 1, 1]
8_3: 0: [4, 6, 11, 16, 22, 27]: [1, 0, 3, 1, 1, 1, 4, 0, 2, 3, 0]
8_4: 0: [4, 9, 12, 17, 22, 28]: [1, 0, 1, 1, 3, 1, 3, 2, 2, 1, 1]
8_5: 0: [4, 9, 14, 18, 24, 28]: [0, 3, 2, 0, 0, 2, 2, 0, 1, 0, 1]
8_6: 0: [4, 11, 16, 18, 24, 27]: [1, 0, 1, 1, 0, 0, 2, 1, 1, 1, 2]
8_7: 0: [5, 8, 12, 18, 25, 28]: [2, 0, 2, 2, 0, 0, 0, 2, 1, 0, 0]
9_0: 0: [8, 13, 11, 18, 29, 32]: [0, 1, 2, 2, 0, 0, 0, 0, 2, 1, 2]
9_2: 0: [4, 6, 6, 11, 18, 22]: [2, 0, 1, 1, 2, 2, 2, 1, 2, 1, 1]
9_4: 0: [6, 9, 12, 18, 23, 29]: [3, 2, 1, 2, 2, 1, 1, 0, 1, 1, 0]
9_5: 0: [4, 9, 13, 18, 23, 28]: [0, 3, 1, 0, 0, 2, 3, 0, 1, 0, 1]
9_6: 0: [3, 5, 8, 17, 27, 33]: [2, 0, 0, 0, 0, 2, 1, 2, 2, 2, 0]
9_7: 0: [6, 9, 10, 18, 29, 31]: [1, 2, 1, 1, 1, 1, 0, 1, 1, 1, 2]
9_8: 0: [10, 13, 13, 19, 30, 32]: [1, 2, 0, 1, 1, 0, 1, 2, 0, 0, 1]
9_9: 0: [7, 12, 12, 19, 30, 32]: [1, 0, 2, 1, 0, 1, 1, 0, 0, 2, 1]
10_0: 0: [8, 12, 15, 21, 28, 29]: [1, 2, 1, 0, 0, 2, 1, 0, 0, 2, 1]
10_3: 0: [3, 6, 6, 13, 19, 23]: [1, 2, 1, 1, 1, 1, 2, 1, 2, 1, 0]
10_4: 0: [5, 9, 14, 18, 23, 29]: [0, 2, 0, 0, 3, 2, 1, 0, 1, 2, 1]
10_5: 0: [4, 9, 13, 18, 23, 28]: [1, 3, 1, 0, 0, 2, 1, 0, 1, 0, 2]
10_6: 0: [2, 6, 9, 18, 23, 24]: [2, 0, 1, 1, 1, 0, 2, 1, 1, 1, 2]
10_7: 0: [4, 10, 9, 18, 23, 26]: [1, 2, 2, 3, 1, 0, 1, 0, 0, 0, 2]
10_8: 0: [8, 14, 11, 18, 25, 28]: [1, 1, 2, 1, 0, 1, 2, 1, 0, 1, 1]
11_0: 0: [8, 12, 16, 19, 30, 31]: [1, 1, 1, 0, 0, 0, 0, 1, 2, 1, 2]
11_1: 0: [4, 4, 5, 10, 14, 23]: [1, 0, 2, 0, 1, 0, 3, 2, 1, 1, 1]
11_2: 0: [3, 4, 7, 13, 17, 23]: [2, 1, 1, 1, 0, 1, 0, 2, 1, 2, 2]
11_4: 0: [5, 9, 13, 18, 25, 30]: [1, 0, 1, 0, 2, 2, 1, 0, 2, 1, 1]
11_5: 0: [4, 8, 13, 18, 23, 28]: [1, 3, 2, 0, 0, 1, 2, 0, 1, 0, 2]
11_7: 0: [6, 8, 13, 19, 26, 29]: [2, 1, 1, 3, 1, 2, 0, 1, 0, 1, 1]
11_8: 0: [10, 13, 17, 21, 28, 31]: [2, 1, 0, 1, 4, 1, 1, 0, 0, 3, 2]
11_9: 0: [6, 10, 15, 20, 30, 30]: [1, 0, 1, 1, 2, 1, 0, 2, 2, 1, 2]
12_0: 0: [7, 12, 16, 19, 28, 31]: [0, 1, 2, 1, 2, 2, 0, 0, 3, 1, 1]
12_1: 0: [1, 6, 8, 15, 20, 26]: [1, 1, 1, 2, 1, 0, 0, 2, 1, 2, 1]
12_2: 0: [6, 10, 12, 13, 19, 23]: [2, 0, 2, 1, 1, 1, 1, 0, 0, 1, 1]
12_4: 0: [5, 9, 13, 18, 23, 29]: [0, 3, 1, 0, 2, 2, 0, 0, 2, 1, 0]
12_5: 0: [4, 9, 13, 18, 24, 28]: [0, 3, 2, 0, 0, 2, 1, 0, 1, 0, 1]
12_6: 0: [5, 11, 13, 20, 26, 30]: [2, 1, 2, 0, 1, 2, 1, 1, 1, 1, 2]
12_9: 0: [6, 11, 15, 19, 27, 30]: [2, 2, 1, 3, 0, 1, 1, 2, 0, 2, 0]
13_0: 0: [6, 10, 13, 18, 29, 30]: [0, 2, 0, 1, 1, 2, 0, 1, 1, 0, 2]
13_2: 0: [4, 6, 9, 14, 17, 20]: [4, 2, 0, 1, 1, 3, 2, 0, 0, 2, 1]
13_4: 0: [5, 9, 13, 19, 24, 29]: [2, 2, 1, 0, 1, 1, 1, 0, 1, 1, 2]
13_5: 0: [5, 9, 14, 18, 24, 29]: [0, 3, 1, 0, 0, 2, 2, 0, 1, 0, 1]
13_6: 0: [7, 11, 15, 18, 29, 31]: [2, 1, 0, 0, 1, 0, 2, 1, 3, 1, 2]
13_8: 0: [8, 11, 11, 17, 28, 30]: [1, 1, 2, 0, 1, 1, 1, 1, 2, 2, 1]
13_9: 0: [6, 9, 13, 17, 27, 29]: [1, 2, 1, 0, 1, 2, 1, 0, 1, 2, 2]
14_0: 0: [6, 12, 15, 20, 31, 32]: [0, 1, 1, 3, 2, 1, 0, 0, 1, 2, 3]
14_4: 0: [5, 9, 14, 19, 25, 30]: [2, 2, 0, 1, 2, 2, 2, 0, 2, 1, 1]
14_5: 0: [4, 9, 13, 18, 23, 28]: [0, 3, 1, 0, 0, 1, 1, 0, 1, 1, 2]
14_6: 0: [11, 15, 16, 17, 27, 29]: [2, 1, 0, 0, 0, 2, 1, 1, 1, 1, 2]
14_7: 0: [8, 12, 14, 17, 28, 28]: [1, 1, 1, 1, 1, 3, 1, 0, 2, 0, 0]
14_9: 0: [5, 12, 14, 19, 30, 30]: [1, 1, 1, 1, 3, 1, 1, 0, 0, 1, 0]
15_0: 0: [7, 17, 17, 21, 27, 30]: [1, 0, 2, 1, 0, 1, 1, 0, 1, 2, 0]
15_1: 0: [3, 4, 6, 9, 15, 23]: [3, 1, 1, 0, 2, 0, 0, 1, 1, 1, 1]
15_3: 0: [4, 6, 8, 14, 20, 23]: [2, 1, 1, 2, 2, 1, 1, 2, 1, 0, 1]
15_4: 0: [5, 9, 13, 17, 23, 28]: [2, 1, 2, 0, 1, 1, 3, 0, 1, 0, 1]
15_5: 0: [4, 9, 13, 18, 23, 28]: [2, 3, 2, 0, 0, 1, 1, 0, 1, 0, 1]
15_6: 0: [8, 16, 15, 19, 25, 27]: [1, 1, 2, 2, 1, 1, 2, 1, 3, 1, 1]
15_7: 0: [9, 12, 12, 17, 24, 26]: [1, 1, 1, 2, 1, 2, 2, 0, 1, 2, 1]
15_8: 0: [10, 16, 17, 21, 27, 28]: [2, 1, 0, 2, 2, 1, 0, 0, 0, 0, 1]
15_9: 0: [8, 17, 17, 21, 27, 29]: [3, 1, 1, 3, 2, 0, 2, 0, 2, 2, 2]
16_0: 0: [10, 19, 17, 24, 31, 32]: [0, 0, 0, 2, 1, 1, 3, 0, 2, 1, 1]
16_2: 0: [4, 6, 6, 10, 15, 19]: [1, 3, 1, 0, 1, 1, 2, 0, 1, 2, 2]
16_4: 0: [4, 8, 12, 17, 23, 28]: [0, 3, 1, 0, 2, 1, 1, 0, 2, 2, 1]
16_5: 0: [5, 9, 13, 18, 23, 28]: [0, 3, 2, 0, 0, 1, 1, 0, 2, 0, 1]
16_6: 0: [8, 10, 11, 17, 25, 31]: [2, 2, 2, 2, 3, 2, 1, 1, 2, 2, 2]
16_7: 0: [7, 8, 10, 18, 25, 29]: [1, 1, 1, 2, 1, 3, 1, 2, 0, 2, 3]
16_8: 0: [12, 14, 15, 22, 29, 32]: [1, 1, 0, 2, 1, 0, 1, 2, 1, 1, 0]
16_9: 0: [10, 19, 16, 24, 30, 32]: [2, 1, 0, 2, 1, 0, 0, 2, 1, 2, 0]
17_0: 0: [6, 12, 13, 19, 25, 30]: [1, 1, 0, 1, 0, 2, 0, 1, 1, 0, 2]
17_1: 0: [3, 7, 6, 12, 16, 23]: [3, 0, 1, 2, 0, 0, 1, 0, 1, 0, 2]
17_2: 0: [2, 5, 7, 13, 18, 21]: [2, 0, 0, 3, 2, 2, 1, 2, 1, 0, 0]
17_3: 0: [4, 6, 10, 15, 20, 26]: [1, 3, 2, 2, 2, 2, 2, 1, 1, 0, 2]
17_4: 0: [4, 8, 12, 17, 22, 28]: [0, 2, 2, 1, 2, 2, 1, 1, 0, 1, 1]
17_5: 0: [4, 9, 13, 18, 23, 28]: [1, 3, 2, 0, 0, 1, 1, 0, 1, 0, 1]
17_6: 0: [6, 12, 11, 17, 23, 30]: [2, 1, 0, 0, 1, 1, 2, 0, 0, 1, 2]
17_7: 0: [6, 10, 8, 16, 22, 26]: [1, 1, 2, 0, 1, 1, 2, 1, 1, 1, 2]
18_0: 0: [5, 7, 13, 18, 27, 31]: [1, 1, 2, 2, 0, 1, 2, 1, 1, 1, 0]
18_1: 0: [2, 5, 7, 13, 16, 20]: [1, 0, 2, 2, 0, 1, 1, 2, 1, 2, 0]
18_3: 0: [4, 6, 10, 14, 18, 24]: [2, 1, 0, 1, 1, 0, 1, 2, 1, 0, 0]
18_4: 0: [5, 8, 12, 18, 23, 28]: [1, 2, 1, 0, 3, 2, 0, 0, 1, 1, 1]
18_5: 0: [4, 8, 13, 18, 23, 28]: [0, 3, 2, 0, 0, 1, 2, 0, 1, 1, 2]
18_6: 0: [7, 10, 13, 16, 24, 29]: [1, 2, 1, 0, 1, 1, 1, 1, 1, 1, 1]
18_7: 0: [6, 7, 12, 18, 24, 28]: [1, 1, 1, 2, 2, 0, 2, 0, 2, 1, 3]
18_9: 0: [5, 8, 15, 20, 28, 30]: [1, 1, 1, 2, 0, 1, 2, 0, 1, 0, 2]
19_0: 0: [3, 10, 10, 15, 26, 31]: [1, 1, 1, 1, 1, 1, 1, 1, 0, 1, 1]
19_1: 0: [1, 3, 4, 9, 17, 22]: [1, 1, 1, 0, 1, 1, 0, 2, 2, 1, 1]
19_3: 0: [4, 8, 10, 15, 20, 26]: [4, 2, 0, 1, 1, 2, 2, 1, 1, 2, 0]
19_4: 0: [4, 9, 13, 18, 23, 29]: [0, 2, 0, 1, 2, 1, 2, 0, 0, 1, 1]
19_5: 0: [4, 9, 13, 18, 23, 28]: [1, 3, 1, 0, 0, 2, 2, 0, 2, 0, 2]
19_6: 0: [3, 8, 10, 14, 22, 25]: [2, 0, 1, 1, 1, 1, 1, 0, 1, 1, 2]
19_7: 0: [3, 8, 8, 15, 24, 29]: [1, 1, 2, 0, 0, 1, 2, 0, 3, 1, 2]
19_9: 0: [4, 12, 11, 16, 26, 31]: [1, 1, 0, 3, 1, 1, 1, 1, 2, 0, 1]
20_0: 0: [7, 11, 15, 20, 26, 30]: [1, 0, 0, 1, 0, 1, 4, 0, 1, 1, 3]
20_1: 0: [4, 7, 10, 13, 21, 27]: [2, 0, 0, 1, 1, 0, 2, 2, 1, 1, 1]
20_4: 0: [3, 7, 12, 16, 23, 29]: [2, 3, 1, 0, 2, 1, 3, 1, 2, 1, 0]
20_5: 0: [4, 8, 13, 18, 23, 28]: [1, 3, 1, 0, 0, 2, 2, 0, 1, 0, 1]
20_6: 0: [3, 9, 8, 14, 24, 26]: [3, 2, 0, 1, 1, 0, 2, 2, 1, 0, 1]
20_7: 0: [4, 7, 8, 15, 24, 26]: [1, 0, 0, 2, 0, 3, 2, 2, 1, 1, 3]
20_8: 0: [9, 11, 15, 20, 26, 30]: [1, 2, 1, 2, 2, 1, 1, 0, 0, 2, 3]
3_10: 0: [8, 13, 14, 20, 28, 28]: [1, 0, 0, 0, 1, 0, 1, 1, 2, 2, 2]
4_10: 0: [8, 12, 16, 21, 29, 31]: [1, 1, 1, 1, 2, 1, 1, 0, 1, 1, 2]
7_10: 0: [8, 13, 16, 20, 29, 31]: [1, 1, 0, 2, 1, 2, 2, 0, 1, 0, 3]
10_10: 0: [8, 12, 15, 21, 28, 29]: [1, 2, 1, 0, 0, 2, 1, 0, 0, 2, 1]
11_10: 0: [8, 12, 16, 19, 30, 31]: [1, 1, 1, 0, 0, 0, 0, 1, 2, 1, 2]
15_10: 0: [7, 17, 17, 21, 27, 30]: [1, 0, 2, 1, 0, 1, 1, 0, 1, 2, 0]
17_10: 0: [6, 12, 13, 19, 25, 30]: [1, 1, 0, 1, 0, 2, 0, 1, 1, 0, 2]
18_10: 0: [5, 7, 13, 18, 27, 31]: [1, 1, 2, 2, 0, 1, 2, 1, 1, 1, 0]
19_10: 0: [3, 10, 10, 15, 26, 31]: [1, 1, 1, 1, 1, 1, 1, 1, 0, 1, 1]
20_10: 0: [7, 11, 15, 20, 26, 30]: [1, 0, 0, 1, 0, 1, 4, 0, 1, 1, 3]
