continues1
11_1: 17: [4, 10, 13, 15, 18, 26]: [1, 2, 1, 2, 1, 1, 2, 1, 4, 1, 1, 2, 2, 2, 1, 1, 2]: 0
1_2: 14: [4, 9, 12, 20, 26, 30]: [1, 1, 1, 1, 2, 1, 1, 1, 1, 1, 1, 1, 4, 1]: 1
4_6: 14: [5, 13, 20, 20, 27, 30]: [3, 1, 2, 2, 2, 2, 2, 2, 1, 1, 2, 2, 2, 1]: 2
13_8: 14: [3, 15, 24, 25, 27, 31]: [1, 2, 2, 1, 2, 1, 1, 2, 1, 1, 2, 1, 1, 2]: 0
5_10: 13: [5, 13, 18, 20, 25, 30]: [2, 1, 1, 2, 2, 1, 1, 1, 3, 1, 2, 2, 1]: 2
6_7: 12: [5, 17, 19, 25, 29, 31]: [1, 3, 1, 1, 1, 1, 1, 1, 2, 1, 1, 2]: 1
19_3: 12: [6, 10, 15, 20, 25, 29]: [2, 1, 1, 1, 2, 1, 1, 2, 1, 1, 1, 1]: 0
17_3: 10: [6, 13, 18, 22, 26, 30]: [1, 1, 1, 2, 1, 1, 1, 1, 2, 1]: 2
2_1: 9: [4, 13, 17, 18, 23, 29]: [2, 2, 1, 1, 1, 2, 1, 2, 1]: 0
5_8: 9: [5, 16, 22, 24, 29, 30]: [1, 2, 1, 1, 2, 1, 2, 2, 3]: 3
11_8: 9: [3, 20, 23, 24, 26, 31]: [1, 1, 1, 2, 1, 1, 1, 1, 4]: 0
11_9: 9: [10, 23, 25, 25, 27, 31]: [1, 1, 1, 1, 2, 1, 2, 1, 1]: 0
17_6: 9: [6, 15, 22, 27, 28, 30]: [3, 1, 2, 1, 1, 1, 1, 2, 1]: 2
6_10: 9: [6, 15, 19, 22, 26, 30]: [2, 1, 2, 2, 1, 2, 2, 1, 1]: 2
16_10: 9: [8, 16, 21, 23, 27, 31]: [2, 1, 1, 1, 3, 1, 2, 1, 1]: 0
8_3: 8: [4, 11, 16, 20, 26, 29]: [3, 3, 1, 1, 2, 1, 2, 2]: 1
8_8: 8: [6, 14, 21, 22, 26, 28]: [2, 3, 2, 1, 2, 1, 2, 1]: 1
12_8: 8: [6, 15, 20, 21, 25, 30]: [4, 2, 1, 1, 2, 1, 1, 1]: 1
18_3: 8: [5, 11, 17, 21, 27, 31]: [1, 2, 1, 2, 1, 2, 3, 2]: 2
12_10: 8: [6, 14, 20, 21, 25, 30]: [1, 1, 1, 1, 1, 1, 1, 1]: 1
continues0
12_2: 3: [5, 14, 18, 24, 28, 30]: [0, 0, 0, 1, 2, 1, 2, 4, 0, 0, 0]: 2
15_6: 3: [3, 15, 20, 25, 27, 30]: [0, 0, 0, 2, 2, 1, 0, 1, 1, 1, 1]: 1
19_10: 3: [6, 16, 20, 22, 27, 29]: [0, 0, 0, 2, 1, 1, 1, 0, 1, 0, 0]: 1
1_7: 2: [2, 13, 15, 22, 26, 28]: [0, 0, 1, 1, 1, 3, 1, 1, 3, 1, 1]: 2
3_7: 2: [4, 18, 23, 27, 29, 31]: [0, 0, 2, 1, 0, 1, 1, 1, 2, 0, 1]: 0
4_9: 2: [6, 18, 22, 22, 26, 29]: [0, 0, 2, 1, 3, 2, 2, 1, 0, 0, 2]: 1
7_1: 2: [4, 9, 15, 21, 23, 27]: [0, 0, 2, 2, 3, 0, 2, 0, 2, 1, 1]: 0
12_1: 2: [7, 14, 17, 24, 27, 30]: [0, 0, 2, 1, 1, 2, 1, 1, 2, 1, 0]: 1
16_6: 2: [6, 16, 23, 26, 28, 31]: [0, 0, 1, 2, 3, 3, 0, 1, 0, 1, 1]: 0
20_6: 2: [3, 15, 23, 27, 32, 34]: [0, 0, 2, 1, 1, 1, 0, 1, 1, 1, 0]: 0
7_10: 2: [5, 13, 20, 24, 27, 31]: [0, 0, 1, 1, 2, 1, 1, 0, 0, 1, 2]: 1
2_2: 1: [5, 13, 18, 22, 28, 30]: [0, 1, 1, 1, 2, 1, 0, 2, 1, 1, 2]: 3
4_8: 1: [4, 15, 20, 20, 25, 29]: [0, 1, 2, 1, 2, 3, 0, 1, 2, 1, 1]: 0
5_3: 1: [5, 12, 17, 21, 27, 30]: [0, 3, 1, 1, 1, 2, 1, 1, 2, 0, 1]: 2
5_7: 1: [4, 14, 20, 26, 28, 29]: [0, 1, 1, 1, 2, 3, 3, 1, 2, 0, 1]: 0
6_3: 1: [6, 12, 19, 23, 27, 31]: [0, 2, 3, 2, 0, 1, 0, 0, 1, 2, 1]: 0
6_8: 1: [4, 18, 21, 24, 27, 30]: [0, 1, 1, 1, 0, 2, 0, 1, 2, 1, 0]: 1
7_2: 1: [4, 11, 19, 20, 27, 30]: [0, 1, 2, 2, 2, 2, 1, 2, 0, 2, 2]: 2
7_6: 1: [3, 14, 21, 26, 29, 33]: [0, 1, 0, 0, 2, 0, 2, 1, 1, 0, 2]: 1
9_1: 1: [7, 17, 22, 24, 28, 31]: [0, 2, 1, 2, 1, 0, 2, 1, 1, 1, 0]: 1
10_7: 1: [3, 9, 17, 24, 26, 28]: [0, 1, 2, 0, 1, 1, 0, 1, 2, 0, 2]: 0
13_7: 1: [4, 17, 23, 25, 26, 30]: [0, 2, 1, 2, 1, 0, 2, 1, 1, 1, 2]: 1
14_1: 1: [4, 9, 17, 24, 25, 27]: [0, 2, 0, 1, 1, 2, 1, 1, 0, 0, 1]: 0
14_6: 1: [5, 15, 23, 25, 30, 31]: [0, 1, 1, 1, 0, 0, 1, 1, 0, 3, 1]: 2
14_8: 1: [5, 16, 24, 25, 29, 31]: [0, 2, 3, 1, 1, 1, 1, 1, 2, 1, 2]: 1
16_7: 1: [6, 16, 22, 25, 26, 31]: [0, 2, 1, 2, 0, 2, 3, 0, 2, 1, 0]: 1
16_8: 1: [8, 16, 23, 24, 28, 32]: [0, 2, 0, 2, 3, 0, 2, 0, 2, 1, 1]: 0
20_7: 1: [5, 18, 23, 26, 30, 33]: [0, 3, 2, 1, 0, 1, 1, 1, 4, 2, 1]: 3
3_10: 1: [6, 15, 22, 25, 26, 30]: [0, 2, 1, 1, 2, 1, 3, 0, 1, 1, 2]: 2
15_10: 1: [8, 15, 21, 21, 24, 30]: [0, 1, 0, 1, 2, 2, 1, 1, 2, 0, 2]: 1
18_10: 1: [4, 13, 19, 23, 26, 29]: [0, 1, 1, 2, 1, 1, 0, 0, 0, 0, 2]: 0
1_0: 0: [4, 14, 20, 25, 27, 30]: [1, 0, 0, 1, 1, 1, 1, 0, 2, 1, 2]: 1
1_1: 0: [2, 6, 10, 17, 21, 29]: [2, 1, 1, 0, 0, 2, 1, 1, 0, 0, 2]: 1
1_2: 0: [4, 9, 12, 20, 26, 30]: [1, 1, 1, 1, 2, 1, 1, 1, 1, 1, 1]: 1
1_3: 0: [4, 9, 14, 19, 25, 29]: [1, 3, 2, 2, 0, 2, 2, 2, 0, 0, 1]: 0
1_4: 0: [5, 10, 16, 20, 25, 29]: [0, 2, 0, 1, 0, 1, 0, 1, 1, 0, 1]: 1
1_5: 0: [4, 9, 14, 19, 24, 29]: [0, 0, 1, 1, 0, 2, 0, 0, 0, 0, 2]: 0
1_6: 0: [3, 14, 16, 22, 27, 29]: [2, 2, 1, 1, 2, 0, 1, 1, 0, 2, 2]: 1
1_8: 0: [2, 16, 19, 24, 28, 30]: [1, 0, 1, 1, 1, 2, 0, 1, 2, 1, 1]: 2
1_9: 0: [4, 16, 22, 26, 29, 32]: [2, 1, 0, 0, 2, 3, 2, 0, 1, 0, 1]: 1
2_0: 0: [6, 13, 17, 21, 24, 28]: [2, 2, 3, 1, 3, 2, 0, 1, 1, 0, 2]: 0
2_1: 0: [4, 13, 17, 18, 23, 29]: [2, 2, 1, 1, 1, 2, 1, 2, 1, 0, 1]: 0
2_3: 0: [6, 13, 17, 20, 25, 29]: [2, 2, 1, 2, 1, 2, 0, 1, 1, 1, 0]: 0
2_4: 0: [5, 10, 15, 20, 25, 30]: [0, 2, 0, 1, 1, 0, 1, 0, 1, 0, 1]: 2
2_5: 0: [4, 9, 14, 19, 24, 29]: [0, 1, 1, 0, 0, 3, 0, 0, 1, 0, 2]: 0
2_6: 0: [8, 14, 20, 24, 26, 28]: [2, 2, 1, 2, 2, 1, 0, 1, 1, 1, 2]: 0
2_7: 0: [7, 16, 20, 24, 27, 29]: [4, 0, 2, 1, 1, 2, 1, 0, 0, 3, 2]: 0
2_8: 0: [7, 15, 19, 22, 25, 29]: [1, 0, 1, 1, 1, 3, 0, 0, 1, 3, 0]: 1
2_9: 0: [9, 18, 23, 25, 27, 31]: [2, 2, 4, 2, 3, 1, 0, 0, 0, 1, 2]: 0
3_0: 0: [6, 15, 22, 25, 26, 30]: [0, 2, 1, 1, 2, 1, 3, 0, 1, 1, 2]: 2
3_1: 0: [2, 8, 16, 22, 25, 29]: [1, 2, 0, 2, 0, 1, 2, 0, 1, 1, 0]: 2
3_2: 0: [4, 11, 19, 24, 28, 31]: [1, 0, 0, 0, 1, 0, 2, 0, 1, 1, 0]: 1
3_3: 0: [5, 11, 17, 21, 26, 30]: [2, 2, 0, 2, 2, 2, 3, 1, 0, 0, 2]: 3
3_4: 0: [6, 10, 16, 22, 26, 30]: [0, 1, 1, 1, 0, 1, 0, 2, 2, 0, 1]: 2
3_5: 0: [4, 9, 14, 19, 24, 29]: [1, 0, 1, 1, 0, 2, 0, 0, 0, 0, 2]: 0
3_6: 0: [2, 17, 24, 27, 30, 32]: [3, 1, 2, 1, 0, 0, 0, 2, 1, 2, 1]: 2
3_8: 0: [6, 16, 25, 25, 27, 30]: [1, 3, 2, 1, 1, 0, 0, 2, 0, 0, 0]: 1
3_9: 0: [7, 16, 24, 24, 25, 31]: [1, 2, 2, 1, 2, 1, 0, 0, 1, 1, 1]: 0
4_0: 0: [5, 13, 18, 20, 25, 29]: [2, 0, 3, 1, 2, 1, 1, 1, 2, 2, 1]: 1
4_1: 0: [3, 11, 14, 18, 21, 28]: [1, 3, 3, 1, 0, 1, 1, 1, 1, 2, 0]: 1
4_2: 0: [6, 13, 15, 21, 27, 30]: [1, 2, 0, 0, 1, 2, 0, 1, 1, 1, 1]: 1
4_3: 0: [7, 11, 16, 20, 26, 29]: [2, 2, 2, 2, 2, 1, 2, 0, 1, 1, 1]: 1
4_4: 0: [5, 9, 16, 21, 26, 30]: [1, 2, 0, 0, 1, 0, 2, 0, 1, 0, 1]: 2
4_5: 0: [4, 9, 14, 19, 24, 28]: [1, 1, 1, 0, 0, 3, 0, 1, 0, 0, 2]: 0
4_6: 0: [5, 13, 20, 20, 27, 30]: [3, 1, 2, 2, 2, 2, 2, 2, 1, 1, 2]: 2
4_7: 0: [4, 13, 16, 20, 26, 31]: [1, 2, 0, 2, 1, 1, 1, 1, 1, 0, 3]: 0
5_0: 0: [5, 13, 18, 20, 25, 30]: [2, 1, 1, 2, 2, 1, 1, 1, 3, 1, 2]: 2
5_1: 0: [3, 13, 21, 25, 28, 31]: [1, 0, 2, 1, 1, 0, 0, 1, 3, 2, 1]: 0
5_2: 0: [6, 13, 17, 23, 29, 31]: [1, 1, 2, 0, 1, 1, 2, 1, 3, 1, 1]: 0
5_4: 0: [5, 10, 16, 20, 25, 29]: [0, 1, 1, 1, 0, 2, 0, 0, 2, 0, 1]: 1
5_5: 0: [4, 9, 14, 19, 24, 29]: [0, 1, 1, 2, 0, 3, 0, 1, 1, 0, 2]: 0
5_6: 0: [5, 16, 21, 25, 29, 29]: [3, 0, 2, 1, 3, 0, 2, 2, 1, 0, 1]: 1
5_8: 0: [5, 16, 22, 24, 29, 30]: [1, 2, 1, 1, 2, 1, 2, 2, 3, 0, 1]: 3
5_9: 0: [7, 17, 21, 23, 28, 32]: [1, 0, 1, 2, 3, 1, 3, 0, 3, 1, 1]: 0
6_0: 0: [6, 15, 19, 22, 26, 30]: [2, 1, 2, 2, 1, 2, 2, 1, 1, 0, 2]: 2
6_1: 0: [5, 14, 16, 21, 24, 29]: [2, 0, 1, 0, 2, 2, 2, 2, 1, 1, 1]: 1
6_2: 0: [6, 12, 20, 24, 28, 31]: [2, 0, 1, 2, 1, 1, 0, 2, 0, 0, 1]: 0
6_4: 0: [5, 11, 16, 20, 25, 30]: [0, 1, 0, 2, 0, 1, 0, 2, 1, 0, 2]: 3
6_5: 0: [4, 10, 15, 20, 24, 29]: [1, 0, 0, 1, 0, 3, 0, 0, 0, 0, 2]: 0
6_6: 0: [4, 14, 19, 24, 28, 31]: [2, 0, 1, 2, 3, 1, 2, 0, 2, 0, 1]: 0
6_7: 0: [5, 17, 19, 25, 29, 31]: [1, 3, 1, 1, 1, 1, 1, 1, 2, 1, 1]: 1
6_9: 0: [5, 19, 22, 24, 28, 32]: [2, 0, 2, 1, 0, 0, 0, 1, 1, 1, 2]: 2
7_0: 0: [5, 13, 20, 24, 27, 31]: [0, 0, 1, 1, 2, 1, 1, 0, 0, 1, 2]: 1
7_3: 0: [4, 11, 17, 20, 25, 29]: [1, 3, 0, 1, 2, 1, 2, 1, 1, 1, 1]: 1
7_4: 0: [5, 11, 16, 20, 25, 30]: [1, 3, 0, 1, 0, 1, 0, 2, 0, 0, 2]: 3
7_5: 0: [4, 9, 15, 19, 24, 29]: [1, 0, 1, 0, 0, 3, 0, 0, 1, 0, 1]: 0
7_7: 0: [4, 14, 21, 25, 29, 32]: [2, 1, 1, 2, 1, 1, 0, 1, 0, 0, 1]: 0
7_8: 0: [5, 14, 23, 26, 28, 32]: [2, 1, 0, 0, 2, 0, 2, 2, 1, 1, 1]: 1
7_9: 0: [6, 14, 22, 26, 29, 33]: [2, 0, 1, 1, 2, 1, 2, 2, 1, 1, 0]: 2
8_0: 0: [7, 15, 20, 21, 24, 28]: [2, 0, 2, 1, 1, 0, 2, 1, 2, 0, 1]: 0
8_1: 0: [2, 10, 15, 20, 28, 31]: [2, 0, 1, 1, 0, 1, 0, 1, 2, 1, 0]: 1
8_2: 0: [3, 12, 17, 23, 30, 31]: [1, 0, 1, 1, 0, 3, 1, 1, 1, 0, 1]: 1
8_3: 0: [4, 11, 16, 20, 26, 29]: [3, 3, 1, 1, 2, 1, 2, 2, 0, 0, 1]: 1
8_4: 0: [5, 11, 16, 21, 25, 29]: [0, 2, 1, 1, 0, 0, 1, 1, 2, 1, 1]: 2
8_5: 0: [4, 9, 14, 19, 24, 28]: [0, 0, 1, 1, 0, 2, 0, 0, 1, 0, 2]: 0
8_6: 0: [5, 14, 19, 24, 26, 28]: [1, 2, 2, 2, 1, 1, 0, 0, 2, 2, 1]: 1
8_7: 0: [6, 14, 20, 25, 27, 29]: [2, 2, 3, 3, 1, 1, 1, 0, 2, 0, 0]: 0
8_8: 0: [6, 14, 21, 22, 26, 28]: [2, 3, 2, 1, 2, 1, 2, 1, 0, 0, 0]: 1
8_9: 0: [7, 16, 22, 24, 27, 29]: [2, 1, 2, 0, 1, 0, 1, 0, 2, 1, 0]: 1
9_0: 0: [6, 14, 19, 22, 25, 31]: [1, 0, 2, 0, 2, 1, 1, 0, 3, 1, 1]: 1
9_2: 0: [9, 16, 22, 25, 30, 32]: [2, 2, 2, 1, 0, 0, 0, 2, 0, 0, 0]: 2
9_3: 0: [6, 11, 18, 21, 27, 31]: [2, 1, 0, 3, 2, 1, 3, 2, 1, 0, 0]: 1
9_4: 0: [6, 11, 17, 21, 25, 30]: [0, 1, 1, 1, 0, 1, 0, 2, 1, 0, 2]: 2
9_5: 0: [4, 9, 14, 19, 24, 29]: [0, 0, 1, 0, 0, 3, 0, 1, 0, 0, 2]: 0
9_6: 0: [8, 18, 20, 24, 29, 32]: [2, 2, 1, 1, 0, 1, 2, 2, 2, 0, 2]: 0
9_7: 0: [8, 19, 20, 25, 29, 32]: [2, 1, 0, 1, 1, 1, 2, 1, 1, 0, 1]: 0
9_8: 0: [6, 18, 22, 24, 28, 31]: [1, 0, 1, 1, 1, 2, 1, 1, 1, 0, 1]: 1
9_9: 0: [6, 17, 21, 23, 27, 31]: [3, 0, 2, 1, 2, 2, 1, 1, 1, 2, 1]: 0
10_0: 0: [4, 10, 17, 18, 22, 27]: [1, 0, 1, 1, 1, 0, 3, 0, 1, 0, 2]: 1
10_1: 0: [5, 11, 17, 18, 24, 29]: [2, 1, 2, 2, 2, 0, 0, 0, 2, 0, 1]: 2
10_2: 0: [5, 12, 16, 22, 27, 31]: [1, 1, 0, 1, 1, 2, 0, 1, 0, 0, 1]: 2
10_3: 0: [6, 12, 17, 20, 26, 30]: [2, 2, 2, 2, 1, 1, 0, 1, 0, 1, 1]: 1
10_4: 0: [6, 12, 18, 22, 26, 30]: [0, 3, 1, 2, 1, 1, 1, 0, 1, 0, 1]: 2
10_5: 0: [4, 9, 14, 19, 24, 29]: [0, 0, 1, 1, 0, 3, 0, 1, 1, 0, 1]: 0
10_6: 0: [3, 8, 15, 23, 27, 26]: [1, 2, 2, 1, 1, 0, 0, 0, 0, 1, 1]: 0
10_8: 0: [4, 11, 18, 19, 24, 28]: [1, 0, 0, 2, 1, 1, 0, 1, 1, 0, 0]: 1
10_9: 0: [7, 14, 21, 21, 24, 30]: [1, 0, 0, 1, 2, 3, 2, 1, 1, 0, 1]: 1
11_0: 0: [8, 19, 21, 24, 26, 31]: [1, 1, 1, 2, 2, 2, 1, 0, 1, 0, 0]: 0
11_1: 0: [4, 10, 13, 15, 18, 26]: [1, 2, 1, 2, 1, 1, 2, 1, 4, 1, 1]: 0
11_2: 0: [5, 11, 17, 22, 26, 29]: [2, 1, 0, 0, 1, 2, 3, 0, 1, 0, 1]: 3
11_3: 0: [6, 11, 18, 21, 25, 29]: [4, 0, 0, 3, 0, 1, 1, 1, 1, 1, 0]: 1
11_4: 0: [6, 11, 17, 21, 25, 30]: [0, 0, 1, 1, 0, 0, 1, 2, 2, 1, 2]: 2
11_5: 0: [4, 9, 14, 19, 24, 29]: [1, 0, 1, 1, 0, 3, 0, 0, 1, 0, 2]: 0
11_6: 0: [1, 16, 20, 25, 26, 30]: [2, 1, 1, 1, 0, 2, 2, 0, 1, 0, 1]: 1
11_7: 0: [4, 18, 21, 25, 25, 29]: [3, 2, 0, 2, 2, 1, 0, 2, 1, 0, 2]: 0
11_8: 0: [3, 20, 23, 24, 26, 31]: [1, 1, 1, 2, 1, 1, 1, 1, 4, 0, 3]: 0
11_9: 0: [10, 23, 25, 25, 27, 31]: [1, 1, 1, 1, 2, 1, 2, 1, 1, 0, 0]: 0
12_0: 0: [6, 14, 20, 21, 25, 30]: [1, 1, 1, 1, 1, 1, 1, 1, 0, 0, 3]: 1
12_3: 0: [6, 12, 15, 20, 25, 29]: [2, 3, 1, 2, 0, 0, 1, 1, 0, 0, 1]: 0
12_4: 0: [4, 10, 15, 20, 24, 29]: [1, 0, 1, 2, 0, 0, 1, 2, 1, 1, 2]: 0
12_5: 0: [4, 9, 14, 19, 24, 29]: [1, 0, 1, 1, 0, 2, 0, 0, 0, 0, 2]: 0
12_6: 0: [5, 15, 24, 22, 26, 30]: [1, 3, 1, 1, 0, 1, 2, 1, 1, 0, 2]: 3
12_7: 0: [7, 17, 23, 23, 28, 30]: [2, 1, 0, 3, 3, 3, 2, 2, 0, 0, 1]: 1
12_8: 0: [6, 15, 20, 21, 25, 30]: [4, 2, 1, 1, 2, 1, 1, 1, 0, 0, 2]: 1
12_9: 0: [8, 19, 22, 24, 26, 31]: [1, 1, 1, 2, 0, 2, 1, 2, 2, 1, 1]: 1
13_0: 0: [6, 15, 22, 22, 27, 31]: [1, 0, 0, 1, 2, 1, 1, 0, 1, 0, 2]: 1
13_1: 0: [6, 12, 17, 19, 24, 30]: [2, 2, 2, 1, 1, 0, 2, 2, 1, 1, 1]: 1
13_2: 0: [6, 14, 16, 21, 27, 30]: [1, 2, 2, 1, 0, 3, 2, 3, 2, 0, 1]: 1
13_3: 0: [5, 11, 15, 19, 24, 30]: [2, 2, 3, 0, 2, 2, 2, 1, 1, 0, 1]: 3
13_4: 0: [4, 10, 16, 21, 26, 30]: [0, 3, 0, 1, 0, 2, 0, 0, 2, 0, 2]: 1
13_5: 0: [4, 9, 14, 19, 24, 28]: [0, 1, 1, 0, 0, 2, 0, 0, 0, 0, 2]: 0
13_6: 0: [4, 16, 21, 26, 27, 31]: [3, 2, 2, 2, 1, 2, 1, 0, 2, 1, 1]: 0
13_8: 0: [3, 15, 24, 25, 27, 31]: [1, 2, 2, 1, 2, 1, 1, 2, 1, 1, 2]: 0
13_9: 0: [6, 18, 24, 25, 26, 30]: [2, 1, 0, 1, 1, 1, 1, 0, 2, 1, 3]: 1
14_0: 0: [6, 15, 21, 24, 27, 31]: [1, 1, 0, 2, 2, 2, 1, 1, 2, 0, 1]: 0
14_2: 0: [5, 13, 18, 22, 28, 30]: [3, 1, 0, 1, 1, 0, 1, 4, 1, 1, 1]: 3
14_3: 0: [6, 13, 18, 21, 26, 29]: [3, 1, 1, 3, 0, 1, 3, 2, 0, 0, 1]: 0
14_4: 0: [6, 12, 18, 21, 26, 30]: [2, 3, 1, 1, 0, 2, 0, 2, 0, 1, 2]: 1
14_5: 0: [4, 9, 15, 19, 24, 28]: [1, 0, 1, 1, 0, 2, 0, 0, 0, 0, 2]: 0
14_7: 0: [4, 12, 19, 25, 29, 31]: [2, 0, 1, 1, 1, 0, 2, 0, 2, 0, 1]: 0
14_9: 0: [7, 18, 24, 26, 29, 32]: [2, 1, 1, 1, 3, 0, 1, 1, 0, 1, 2]: 0
15_0: 0: [8, 15, 21, 21, 24, 30]: [0, 1, 0, 1, 2, 2, 1, 1, 2, 0, 2]: 1
15_1: 0: [4, 14, 20, 21, 26, 32]: [1, 1, 0, 2, 2, 0, 2, 4, 1, 0, 0]: 0
15_2: 0: [5, 14, 19, 22, 27, 32]: [1, 1, 1, 2, 0, 2, 0, 2, 2, 0, 0]: 2
15_3: 0: [4, 12, 17, 21, 26, 30]: [1, 1, 1, 2, 0, 1, 1, 2, 1, 1, 1]: 1
15_4: 0: [6, 11, 17, 21, 26, 30]: [0, 3, 0, 2, 1, 1, 0, 1, 0, 1, 2]: 2
15_5: 0: [4, 9, 14, 19, 24, 29]: [1, 1, 1, 1, 1, 1, 0, 0, 1, 0, 1]: 0
15_7: 0: [4, 14, 19, 25, 27, 30]: [1, 2, 1, 0, 1, 2, 2, 1, 1, 2, 2]: 1
15_8: 0: [8, 15, 23, 24, 25, 29]: [1, 0, 2, 1, 2, 1, 1, 0, 0, 0, 1]: 0
15_9: 0: [10, 15, 24, 24, 25, 30]: [3, 0, 0, 2, 0, 1, 0, 1, 1, 1, 1]: 1
16_0: 0: [8, 16, 21, 23, 27, 31]: [2, 1, 1, 1, 3, 1, 2, 1, 1, 0, 1]: 0
16_1: 0: [5, 18, 17, 21, 25, 30]: [1, 1, 3, 1, 1, 0, 1, 2, 1, 1, 1]: 2
16_2: 0: [7, 16, 18, 22, 28, 31]: [1, 2, 2, 2, 0, 1, 1, 1, 0, 2, 0]: 1
16_3: 0: [6, 14, 19, 22, 27, 30]: [3, 3, 1, 1, 0, 1, 3, 1, 2, 1, 1]: 2
16_4: 0: [5, 11, 17, 21, 26, 30]: [0, 3, 1, 2, 0, 0, 1, 0, 2, 1, 2]: 3
16_5: 0: [4, 9, 14, 19, 24, 29]: [1, 1, 1, 0, 0, 2, 0, 0, 0, 0, 2]: 0
16_9: 0: [10, 18, 23, 25, 29, 32]: [2, 1, 0, 0, 1, 2, 1, 2, 3, 3, 2]: 0
17_0: 0: [7, 13, 21, 22, 24, 29]: [2, 2, 2, 1, 1, 0, 2, 2, 3, 1, 2]: 1
17_1: 0: [7, 20, 23, 23, 27, 32]: [1, 1, 1, 2, 0, 0, 2, 1, 1, 0, 0]: 0
17_2: 0: [7, 13, 21, 24, 28, 31]: [3, 2, 0, 1, 2, 2, 2, 2, 1, 1, 1]: 0
17_3: 0: [6, 13, 18, 22, 26, 30]: [1, 1, 1, 2, 1, 1, 1, 1, 2, 1, 0]: 2
17_4: 0: [5, 11, 17, 21, 25, 30]: [1, 2, 0, 2, 1, 1, 1, 1, 1, 2, 2]: 3
17_5: 0: [4, 9, 14, 19, 24, 29]: [1, 0, 0, 0, 0, 3, 0, 0, 0, 0, 2]: 0
17_6: 0: [6, 15, 22, 27, 28, 30]: [3, 1, 2, 1, 1, 1, 1, 2, 1, 0, 1]: 2
17_7: 0: [7, 14, 23, 27, 26, 29]: [1, 2, 1, 0, 1, 0, 2, 0, 2, 0, 2]: 0
17_8: 0: [6, 14, 24, 23, 26, 29]: [2, 1, 2, 0, 0, 1, 1, 0, 1, 0, 1]: 0
17_9: 0: [9, 14, 22, 24, 25, 30]: [1, 0, 1, 0, 2, 2, 1, 2, 1, 1, 0]: 2
18_0: 0: [4, 13, 19, 23, 26, 29]: [0, 1, 1, 2, 1, 1, 0, 0, 0, 0, 2]: 0
18_1: 0: [6, 13, 19, 21, 24, 30]: [1, 3, 2, 2, 0, 1, 1, 1, 0, 1, 1]: 1
18_2: 0: [6, 12, 19, 24, 29, 32]: [2, 2, 0, 1, 2, 2, 0, 2, 0, 0, 1]: 0
18_3: 0: [5, 11, 17, 21, 27, 31]: [1, 2, 1, 2, 1, 2, 3, 2, 0, 1, 1]: 2
18_4: 0: [5, 11, 17, 21, 26, 31]: [0, 3, 0, 3, 1, 1, 0, 1, 1, 2, 1]: 2
18_5: 0: [4, 9, 14, 19, 24, 29]: [0, 0, 0, 1, 1, 2, 0, 0, 0, 0, 2]: 0
18_6: 0: [4, 11, 18, 24, 28, 30]: [1, 2, 3, 1, 2, 1, 0, 1, 1, 1, 1]: 2
18_7: 0: [5, 11, 18, 23, 28, 29]: [2, 1, 2, 4, 2, 0, 0, 2, 1, 0, 0]: 2
18_8: 0: [6, 13, 21, 22, 26, 30]: [3, 1, 3, 0, 1, 1, 2, 1, 2, 1, 1]: 2
18_9: 0: [6, 15, 21, 24, 28, 30]: [3, 1, 2, 3, 1, 1, 2, 0, 0, 0, 2]: 1
19_0: 0: [6, 16, 20, 22, 27, 29]: [0, 0, 0, 2, 1, 1, 1, 0, 1, 0, 0]: 1
19_1: 0: [4, 10, 15, 20, 25, 29]: [1, 2, 0, 1, 1, 0, 2, 2, 2, 1, 3]: 0
19_2: 0: [5, 11, 16, 23, 28, 30]: [2, 2, 0, 0, 2, 1, 1, 1, 1, 1, 0]: 3
19_3: 0: [6, 10, 15, 20, 25, 29]: [2, 1, 1, 1, 2, 1, 1, 2, 1, 1, 1]: 0
19_4: 0: [5, 10, 15, 20, 25, 29]: [1, 1, 1, 2, 1, 0, 0, 0, 2, 1, 0]: 1
19_5: 0: [4, 9, 14, 19, 24, 29]: [1, 0, 0, 0, 0, 2, 0, 0, 0, 0, 2]: 0
19_6: 0: [10, 20, 25, 28, 30, 30]: [3, 2, 1, 1, 1, 2, 2, 0, 1, 2, 2]: 1
19_7: 0: [10, 18, 24, 26, 28, 29]: [1, 2, 2, 0, 1, 1, 1, 0, 1, 1, 2]: 0
19_8: 0: [9, 18, 24, 24, 26, 29]: [2, 1, 2, 0, 0, 0, 1, 1, 1, 1, 1]: 0
19_9: 0: [8, 19, 24, 24, 27, 31]: [1, 1, 1, 2, 2, 1, 1, 0, 1, 0, 1]: 0
20_0: 0: [4, 14, 17, 19, 24, 30]: [1, 0, 1, 2, 4, 0, 3, 1, 1, 0, 1]: 1
20_1: 0: [4, 10, 14, 18, 23, 30]: [1, 1, 3, 1, 0, 0, 1, 1, 1, 1, 0]: 1
20_2: 0: [5, 8, 14, 21, 27, 31]: [2, 0, 2, 1, 1, 1, 2, 1, 0, 1, 0]: 1
20_3: 0: [4, 9, 14, 20, 25, 30]: [1, 1, 1, 1, 2, 0, 1, 1, 1, 0, 0]: 1
20_4: 0: [5, 10, 16, 21, 25, 29]: [0, 2, 1, 1, 2, 1, 0, 0, 1, 0, 2]: 1
20_5: 0: [4, 9, 14, 19, 24, 28]: [0, 1, 1, 0, 1, 3, 0, 0, 2, 0, 2]: 0
20_8: 0: [4, 17, 22, 23, 28, 32]: [1, 0, 0, 2, 1, 2, 2, 0, 3, 2, 1]: 1
20_9: 0: [5, 18, 22, 22, 27, 32]: [3, 0, 1, 1, 2, 1, 1, 2, 2, 2, 1]: 2
1_10: 0: [4, 14, 20, 25, 27, 30]: [1, 0, 0, 1, 1, 1, 1, 0, 2, 1, 2]: 1
2_10: 0: [6, 13, 17, 21, 24, 28]: [2, 2, 3, 1, 3, 2, 0, 1, 1, 0, 2]: 0
4_10: 0: [5, 13, 18, 20, 25, 29]: [2, 0, 3, 1, 2, 1, 1, 1, 2, 2, 1]: 1
5_10: 0: [5, 13, 18, 20, 25, 30]: [2, 1, 1, 2, 2, 1, 1, 1, 3, 1, 2]: 2
6_10: 0: [6, 15, 19, 22, 26, 30]: [2, 1, 2, 2, 1, 2, 2, 1, 1, 0, 2]: 2
8_10: 0: [7, 15, 20, 21, 24, 28]: [2, 0, 2, 1, 1, 0, 2, 1, 2, 0, 1]: 0
9_10: 0: [6, 14, 19, 22, 25, 31]: [1, 0, 2, 0, 2, 1, 1, 0, 3, 1, 1]: 1
10_10: 0: [4, 10, 17, 18, 22, 27]: [1, 0, 1, 1, 1, 0, 3, 0, 1, 0, 2]: 1
11_10: 0: [8, 19, 21, 24, 26, 31]: [1, 1, 1, 2, 2, 2, 1, 0, 1, 0, 0]: 0
12_10: 0: [6, 14, 20, 21, 25, 30]: [1, 1, 1, 1, 1, 1, 1, 1, 0, 0, 3]: 1
13_10: 0: [6, 15, 22, 22, 27, 31]: [1, 0, 0, 1, 2, 1, 1, 0, 1, 0, 2]: 1
14_10: 0: [6, 15, 21, 24, 27, 31]: [1, 1, 0, 2, 2, 2, 1, 1, 2, 0, 1]: 0
16_10: 0: [8, 16, 21, 23, 27, 31]: [2, 1, 1, 1, 3, 1, 2, 1, 1, 0, 1]: 0
17_10: 0: [7, 13, 21, 22, 24, 29]: [2, 2, 2, 1, 1, 0, 2, 2, 3, 1, 2]: 1
20_10: 0: [4, 14, 17, 19, 24, 30]: [1, 0, 1, 2, 4, 0, 3, 1, 1, 0, 1]: 1
