30
gap25
100_5___13__    10   0  [2, 5, 2, 1, 1, 0, 3, 1, 1, 3]  (15, 20)
100_4___13__    9   0  [2, 7, 0, 4, 3, 1, 1, 1, 1]  (14, 20)
200_5___13__    9   3  [4, 2, 0, 1, 2, 3, 1, 1, 3]  (20, 20)
100_2___13__    8   0  [2, 1, 6, 2, 1, 3, 3, 3]  (14, 20)
100_3___13__    8   3  [8, 2, 1, 3, 1, 1, 1, 1]  (13, 20)
300_3___13__    8   0  [2, 4, 1, 1, 8, 1, 1, 3]  (17, 20)
300_4___13__    8   3  [6, 1, 1, 2, 3, 1, 1, 3]  (17, 20)
300_5___13__    8   10  [1, 1, 2, 3, 1, 1, 1, 1]  (19, 20)
100_1___13__    7   3  [7, 0, 2, 0, 6, 1, 3]  (12, 20)
200_3___13__    7   0  [2, 4, 3, 8, 3, 1, 1]  (17, 20)
200_1___13__    5   3  [7, 0, 8, 3, 3]  (20, 24)
200_2___13__    5   3  [7, 0, 8, 3, 3]  (20, 21)
200_4___13__    5   3  [8, 1, 6, 3, 3]  (17, 20)
300_1___13__    4   3  [6, 1, 12, 3]  (19, 20)
300_2___13__    4   0  [2, 6, 14, 3]  (17, 20)
part_in:(12, 24), all_in:(20, 20), all_out:(12, 24)
gap45
100_5___18__    13   1  [5, 0, 0, 2, 1, 0, 0, 0, 2, 2, 2, 0, 1]  (1, 2)
100_3___18__    11   1  [5, 0, 3, 1, 0, 1, 1, 0, 2, 2, 2]  (1, 2)
300_5___18__    11   5  [0, 0, 4, 1, 1, 0, 2, 2, 2, 0, 1]  (1, 4)
300_4___18__    10   1  [4, 0, 4, 1, 2, 2, 2, 2, 0, 1]  (1, 4)
100_2___18__    9   5  [1, 0, 3, 1, 1, 2, 0, 5, 2]  (1, 2)
100_4___18__    9   1  [5, 4, 1, 0, 3, 0, 2, 2, 2]  (1, 2)
200_3___18__    9   1  [5, 0, 3, 1, 0, 3, 0, 6, 1]  (1, 1)
200_4___18__    9   1  [2, 1, 0, 4, 1, 5, 5, 0, 1]  (1, 1)
200_5___18__    9   1  [5, 0, 3, 1, 5, 2, 2, 0, 1]  (1, 2)
100_1___18__    8   0  [6, 0, 6, 0, 2, 0, 5, 2]  (1, 1)
300_3___18__    8   1  [5, 4, 1, 5, 2, 2, 0, 1]  (1, 3)
200_1___18__    6   7  [0, 2, 0, 7, 6, 1]  (1, 5)
200_2___18__    6   7  [0, 3, 1, 5, 6, 1]  (1, 2)
300_1___18__    6   12  [4, 2, 1, 3, 0, 1]  (1, 2)
300_2___18__    5   12  [1, 5, 5, 0, 1]  (1, 1)
part_in:(3, 5), all_in:(1, 2), all_out:(1, 5)
less5
100_5___1__    10   1  [3, 0, 4, 3, 1, 1, 1, 1, 4, 0]  (0, 5)
200_2___1__    10   1  [1, 0, 0, 5, 3, 1, 1, 1, 5, 1]  (1, 5)
200_5___1__    10   1  [2, 0, 0, 4, 1, 3, 3, 5, 0, 0]  (0, 5)
100_3___1__    9   1  [3, 0, 4, 3, 1, 1, 1, 6, 0]  (0, 5)
200_3___1__    9   1  [2, 0, 5, 5, 1, 1, 5, 0, 0]  (0, 5)
100_2___1__    8   1  [3, 5, 3, 1, 1, 1, 6, 0]  (3, 5)
100_4___1__    8   1  [3, 0, 4, 5, 1, 1, 6, 0]  (0, 5)
200_1___1__    8   1  [1, 1, 5, 5, 1, 1, 6, 0]  (2, 5)
200_4___1__    8   1  [2, 6, 3, 1, 3, 5, 0, 0]  (0, 5)
100_1___1__    7   1  [3, 5, 3, 1, 1, 8, 0]  (3, 5)
300_3___1__    7   1  [3, 5, 5, 1, 1, 6, 0]  (1, 5)
300_4___1__    7   1  [3, 5, 5, 1, 1, 6, 0]  (0, 5)
300_5___1__    7   1  [3, 5, 5, 0, 0, 1, 7]  (1, 5)
300_1___1__    6   1  [3, 5, 3, 1, 1, 9]  (3, 5)
300_2___1__    6   1  [3, 5, 3, 1, 9, 1]  (2, 5)
part_in:(0, 2), all_in:(3, 5), all_out:(0, 5)
less8
200_4___2__    15   1  [2, 0, 0, 0, 1, 1, 1, 0, 1, 1, 0, 0, 2, 3, 1]  (3, 3)
100_3___2__    12   3  [0, 0, 1, 1, 1, 1, 0, 0, 2, 5, 1, 2]  (3, 3)
100_5___2__    11   4  [0, 1, 1, 1, 1, 1, 2, 4, 2, 0, 1]  (3, 5)
200_5___2__    11   5  [1, 1, 1, 1, 0, 1, 1, 0, 3, 3, 1]  (3, 3)
100_4___2__    10   3  [0, 0, 1, 1, 1, 1, 0, 3, 7, 2]  (3, 4)
200_3___2__    10   4  [0, 1, 1, 1, 1, 2, 1, 4, 3, 1]  (2, 3)
300_4___2__    10   4  [0, 1, 1, 1, 1, 0, 1, 4, 1, 5]  (3, 3)
100_1___2__    9   4  [0, 3, 1, 1, 4, 1, 3, 1, 2]  (3, 3)
100_2___2__    9   4  [0, 1, 1, 1, 1, 0, 0, 2, 10]  (3, 4)
200_2___2__    9   5  [1, 1, 1, 1, 0, 3, 4, 3, 1]  (3, 3)
300_5___2__    9   4  [0, 1, 1, 3, 0, 1, 4, 1, 5]  (3, 4)
200_1___2__    8   4  [0, 1, 1, 3, 0, 3, 8, 1]  (3, 3)
300_3___2__    8   4  [0, 1, 1, 3, 0, 6, 1, 5]  (3, 3)
300_2___2__    7   4  [0, 1, 1, 3, 0, 0, 13]  (3, 4)
300_1___2__    6   4  [0, 1, 1, 3, 0, 14]  (3, 4)
part_in:(2, 5), all_in:(3, 3), all_out:(2, 5)
sum25
300_4___12__    13   1  [1, 0, 1, 1, 0, 3, 2, 4, 0, 1, 1, 1, 0]  (26, 36)
100_1___12__    10   1  [0, 0, 3, 0, 4, 2, 3, 3, 3, 0]  (26, 32)
300_3___12__    10   1  [1, 4, 0, 3, 2, 3, 0, 2, 3, 0]  (26, 39)
300_5___12__    10   3  [0, 1, 6, 2, 3, 0, 0, 1, 3, 0]  (26, 34)
100_2___12__    9   1  [1, 2, 1, 4, 2, 3, 3, 3, 0]  (26, 29)
100_3___12__    9   1  [2, 3, 4, 2, 4, 2, 1, 1, 0]  (26, 38)
200_1___12__    9   1  [1, 2, 0, 5, 2, 1, 5, 3, 0]  (26, 31)
200_2___12__    9   1  [1, 2, 1, 4, 2, 1, 5, 3, 0]  (26, 31)
200_5___12__    9   3  [9, 2, 1, 1, 0, 2, 1, 1, 0]  (26, 32)
300_1___12__    9   3  [3, 0, 0, 3, 2, 4, 2, 3, 0]  (26, 27)
300_2___12__    9   1  [1, 3, 0, 4, 2, 4, 2, 3, 0]  (26, 27)
200_3___12__    7   3  [9, 2, 3, 0, 2, 3, 0]  (26, 35)
200_4___12__    7   3  [9, 2, 4, 2, 1, 1, 0]  (26, 32)
100_4___12__    6   4  [1, 9, 7, 1, 1, 0]  (26, 34)
100_5___12__    6   4  [11, 1, 5, 1, 1, 0]  (26, 33)
part_in:(28, 39), all_in:(26, 27), all_out:(26, 39)
sum34
200_2___14__    13   2  [0, 3, 0, 0, 0, 0, 0, 3, 1, 4, 0, 3, 0]  (38, 40)
300_3___14__    12   2  [0, 3, 0, 1, 0, 0, 3, 3, 2, 0, 3, 0]  (38, 41)
100_2___14__    11   0  [6, 0, 0, 1, 0, 3, 3, 2, 0, 3, 0]  (34, 38)
100_3___14__    11   0  [1, 4, 0, 2, 0, 3, 3, 2, 0, 3, 0]  (38, 42)
200_5___14__    11   0  [2, 3, 1, 1, 0, 3, 1, 4, 0, 3, 0]  (38, 40)
100_4___14__    10   0  [6, 1, 1, 0, 3, 6, 0, 1, 1, 0]  (38, 39)
100_5___14__    10   0  [6, 1, 1, 0, 3, 1, 4, 0, 3, 0]  (38, 38)
300_4___14__    10   0  [2, 2, 0, 3, 0, 3, 6, 0, 3, 0]  (38, 38)
100_1___14__    9   7  [0, 0, 1, 4, 3, 2, 0, 3, 0]  (38, 38)
200_3___14__    9   2  [0, 3, 3, 0, 3, 6, 0, 3, 0]  (38, 43)
300_2___14__    9   0  [2, 4, 1, 0, 0, 3, 6, 0, 4]  (33, 38)
300_5___14__    9   0  [5, 0, 3, 0, 3, 6, 0, 3, 0]  (37, 38)
200_1___14__    8   3  [6, 0, 0, 3, 1, 4, 0, 4]  (36, 38)
200_4___14__    8   0  [6, 3, 0, 3, 6, 0, 3, 0]  (38, 41)
300_1___14__    6   3  [7, 0, 3, 6, 0, 4]  (33, 38)
part_in:(33, 43), all_in:(38, 38), all_out:(33, 43)
row2
100_3___6__    12   1  [0, 4, 1, 1, 0, 1, 0, 1, 0, 2, 5, 1]  (13, 13)
100_1___6__    11   1  [0, 6, 1, 0, 2, 1, 0, 2, 2, 2, 1]  (13, 15)
300_3___6__    11   0  [0, 0, 6, 1, 0, 2, 1, 0, 2, 5, 1]  (12, 13)
100_2___6__    10   1  [0, 2, 3, 1, 3, 1, 0, 5, 2, 1]  (13, 14)
100_4___6__    10   1  [0, 6, 1, 0, 2, 1, 0, 2, 5, 1]  (13, 14)
100_5___6__    10   1  [0, 6, 1, 0, 2, 1, 0, 2, 5, 1]  (13, 14)
200_1___6__    9   1  [0, 1, 4, 1, 0, 2, 1, 0, 10]  (13, 14)
200_3___6__    9   1  [0, 6, 1, 0, 2, 1, 0, 2, 7]  (11, 13)
300_4___6__    9   1  [0, 6, 1, 0, 2, 2, 2, 5, 1]  (12, 13)
300_5___6__    9   1  [0, 6, 1, 0, 5, 2, 4, 0, 1]  (12, 13)
200_2___6__    8   1  [0, 6, 1, 0, 2, 2, 2, 7]  (12, 13)
200_4___6__    8   1  [0, 6, 1, 0, 2, 2, 2, 7]  (12, 13)
200_5___6__    8   1  [0, 6, 1, 0, 2, 2, 2, 7]  (13, 13)
300_2___6__    8   0  [0, 0, 8, 0, 2, 2, 8, 1]  (13, 14)
300_1___6__    7   1  [0, 8, 3, 2, 2, 5, 1]  (13, 14)
part_in:(11, 15), all_in:(13, 13), all_out:(11, 15)
gap12
100_1___15__    12   0  [1, 0, 1, 1, 0, 4, 1, 5, 2, 0, 2, 0]  (2, 3)
100_4___15__    11   0  [1, 0, 1, 1, 0, 9, 2, 2, 1, 1, 0]  (2, 2)
100_5___15__    11   0  [1, 0, 1, 1, 0, 9, 1, 0, 2, 3, 0]  (2, 2)
200_2___15__    11   2  [0, 1, 1, 0, 4, 4, 1, 0, 2, 3, 0]  (1, 2)
200_4___15__    11   0  [2, 1, 1, 0, 4, 5, 0, 0, 2, 3, 0]  (2, 3)
200_5___15__    11   3  [1, 1, 0, 4, 4, 0, 0, 0, 2, 3, 0]  (2, 2)
100_2___15__    10   0  [1, 0, 1, 1, 0, 4, 7, 2, 3, 0]  (2, 2)
100_3___15__    10   0  [1, 0, 1, 1, 0, 9, 2, 2, 3, 0]  (2, 2)
200_1___15__    10   3  [1, 1, 0, 2, 1, 4, 2, 2, 3, 0]  (1, 2)
200_3___15__    10   3  [1, 1, 0, 4, 4, 1, 0, 2, 3, 0]  (2, 3)
300_4___15__    10   2  [0, 1, 1, 0, 2, 1, 7, 4, 1, 0]  (2, 3)
300_5___15__    10   2  [0, 1, 1, 0, 2, 1, 6, 0, 6, 0]  (2, 4)
300_2___15__    9   2  [0, 1, 1, 0, 2, 1, 7, 6, 0]  (1, 2)
300_1___15__    8   3  [1, 1, 0, 2, 1, 7, 6, 0]  (2, 2)
300_3___15__    7   2  [0, 1, 1, 0, 12, 6, 0]  (2, 4)
part_in:(1, 4), all_in:(2, 2), all_out:(1, 4)
ball_column
100_5___21__    13   0  [2, 3, 1, 2, 0, 1, 0, 1, 0, 1, 1, 0, 4]  (4, 4)
300_3___21__    12   0  [1, 0, 0, 1, 0, 3, 0, 0, 2, 2, 1, 7]  (2, 4)
100_4___21__    11   0  [1, 0, 3, 1, 3, 1, 0, 4, 1, 0, 4]  (4, 4)
200_5___21__    11   3  [0, 1, 0, 1, 2, 1, 1, 1, 2, 1, 5]  (4, 4)
300_5___21__    11   3  [0, 2, 1, 1, 0, 0, 2, 1, 2, 0, 6]  (3, 4)
100_3___21__    10   0  [1, 0, 3, 1, 1, 3, 0, 4, 2, 4]  (3, 4)
200_3___21__    10   0  [6, 1, 2, 2, 0, 1, 2, 0, 2, 3]  (3, 4)
200_4___21__    10   2  [0, 0, 1, 2, 2, 2, 0, 1, 2, 7]  (3, 4)
300_1___21__    10   1  [0, 1, 2, 3, 0, 0, 2, 4, 4, 2]  (3, 4)
100_1___21__    9   3  [5, 1, 1, 1, 0, 4, 0, 1, 4]  (0, 4)
100_2___21__    9   2  [0, 0, 8, 1, 0, 1, 2, 2, 4]  (2, 4)
200_2___21__    9   3  [0, 2, 1, 3, 1, 0, 4, 3, 3]  (4, 4)
300_2___21__    8   1  [2, 6, 1, 1, 0, 4, 4, 2]  (3, 4)
300_4___21__    8   3  [3, 1, 2, 0, 2, 4, 3, 3]  (2, 4)
200_1___21__    7   4  [2, 1, 3, 2, 4, 3, 3]  (3, 4)
part_in:(0, 2), all_in:(3, 4), all_out:(0, 4)
blue
100_3___22__    12   3  [0, 2, 1, 0, 2, 0, 3, 0, 1, 3, 0, 2]  (3, 10)
100_2___22__    11   3  [0, 4, 0, 1, 0, 0, 3, 0, 5, 0, 2]  (3, 11)
300_5___22__    11   3  [0, 4, 0, 3, 3, 0, 1, 2, 0, 0, 2]  (3, 12)
100_4___22__    10   3  [0, 4, 0, 3, 3, 0, 1, 3, 0, 2]  (3, 13)
100_5___22__    10   3  [0, 4, 0, 3, 3, 0, 1, 3, 0, 2]  (3, 12)
300_2___22__    10   3  [0, 4, 0, 2, 0, 3, 5, 0, 0, 2]  (3, 6)
300_3___22__    10   3  [0, 4, 0, 2, 0, 3, 5, 0, 0, 2]  (3, 10)
300_4___22__    10   3  [0, 4, 0, 3, 3, 2, 2, 0, 0, 2]  (3, 11)
100_1___22__    9   3  [0, 4, 0, 3, 3, 0, 5, 0, 2]  (3, 13)
200_5___22__    9   3  [0, 4, 0, 3, 3, 6, 0, 1, 0]  (3, 10)
200_4___22__    8   3  [0, 5, 3, 3, 3, 2, 0, 2]  (3, 12)
300_1___22__    8   3  [5, 0, 3, 3, 5, 0, 0, 2]  (3, 6)
200_1___22__    7   4  [5, 1, 1, 3, 6, 0, 2]  (3, 3)
200_2___22__    7   4  [5, 3, 3, 6, 0, 1, 0]  (3, 3)
200_3___22__    7   3  [0, 5, 3, 3, 6, 0, 2]  (3, 10)
part_in:(7, 13), all_in:(3, 6), all_out:(3, 13)
row3
100_5___7__    12   1  [0, 0, 3, 1, 1, 1, 0, 0, 3, 1, 6, 0]  (4, 5)
100_1___7__    10   1  [0, 0, 7, 1, 0, 0, 9, 1, 0, 0]  (3, 5)
100_3___7__    10   1  [0, 0, 3, 3, 1, 1, 5, 5, 0, 0]  (5, 6)
200_4___7__    10   1  [0, 0, 5, 3, 1, 2, 2, 3, 2, 0]  (5, 5)
200_5___7__    10   1  [0, 0, 7, 1, 1, 2, 2, 3, 2, 0]  (5, 5)
300_3___7__    10   0  [1, 0, 7, 1, 1, 5, 4, 0, 0, 0]  (5, 5)
300_5___7__    10   2  [0, 7, 1, 1, 2, 2, 4, 0, 0, 0]  (5, 5)
200_1___7__    9   2  [0, 7, 1, 1, 2, 2, 0, 5, 0]  (2, 5)
200_3___7__    9   1  [0, 0, 7, 1, 1, 2, 2, 6, 0]  (5, 5)
300_2___7__    9   0  [1, 0, 7, 1, 1, 10, 0, 0, 0]  (4, 5)
100_2___7__    8   2  [0, 7, 1, 1, 9, 1, 0, 0]  (5, 5)
100_4___7__    8   1  [0, 0, 7, 1, 1, 5, 6, 0]  (5, 5)
200_2___7__    8   2  [0, 7, 1, 1, 2, 5, 3, 0]  (4, 5)
300_1___7__    8   2  [0, 7, 1, 1, 10, 0, 0, 0]  (4, 5)
300_4___7__    8   2  [0, 9, 1, 1, 3, 5, 0, 0]  (5, 5)
part_in:(2, 6), all_in:(5, 5), all_out:(2, 6)
sum_all
200_1___9__    12   1  [0, 0, 3, 2, 1, 0, 0, 1, 1, 5, 3, 0]  (95, 103)
300_3___9__    12   0  [2, 3, 0, 0, 0, 1, 1, 1, 5, 1, 3, 0]  (95, 116)
300_5___9__    12   0  [2, 0, 1, 0, 2, 1, 1, 1, 5, 1, 3, 0]  (95, 104)
200_2___9__    11   1  [1, 3, 0, 1, 1, 1, 1, 1, 5, 3, 0]  (95, 105)
200_5___9__    11   0  [1, 0, 3, 2, 1, 1, 1, 1, 5, 3, 0]  (95, 105)
300_4___9__    11   0  [2, 2, 0, 1, 2, 1, 1, 5, 1, 3, 0]  (95, 111)
100_1___9__    10   0  [1, 0, 3, 0, 5, 1, 3, 3, 3, 0]  (95, 96)
100_2___9__    10   0  [2, 3, 0, 3, 1, 1, 3, 3, 3, 0]  (90, 95)
100_5___9__    10   0  [3, 2, 4, 1, 1, 1, 5, 1, 1, 0]  (95, 99)
200_3___9__    9   0  [2, 3, 2, 1, 1, 1, 7, 3, 0]  (95, 115)
300_2___9__    9   0  [2, 4, 3, 0, 0, 1, 7, 3, 0]  (95, 95)
100_3___9__    8   0  [6, 0, 3, 1, 1, 7, 3, 0]  (95, 112)
100_4___9__    8   0  [6, 4, 1, 1, 7, 1, 1, 0]  (95, 104)
200_4___9__    8   0  [2, 3, 4, 1, 1, 7, 3, 0]  (95, 107)
300_1___9__    8   0  [2, 4, 3, 1, 1, 7, 3, 0]  (93, 95)
part_in:(90, 116), all_in:(95, 95), all_out:(90, 116)
sum16
200_2___10__    14   0  [0, 2, 3, 1, 1, 0, 0, 1, 1, 3, 0, 0, 1, 2]  (31, 35)
200_1___10__    12   0  [0, 2, 3, 1, 1, 1, 1, 1, 3, 0, 0, 4]  (31, 36)
200_5___10__    11   0  [3, 3, 1, 1, 1, 3, 3, 0, 0, 1, 2]  (31, 34)
100_5___10__    10   4  [3, 3, 0, 0, 3, 3, 0, 0, 1, 2]  (31, 35)
200_3___10__    10   0  [3, 3, 1, 1, 0, 8, 0, 0, 1, 2]  (31, 36)
300_2___10__    10   1  [2, 5, 1, 1, 1, 5, 0, 0, 1, 2]  (31, 34)
300_4___10__    10   1  [2, 1, 1, 1, 1, 9, 0, 0, 1, 2]  (31, 36)
100_1___10__    9   0  [0, 0, 1, 7, 0, 6, 2, 0, 4]  (31, 34)
100_3___10__    9   1  [2, 3, 3, 0, 8, 0, 0, 1, 2]  (31, 36)
100_4___10__    9   4  [3, 3, 0, 0, 7, 0, 0, 1, 2]  (31, 35)
200_4___10__    9   4  [3, 1, 1, 0, 8, 0, 0, 1, 2]  (31, 33)
300_3___10__    9   1  [2, 3, 1, 1, 9, 0, 0, 1, 2]  (31, 37)
300_5___10__    9   4  [3, 1, 1, 9, 0, 0, 1, 1, 0]  (31, 34)
100_2___10__    8   1  [2, 7, 0, 0, 8, 0, 1, 2]  (31, 33)
300_1___10__    8   1  [2, 7, 3, 5, 0, 0, 1, 2]  (31, 32)
part_in:(34, 37), all_in:(31, 33), all_out:(31, 37)
gap16
100_3___11__    13   1  [2, 0, 2, 0, 2, 2, 0, 0, 1, 1, 1, 4, 0]  (19, 29)
100_4___11__    13   1  [2, 0, 2, 0, 2, 2, 0, 0, 1, 1, 1, 4, 0]  (20, 29)
100_5___11__    13   1  [2, 0, 2, 0, 2, 1, 0, 1, 1, 1, 1, 4, 0]  (22, 29)
200_2___11__    11   1  [1, 1, 2, 0, 2, 2, 0, 0, 3, 6, 0]  (28, 29)
200_5___11__    11   1  [3, 2, 0, 2, 2, 0, 0, 3, 1, 4, 0]  (28, 29)
300_3___11__    11   0  [0, 6, 0, 2, 2, 0, 0, 3, 1, 4, 0]  (24, 29)
300_5___11__    11   1  [3, 2, 0, 2, 2, 0, 0, 3, 1, 4, 0]  (27, 29)
100_1___11__    10   1  [3, 2, 0, 2, 2, 1, 3, 1, 4, 0]  (22, 29)
200_3___11__    10   0  [4, 2, 0, 2, 2, 0, 0, 3, 6, 0]  (25, 29)
200_4___11__    10   1  [3, 2, 0, 2, 2, 0, 0, 3, 6, 0]  (26, 29)
200_1___11__    9   1  [1, 1, 2, 3, 2, 0, 4, 6, 0]  (29, 30)
300_1___11__    9   0  [7, 3, 2, 0, 0, 3, 1, 4, 0]  (29, 29)
300_2___11__    9   0  [7, 3, 2, 0, 0, 3, 1, 4, 0]  (27, 29)
300_4___11__    9   5  [2, 3, 2, 0, 0, 3, 1, 4, 0]  (24, 29)
100_2___11__    8   5  [2, 0, 2, 2, 1, 3, 6, 0]  (23, 29)
part_in:(19, 30), all_in:(29, 29), all_out:(19, 30)
gap34
100_1___17__    14   0  [2, 0, 4, 1, 2, 0, 0, 0, 2, 1, 1, 2, 0, 0]  (3, 6)
100_3___17__    14   0  [2, 0, 4, 1, 1, 0, 0, 1, 2, 1, 1, 2, 0, 0]  (4, 6)
100_4___17__    14   0  [0, 1, 0, 4, 4, 0, 1, 2, 1, 1, 1, 0, 0, 0]  (5, 6)
100_2___17__    13   0  [2, 0, 4, 3, 0, 0, 1, 2, 1, 1, 2, 0, 0]  (5, 6)
100_5___17__    13   0  [0, 1, 0, 4, 4, 0, 1, 2, 1, 1, 2, 0, 0]  (5, 6)
200_4___17__    12   0  [2, 0, 4, 0, 3, 0, 1, 2, 3, 2, 0, 0]  (6, 6)
200_5___17__    12   0  [2, 0, 4, 4, 0, 1, 2, 1, 1, 2, 0, 0]  (6, 7)
300_1___17__    11   0  [2, 0, 4, 1, 2, 0, 1, 7, 1, 0, 0]  (6, 8)
300_3___17__    11   0  [0, 1, 0, 4, 1, 2, 2, 4, 4, 0, 0]  (6, 8)
300_2___17__    10   0  [2, 0, 4, 1, 2, 2, 7, 1, 0, 0]  (6, 8)
300_5___17__    10   0  [0, 1, 0, 4, 4, 2, 4, 4, 0, 0]  (6, 9)
200_2___17__    9   0  [2, 0, 9, 0, 4, 3, 2, 0, 0]  (6, 10)
300_4___17__    9   0  [2, 0, 4, 4, 2, 4, 4, 0, 0]  (6, 7)
200_1___17__    8   0  [2, 0, 8, 0, 5, 6, 0, 0]  (6, 9)
200_3___17__    8   0  [2, 0, 9, 0, 6, 4, 0, 0]  (6, 7)
part_in:(3, 10), all_in:(6, 6), all_out:(3, 10)
blue_sort
100_5___23__    13   0  [1, 1, 2, 1, 0, 3, 1, 3, 1, 0, 3, 0, 0]  (8, 10)
200_2___23__    13   0  [0, 0, 0, 0, 2, 1, 0, 3, 1, 3, 1, 5, 0]  (8, 8)
200_3___23__    13   0  [1, 0, 0, 2, 1, 0, 3, 1, 3, 1, 1, 3, 0]  (8, 10)
200_5___23__    13   0  [1, 1, 4, 0, 0, 2, 1, 3, 1, 1, 2, 0, 0]  (8, 15)
300_4___23__    13   0  [1, 1, 1, 2, 0, 3, 1, 3, 1, 0, 3, 0, 0]  (8, 13)
100_4___23__    12   0  [1, 1, 2, 1, 0, 2, 0, 1, 3, 1, 5, 0]  (8, 9)
200_4___23__    12   0  [1, 1, 2, 1, 0, 3, 1, 3, 1, 1, 3, 0]  (8, 13)
300_3___23__    11   0  [1, 1, 1, 2, 0, 3, 1, 3, 1, 5, 0]  (8, 13)
100_2___23__    10   2  [1, 4, 0, 2, 0, 1, 3, 1, 5, 0]  (7, 8)
100_3___23__    10   2  [1, 2, 1, 0, 3, 5, 1, 4, 0, 0]  (7, 8)
300_2___23__    10   0  [1, 1, 1, 2, 0, 3, 1, 5, 5, 0]  (8, 9)
300_5___23__    10   2  [1, 1, 2, 0, 3, 1, 5, 0, 4, 0]  (8, 14)
100_1___23__    9   2  [1, 4, 0, 3, 1, 3, 1, 5, 0]  (8, 11)
200_1___23__    9   0  [1, 1, 4, 0, 3, 1, 5, 5, 0]  (6, 8)
300_1___23__    8   2  [1, 4, 0, 3, 1, 5, 5, 0]  (8, 10)
part_in:(6, 15), all_in:(8, 8), all_out:(6, 15)
gap23
100_5___16__    16   4  [1, 2, 0, 1, 1, 0, 0, 0, 1, 1, 1, 0, 0, 1, 0, 0]  (6, 13)
100_3___16__    15   4  [1, 2, 0, 1, 2, 0, 0, 1, 1, 0, 0, 0, 2, 0, 0]  (5, 13)
200_5___16__    14   3  [2, 2, 0, 1, 1, 0, 0, 0, 1, 1, 2, 2, 0, 0]  (10, 13)
300_3___16__    14   2  [1, 1, 0, 1, 0, 1, 3, 1, 0, 4, 0, 1, 0, 0]  (4, 13)
300_4___16__    14   6  [0, 0, 1, 1, 2, 0, 0, 0, 0, 4, 0, 1, 0, 0]  (6, 13)
200_3___16__    13   2  [3, 2, 0, 1, 1, 0, 0, 0, 1, 4, 2, 0, 0]  (8, 13)
200_4___16__    13   6  [1, 0, 0, 1, 1, 0, 0, 0, 1, 4, 2, 0, 0]  (10, 13)
100_4___16__    12   6  [2, 0, 1, 3, 0, 1, 1, 1, 0, 2, 0, 0]  (6, 13)
300_2___16__    12   2  [3, 0, 1, 0, 4, 0, 2, 4, 0, 1, 0, 0]  (6, 13)
100_2___16__    11   2  [3, 0, 1, 0, 4, 1, 1, 4, 2, 0, 0]  (6, 13)
300_1___16__    11   2  [3, 2, 0, 3, 1, 2, 4, 0, 1, 0, 0]  (8, 13)
100_1___16__    10   4  [1, 2, 0, 4, 0, 2, 4, 2, 0, 0]  (6, 13)
300_5___16__    10   4  [1, 2, 0, 4, 0, 0, 1, 4, 3, 0]  (6, 13)
200_1___16__    9   2  [3, 2, 0, 4, 3, 4, 2, 0, 0]  (8, 13)
200_2___16__    9   2  [3, 2, 0, 6, 1, 4, 2, 0, 0]  (9, 13)
part_in:(4, 9), all_in:(10, 13), all_out:(4, 13)
gap56
300_5___19__    18   0  [1, 1, 1, 0, 0, 0, 0, 1, 0, 1, 1, 0, 2, 0, 2, 1, 0, 0]  (4, 7)
300_4___19__    17   0  [1, 1, 2, 0, 0, 0, 1, 0, 1, 1, 0, 2, 0, 2, 1, 0, 0]  (3, 7)
300_3___19__    16   0  [1, 1, 2, 0, 0, 0, 1, 0, 1, 2, 0, 1, 3, 1, 0, 0]  (2, 7)
200_4___19__    13   0  [1, 4, 0, 0, 2, 0, 1, 2, 0, 1, 3, 2, 0]  (5, 7)
300_1___19__    13   0  [1, 0, 3, 0, 0, 3, 1, 1, 3, 0, 2, 2, 0]  (7, 7)
300_2___19__    13   0  [1, 2, 0, 0, 0, 0, 0, 2, 1, 3, 5, 2, 0]  (7, 8)
100_5___19__    12   0  [1, 1, 1, 0, 0, 0, 2, 0, 1, 5, 3, 3]  (5, 7)
200_3___19__    12   0  [1, 1, 2, 0, 0, 2, 0, 5, 1, 3, 2, 0]  (4, 7)
100_1___19__    11   0  [1, 1, 2, 0, 0, 5, 2, 0, 5, 2, 0]  (7, 7)
100_4___19__    11   0  [1, 1, 2, 0, 0, 3, 1, 2, 2, 3, 3]  (4, 7)
100_2___19__    10   0  [1, 1, 2, 0, 0, 3, 1, 2, 6, 3]  (6, 7)
100_3___19__    10   0  [1, 1, 2, 0, 0, 3, 1, 5, 3, 3]  (2, 7)
200_1___19__    10   0  [1, 1, 2, 0, 0, 3, 5, 0, 4, 3]  (5, 7)
200_2___19__    10   0  [1, 4, 0, 0, 3, 5, 5, 1, 0, 0]  (5, 7)
200_5___19__    10   0  [1, 4, 0, 0, 2, 0, 7, 3, 2, 0]  (5, 7)
part_in:(2, 8), all_in:(7, 7), all_out:(2, 8)
ball
200_5___20__    21   1  [0, 1, 0, 0, 0, 2, 1, 1, 0, 0, 1, 0, 1, 0, 0, 0, 0, 0, 0, 0, 0]  (2, 3)
200_4___20__    20   1  [0, 1, 0, 0, 0, 1, 2, 1, 0, 0, 1, 0, 1, 0, 0, 1, 0, 0, 0, 0]  (2, 3)
100_3___20__    16   1  [2, 0, 1, 1, 2, 2, 0, 1, 2, 0, 0, 1, 0, 0, 0, 0]  (2, 3)
100_4___20__    16   1  [0, 1, 0, 1, 4, 1, 0, 0, 1, 2, 0, 0, 1, 0, 1, 0]  (2, 3)
100_5___20__    16   1  [2, 0, 1, 1, 2, 2, 0, 1, 0, 1, 0, 0, 1, 0, 1, 0]  (2, 3)
200_3___20__    16   1  [0, 1, 0, 0, 0, 4, 2, 0, 2, 1, 0, 0, 1, 0, 1, 0]  (2, 3)
300_5___20__    16   1  [2, 0, 1, 2, 1, 1, 1, 1, 0, 1, 0, 0, 1, 0, 1, 0]  (2, 3)
100_1___20__    15   1  [2, 0, 3, 1, 0, 2, 0, 1, 2, 0, 0, 1, 0, 1, 0]  (1, 3)
200_2___20__    15   1  [3, 0, 0, 4, 1, 0, 0, 4, 0, 0, 0, 1, 0, 0, 0]  (3, 3)
300_2___20__    15   1  [3, 0, 0, 4, 1, 0, 0, 1, 0, 1, 0, 0, 2, 1, 0]  (2, 3)
300_4___20__    15   1  [2, 0, 1, 2, 1, 1, 0, 0, 2, 1, 0, 0, 2, 1, 0]  (2, 3)
300_1___20__    14   1  [3, 0, 0, 3, 0, 2, 0, 2, 1, 0, 0, 2, 1, 0]  (2, 3)
300_3___20__    14   1  [3, 0, 0, 3, 0, 1, 1, 2, 1, 0, 0, 2, 1, 0]  (2, 3)
100_2___20__    13   1  [2, 0, 1, 7, 0, 1, 2, 0, 0, 1, 0, 1, 0]  (1, 3)
200_1___20__    10   1  [3, 6, 2, 0, 4, 0, 0, 2, 1, 0]  (2, 3)
part_in:(1, 1), all_in:(2, 3), all_out:(1, 3)
less9
200_1___3__    16   0  [0, 2, 2, 1, 0, 0, 1, 0, 0, 1, 1, 0, 0, 4, 1, 0]  (3, 4)
100_1___3__    15   0  [0, 1, 1, 3, 4, 0, 1, 1, 0, 0, 2, 1, 0, 0, 0]  (3, 4)
100_3___3__    15   0  [0, 1, 0, 0, 1, 1, 4, 0, 1, 1, 0, 0, 4, 1, 0]  (4, 6)
300_4___3__    15   1  [1, 0, 0, 3, 1, 1, 0, 2, 0, 0, 0, 0, 4, 1, 0]  (4, 6)
100_2___3__    14   0  [0, 1, 0, 4, 4, 0, 1, 1, 0, 0, 4, 0, 0, 0]  (3, 4)
100_4___3__    14   0  [0, 0, 0, 0, 4, 4, 0, 1, 1, 0, 0, 4, 1, 0]  (4, 6)
100_5___3__    14   0  [0, 1, 0, 0, 1, 1, 4, 2, 1, 0, 0, 4, 1, 0]  (4, 5)
200_2___3__    14   0  [0, 2, 0, 1, 1, 4, 0, 1, 1, 0, 0, 4, 1, 0]  (4, 5)
300_3___3__    14   0  [0, 1, 0, 4, 1, 1, 0, 2, 1, 0, 0, 4, 1, 0]  (4, 6)
200_5___3__    13   0  [0, 1, 3, 1, 3, 0, 2, 1, 0, 0, 4, 1, 0]  (4, 6)
300_1___3__    13   3  [0, 2, 1, 1, 1, 0, 2, 1, 0, 0, 4, 1, 0]  (4, 4)
300_5___3__    13   1  [1, 0, 4, 1, 1, 0, 2, 1, 0, 0, 4, 1, 0]  (4, 5)
200_3___3__    12   0  [0, 2, 4, 3, 0, 2, 1, 0, 0, 4, 1, 0]  (4, 5)
300_2___3__    12   4  [2, 1, 1, 2, 0, 1, 1, 0, 0, 4, 1, 0]  (3, 4)
200_4___3__    11   0  [0, 1, 5, 4, 2, 1, 0, 0, 4, 1, 0]  (4, 6)
part_in:(3, 6), all_in:(4, 4), all_out:(3, 6)
less10
200_4___4__    17   0  [0, 0, 1, 0, 1, 0, 0, 4, 0, 0, 3, 1, 1, 0, 0, 1, 0]  (0, 2)
300_3___4__    17   1  [0, 1, 0, 1, 0, 0, 1, 0, 1, 1, 3, 1, 1, 0, 0, 1, 0]  (0, 3)
300_5___4__    17   1  [0, 2, 1, 0, 0, 0, 0, 0, 1, 1, 3, 1, 1, 0, 0, 1, 0]  (0, 2)
100_3___4__    16   1  [0, 2, 1, 0, 0, 4, 0, 0, 0, 2, 1, 0, 0, 0, 2, 0]  (0, 4)
200_2___4__    16   1  [0, 0, 0, 0, 1, 0, 0, 4, 0, 0, 1, 1, 1, 1, 0, 3]  (0, 1)
300_4___4__    16   1  [0, 2, 1, 0, 0, 1, 0, 1, 0, 0, 3, 1, 1, 0, 2, 0]  (0, 3)
200_3___4__    15   1  [0, 0, 1, 1, 0, 0, 2, 1, 1, 3, 1, 1, 0, 0, 2]  (0, 2)
200_5___4__    15   1  [0, 1, 0, 1, 0, 0, 2, 2, 0, 1, 1, 3, 0, 2, 0]  (0, 2)
300_1___4__    15   2  [0, 1, 1, 0, 0, 1, 0, 1, 1, 3, 1, 1, 0, 2, 0]  (0, 0)
100_2___4__    14   1  [0, 2, 1, 0, 0, 4, 0, 0, 0, 2, 3, 0, 2, 0]  (0, 1)
100_4___4__    14   1  [0, 2, 1, 0, 0, 4, 0, 0, 3, 2, 0, 0, 2, 0]  (0, 4)
100_5___4__    14   1  [0, 2, 1, 0, 0, 2, 2, 0, 3, 2, 0, 0, 2, 0]  (0, 3)
200_1___4__    14   2  [0, 1, 1, 0, 0, 5, 0, 1, 1, 1, 1, 0, 2, 0]  (0, 0)
300_2___4__    14   1  [0, 0, 1, 1, 0, 0, 1, 2, 1, 3, 3, 0, 2, 0]  (0, 0)
100_1___4__    11   1  [0, 2, 1, 0, 0, 6, 3, 3, 0, 2, 0]  (0, 1)
part_in:(2, 4), all_in:(0, 1), all_out:(0, 4)
row1
100_2___5__    23   0  [1, 0, 0, 0, 0, 0, 0, 0, 0, 0, 1, 1, 0, 0, 1, 0, 0, 0, 2, 0, 0, 0, 0]  (0, 1)
100_3___5__    23   0  [1, 0, 0, 0, 0, 0, 0, 0, 0, 0, 3, 0, 0, 1, 0, 0, 0, 1, 0, 0, 0, 0, 0]  (0, 1)
100_1___5__    22   0  [1, 0, 0, 0, 0, 0, 0, 0, 0, 0, 1, 1, 0, 0, 1, 0, 0, 0, 3, 0, 0, 0]  (0, 1)
100_5___5__    21   0  [1, 0, 1, 0, 0, 1, 0, 0, 1, 1, 0, 0, 1, 0, 0, 1, 1, 0, 0, 0, 0]  (0, 1)
300_1___5__    21   0  [1, 0, 0, 0, 0, 0, 0, 0, 0, 0, 1, 1, 0, 0, 1, 0, 0, 3, 0, 1, 0]  (0, 1)
300_2___5__    21   0  [1, 0, 0, 0, 0, 0, 0, 0, 0, 0, 1, 1, 0, 0, 1, 0, 0, 3, 0, 1, 0]  (1, 1)
300_3___5__    21   0  [1, 0, 0, 0, 0, 0, 0, 0, 0, 0, 1, 1, 0, 0, 1, 0, 0, 1, 1, 0, 2]  (0, 1)
300_4___5__    21   0  [1, 0, 0, 0, 0, 0, 0, 0, 0, 0, 1, 1, 0, 0, 1, 0, 0, 3, 0, 1, 0]  (0, 1)
300_5___5__    21   0  [1, 0, 1, 0, 0, 0, 0, 0, 0, 1, 1, 0, 0, 1, 0, 0, 1, 1, 0, 1, 0]  (0, 1)
100_4___5__    20   0  [1, 0, 1, 0, 0, 1, 0, 0, 1, 1, 0, 0, 1, 0, 0, 3, 0, 0, 0, 0]  (0, 1)
200_1___5__    20   0  [1, 0, 0, 1, 0, 0, 0, 0, 0, 1, 1, 0, 0, 1, 0, 0, 0, 3, 1, 0]  (1, 1)
200_5___5__    18   0  [1, 0, 1, 0, 0, 0, 0, 0, 0, 1, 1, 0, 0, 1, 0, 0, 4, 2]  (0, 1)
200_2___5__    17   0  [1, 0, 2, 0, 0, 0, 0, 0, 1, 1, 0, 2, 0, 0, 4, 1, 0]  (0, 1)
200_3___5__    17   0  [1, 0, 0, 1, 0, 0, 0, 0, 0, 1, 1, 0, 2, 0, 0, 4, 2]  (0, 1)
200_4___5__    17   0  [1, 0, 2, 0, 0, 0, 0, 0, 1, 1, 0, 1, 0, 0, 0, 4, 2]  (0, 1)
part_in:(0, -1), all_in:(0, 1), all_out:(0, 1)
row4
100_5___8__    22   0  [0, 0, 1, 0, 0, 0, 0, 0, 1, 0, 0, 1, 0, 2, 0, 0, 0, 0, 0, 0, 1, 1]  (1, 1)
300_5___8__    22   1  [0, 1, 0, 0, 1, 0, 1, 0, 0, 1, 0, 0, 1, 1, 0, 0, 0, 0, 0, 0, 0, 0]  (0, 1)
200_5___8__    21   0  [0, 0, 1, 0, 0, 1, 0, 1, 0, 0, 1, 0, 2, 0, 0, 0, 0, 0, 0, 1, 1]  (1, 1)
300_2___8__    21   1  [0, 1, 0, 0, 1, 2, 0, 0, 0, 0, 0, 2, 0, 0, 0, 0, 0, 0, 1, 0, 0]  (0, 1)
300_4___8__    21   0  [0, 0, 2, 0, 1, 2, 0, 0, 0, 1, 0, 1, 0, 0, 0, 0, 0, 0, 1, 0, 0]  (0, 1)
100_1___8__    20   1  [0, 1, 0, 0, 1, 3, 0, 0, 1, 0, 0, 0, 0, 0, 0, 0, 0, 0, 1, 1]  (0, 1)
100_4___8__    20   0  [0, 0, 1, 0, 0, 0, 0, 2, 0, 0, 2, 2, 0, 0, 0, 0, 0, 0, 1, 1]  (1, 1)
300_3___8__    20   1  [0, 2, 0, 1, 2, 0, 0, 0, 0, 0, 2, 0, 0, 0, 0, 0, 0, 1, 0, 0]  (1, 1)
100_3___8__    19   1  [0, 1, 0, 0, 1, 2, 0, 0, 0, 1, 2, 0, 0, 0, 0, 0, 0, 1, 1]  (1, 1)
200_2___8__    19   1  [0, 1, 0, 0, 1, 2, 0, 0, 1, 0, 2, 0, 0, 0, 0, 0, 0, 1, 1]  (1, 1)
200_3___8__    19   1  [0, 1, 0, 0, 1, 2, 0, 0, 1, 0, 2, 0, 0, 0, 0, 0, 0, 1, 1]  (1, 2)
200_4___8__    19   0  [0, 0, 2, 0, 1, 2, 0, 0, 2, 2, 0, 0, 0, 0, 0, 0, 1, 0, 0]  (1, 2)
100_2___8__    18   1  [0, 2, 0, 1, 2, 0, 0, 2, 0, 1, 0, 0, 0, 0, 0, 0, 1, 1]  (0, 1)
200_1___8__    18   1  [0, 2, 0, 1, 3, 0, 0, 0, 0, 2, 0, 0, 0, 0, 0, 0, 1, 1]  (1, 1)
300_1___8__    17   1  [2, 0, 0, 1, 3, 0, 0, 1, 2, 1, 0, 0, 0, 0, 0, 0, 1]  (0, 1)
part_in:(0, 2), all_in:(1, 1), all_out:(0, 2)
