30
red1
more
('7_8___1__', 18, 0, [0, 1, 0, 1, 0, 0, 1, 0, 1, 1, 0, 1, 0, 1, 1, 2, 0, 1]) (4, 5)
('12_10___1__', 18, 0, [0, 0, 0, 1, 2, 1, 0, 1, 1, 0, 1, 0, 0, 0, 1, 2, 0, 1]) (4, 5)
('24_2___1__', 18, 0, [0, 3, 0, 1, 1, 0, 1, 1, 0, 0, 0, 0, 0, 0, 1, 2, 0, 1]) (2, 4)
('3_9___1__', 17, 1, [1, 0, 0, 1, 0, 1, 0, 3, 0, 1, 0, 0, 0, 1, 2, 0, 1]) (4, 6)
('12_2___1__', 17, 0, [0, 3, 0, 0, 0, 2, 1, 1, 0, 0, 0, 0, 0, 0, 1, 3, 1]) (4, 6)
('16_6___1__', 17, 0, [0, 4, 0, 0, 1, 0, 1, 1, 0, 0, 0, 0, 1, 1, 2, 0, 1]) (4, 9)
('19_9___1__', 17, 0, [0, 1, 2, 0, 0, 2, 1, 1, 0, 1, 0, 0, 0, 1, 2, 0, 1]) (4, 4)
('22_8___1__', 17, 0, [0, 3, 0, 0, 0, 1, 0, 3, 0, 1, 0, 0, 0, 1, 2, 0, 1]) (4, 4)
('25_2___1__', 17, 0, [0, 3, 0, 0, 0, 2, 1, 1, 0, 1, 0, 0, 0, 1, 2, 0, 1]) (3, 4)
('27_2___1__', 17, 0, [0, 3, 0, 0, 0, 2, 1, 1, 0, 0, 0, 0, 0, 0, 1, 3, 1]) (2, 4)
('30_9___1__', 17, 0, [0, 1, 1, 0, 1, 1, 0, 3, 0, 1, 0, 0, 0, 1, 2, 0, 1]) (4, 5)
('38_8___1__', 17, 0, [0, 3, 0, 1, 1, 0, 2, 0, 0, 1, 0, 0, 0, 1, 2, 0, 1]) (4, 6)
('50_10___1__', 17, 1, [1, 1, 2, 1, 0, 0, 0, 1, 0, 1, 0, 0, 0, 1, 2, 0, 1]) (4, 5)
('1_2___1__', 16, 0, [0, 3, 0, 1, 1, 0, 1, 1, 0, 0, 0, 1, 0, 1, 3, 1]) (4, 5)
('5_2___1__', 16, 0, [0, 3, 0, 0, 0, 2, 1, 1, 0, 0, 0, 1, 0, 1, 3, 1]) (4, 7)
('6_2___1__', 16, 0, [0, 3, 0, 0, 0, 1, 2, 1, 0, 0, 0, 0, 0, 2, 3, 1]) (4, 4)
('6_9___1__', 16, 1, [3, 0, 0, 0, 2, 3, 0, 0, 0, 0, 0, 0, 1, 2, 0, 1]) (2, 4)
('7_7___1__', 16, 0, [0, 1, 0, 1, 0, 0, 2, 1, 1, 0, 1, 0, 1, 1, 3, 1]) (4, 9)
('7_9___1__', 16, 0, [0, 1, 1, 0, 0, 0, 2, 1, 1, 0, 1, 0, 1, 1, 3, 1]) (4, 4)
('7_10___1__', 16, 0, [0, 3, 0, 0, 0, 2, 1, 1, 0, 1, 0, 0, 0, 1, 3, 1]) (4, 7)
less
('14_1___1__', 9, 0, [0, 6, 2, 3, 0, 1, 2, 5, 1]) (4, 6)
('31_1___1__', 9, 0, [0, 6, 2, 3, 0, 1, 2, 5, 1]) (4, 5)
('1_6___1__', 10, 0, [0, 4, 1, 6, 0, 1, 0, 1, 5, 1]) (4, 10)
('12_1___1__', 10, 0, [0, 6, 2, 1, 1, 0, 1, 0, 7, 1]) (4, 8)
('21_1___1__', 10, 0, [0, 3, 2, 2, 3, 0, 1, 2, 5, 1]) (4, 4)
('36_6___1__', 10, 0, [0, 4, 1, 2, 3, 0, 1, 2, 5, 1]) (4, 5)
('38_3___1__', 10, 1, [6, 2, 3, 0, 1, 0, 3, 2, 0, 1]) (4, 9)
('45_3___1__', 10, 1, [6, 2, 3, 0, 1, 0, 0, 2, 3, 1]) (4, 8)
('46_3___1__', 10, 1, [6, 2, 3, 0, 0, 0, 0, 3, 3, 1]) (4, 7)
('48_3___1__', 10, 1, [6, 2, 3, 0, 0, 0, 0, 3, 3, 1]) (4, 6)
('1_1___1__', 11, 0, [0, 6, 2, 3, 0, 1, 0, 0, 0, 5, 1]) (4, 5)
('2_8___1__', 11, 1, [3, 0, 1, 2, 3, 0, 1, 2, 1, 3, 1]) (4, 4)
('4_3___1__', 11, 0, [7, 2, 3, 0, 0, 0, 1, 2, 2, 0, 1]) (4, 7)
('4_10___1__', 11, 3, [4, 2, 3, 0, 1, 0, 0, 0, 1, 3, 1]) (3, 4)
('5_9___1__', 11, 3, [1, 2, 2, 3, 0, 1, 0, 1, 1, 3, 1]) (4, 4)
('5_10___1__', 11, 3, [1, 2, 2, 3, 0, 1, 0, 1, 1, 3, 1]) (4, 6)
('6_1___1__', 11, 0, [0, 5, 0, 2, 3, 0, 1, 0, 1, 5, 1]) (4, 4)
('9_3___1__', 11, 1, [3, 2, 2, 3, 0, 0, 0, 4, 2, 0, 1]) (4, 4)
('9_7___1__', 11, 0, [0, 6, 1, 0, 3, 0, 1, 2, 1, 3, 1]) (4, 8)
('10_3___1__', 11, 0, [0, 6, 2, 3, 0, 0, 0, 1, 2, 3, 1]) (4, 4)
part_in:(2, 10), all_in:(4, 4), all_out:(2, 10)
red2
more
('3_9___2__', 16, 0, [0, 0, 0, 0, 1, 1, 2, 0, 0, 0, 1, 2, 2, 1, 1, 2]) (9, 11)
('28_10___2__', 16, 0, [0, 0, 0, 0, 1, 1, 1, 0, 0, 0, 0, 1, 2, 1, 2, 4]) (6, 9)
('29_7___2__', 16, 0, [1, 1, 1, 1, 1, 0, 0, 1, 1, 2, 0, 1, 0, 0, 1, 2]) (7, 9)
('44_6___2__', 16, 0, [0, 0, 1, 1, 1, 2, 0, 1, 1, 2, 0, 0, 0, 1, 1, 2]) (9, 20)
('48_7___2__', 16, 0, [1, 0, 0, 1, 1, 1, 0, 0, 1, 1, 2, 0, 1, 1, 1, 2]) (9, 12)
('2_9___2__', 15, 0, [0, 0, 0, 0, 1, 1, 1, 0, 0, 1, 1, 2, 4, 1, 2]) (9, 11)
('4_9___2__', 15, 0, [0, 0, 0, 0, 1, 1, 1, 0, 2, 1, 2, 2, 1, 1, 2]) (5, 9)
('5_6___2__', 15, 0, [0, 0, 0, 0, 1, 1, 2, 0, 1, 1, 2, 0, 3, 1, 2]) (9, 20)
('8_6___2__', 15, 0, [1, 1, 1, 0, 0, 2, 0, 1, 1, 2, 0, 1, 1, 1, 2]) (9, 16)
('12_6___2__', 15, 0, [1, 1, 1, 0, 0, 2, 0, 1, 1, 2, 0, 1, 1, 1, 2]) (9, 17)
('12_9___2__', 15, 0, [1, 0, 0, 1, 1, 2, 0, 0, 0, 1, 2, 2, 1, 1, 2]) (9, 9)
('17_9___2__', 15, 0, [1, 0, 0, 1, 1, 2, 0, 1, 1, 2, 0, 1, 1, 1, 2]) (8, 9)
('28_9___2__', 15, 0, [0, 0, 0, 0, 1, 1, 1, 0, 0, 1, 1, 2, 4, 1, 2]) (8, 9)
('29_6___2__', 15, 0, [1, 1, 1, 1, 2, 0, 1, 1, 3, 0, 0, 0, 0, 1, 2]) (9, 12)
('31_9___2__', 15, 0, [1, 0, 0, 1, 1, 2, 0, 0, 0, 1, 2, 2, 1, 1, 2]) (5, 9)
('34_6___2__', 15, 0, [1, 1, 1, 1, 0, 1, 0, 1, 1, 2, 0, 1, 1, 1, 2]) (9, 17)
('35_9___2__', 15, 2, [0, 0, 1, 1, 1, 0, 0, 1, 1, 2, 1, 0, 1, 1, 2]) (9, 9)
('38_9___2__', 15, 0, [0, 0, 0, 0, 1, 1, 2, 0, 1, 1, 2, 2, 1, 1, 2]) (9, 9)
('40_10___2__', 15, 0, [0, 0, 1, 1, 3, 0, 0, 1, 1, 2, 1, 0, 1, 1, 2]) (7, 9)
('42_6___2__', 15, 0, [0, 0, 1, 1, 1, 2, 0, 1, 1, 2, 0, 1, 1, 1, 2]) (9, 20)
less
('23_2___2__', 6, 2, [3, 3, 0, 2, 9, 4]) (8, 9)
('26_2___2__', 6, 0, [1, 3, 4, 2, 11, 2]) (9, 12)
('5_2___2__', 7, 2, [1, 1, 1, 2, 2, 9, 4]) (9, 11)
('14_2___2__', 7, 2, [3, 4, 0, 1, 7, 1, 4]) (9, 11)
('17_2___2__', 7, 2, [3, 4, 2, 4, 2, 1, 4]) (9, 9)
('2_2___2__', 8, 2, [3, 4, 2, 3, 0, 2, 1, 4]) (9, 12)
('9_8___2__', 8, 0, [5, 1, 1, 0, 0, 11, 1, 2]) (9, 15)
('11_2___2__', 8, 0, [1, 1, 1, 4, 2, 4, 4, 4]) (9, 13)
('17_1___2__', 8, 0, [0, 0, 7, 0, 7, 2, 1, 4]) (9, 13)
('19_2___2__', 8, 0, [1, 3, 3, 0, 2, 7, 1, 4]) (9, 13)
('21_9___2__', 8, 2, [1, 1, 4, 2, 1, 2, 4, 4]) (9, 12)
('49_2___2__', 8, 0, [1, 1, 1, 4, 2, 7, 1, 4]) (9, 10)
('1_1___2__', 9, 0, [1, 3, 1, 2, 2, 4, 2, 1, 4]) (9, 10)
('1_2___2__', 9, 0, [1, 1, 1, 4, 0, 1, 6, 0, 6]) (9, 13)
('6_1___2__', 9, 2, [1, 1, 4, 2, 4, 2, 0, 0, 4]) (8, 9)
('6_2___2__', 9, 2, [3, 1, 2, 0, 1, 4, 2, 1, 4]) (8, 9)
('6_3___2__', 9, 2, [3, 4, 0, 1, 4, 2, 1, 1, 2]) (9, 11)
('7_2___2__', 9, 0, [1, 1, 1, 3, 0, 2, 7, 1, 4]) (9, 9)
('8_2___2__', 9, 0, [1, 3, 4, 2, 4, 1, 0, 1, 4]) (9, 12)
('9_7___2__', 9, 0, [1, 3, 1, 2, 0, 9, 1, 1, 2]) (9, 14)
part_in:(5, 20), all_in:(9, 9), all_out:(5, 20)
red3
more
('24_6___3__', 17, 1, [0, 1, 1, 2, 1, 0, 0, 0, 1, 1, 1, 0, 0, 1, 1, 1, 0]) (10, 24)
('21_6___3__', 16, 1, [0, 0, 0, 1, 2, 2, 0, 0, 1, 1, 2, 0, 1, 1, 1, 0]) (10, 22)
('25_1___3__', 16, 1, [0, 2, 0, 1, 2, 0, 0, 0, 1, 1, 2, 0, 1, 1, 1, 0]) (10, 18)
('34_1___3__', 16, 1, [0, 3, 1, 0, 1, 0, 0, 0, 1, 1, 2, 0, 1, 1, 1, 0]) (10, 15)
('34_6___3__', 16, 1, [0, 1, 1, 2, 1, 0, 1, 1, 1, 1, 0, 0, 1, 1, 1, 0]) (10, 21)
('38_1___3__', 16, 1, [0, 3, 1, 0, 0, 0, 0, 1, 3, 1, 0, 0, 1, 1, 1, 0]) (10, 14)
('43_6___3__', 16, 1, [2, 1, 2, 1, 0, 0, 0, 1, 1, 1, 0, 0, 1, 1, 1, 0]) (10, 21)
('48_6___3__', 16, 1, [0, 1, 1, 2, 1, 0, 1, 1, 1, 1, 0, 0, 1, 1, 1, 0]) (10, 21)
('7_6___3__', 15, 1, [0, 1, 1, 4, 0, 1, 1, 1, 1, 0, 0, 1, 1, 1, 0]) (10, 17)
('7_7___3__', 15, 1, [0, 0, 0, 1, 5, 1, 1, 1, 1, 0, 0, 1, 1, 1, 0]) (10, 18)
('10_1___3__', 15, 1, [0, 3, 1, 3, 0, 0, 3, 1, 0, 0, 0, 0, 1, 1, 0]) (10, 16)
('11_10___3__', 15, 1, [0, 1, 1, 4, 0, 0, 0, 1, 1, 2, 0, 1, 1, 1, 0]) (10, 15)
('15_1___3__', 15, 1, [0, 3, 1, 2, 0, 0, 0, 3, 2, 0, 0, 0, 1, 1, 0]) (10, 14)
('15_6___3__', 15, 1, [0, 1, 1, 0, 3, 0, 1, 1, 1, 2, 0, 1, 1, 1, 0]) (10, 23)
('17_6___3__', 15, 1, [0, 1, 1, 2, 2, 1, 1, 1, 1, 0, 0, 1, 1, 1, 0]) (10, 17)
('18_6___3__', 15, 1, [0, 1, 1, 2, 1, 0, 1, 1, 1, 1, 0, 2, 1, 1, 0]) (10, 20)
('18_10___3__', 15, 1, [0, 1, 1, 2, 2, 0, 0, 1, 1, 2, 0, 1, 1, 1, 0]) (10, 14)
('20_1___3__', 15, 1, [0, 3, 1, 3, 0, 0, 1, 1, 2, 0, 0, 0, 1, 1, 0]) (10, 20)
('21_7___3__', 15, 1, [0, 0, 0, 1, 2, 2, 0, 0, 1, 1, 3, 1, 1, 1, 0]) (10, 15)
('21_8___3__', 15, 0, [0, 0, 1, 1, 2, 2, 0, 0, 1, 1, 3, 1, 1, 1, 0]) (10, 20)
less
('8_2___3__', 8, 1, [4, 5, 1, 3, 3, 3, 1, 0]) (10, 16)
('9_3___3__', 8, 1, [0, 9, 1, 3, 3, 3, 1, 0]) (10, 12)
('27_3___3__', 8, 1, [0, 9, 1, 3, 3, 3, 1, 0]) (10, 14)
('40_3___3__', 8, 1, [0, 9, 1, 3, 3, 3, 1, 0]) (10, 15)
('1_6___3__', 9, 1, [4, 5, 1, 3, 3, 1, 1, 1, 0]) (10, 17)
('2_3___3__', 9, 1, [0, 9, 1, 3, 3, 1, 1, 1, 0]) (10, 12)
('6_2___3__', 9, 1, [4, 2, 2, 1, 3, 3, 3, 1, 0]) (10, 11)
('8_3___3__', 9, 1, [0, 3, 5, 1, 3, 3, 3, 1, 0]) (10, 12)
('16_3___3__', 9, 1, [0, 9, 1, 3, 3, 1, 1, 1, 0]) (10, 13)
('17_3___3__', 9, 1, [0, 9, 1, 3, 3, 1, 1, 1, 0]) (10, 15)
('20_2___3__', 9, 1, [0, 3, 5, 0, 0, 3, 3, 3, 2]) (10, 17)
('23_3___3__', 9, 1, [0, 9, 1, 3, 3, 1, 1, 1, 0]) (10, 14)
('32_3___3__', 9, 1, [0, 3, 5, 1, 3, 3, 3, 1, 0]) (10, 13)
('35_3___3__', 9, 1, [0, 1, 7, 1, 3, 3, 3, 1, 0]) (10, 15)
('38_3___3__', 9, 1, [0, 9, 1, 3, 3, 1, 1, 1, 0]) (10, 17)
('45_3___3__', 9, 1, [0, 3, 5, 1, 3, 3, 3, 1, 0]) (10, 15)
('46_3___3__', 9, 1, [0, 9, 1, 3, 3, 1, 1, 1, 0]) (10, 13)
('49_3___3__', 9, 1, [0, 9, 1, 3, 3, 1, 1, 1, 0]) (10, 15)
('1_3___3__', 10, 1, [0, 9, 1, 2, 0, 3, 1, 1, 1, 0]) (10, 14)
('3_3___3__', 10, 1, [0, 3, 5, 1, 3, 3, 1, 1, 1, 0]) (10, 14)
part_in:(12, 24), all_in:(10, 11), all_out:(10, 24)
red4
more
('6_1___4__', 16, 2, [3, 1, 0, 0, 0, 2, 1, 0, 1, 1, 0, 0, 0, 0, 0, 2]) (17, 20)
('38_2___4__', 16, 0, [1, 3, 1, 0, 0, 0, 1, 0, 1, 0, 1, 2, 1, 0, 0, 2]) (17, 20)
('5_1___4__', 15, 2, [3, 1, 0, 1, 1, 2, 0, 1, 1, 0, 0, 0, 0, 0, 2]) (17, 19)
('19_8___4__', 15, 1, [2, 1, 1, 0, 0, 0, 2, 2, 1, 1, 0, 1, 0, 0, 2]) (17, 23)
('21_10___4__', 15, 2, [1, 1, 1, 0, 1, 0, 1, 2, 1, 1, 0, 1, 0, 0, 2]) (17, 19)
('24_1___4__', 15, 0, [1, 3, 1, 0, 0, 0, 1, 2, 0, 1, 2, 1, 0, 0, 2]) (17, 21)
('43_7___4__', 15, 1, [2, 1, 1, 0, 0, 0, 2, 2, 1, 1, 0, 1, 0, 0, 2]) (17, 23)
('46_1___4__', 15, 2, [3, 1, 0, 0, 0, 1, 2, 0, 1, 1, 0, 1, 0, 0, 2]) (17, 20)
('1_1___4__', 14, 0, [1, 3, 1, 2, 1, 2, 2, 1, 0, 0, 0, 0, 0, 2]) (17, 18)
('11_1___4__', 14, 2, [1, 1, 1, 1, 0, 1, 2, 0, 1, 2, 1, 0, 0, 2]) (17, 19)
('13_1___4__', 14, 2, [3, 1, 0, 0, 0, 1, 2, 0, 1, 2, 1, 0, 0, 2]) (17, 19)
('17_1___4__', 14, 2, [3, 1, 1, 0, 4, 0, 1, 1, 0, 0, 0, 0, 0, 2]) (17, 21)
('17_8___4__', 14, 0, [1, 1, 1, 1, 0, 1, 5, 1, 1, 0, 1, 0, 0, 2]) (17, 22)
('18_1___4__', 14, 2, [3, 1, 0, 0, 0, 1, 3, 1, 2, 0, 0, 0, 0, 2]) (17, 17)
('18_6___4__', 14, 4, [1, 1, 0, 1, 2, 2, 1, 0, 0, 0, 1, 0, 0, 2]) (17, 26)
('18_9___4__', 14, 2, [0, 2, 1, 0, 1, 2, 2, 1, 1, 0, 1, 0, 0, 2]) (17, 25)
('18_10___4__', 14, 2, [1, 1, 1, 0, 3, 0, 2, 1, 1, 0, 1, 0, 0, 2]) (17, 23)
('19_1___4__', 14, 2, [3, 1, 1, 0, 1, 2, 0, 1, 2, 0, 0, 0, 0, 2]) (17, 25)
('21_9___4__', 14, 2, [0, 0, 1, 1, 2, 2, 2, 1, 1, 0, 1, 0, 0, 2]) (17, 22)
('23_2___4__', 14, 0, [1, 3, 1, 0, 1, 2, 1, 2, 1, 0, 1, 0, 0, 2]) (17, 18)
less
('8_2___4__', 7, 6, [1, 7, 2, 2, 2, 0, 2]) (17, 20)
('1_6___4__', 8, 6, [1, 10, 0, 1, 1, 0, 0, 2]) (17, 23)
('8_6___4__', 8, 6, [1, 2, 5, 1, 2, 2, 0, 2]) (17, 25)
('8_7___4__', 9, 3, [2, 1, 2, 5, 1, 2, 2, 0, 2]) (17, 19)
('9_7___4__', 9, 4, [1, 1, 2, 5, 1, 4, 0, 0, 2]) (17, 22)
('15_6___4__', 9, 6, [1, 2, 5, 1, 2, 1, 0, 0, 2]) (17, 23)
('15_7___4__', 9, 6, [1, 2, 5, 1, 2, 1, 0, 0, 2]) (17, 22)
('16_3___4__', 9, 6, [1, 5, 1, 2, 2, 1, 0, 0, 2]) (17, 19)
('16_6___4__', 9, 6, [1, 2, 5, 1, 2, 1, 0, 0, 2]) (17, 19)
('22_7___4__', 9, 6, [1, 0, 7, 1, 2, 1, 0, 0, 2]) (17, 21)
('26_8___4__', 9, 4, [1, 1, 8, 1, 2, 1, 0, 0, 2]) (17, 21)
('26_9___4__', 9, 6, [1, 5, 2, 1, 2, 1, 0, 0, 2]) (17, 22)
('27_1___4__', 9, 2, [3, 1, 2, 5, 1, 2, 2, 0, 2]) (17, 21)
('27_3___4__', 9, 0, [1, 3, 1, 5, 4, 2, 2, 0, 2]) (17, 17)
('35_8___4__', 9, 4, [1, 1, 8, 1, 2, 1, 0, 0, 2]) (17, 24)
('38_7___4__', 9, 3, [0, 1, 1, 8, 1, 2, 2, 0, 2]) (16, 17)
('45_9___4__', 9, 4, [1, 1, 5, 2, 1, 1, 3, 0, 2]) (17, 20)
('48_3___4__', 9, 2, [3, 1, 2, 2, 4, 2, 2, 0, 2]) (17, 18)
('2_3___4__', 10, 2, [3, 1, 5, 1, 2, 2, 1, 0, 0, 2]) (17, 17)
('2_7___4__', 10, 2, [3, 1, 5, 2, 1, 2, 1, 0, 0, 2]) (17, 19)
part_in:(16, 26), all_in:(17, 17), all_out:(16, 26)
red5
more
('39_6___5__', 17, 2, [0, 0, 0, 1, 0, 1, 3, 0, 0, 1, 0, 0, 0, 1, 2, 0, 1]) (19, 27)
('12_7___5__', 16, 2, [0, 0, 0, 2, 0, 0, 3, 1, 1, 0, 0, 0, 1, 2, 0, 1]) (19, 27)
('12_8___5__', 16, 1, [0, 0, 0, 0, 1, 1, 4, 1, 1, 0, 0, 0, 1, 2, 0, 1]) (19, 28)
('31_7___5__', 16, 2, [0, 0, 0, 2, 0, 0, 3, 1, 1, 0, 0, 0, 1, 2, 0, 1]) (19, 26)
('39_7___5__', 16, 2, [0, 0, 0, 2, 1, 3, 0, 0, 1, 0, 0, 0, 1, 2, 0, 1]) (19, 24)
('48_7___5__', 16, 1, [0, 1, 0, 2, 1, 3, 1, 1, 0, 0, 0, 0, 0, 2, 0, 1]) (19, 21)
('3_8___5__', 15, 4, [0, 1, 0, 0, 0, 1, 1, 1, 2, 0, 0, 1, 2, 0, 1]) (19, 25)
('3_10___5__', 15, 2, [1, 0, 2, 0, 0, 1, 1, 1, 1, 0, 1, 1, 2, 0, 1]) (19, 26)
('7_8___5__', 15, 2, [1, 0, 1, 0, 1, 3, 1, 1, 0, 0, 0, 1, 2, 0, 1]) (19, 25)
('10_8___5__', 15, 1, [0, 0, 0, 0, 1, 0, 1, 5, 2, 0, 0, 1, 2, 0, 1]) (19, 26)
('11_8___5__', 15, 2, [1, 0, 1, 2, 1, 1, 1, 1, 0, 0, 0, 1, 2, 0, 1]) (19, 29)
('12_6___5__', 15, 3, [0, 0, 1, 0, 1, 3, 1, 1, 0, 0, 0, 1, 2, 0, 1]) (19, 28)
('19_7___5__', 15, 2, [0, 0, 0, 2, 1, 3, 1, 1, 0, 0, 0, 1, 2, 0, 1]) (19, 26)
('19_10___5__', 15, 2, [1, 0, 2, 0, 0, 1, 1, 1, 1, 0, 1, 1, 2, 0, 1]) (19, 23)
('21_7___5__', 15, 1, [2, 0, 2, 1, 1, 1, 1, 1, 0, 0, 0, 1, 2, 0, 1]) (19, 23)
('21_8___5__', 15, 2, [1, 0, 2, 0, 2, 1, 1, 1, 0, 0, 0, 1, 2, 0, 1]) (19, 29)
('22_8___5__', 15, 1, [0, 1, 0, 2, 0, 4, 1, 1, 0, 0, 0, 1, 2, 0, 1]) (19, 25)
('22_9___5__', 15, 1, [0, 1, 0, 2, 0, 4, 1, 1, 0, 0, 0, 1, 2, 0, 1]) (19, 27)
('23_9___5__', 15, 2, [1, 0, 2, 0, 0, 1, 1, 1, 1, 0, 1, 1, 2, 0, 1]) (19, 27)
('28_7___5__', 15, 2, [1, 0, 2, 0, 0, 3, 1, 1, 0, 0, 0, 1, 2, 0, 1]) (19, 24)
less
('2_2___5__', 8, 2, [2, 3, 0, 8, 1, 1, 3, 1]) (19, 22)
('15_3___5__', 8, 5, [8, 1, 0, 1, 1, 4, 0, 1]) (19, 23)
('18_2___5__', 8, 2, [2, 3, 4, 4, 1, 1, 3, 1]) (19, 21)
('26_2___5__', 8, 2, [2, 3, 0, 8, 3, 2, 0, 1]) (19, 22)
('29_2___5__', 8, 2, [2, 3, 4, 4, 3, 2, 0, 1]) (19, 22)
('33_2___5__', 8, 2, [2, 8, 4, 1, 1, 2, 0, 1]) (19, 21)
('1_2___5__', 9, 2, [1, 0, 3, 1, 7, 1, 1, 3, 1]) (19, 22)
('5_2___5__', 9, 4, [0, 3, 0, 8, 1, 1, 2, 0, 1]) (19, 22)
('7_2___5__', 9, 2, [2, 3, 0, 8, 1, 1, 2, 0, 1]) (19, 19)
('11_1___5__', 9, 2, [1, 0, 4, 0, 7, 1, 4, 0, 1]) (19, 23)
('12_2___5__', 9, 2, [2, 3, 6, 2, 1, 1, 2, 0, 1]) (19, 24)
('17_2___5__', 9, 2, [2, 4, 5, 2, 1, 1, 2, 0, 1]) (19, 23)
('19_2___5__', 9, 2, [2, 3, 4, 4, 1, 1, 2, 0, 1]) (19, 24)
('28_1___5__', 9, 5, [4, 0, 0, 3, 2, 1, 4, 0, 1]) (19, 26)
('30_2___5__', 9, 2, [2, 3, 0, 8, 1, 1, 2, 0, 1]) (19, 25)
('38_8___5__', 9, 4, [0, 2, 7, 1, 0, 1, 4, 0, 1]) (19, 26)
('39_2___5__', 9, 0, [1, 2, 3, 0, 8, 1, 1, 3, 1]) (19, 26)
('49_2___5__', 9, 5, [3, 1, 2, 4, 1, 1, 2, 0, 1]) (19, 22)
('1_6___5__', 10, 2, [2, 3, 4, 1, 2, 0, 0, 4, 0, 1]) (19, 29)
('3_2___5__', 10, 2, [2, 3, 0, 3, 4, 1, 1, 2, 0, 1]) (18, 19)
part_in:(22, 29), all_in:(19, 21), all_out:(19, 29)
red6
more
('7_9___6__', 16, 2, [0, 0, 1, 0, 2, 0, 1, 0, 0, 0, 1, 3, 0, 0, 2, 1]) (20, 29)
('28_7___6__', 15, 2, [0, 0, 1, 0, 2, 2, 0, 1, 3, 0, 0, 0, 0, 2, 1]) (20, 33)
('43_7___6__', 15, 1, [1, 2, 3, 2, 0, 1, 0, 0, 1, 0, 0, 0, 0, 2, 1]) (20, 31)
('8_9___6__', 14, 2, [0, 2, 2, 0, 2, 0, 1, 1, 2, 0, 0, 0, 2, 1]) (20, 30)
('11_6___6__', 14, 2, [0, 2, 3, 2, 0, 1, 1, 1, 0, 0, 0, 0, 2, 1]) (20, 30)
('17_8___6__', 14, 1, [0, 0, 2, 3, 2, 0, 1, 1, 2, 0, 0, 0, 2, 1]) (20, 31)
('17_10___6__', 14, 2, [0, 0, 1, 3, 2, 0, 1, 1, 2, 0, 0, 0, 2, 1]) (20, 31)
('18_1___6__', 14, 2, [0, 2, 0, 2, 2, 0, 1, 2, 1, 0, 0, 0, 2, 1]) (20, 25)
('27_6___6__', 14, 3, [2, 0, 2, 2, 0, 1, 1, 1, 0, 0, 0, 0, 2, 1]) (20, 33)
('27_7___6__', 14, 1, [0, 0, 2, 3, 2, 0, 1, 3, 0, 0, 0, 0, 2, 1]) (20, 32)
('27_8___6__', 14, 1, [0, 0, 2, 6, 0, 1, 2, 0, 0, 0, 0, 0, 2, 1]) (20, 27)
('28_6___6__', 14, 2, [0, 0, 1, 0, 5, 0, 1, 3, 0, 0, 0, 0, 2, 1]) (20, 32)
('29_1___6__', 14, 1, [0, 0, 2, 2, 3, 0, 1, 1, 2, 0, 0, 0, 2, 1]) (20, 27)
('29_8___6__', 14, 1, [1, 0, 1, 6, 0, 1, 1, 1, 0, 0, 0, 0, 2, 1]) (20, 30)
('34_9___6__', 14, 2, [0, 2, 2, 0, 0, 1, 0, 1, 4, 0, 0, 0, 2, 1]) (20, 32)
('36_7___6__', 14, 2, [0, 2, 3, 2, 0, 1, 1, 1, 0, 0, 0, 0, 2, 1]) (20, 30)
('39_9___6__', 14, 2, [0, 2, 2, 0, 2, 0, 1, 3, 0, 0, 0, 0, 2, 1]) (20, 31)
('40_7___6__', 14, 3, [2, 0, 2, 2, 0, 1, 1, 1, 0, 0, 0, 0, 2, 1]) (20, 29)
('41_9___6__', 14, 2, [0, 2, 3, 0, 1, 0, 1, 1, 2, 0, 0, 0, 2, 1]) (20, 32)
('44_8___6__', 14, 2, [0, 0, 1, 3, 2, 0, 1, 1, 2, 0, 0, 0, 2, 1]) (20, 31)
less
('2_1___6__', 9, 3, [2, 3, 2, 2, 5, 0, 0, 2, 1]) (20, 28)
('13_1___6__', 9, 3, [2, 3, 2, 0, 1, 5, 1, 2, 1]) (20, 28)
('15_8___6__', 9, 3, [2, 6, 0, 1, 5, 0, 0, 2, 1]) (20, 30)
('21_1___6__', 9, 3, [2, 0, 2, 2, 2, 5, 1, 2, 1]) (20, 30)
('22_8___6__', 9, 3, [2, 6, 0, 1, 5, 0, 0, 2, 1]) (20, 31)
('23_6___6__', 9, 3, [2, 6, 0, 1, 5, 0, 0, 2, 1]) (20, 30)
('23_8___6__', 9, 3, [2, 6, 0, 1, 5, 0, 0, 2, 1]) (20, 30)
('1_8___6__', 10, 3, [2, 2, 3, 0, 1, 5, 0, 0, 2, 1]) (20, 28)
('3_8___6__', 10, 3, [2, 6, 0, 1, 1, 3, 0, 0, 2, 1]) (20, 30)
('3_10___6__', 10, 3, [2, 3, 2, 0, 1, 5, 0, 0, 2, 1]) (20, 29)
('4_7___6__', 10, 2, [0, 2, 6, 2, 1, 3, 0, 0, 2, 1]) (20, 31)
('6_1___6__', 10, 3, [2, 0, 2, 2, 2, 5, 0, 0, 2, 1]) (20, 28)
('6_8___6__', 10, 3, [2, 6, 0, 1, 4, 0, 0, 0, 2, 1]) (20, 31)
('7_1___6__', 10, 3, [2, 3, 2, 2, 4, 0, 0, 0, 2, 1]) (20, 29)
('7_7___6__', 10, 2, [0, 2, 6, 0, 1, 5, 0, 0, 2, 1]) (20, 31)
('9_8___6__', 10, 3, [2, 6, 0, 1, 4, 0, 0, 0, 2, 1]) (20, 32)
('10_6___6__', 10, 3, [2, 3, 2, 0, 1, 5, 0, 0, 2, 1]) (20, 32)
('11_8___6__', 10, 3, [2, 6, 0, 1, 4, 0, 0, 0, 2, 1]) (20, 30)
('11_10___6__', 10, 3, [2, 3, 2, 0, 1, 5, 0, 0, 2, 1]) (20, 30)
('12_1___6__', 10, 2, [0, 2, 3, 2, 2, 5, 0, 0, 2, 1]) (20, 31)
part_in:(26, 33), all_in:(20, 25), all_out:(20, 33)
