predict number: 1
('6_6&0%10_10&0%17_2&0%6_1&0%15_8&0%1_9&0%4_2&0%19_6&0%20_10&0', 4)
len:15 predict: {8, 10, 12, 13, 14, 15, 16, 17, 20, 21, 22, 23, 25, 26, 27}:
predict number: 2
('6_6&0%17_2&0%6_1&0%15_8&0%16_1&0%4_2&0%16_7&0%19_6&0%20_10&0', 4)
len:16 predict: {7, 8, 12, 13, 14, 15, 16, 18, 20, 21, 22, 23, 25, 26, 27, 29}:
predict number: 3
('10_10&0%17_2&0%15_8&0%16_1&0%1_9&0%4_2&0%16_7&0%19_6&0%20_10&0', 4)
len:17 predict: {7, 8, 10, 12, 13, 14, 16, 17, 18, 20, 21, 22, 23, 25, 26, 27, 29}:
predict number: 4
('10_10&0%17_2&0%15_8&0%1_9&0%4_2&0%19_6&0%20_10&0%3_1&0%6_10&0', 4)
len:16 predict: {5, 8, 10, 13, 14, 16, 17, 19, 20, 21, 22, 23, 24, 25, 26, 27}:
predict number: 5
('10_10&0%17_2&0%17_3&0%1_9&0%4_2&0%10_9&0%19_6&0%20_10&0%2_3&0', 4)
len:16 predict: {8, 10, 12, 13, 14, 16, 17, 18, 20, 21, 22, 23, 24, 25, 26, 27}:

len:11 intersection:{8, 13, 14, 16, 20, 21, 22, 23, 25, 26, 27}
