
predict number: 1
('15_8&0%5_6&0%11_6&0%6_8&0%15_2&0%6_10&0%9_6&0%11_10&0%12_8&0', 5)
len:17 predict: [7, 8, 9, 10, 11, 12, 13, 14, 15, 17, 19, 20, 21, 22, 23, 25, 27]:

predict number: 2
('15_8&0%5_6&0%11_6&0%6_8&0%15_10&0%6_10&0%11_10&0%12_8&0%3_6&0', 5)
len:19 predict: [7, 8, 9, 10, 11, 12, 13, 14, 15, 16, 17, 19, 20, 21, 22, 23, 24, 25, 27]:

predict number: 3
('15_8&0%5_6&0%11_6&0%6_8&0%15_10&0%6_10&0%11_10&0%12_8&0%7_9&0', 5)
len:19 predict: [7, 8, 9, 10, 11, 12, 13, 14, 15, 16, 17, 18, 19, 20, 21, 22, 23, 25, 27]:

predict number: 4
('15_8&0%5_6&0%11_6&0%6_8&0%15_10&0%6_10&0%11_10&0%3_6&0%7_9&0', 5)
len:20 predict: [7, 8, 9, 10, 11, 12, 13, 14, 15, 16, 17, 18, 19, 20, 21, 22, 23, 24, 25, 27]:

predict number: 5
('15_8&0%5_6&0%11_6&0%6_8&0%15_10&0%6_10&0%12_8&0%3_6&0%7_9&0', 5)
len:20 predict: [7, 8, 9, 10, 11, 12, 13, 14, 15, 16, 17, 18, 19, 20, 21, 22, 23, 24, 25, 27]:

len:17 intersection:[7, 8, 9, 10, 11, 12, 13, 14, 15, 17, 19, 20, 21, 22, 23, 25, 27]
