29
less5
100_5___1__    9   0  [5, 4, 1, 0, 1, 1, 3, 0, 4]  (0, 5)
100_3___1__    8   3  [2, 4, 1, 0, 1, 4, 0, 5]  (0, 5)
100_4___1__    8   6  [2, 1, 1, 0, 1, 1, 3, 5]  (0, 5)
200_3___1__    8   0  [5, 5, 0, 0, 1, 1, 2, 6]  (0, 1)
300_4___1__    8   4  [0, 0, 2, 1, 1, 0, 1, 11]  (0, 2)
300_5___1__    8   2  [0, 2, 1, 2, 1, 0, 1, 11]  (0, 2)
100_1___1__    7   0  [5, 4, 1, 0, 1, 6, 4]  (0, 6)
200_1___1__    7   0  [3, 1, 6, 2, 4, 0, 5]  (0, 1)
200_4___1__    7   6  [2, 2, 0, 0, 1, 7, 3]  (0, 1)
200_5___1__    7   0  [5, 6, 0, 1, 1, 5, 3]  (0, 1)
300_3___1__    7   2  [2, 0, 2, 3, 0, 1, 11]  (0, 2)
100_2___1__    6   0  [5, 4, 1, 2, 5, 5]  (0, 4)
200_2___1__    6   0  [4, 0, 2, 3, 2, 11]  (0, 1)
300_2___1__    6   3  [1, 0, 2, 3, 2, 11]  (0, 2)
300_1___1__    4   3  [5, 3, 2, 11]  (0, 3)
part_in:(2, 6), all_in:(0, 1), all_out:(0, 6)
less8
100_2___2__    11   0  [2, 1, 1, 1, 0, 0, 1, 2, 1, 7, 1]  (4, 5)
100_3___2__    11   0  [2, 1, 1, 1, 0, 0, 1, 2, 4, 4, 1]  (2, 5)
200_4___2__    11   5  [1, 0, 0, 0, 0, 1, 0, 1, 7, 1, 1]  (3, 5)
200_5___2__    11   5  [1, 0, 0, 0, 0, 1, 2, 6, 0, 1, 1]  (4, 5)
300_4___2__    11   0  [2, 1, 1, 0, 0, 0, 0, 1, 7, 4, 1]  (5, 6)
200_1___2__    10   5  [1, 0, 0, 0, 0, 1, 2, 8, 0, 1]  (3, 5)
200_3___2__    10   5  [1, 0, 0, 0, 0, 1, 0, 1, 9, 1]  (3, 5)
300_2___2__    10   0  [4, 1, 0, 0, 0, 5, 3, 5, 0, 0]  (5, 5)
300_3___2__    10   3  [1, 1, 0, 0, 0, 5, 4, 4, 0, 0]  (5, 5)
300_5___2__    10   3  [1, 1, 0, 0, 1, 1, 9, 2, 0, 0]  (5, 6)
100_4___2__    9   0  [4, 1, 1, 0, 0, 1, 2, 9, 1]  (2, 5)
100_5___2__    9   0  [3, 0, 1, 1, 0, 0, 1, 12, 1]  (2, 5)
300_1___2__    9   0  [4, 1, 0, 0, 3, 2, 4, 4, 1]  (5, 5)
100_1___2__    8   3  [1, 1, 1, 0, 0, 1, 12, 1]  (2, 5)
200_2___2__    7   5  [1, 1, 0, 0, 4, 9, 1]  (4, 5)
part_in:(2, 6), all_in:(5, 5), all_out:(2, 6)
less9
200_1___3__    10   0  [0, 1, 2, 2, 6, 4, 0, 0, 2, 1]  (3, 8)
200_5___3__    10   0  [0, 1, 2, 7, 1, 2, 2, 0, 0, 3]  (3, 8)
100_2___3__    9   1  [0, 0, 2, 0, 7, 0, 5, 0, 4]  (4, 8)
100_3___3__    9   1  [0, 0, 2, 8, 0, 4, 0, 0, 4]  (2, 8)
100_5___3__    9   1  [1, 2, 7, 0, 0, 1, 3, 0, 4]  (4, 8)
300_5___3__    9   1  [3, 0, 7, 1, 2, 3, 0, 1, 1]  (3, 8)
100_1___3__    8   1  [0, 0, 2, 8, 0, 4, 1, 4]  (3, 8)
200_2___3__    8   0  [0, 1, 2, 2, 11, 0, 0, 4]  (3, 8)
200_4___3__    8   0  [0, 1, 2, 14, 0, 0, 0, 3]  (3, 8)
300_1___3__    8   1  [4, 2, 6, 2, 3, 0, 1, 1]  (2, 8)
300_3___3__    8   1  [0, 3, 9, 2, 2, 0, 0, 3]  (3, 8)
100_4___3__    7   1  [1, 2, 7, 1, 5, 1, 3]  (4, 8)
200_3___3__    7   1  [1, 2, 9, 4, 0, 1, 3]  (4, 8)
300_4___3__    7   1  [1, 0, 0, 0, 9, 7, 3]  (3, 8)
300_2___3__    5   1  [4, 9, 5, 0, 4]  (4, 8)
part_in:(2, 3), all_in:(4, 8), all_out:(2, 8)
less10
300_3___4__    16   1  [1, 1, 0, 2, 0, 1, 0, 1, 0, 0, 2, 0, 2, 1, 0, 0]  (1, 7)
100_4___4__    15   1  [0, 0, 0, 1, 3, 2, 0, 0, 0, 0, 3, 1, 0, 0, 2]  (0, 7)
300_2___4__    15   1  [1, 1, 0, 2, 2, 0, 1, 0, 0, 2, 0, 1, 0, 1, 1]  (2, 7)
100_3___4__    14   1  [1, 0, 1, 2, 0, 2, 0, 0, 0, 0, 3, 1, 1, 2]  (0, 7)
100_5___4__    14   1  [0, 0, 0, 1, 2, 2, 0, 0, 0, 0, 0, 5, 0, 3]  (0, 7)
300_1___4__    14   1  [1, 2, 5, 0, 1, 0, 0, 2, 2, 0, 0, 0, 0, 0]  (1, 7)
300_4___4__    14   1  [1, 1, 0, 2, 2, 0, 1, 0, 0, 2, 0, 2, 2, 0]  (1, 7)
300_5___4__    14   1  [1, 1, 0, 2, 2, 0, 0, 0, 0, 0, 2, 3, 2, 0]  (1, 7)
200_1___4__    13   1  [1, 2, 3, 1, 0, 1, 0, 0, 3, 1, 1, 1, 0]  (2, 7)
100_2___4__    12   1  [1, 0, 1, 2, 3, 1, 0, 0, 3, 1, 1, 2]  (0, 7)
200_2___4__    12   1  [1, 1, 0, 2, 0, 2, 1, 0, 3, 0, 1, 4]  (2, 7)
200_4___4__    12   1  [1, 2, 2, 0, 2, 0, 0, 0, 4, 2, 0, 2]  (2, 7)
200_5___4__    12   1  [1, 2, 2, 0, 2, 1, 0, 2, 1, 2, 1, 1]  (2, 7)
100_1___4__    11   1  [1, 2, 6, 0, 0, 0, 4, 1, 0, 0, 2]  (0, 7)
200_3___4__    11   1  [1, 2, 2, 0, 2, 0, 0, 0, 4, 2, 3]  (2, 7)
part_in:(0, 1), all_in:(2, 7), all_out:(0, 7)
row1
300_5___5__    18   0  [0, 0, 5, 0, 0, 0, 0, 0, 0, 1, 0, 0, 0, 1, 0, 0, 0, 3]  (0, 0)
100_3___5__    17   0  [0, 0, 4, 0, 0, 0, 0, 0, 0, 0, 2, 0, 0, 1, 0, 0, 4]  (0, 1)
300_3___5__    17   0  [0, 0, 1, 3, 0, 0, 0, 0, 0, 2, 0, 0, 0, 1, 0, 1, 3]  (0, 1)
100_4___5__    16   0  [0, 3, 2, 0, 0, 0, 0, 0, 0, 2, 0, 0, 1, 0, 1, 3]  (0, 1)
200_5___5__    16   0  [0, 0, 5, 0, 0, 0, 0, 0, 0, 1, 0, 0, 0, 1, 2, 3]  (0, 0)
300_4___5__    16   0  [0, 0, 0, 0, 3, 0, 0, 0, 0, 0, 4, 0, 1, 0, 1, 3]  (0, 1)
100_1___5__    15   0  [0, 0, 5, 0, 0, 0, 0, 0, 0, 1, 2, 1, 0, 0, 4]  (0, 1)
100_2___5__    15   0  [0, 0, 5, 0, 0, 0, 0, 0, 2, 2, 1, 0, 0, 0, 3]  (0, 0)
300_2___5__    15   0  [0, 0, 5, 0, 0, 0, 0, 0, 2, 0, 0, 0, 1, 2, 3]  (0, 0)
100_5___5__    14   0  [0, 6, 0, 0, 0, 0, 0, 0, 3, 0, 1, 0, 1, 3]  (0, 2)
200_1___5__    14   0  [0, 0, 5, 0, 0, 0, 0, 0, 2, 2, 1, 0, 1, 3]  (0, 0)
200_2___5__    14   0  [0, 0, 5, 0, 0, 0, 0, 0, 2, 1, 0, 1, 3, 2]  (0, 0)
200_4___5__    14   0  [0, 0, 5, 0, 0, 0, 0, 0, 2, 0, 1, 1, 3, 2]  (0, 0)
300_1___5__    14   0  [0, 0, 0, 4, 0, 0, 0, 0, 0, 2, 2, 1, 2, 3]  (0, 0)
200_3___5__    13   0  [0, 6, 0, 0, 0, 0, 0, 2, 1, 0, 1, 3, 2]  (0, 0)
part_in:(2, 2), all_in:(0, 1), all_out:(0, 2)
row2
100_2___6__    10   5  [6, 0, 2, 1, 0, 0, 0, 3, 1, 0]  (6, 12)
100_3___6__    10   6  [5, 0, 1, 0, 1, 0, 1, 3, 1, 0]  (6, 13)
100_5___6__    10   3  [1, 0, 5, 0, 2, 1, 0, 1, 3, 2]  (6, 13)
200_3___6__    10   5  [0, 5, 0, 1, 0, 1, 0, 1, 5, 0]  (6, 12)
300_4___6__    10   3  [1, 0, 4, 0, 0, 2, 2, 1, 3, 2]  (6, 11)
100_1___6__    9   3  [1, 6, 0, 1, 2, 0, 1, 5, 0]  (6, 12)
100_4___6__    9   5  [0, 5, 0, 2, 1, 0, 1, 3, 2]  (6, 13)
200_1___6__    9   5  [0, 5, 2, 0, 2, 1, 3, 1, 0]  (6, 10)
200_2___6__    9   5  [6, 0, 1, 2, 0, 1, 3, 1, 0]  (6, 10)
200_4___6__    9   5  [0, 5, 0, 2, 2, 1, 3, 1, 0]  (6, 13)
300_1___6__    9   3  [1, 6, 0, 2, 2, 1, 0, 2, 2]  (6, 11)
300_5___6__    9   3  [2, 5, 0, 2, 1, 0, 1, 2, 3]  (6, 12)
200_5___6__    8   6  [6, 1, 0, 2, 1, 3, 1, 0]  (6, 14)
300_2___6__    8   5  [0, 5, 0, 2, 2, 1, 3, 2]  (6, 10)
300_3___6__    8   5  [0, 5, 0, 2, 2, 1, 3, 2]  (6, 11)
part_in:(11, 14), all_in:(6, 10), all_out:(6, 14)
row3
100_5___7__    11   3  [2, 2, 1, 0, 0, 4, 0, 1, 1, 1, 2]  (2, 10)
200_2___7__    9   5  [0, 2, 2, 2, 2, 0, 1, 3, 2]  (7, 10)
100_1___7__    8   11  [0, 2, 2, 0, 3, 1, 0, 1]  (3, 10)
100_2___7__    8   9  [1, 0, 0, 4, 0, 3, 1, 2]  (5, 10)
100_3___7__    8   6  [4, 0, 2, 2, 0, 3, 1, 2]  (3, 10)
100_4___7__    8   6  [2, 1, 0, 0, 4, 0, 5, 2]  (2, 10)
200_4___7__    8   6  [2, 1, 0, 0, 1, 3, 5, 2]  (4, 10)
300_5___7__    8   3  [2, 4, 0, 5, 0, 1, 3, 2]  (6, 10)
200_5___7__    7   6  [4, 0, 0, 1, 3, 5, 2]  (3, 10)
300_4___7__    7   6  [2, 1, 0, 0, 5, 5, 2]  (6, 10)
200_1___7__    6   5  [0, 5, 2, 3, 5, 2]  (7, 10)
200_3___7__    5   6  [5, 2, 3, 5, 2]  (4, 10)
300_2___7__    5   0  [5, 5, 6, 5, 2]  (8, 10)
300_3___7__    5   6  [4, 0, 6, 5, 2]  (6, 10)
300_1___7__    4   6  [4, 0, 12, 2]  (7, 10)
part_in:(2, 7), all_in:(8, 10), all_out:(2, 10)
row4
100_4___8__    20   2  [0, 1, 0, 0, 0, 0, 0, 0, 0, 2, 0, 0, 0, 1, 0, 1, 0, 0, 1, 0]  (0, 4)
200_5___8__    20   2  [0, 2, 0, 0, 0, 0, 0, 0, 0, 0, 0, 0, 0, 2, 0, 1, 0, 0, 1, 0]  (0, 4)
100_1___8__    19   2  [0, 2, 0, 0, 0, 0, 0, 0, 0, 1, 0, 0, 2, 0, 1, 0, 0, 1, 0]  (0, 4)
100_2___8__    19   2  [0, 1, 0, 0, 0, 0, 0, 0, 0, 2, 0, 0, 2, 0, 1, 0, 0, 1, 0]  (1, 4)
100_3___8__    19   2  [0, 1, 0, 0, 0, 0, 0, 0, 0, 2, 0, 0, 0, 1, 0, 1, 0, 2, 0]  (0, 4)
100_5___8__    19   2  [0, 1, 0, 0, 0, 0, 0, 0, 3, 0, 0, 0, 1, 0, 1, 0, 0, 1, 0]  (0, 4)
200_1___8__    19   2  [1, 1, 0, 0, 0, 0, 0, 0, 0, 1, 0, 0, 2, 0, 1, 0, 0, 1, 0]  (1, 4)
200_2___8__    19   2  [1, 0, 0, 0, 0, 0, 0, 1, 0, 1, 0, 0, 2, 0, 1, 0, 0, 1, 0]  (1, 4)
200_3___8__    19   2  [1, 1, 0, 0, 0, 0, 1, 0, 0, 0, 0, 0, 2, 0, 1, 0, 0, 1, 0]  (2, 4)
300_4___8__    19   1  [0, 2, 0, 0, 0, 0, 0, 0, 0, 0, 1, 0, 0, 2, 0, 1, 0, 2, 0]  (0, 4)
200_4___8__    18   6  [0, 0, 0, 0, 0, 0, 0, 0, 0, 0, 0, 2, 0, 1, 0, 0, 1, 0]  (1, 4)
300_2___8__    18   1  [0, 2, 0, 0, 0, 0, 0, 0, 0, 0, 1, 0, 0, 2, 2, 0, 2, 0]  (0, 4)
300_5___8__    18   0  [1, 2, 0, 0, 0, 0, 0, 0, 1, 1, 0, 0, 2, 2, 0, 0, 1, 0]  (0, 4)
300_1___8__    17   2  [1, 1, 0, 0, 0, 0, 0, 0, 0, 1, 0, 0, 2, 2, 0, 2, 0]  (0, 4)
300_3___8__    17   2  [2, 0, 0, 0, 0, 0, 0, 0, 0, 1, 0, 0, 2, 2, 0, 2, 0]  (1, 4)
part_in:(0, 1), all_in:(2, 4), all_out:(0, 4)
sum_all
200_5___9__    12   2  [2, 3, 0, 1, 2, 0, 0, 2, 0, 2, 2, 0]  (94, 98)
100_5___9__    10   2  [0, 4, 0, 2, 3, 0, 2, 3, 2, 0]  (98, 105)
200_3___9__    10   1  [0, 2, 3, 0, 1, 1, 1, 0, 2, 7]  (92, 98)
100_3___9__    9   1  [3, 3, 2, 4, 1, 0, 4, 1, 0]  (98, 100)
200_2___9__    9   2  [2, 3, 0, 1, 2, 0, 0, 2, 7]  (82, 98)
200_4___9__    9   1  [3, 3, 0, 1, 3, 0, 2, 6, 0]  (95, 98)
100_4___9__    8   8  [0, 2, 3, 0, 2, 3, 2, 0]  (98, 101)
100_1___9__    7   5  [3, 2, 4, 2, 2, 2, 1]  (69, 98)
200_1___9__    7   5  [3, 0, 4, 1, 2, 5, 1]  (88, 98)
100_2___9__    6   2  [6, 2, 4, 2, 4, 2]  (67, 98)
300_4___9__    6   5  [3, 0, 1, 7, 6, 0]  (98, 113)
300_2___9__    5   2  [6, 0, 6, 2, 7]  (85, 98)
300_3___9__    5   9  [0, 1, 4, 2, 7]  (98, 102)
300_1___9__    4   5  [4, 6, 2, 7]  (98, 107)
300_5___9__    4   2  [6, 2, 7, 7]  (98, 116)
part_in:(67, 113), all_in:(98, 98), all_out:(67, 113)
sum16
100_3___10__    14   0  [0, 2, 1, 0, 0, 0, 2, 3, 0, 1, 0, 5, 0, 0]  (33, 33)
100_5___10__    13   0  [1, 0, 0, 2, 0, 0, 2, 3, 3, 3, 1, 0, 0]  (33, 35)
200_3___10__    12   0  [0, 0, 1, 0, 3, 2, 1, 1, 0, 2, 5, 1]  (33, 34)
200_4___10__    11   0  [0, 3, 2, 0, 2, 1, 1, 0, 2, 5, 1]  (33, 36)
200_5___10__    11   0  [0, 0, 1, 3, 0, 2, 3, 0, 3, 4, 1]  (33, 36)
100_2___10__    10   0  [0, 2, 3, 0, 2, 4, 2, 5, 0, 0]  (24, 33)
100_4___10__    10   0  [0, 6, 0, 2, 3, 3, 3, 1, 0, 0]  (33, 34)
200_2___10__    10   0  [0, 2, 4, 2, 1, 1, 0, 2, 5, 1]  (30, 33)
300_3___10__    10   0  [0, 2, 3, 0, 2, 1, 2, 8, 0, 0]  (33, 33)
300_4___10__    10   0  [0, 2, 3, 0, 2, 1, 8, 2, 0, 0]  (33, 38)
100_1___10__    9   0  [0, 2, 1, 1, 0, 7, 2, 5, 1]  (25, 33)
200_1___10__    9   0  [0, 2, 0, 2, 5, 2, 2, 5, 1]  (33, 33)
300_1___10__    8   0  [0, 2, 3, 5, 2, 2, 5, 1]  (33, 36)
300_2___10__    8   0  [0, 2, 3, 0, 4, 2, 8, 1]  (29, 33)
300_5___10__    8   0  [0, 2, 3, 0, 2, 13, 0, 0]  (33, 39)
part_in:(24, 38), all_in:(33, 33), all_out:(24, 38)
gap16
300_3___11__    8   0  [2, 1, 2, 3, 2, 5, 4, 1]  (22, 23)
200_5___11__    7   0  [4, 2, 6, 1, 1, 6, 1]  (22, 23)
100_3___11__    6   0  [2, 4, 6, 5, 4, 1]  (23, 23)
100_5___11__    6   0  [4, 2, 6, 9, 0, 1]  (22, 23)
200_3___11__    6   0  [4, 2, 6, 3, 5, 2]  (23, 24)
100_1___11__    5   0  [7, 6, 5, 4, 1]  (20, 23)
100_2___11__    5   0  [4, 2, 6, 5, 6]  (19, 23)
100_4___11__    5   0  [4, 2, 6, 5, 6]  (22, 23)
200_1___11__    5   7  [0, 6, 5, 4, 1]  (18, 23)
200_2___11__    5   0  [4, 2, 6, 9, 2]  (18, 23)
200_4___11__    5   5  [2, 6, 3, 5, 2]  (22, 23)
300_1___11__    5   0  [7, 6, 5, 4, 1]  (21, 23)
300_4___11__    5   0  [4, 2, 6, 10, 1]  (20, 23)
300_5___11__    5   0  [4, 2, 6, 10, 1]  (20, 23)
300_2___11__    4   0  [7, 6, 10, 1]  (20, 23)
part_in:(18, 24), all_in:(23, 23), all_out:(18, 24)
sum25
300_4___12__    13   2  [5, 0, 0, 1, 1, 0, 0, 0, 2, 0, 1, 3, 0]  (32, 37)
200_4___12__    12   1  [0, 2, 2, 0, 2, 1, 0, 0, 0, 2, 6, 0]  (32, 34)
100_1___12__    11   3  [1, 2, 0, 2, 1, 1, 0, 2, 2, 2, 1]  (25, 32)
100_4___12__    11   3  [4, 0, 2, 1, 0, 0, 0, 2, 4, 1, 0]  (32, 36)
200_1___12__    11   2  [0, 1, 3, 0, 1, 1, 1, 0, 2, 4, 2]  (32, 32)
200_5___12__    11   2  [2, 2, 0, 2, 1, 1, 0, 2, 0, 5, 0]  (32, 34)
300_1___12__    11   2  [2, 2, 1, 3, 0, 0, 0, 2, 4, 1, 0]  (32, 35)
300_2___12__    11   2  [0, 5, 0, 1, 1, 0, 0, 0, 7, 1, 0]  (27, 32)
300_5___12__    11   2  [5, 0, 2, 1, 0, 0, 0, 2, 2, 3, 0]  (32, 39)
100_2___12__    10   2  [0, 4, 0, 2, 1, 1, 0, 2, 4, 2]  (23, 32)
100_3___12__    10   3  [4, 0, 2, 1, 1, 0, 2, 4, 1, 0]  (32, 35)
100_5___12__    10   2  [0, 4, 0, 2, 1, 1, 0, 2, 6, 0]  (32, 38)
200_2___12__    10   2  [0, 5, 0, 1, 1, 1, 0, 2, 4, 2]  (30, 32)
300_3___12__    9   2  [6, 0, 1, 1, 0, 0, 0, 9, 0]  (32, 33)
200_3___12__    8   2  [2, 3, 2, 1, 1, 0, 2, 7]  (32, 32)
part_in:(23, 39), all_in:(32, 32), all_out:(23, 39)
gap25
100_5___13__    14   0  [1, 1, 0, 6, 1, 0, 0, 0, 1, 1, 1, 0, 2, 0]  (14, 15)
100_4___13__    11   2  [1, 0, 8, 0, 0, 0, 1, 1, 2, 2, 0]  (13, 14)
300_4___13__    11   0  [1, 1, 0, 3, 2, 3, 0, 3, 2, 2, 0]  (12, 14)
100_2___13__    10   0  [1, 2, 9, 0, 0, 1, 1, 2, 2, 0]  (14, 14)
300_5___13__    9   0  [1, 1, 0, 3, 6, 0, 6, 2, 0]  (13, 14)
100_3___13__    8   2  [2, 8, 0, 1, 1, 4, 2, 0]  (12, 14)
200_1___13__    8   2  [2, 2, 6, 0, 0, 1, 4, 3]  (14, 14)
200_3___13__    8   2  [2, 9, 0, 0, 1, 4, 1, 1]  (14, 17)
200_5___13__    8   2  [2, 9, 0, 0, 1, 1, 2, 3]  (14, 19)
300_3___13__    8   0  [1, 2, 6, 3, 0, 6, 2, 0]  (13, 14)
100_1___13__    6   2  [2, 8, 1, 0, 6, 3]  (14, 14)
200_2___13__    6   2  [2, 9, 0, 0, 1, 8]  (14, 15)
200_4___13__    6   2  [2, 9, 1, 1, 4, 3]  (14, 17)
300_1___13__    6   0  [1, 13, 0, 3, 2, 3]  (13, 14)
300_2___13__    6   0  [1, 13, 0, 3, 2, 3]  (10, 14)
part_in:(12, 19), all_in:(14, 14), all_out:(12, 19)
sum34
100_1___14__    14   2  [2, 1, 1, 1, 3, 0, 0, 1, 0, 2, 0, 0, 0, 1]  (20, 33)
100_4___14__    14   5  [1, 0, 0, 1, 0, 2, 1, 1, 0, 3, 0, 0, 0, 0]  (31, 33)
100_5___14__    14   2  [2, 1, 1, 1, 0, 2, 1, 1, 0, 3, 0, 0, 0, 0]  (33, 33)
200_5___14__    14   2  [2, 1, 1, 1, 0, 2, 1, 1, 0, 0, 2, 0, 1, 0]  (24, 33)
100_2___14__    13   2  [2, 1, 1, 1, 0, 2, 0, 0, 2, 3, 0, 0, 1]  (19, 33)
100_3___14__    13   5  [1, 1, 0, 0, 0, 2, 0, 0, 2, 3, 1, 0, 0]  (32, 33)
200_1___14__    13   2  [2, 1, 1, 1, 3, 0, 0, 1, 0, 3, 0, 0, 1]  (23, 33)
200_2___14__    12   2  [2, 1, 1, 1, 0, 2, 1, 1, 0, 4, 0, 1]  (22, 33)
300_1___14__    12   2  [2, 1, 3, 3, 0, 0, 1, 0, 3, 0, 0, 1]  (33, 38)
300_2___14__    12   2  [2, 1, 3, 3, 0, 0, 1, 0, 3, 0, 0, 1]  (29, 33)
300_3___14__    12   2  [2, 1, 3, 0, 2, 0, 0, 1, 0, 3, 0, 2]  (33, 37)
300_4___14__    12   2  [2, 1, 1, 1, 0, 2, 0, 2, 0, 3, 0, 2]  (33, 38)
300_5___14__    12   2  [2, 1, 1, 1, 0, 2, 0, 2, 0, 3, 0, 2]  (33, 38)
200_3___14__    11   2  [2, 1, 1, 1, 0, 2, 1, 2, 4, 0, 1]  (25, 33)
200_4___14__    11   5  [1, 1, 1, 0, 2, 1, 2, 3, 0, 1, 0]  (25, 33)
part_in:(19, 38), all_in:(33, 33), all_out:(19, 38)
gap12
300_3___15__    13   0  [4, 1, 2, 0, 0, 4, 0, 0, 0, 0, 0, 2, 2]  (4, 4)
200_5___15__    12   2  [1, 0, 1, 0, 1, 0, 5, 0, 3, 0, 3, 0]  (0, 4)
300_4___15__    11   0  [3, 0, 1, 4, 0, 4, 0, 1, 0, 2, 2]  (3, 4)
100_1___15__    10   4  [2, 9, 0, 0, 1, 0, 0, 1, 0, 1]  (3, 4)
100_3___15__    10   5  [1, 0, 1, 5, 0, 1, 1, 0, 2, 2]  (4, 5)
200_1___15__    10   2  [1, 2, 0, 9, 2, 0, 0, 1, 0, 1]  (1, 4)
200_2___15__    10   2  [1, 0, 1, 0, 2, 0, 4, 4, 0, 4]  (0, 4)
100_2___15__    9   4  [0, 1, 9, 1, 1, 0, 0, 1, 2]  (2, 4)
200_3___15__    9   2  [1, 0, 1, 3, 0, 4, 4, 0, 4]  (3, 4)
300_2___15__    9   0  [6, 3, 5, 0, 0, 1, 0, 2, 2]  (3, 4)
100_4___15__    8   5  [1, 0, 8, 1, 1, 0, 2, 2]  (4, 5)
200_4___15__    8   5  [1, 0, 1, 6, 0, 3, 4, 0]  (1, 4)
300_1___15__    8   0  [6, 3, 5, 0, 0, 1, 0, 5]  (3, 4)
300_5___15__    8   0  [6, 2, 6, 1, 2, 0, 0, 3]  (2, 4)
100_5___15__    7   5  [1, 0, 8, 1, 1, 0, 5]  (4, 4)
part_in:(0, 5), all_in:(4, 4), all_out:(0, 5)
gap23
100_3___16__    14   0  [1, 1, 0, 1, 1, 0, 0, 1, 2, 0, 5, 1, 1, 0]  (2, 4)
100_4___16__    14   0  [1, 1, 0, 1, 1, 0, 0, 1, 2, 0, 4, 0, 1, 2]  (2, 4)
100_5___16__    13   0  [1, 2, 1, 1, 0, 0, 1, 2, 0, 4, 0, 1, 2]  (2, 4)
100_2___16__    12   0  [1, 2, 1, 1, 1, 1, 2, 0, 4, 2, 1, 0]  (2, 4)
200_4___16__    12   0  [0, 0, 1, 0, 1, 3, 1, 3, 4, 0, 1, 2]  (1, 4)
200_3___16__    11   0  [1, 2, 1, 1, 1, 1, 3, 4, 0, 1, 2]  (2, 4)
200_5___16__    11   0  [0, 0, 2, 1, 3, 1, 3, 4, 0, 1, 2]  (1, 4)
300_4___16__    11   0  [1, 1, 0, 1, 5, 2, 0, 4, 0, 1, 2]  (4, 4)
100_1___16__    10   0  [0, 0, 2, 1, 1, 3, 2, 0, 7, 2]  (1, 4)
200_1___16__    10   0  [0, 0, 2, 1, 1, 1, 1, 3, 7, 2]  (1, 4)
300_3___16__    10   0  [1, 1, 0, 1, 5, 2, 0, 5, 1, 2]  (4, 5)
300_5___16__    10   0  [1, 1, 0, 1, 5, 2, 0, 5, 1, 2]  (3, 4)
200_2___16__    9   0  [0, 0, 2, 1, 5, 3, 4, 2, 2]  (1, 4)
300_1___16__    9   0  [1, 2, 1, 5, 2, 0, 1, 5, 2]  (4, 6)
300_2___16__    9   0  [1, 1, 0, 1, 5, 2, 0, 7, 2]  (3, 4)
part_in:(1, 5), all_in:(4, 4), all_out:(1, 5)
gap34
100_5___17__    17   1  [0, 1, 0, 1, 0, 3, 1, 0, 0, 0, 0, 1, 2, 0, 1, 0, 0]  (7, 7)
200_1___17__    15   2  [0, 2, 0, 0, 3, 1, 1, 0, 0, 0, 0, 3, 1, 0, 0]  (3, 7)
200_2___17__    15   1  [0, 2, 0, 0, 0, 3, 1, 1, 0, 0, 1, 3, 1, 0, 0]  (4, 7)
100_1___17__    14   2  [3, 0, 0, 5, 0, 0, 0, 0, 0, 0, 3, 1, 0, 0]  (6, 7)
100_2___17__    14   2  [3, 0, 0, 5, 0, 0, 0, 0, 0, 0, 3, 1, 0, 0]  (4, 7)
100_4___17__    14   1  [2, 2, 0, 3, 1, 0, 0, 0, 0, 1, 3, 1, 0, 0]  (6, 7)
200_3___17__    14   1  [0, 2, 1, 0, 3, 1, 1, 0, 0, 1, 3, 1, 0, 0]  (4, 7)
200_4___17__    14   1  [0, 2, 1, 0, 3, 1, 1, 0, 0, 1, 3, 1, 0, 0]  (4, 7)
300_3___17__    14   2  [2, 1, 0, 3, 1, 0, 0, 0, 0, 1, 3, 1, 0, 0]  (5, 7)
300_4___17__    14   5  [1, 0, 3, 1, 0, 0, 0, 0, 0, 0, 3, 1, 0, 0]  (4, 7)
300_5___17__    14   2  [2, 1, 0, 3, 1, 0, 0, 0, 0, 1, 3, 1, 0, 0]  (5, 7)
300_2___17__    13   2  [4, 0, 3, 1, 1, 0, 0, 0, 0, 3, 1, 0, 0]  (5, 7)
100_3___17__    12   1  [4, 1, 5, 0, 0, 0, 0, 1, 3, 1, 0, 0]  (6, 7)
200_5___17__    12   2  [2, 1, 0, 5, 1, 0, 0, 1, 3, 1, 0, 0]  (5, 7)
300_1___17__    12   2  [4, 0, 5, 1, 0, 0, 0, 0, 3, 1, 0, 0]  (4, 7)
part_in:(3, 5), all_in:(6, 7), all_out:(3, 7)
gap45
100_4___18__    13   2  [3, 5, 0, 1, 0, 0, 2, 0, 0, 0, 1, 1, 0]  (3, 5)
200_3___18__    13   4  [7, 0, 0, 0, 0, 0, 2, 0, 0, 0, 1, 1, 0]  (3, 11)
300_3___18__    13   4  [7, 0, 1, 0, 0, 1, 1, 0, 0, 1, 0, 0, 0]  (2, 3)
300_4___18__    13   4  [1, 5, 0, 1, 0, 0, 1, 1, 1, 1, 0, 0, 0]  (3, 3)
200_1___18__    12   4  [4, 2, 0, 1, 0, 0, 2, 0, 1, 1, 1, 0]  (3, 9)
200_5___18__    12   4  [7, 0, 1, 0, 0, 3, 0, 0, 1, 0, 0, 0]  (3, 12)
300_5___18__    12   0  [5, 5, 0, 1, 0, 0, 1, 1, 1, 1, 0, 1]  (3, 3)
100_1___18__    11   2  [9, 0, 1, 0, 2, 0, 0, 1, 1, 1, 0]  (3, 5)
100_2___18__    11   2  [9, 0, 1, 0, 0, 2, 0, 1, 1, 1, 0]  (3, 5)
100_3___18__    11   4  [5, 1, 0, 1, 0, 0, 2, 2, 1, 1, 0]  (3, 3)
100_5___18__    11   3  [2, 6, 1, 0, 0, 2, 0, 1, 1, 1, 0]  (3, 5)
200_2___18__    11   4  [7, 0, 1, 0, 0, 2, 1, 0, 1, 1, 0]  (3, 9)
300_1___18__    11   9  [5, 0, 0, 1, 0, 0, 1, 1, 0, 0, 0]  (3, 3)
200_4___18__    10   4  [7, 0, 1, 0, 0, 3, 0, 0, 3, 0]  (3, 11)
300_2___18__    10   4  [7, 2, 0, 0, 3, 1, 1, 0, 0, 0]  (1, 3)
part_in:(2, 12), all_in:(3, 3), all_out:(2, 12)
gap56
200_4___19__    15   0  [1, 2, 2, 1, 0, 1, 0, 0, 0, 3, 2, 0, 1, 0, 0]  (2, 5)
200_5___19__    15   0  [1, 2, 2, 1, 0, 2, 0, 0, 1, 1, 2, 0, 1, 0, 0]  (2, 5)
200_1___19__    14   0  [1, 2, 2, 2, 1, 0, 0, 0, 3, 2, 0, 1, 0, 0]  (2, 5)
200_2___19__    14   0  [1, 2, 2, 1, 0, 2, 0, 0, 3, 2, 0, 1, 0, 0]  (1, 5)
200_3___19__    14   0  [1, 2, 2, 1, 0, 2, 0, 0, 3, 2, 0, 1, 0, 0]  (3, 5)
100_5___19__    13   0  [1, 2, 2, 2, 2, 0, 0, 3, 2, 0, 1, 0, 0]  (1, 5)
300_2___19__    13   0  [1, 2, 2, 2, 2, 0, 0, 3, 2, 0, 1, 0, 0]  (5, 5)
300_3___19__    13   0  [1, 2, 2, 2, 2, 0, 0, 2, 3, 0, 1, 0, 0]  (4, 5)
100_2___19__    12   0  [1, 2, 2, 1, 0, 2, 0, 0, 3, 3, 1, 1]  (2, 5)
100_4___19__    12   0  [1, 2, 2, 2, 2, 0, 0, 6, 0, 1, 0, 0]  (3, 5)
300_1___19__    12   0  [1, 2, 2, 5, 0, 0, 3, 0, 2, 1, 0, 0]  (4, 5)
300_4___19__    12   0  [1, 2, 2, 4, 0, 0, 0, 6, 0, 1, 0, 0]  (4, 5)
300_5___19__    12   0  [1, 5, 2, 2, 0, 0, 1, 4, 0, 1, 0, 0]  (3, 5)
100_1___19__    11   0  [1, 2, 2, 3, 1, 0, 0, 3, 3, 1, 1]  (2, 5)
100_3___19__    10   0  [1, 2, 2, 5, 0, 0, 7, 1, 0, 0]  (4, 5)
part_in:(1, 3), all_in:(4, 5), all_out:(1, 5)
ball
200_5___20__    22   0  [0, 1, 0, 0, 0, 0, 0, 0, 0, 0, 0, 0, 0, 0, 1, 0, 0, 1, 1, 0, 0, 2]  (1, 2)
100_5___20__    20   0  [0, 1, 0, 0, 0, 2, 0, 0, 1, 0, 0, 1, 0, 0, 1, 1, 0, 0, 0, 1]  (0, 2)
200_3___20__    20   0  [0, 1, 0, 0, 0, 2, 0, 0, 0, 0, 0, 0, 1, 0, 2, 1, 0, 0, 0, 1]  (1, 2)
200_4___20__    20   0  [0, 1, 0, 0, 0, 2, 0, 0, 0, 0, 0, 0, 1, 0, 2, 1, 0, 0, 0, 1]  (1, 2)
100_1___20__    19   0  [0, 1, 0, 0, 0, 2, 0, 0, 1, 0, 0, 1, 0, 0, 1, 1, 0, 0, 2]  (0, 2)
100_2___20__    19   0  [0, 1, 0, 0, 0, 2, 0, 0, 1, 0, 0, 1, 0, 0, 1, 1, 0, 0, 2]  (1, 2)
100_3___20__    19   0  [0, 1, 0, 0, 0, 2, 0, 0, 1, 0, 0, 1, 0, 0, 1, 1, 0, 0, 2]  (0, 2)
100_4___20__    19   0  [0, 1, 0, 0, 3, 0, 0, 1, 0, 0, 1, 0, 0, 1, 1, 0, 0, 0, 1]  (0, 2)
200_1___20__    19   0  [0, 1, 0, 0, 0, 2, 0, 0, 1, 0, 0, 1, 0, 1, 0, 1, 1, 0, 1]  (1, 2)
300_1___20__    19   0  [0, 1, 0, 0, 0, 2, 0, 0, 1, 0, 0, 1, 0, 2, 1, 0, 0, 1, 0]  (0, 2)
300_2___20__    19   0  [0, 1, 0, 0, 4, 0, 1, 0, 0, 1, 0, 0, 0, 0, 1, 0, 0, 1, 0]  (1, 2)
300_5___20__    19   0  [0, 1, 0, 0, 1, 0, 1, 0, 2, 0, 1, 0, 0, 1, 1, 0, 0, 1, 0]  (0, 2)
200_2___20__    18   0  [0, 1, 0, 0, 0, 2, 0, 0, 1, 0, 0, 1, 0, 2, 1, 1, 0, 1]  (1, 2)
300_4___20__    17   0  [0, 1, 0, 0, 4, 0, 2, 0, 1, 0, 2, 1, 0, 0, 0, 0, 0]  (0, 2)
300_3___20__    16   0  [0, 1, 0, 0, 4, 0, 2, 0, 1, 0, 2, 1, 0, 0, 1, 0]  (1, 2)
part_in:(0, 0), all_in:(1, 2), all_out:(0, 2)
ball_column
100_1___21__    13   4  [2, 1, 0, 0, 3, 1, 1, 0, 0, 1, 0, 0, 2]  (1, 9)
100_2___21__    13   7  [1, 0, 0, 3, 1, 1, 0, 0, 0, 0, 0, 0, 2]  (3, 9)
100_3___21__    11   7  [1, 1, 3, 1, 1, 0, 0, 0, 1, 0, 2]  (1, 9)
200_2___21__    11   9  [1, 1, 0, 0, 1, 2, 0, 0, 1, 0, 2]  (5, 9)
200_5___21__    11   9  [1, 2, 0, 1, 1, 0, 0, 0, 1, 0, 2]  (4, 9)
200_3___21__    10   9  [1, 1, 1, 1, 2, 0, 0, 1, 0, 2]  (4, 9)
300_3___21__    10   3  [0, 9, 0, 1, 2, 0, 0, 1, 0, 2]  (1, 9)
100_4___21__    9   9  [1, 3, 1, 1, 0, 1, 1, 0, 2]  (0, 9)
100_5___21__    9   1  [7, 1, 3, 3, 0, 1, 1, 0, 2]  (1, 9)
200_1___21__    9   9  [1, 3, 1, 2, 0, 0, 1, 0, 2]  (4, 9)
200_4___21__    9   9  [1, 3, 1, 2, 0, 0, 1, 0, 2]  (3, 9)
300_1___21__    8   3  [7, 2, 2, 2, 2, 0, 0, 2]  (0, 9)
300_2___21__    8   4  [9, 2, 2, 1, 0, 0, 0, 2]  (2, 9)
300_4___21__    8   4  [6, 2, 2, 2, 0, 2, 0, 2]  (1, 9)
300_5___21__    7   15  [0, 0, 1, 0, 3, 0, 2]  (1, 9)
part_in:(0, 4), all_in:(5, 9), all_out:(0, 9)
blue
100_2___22__    12   0  [2, 1, 0, 0, 0, 4, 0, 0, 6, 2, 0, 1]  (1, 6)
100_3___22__    12   0  [2, 1, 0, 0, 0, 4, 1, 1, 4, 2, 0, 1]  (0, 6)
100_4___22__    11   0  [2, 2, 1, 4, 1, 0, 0, 4, 2, 0, 1]  (3, 6)
200_5___22__    11   0  [2, 2, 0, 0, 6, 1, 4, 1, 1, 0, 0]  (6, 11)
100_5___22__    10   0  [2, 2, 1, 4, 1, 1, 4, 1, 1, 1]  (6, 6)
200_2___22__    10   0  [2, 2, 0, 0, 7, 0, 3, 0, 3, 1]  (6, 10)
200_4___22__    10   0  [2, 2, 0, 9, 2, 0, 0, 3, 0, 0]  (6, 12)
300_4___22__    10   0  [2, 1, 0, 0, 0, 6, 6, 3, 0, 0]  (6, 12)
300_5___22__    10   0  [0, 1, 2, 0, 0, 6, 6, 3, 0, 0]  (6, 12)
200_3___22__    9   0  [2, 2, 0, 0, 8, 3, 4, 0, 0]  (6, 10)
300_1___22__    9   0  [0, 1, 1, 0, 0, 0, 8, 8, 1]  (6, 13)
300_3___22__    9   0  [2, 2, 0, 0, 8, 4, 3, 0, 0]  (6, 9)
200_1___22__    8   0  [0, 1, 1, 1, 0, 12, 4, 1]  (6, 13)
300_2___22__    8   0  [0, 1, 2, 1, 8, 4, 3, 1]  (6, 13)
100_1___22__    7   0  [2, 1, 1, 7, 9, 0, 1]  (3, 6)
part_in:(0, 13), all_in:(6, 6), all_out:(0, 13)
blue_sort
300_3___23__    12   1  [0, 1, 1, 2, 5, 1, 1, 0, 0, 3, 1, 0]  (5, 15)
300_5___23__    12   1  [0, 1, 1, 2, 5, 0, 0, 0, 1, 0, 5, 0]  (5, 11)
100_3___23__    11   1  [0, 1, 1, 2, 5, 1, 1, 0, 0, 3, 2]  (5, 14)
200_1___23__    10   1  [0, 1, 1, 2, 5, 4, 0, 4, 0, 0]  (5, 6)
200_2___23__    10   1  [0, 1, 1, 2, 5, 1, 2, 0, 5, 0]  (5, 7)
200_5___23__    10   1  [0, 1, 1, 2, 5, 1, 2, 0, 5, 0]  (5, 7)
300_1___23__    10   1  [0, 1, 1, 2, 5, 1, 1, 0, 0, 6]  (5, 13)
300_2___23__    10   1  [0, 1, 1, 2, 5, 1, 1, 0, 0, 6]  (5, 10)
300_4___23__    10   1  [0, 1, 1, 2, 5, 1, 2, 0, 5, 0]  (5, 13)
200_3___23__    9   1  [0, 1, 1, 2, 5, 4, 0, 5, 0]  (5, 10)
100_2___23__    8   1  [0, 1, 1, 2, 7, 2, 0, 6]  (5, 11)
100_4___23__    8   1  [0, 1, 1, 2, 10, 0, 1, 4]  (5, 13)
100_5___23__    8   1  [2, 1, 2, 6, 3, 0, 5, 0]  (5, 12)
200_4___23__    8   1  [2, 1, 2, 5, 4, 0, 5, 0]  (5, 9)
100_1___23__    7   1  [0, 1, 1, 2, 10, 0, 6]  (5, 12)
part_in:(7, 15), all_in:(5, 6), all_out:(5, 15)
