Red2
('1_Red2_Top2_UnHit_1', 25) [6, 8, 9, 10, 11, 12, 13, 14, 15, 16, 17]
('0_Red2_Top1_UnHit_1', 24) [6, 7, 8, 10, 11, 12, 13, 14, 15, 16, 17]
('0_Red2_Top2_UnHit_1', 23) [6, 7, 8, 10, 11, 12, 13, 14, 15, 16, 17]
('1_Red2_Top2_Hit_1', 21) [6, 7, 8, 10, 11, 12, 13, 14, 15, 16, 17]
('1_Red2_Top3_Hit_1', 21) [6, 7, 8, 10, 11, 12, 13, 14, 15, 16, 17]
('1_Red2_Top3_UnHit_1', 21) [8, 9, 10, 11, 12, 13, 14, 15]
('0_Red2_Top2_Hit_1', 20) [6, 7, 8, 10, 11, 12, 13, 14, 15, 16, 17]
('0_Red2_Top3_Hit_1', 19) [6, 7, 8, 10, 11, 12, 13, 14, 15, 16, 17]
('0_Red2_Top3_UnHit_1', 18) [8, 10, 11, 12, 13, 14]
('0_Red2_Top3_UnHit_0', 9) [6, 7, 9, 15, 16, 17]
('0_Red2_Top3_Hit_0', 8) [9]
('0_Red2_Top2_Hit_0', 7) [9]
('1_Red2_Top2_Hit_0', 4) [9]
('0_Red2_Top2_UnHit_0', 4) [9]
('1_Red2_Top3_Hit_0', 4) [9]
('1_Red2_Top3_UnHit_0', 4) [6, 7, 16, 17]
('0_Red2_Top1_UnHit_0', 3) [9]
('1_Red2_Top2_UnHit_0', 0) [7]
RedGap16
('0_RedGap16_Top3_Hit_1', 25) [18, 19, 20, 21, 22, 25, 26, 27, 28]
('1_RedGap16_Top3_Hit_1', 25) [18, 19, 20, 21, 22, 25, 26, 27, 28]
('0_RedGap16_Top2_Hit_1', 22) [18, 19, 20, 21, 22, 25, 26, 27, 28]
('0_RedGap16_Top2_UnHit_1', 22) [20, 21, 22, 24, 25, 26, 27]
('0_RedGap16_Top3_UnHit_1', 18) [21, 22, 24, 25, 26]
('1_RedGap16_Top3_UnHit_1', 18) [18, 19, 20, 21, 22, 24, 25, 26, 27, 28]
('0_RedGap16_Top3_UnHit_0', 9) [18, 19, 20, 23, 27, 28]
('1_RedGap16_Top3_UnHit_0', 7) [23]
('0_RedGap16_Top2_Hit_0', 5) [23, 24]
('0_RedGap16_Top2_UnHit_0', 5) [18, 19, 23, 28]
('0_RedGap16_Top3_Hit_0', 2) [23, 24]
('1_RedGap16_Top3_Hit_0', 0) [23, 24]
Red4
('0_Red4_Top3_Hit_1', 24) [17, 18, 19, 21, 22, 23, 24, 25, 26]
('1_Red4_Top3_Hit_1', 22) [14, 15, 16, 17, 18, 19, 21, 22, 23, 24, 25, 26, 27]
('0_Red4_Top2_Hit_1', 20) [14, 15, 16, 17, 18, 19, 21, 22, 23, 24, 25, 26, 27]
('0_Red4_Top2_UnHit_1', 18) [16, 17, 18, 19, 20, 21, 22, 23, 24, 25, 26]
('0_Red4_Top3_UnHit_1', 18) [18, 19, 20, 21, 22, 23, 24]
('0_Red4_Top1_UnHit_1', 15) [14, 15, 16, 17, 18, 19, 21, 22, 23, 24, 25, 26, 27]
('1_Red4_Top2_UnHit_1', 15) [16, 17, 18, 19, 20, 21, 22, 23, 24, 25, 26]
('1_Red4_Top1_UnHit_1', 14) [14, 15, 16, 17, 18, 19, 21, 22, 23, 24, 25, 26, 27]
('0_Red4_Top1_UnHit_0', 12) [20]
('1_Red4_Top1_UnHit_0', 11) [20]
('1_Red4_Top2_UnHit_0', 10) [14, 15, 27]
('0_Red4_Top2_UnHit_0', 9) [14, 15, 27]
('0_Red4_Top3_UnHit_0', 9) [14, 15, 16, 17, 25, 26, 27]
('0_Red4_Top2_Hit_0', 7) [20]
('0_Red4_Top3_Hit_0', 3) [14, 15, 16, 20, 27]
('1_Red4_Top3_Hit_0', 3) [20]
Red6
('0_Red6_Top2_Hit_1', 24) [25, 26, 27, 30, 31, 32]
('0_Red6_Top3_Hit_1', 23) [25, 26, 27, 29, 30, 31, 32]
('0_Red6_Top2_UnHit_1', 21) [28, 29]
('0_Red6_Top1_Hit_1', 20) [25, 26, 27, 29, 30, 31, 32]
('0_Red6_Top1_UnHit_1', 20) [28, 29, 30]
('1_Red6_Top2_UnHit_1', 20) [28, 29, 30]
('0_Red6_Top3_UnHit_1', 19) [28, 29, 30]
('1_Red6_Top1_Hit_1', 18) [25, 26, 27, 30, 31, 32]
('1_Red6_Top1_UnHit_1', 18) [28, 29, 30]
('1_Red6_Top3_UnHit_1', 17) [25, 26, 27, 29, 30, 31, 32]
('0_Red6_Top3_UnHit_0', 8) [25, 26, 27, 31, 32]
('1_Red6_Top3_UnHit_0', 8) [28]
('0_Red6_Top1_Hit_0', 7) [28]
('1_Red6_Top1_Hit_0', 7) [28, 29]
('0_Red6_Top1_UnHit_0', 7) [25, 26, 27, 31, 32]
('1_Red6_Top1_UnHit_0', 7) [25, 26, 27, 31, 32]
('0_Red6_Top2_UnHit_0', 6) [25, 26, 27, 30, 31, 32]
('1_Red6_Top2_UnHit_0', 5) [25, 26, 27, 31, 32]
('0_Red6_Top3_Hit_0', 4) [28]
('0_Red6_Top2_Hit_0', 3) [28, 29]
RedSum_
('1_RedSum_Top3_Hit_1', 24) [97, 121, 122, 123, 124, 125, 126, 127, 128, 129, 130, 131, 132, 133, 134, 135, 136]
('0_RedSum_Top3_Hit_1', 23) [97, 117, 118, 119, 120, 121, 122, 123, 124, 125, 126, 127, 128, 129, 130, 131, 132, 133, 134, 135, 136]
('0_RedSum_Top3_UnHit_1', 21) [111, 112, 113, 114, 115, 116, 117, 118, 119, 120, 121, 122, 123, 124, 125, 126, 127, 128, 129, 130, 131, 132, 133]
('0_RedSum_Top2_Hit_1', 18) [97, 115, 116, 117, 118, 119, 120, 121, 122, 123, 124, 125, 126, 127, 128, 129, 130, 131, 132, 133, 134, 135, 136]
('1_RedSum_Top3_UnHit_1', 18) [97, 111, 112, 113, 114, 115, 116, 117, 118, 119, 120, 121, 122, 123, 124, 125, 126, 127, 128, 129, 130, 131, 132, 133, 134, 135, 136]
('1_RedSum_Top1_Hit_1', 17) [97, 111, 112, 113, 114, 115, 116, 117, 118, 119, 120, 121, 122, 123, 124, 125, 126, 127, 128, 129, 130, 131, 132, 133, 134, 135, 136]
('0_RedSum_Top2_UnHit_1', 17) [111, 112, 113, 114, 115, 116, 117, 118, 119, 120, 121, 122, 123, 124, 125, 126]
('0_RedSum_Top1_UnHit_1', 15) [97, 113, 114, 115, 116, 117, 118, 119, 120, 121, 122, 123, 124, 125, 126, 127, 128, 129, 130, 131, 132, 133, 134, 135, 136]
('1_RedSum_Top1_UnHit_1', 14) [97, 118, 119, 120, 121, 122, 123, 124, 125, 126, 127, 128, 129, 130, 131, 132, 133, 134, 135, 136]
('0_RedSum_Top1_UnHit_0', 12) [98, 99, 100, 101, 102, 103, 104, 105, 106, 107, 108, 109, 110, 111, 112]
('1_RedSum_Top1_UnHit_0', 11) [98, 99, 100, 101, 102, 103, 104, 105, 106, 107, 108, 109, 110, 111, 112, 113, 114, 115, 116, 117]
('0_RedSum_Top2_UnHit_0', 10) [97, 98, 99, 100, 101, 102, 103, 104, 105, 106, 107, 108, 109, 110, 127, 128, 129, 130, 131, 132, 133, 134, 135, 136]
('0_RedSum_Top2_Hit_0', 9) [98, 99, 100, 101, 102, 103, 104, 105, 106, 107, 108, 109, 110, 111, 112, 113, 114]
('1_RedSum_Top1_Hit_0', 8) [98, 99, 100, 101, 102, 103, 104, 105, 106, 107, 108, 109, 110]
('1_RedSum_Top3_UnHit_0', 7) [98, 99, 100, 101, 102, 103, 104, 105, 106, 107, 108, 109, 110]
('0_RedSum_Top3_UnHit_0', 6) [97, 98, 99, 100, 101, 102, 103, 104, 105, 106, 107, 108, 109, 110, 134, 135, 136]
('0_RedSum_Top3_Hit_0', 4) [98, 99, 100, 101, 102, 103, 104, 105, 106, 107, 108, 109, 110, 111, 112, 113, 114, 115, 116]
('1_RedSum_Top3_Hit_0', 1) [98, 99, 100, 101, 102, 103, 104, 105, 106, 107, 108, 109, 110, 111, 112, 113, 114, 115, 116, 117, 118, 119, 120]
RedSum16
('0_RedSum16_Top3_Hit_1', 24) [28, 29, 30, 31, 32, 34, 35, 36, 37, 38, 39, 40, 41, 42]
('1_RedSum16_Top3_Hit_1', 24) [28, 29, 30, 31, 32, 34, 35, 36, 37, 38, 39, 40, 41, 42]
('1_RedSum16_Top1_UnHit_1', 21) [28, 29, 30, 31, 32, 34, 35, 36, 37, 38, 39, 40, 41, 42]
('1_RedSum16_Top3_UnHit_1', 21) [28, 29, 30, 31, 32, 34, 35, 36, 37, 38, 39, 40, 41, 42]
('0_RedSum16_Top3_UnHit_1', 16) [30, 31, 32, 34, 35, 36, 37, 38]
('0_RedSum16_Top3_UnHit_0', 11) [28, 29, 33, 39, 40, 41, 42]
('1_RedSum16_Top1_UnHit_0', 4) [33]
('1_RedSum16_Top3_UnHit_0', 4) [33]
('0_RedSum16_Top3_Hit_0', 3) [33]
('1_RedSum16_Top3_Hit_0', 1) [33]
RedGap34
('0_RedGap34_Top2_Hit_1', 24) [1, 2, 3, 4, 8, 9]
('0_RedGap34_Top1_Hit_1', 22) [1, 2, 3, 4, 8, 9]
('1_RedGap34_Top2_Hit_1', 22) [1, 2, 3, 4, 8, 9]
('0_RedGap34_Top2_UnHit_1', 22) [3, 4, 5, 6]
('1_RedGap34_Top1_UnHit_1', 21) [3, 4, 5, 6, 7]
('1_RedGap34_Top2_UnHit_1', 21) [2, 3, 4, 5, 6, 7]
('0_RedGap34_Top1_UnHit_1', 20) [3, 4, 5, 6, 7]
('1_RedGap34_Top1_Hit_1', 19) [1, 2, 3, 4, 5, 8, 9]
('1_RedGap34_Top3_Hit_1', 19) [2, 3, 4, 5, 6, 7, 8]
('0_RedGap34_Top1_UnHit_0', 7) [1, 2, 8, 9]
('1_RedGap34_Top1_Hit_0', 6) [6, 7]
('1_RedGap34_Top3_Hit_0', 6) [1, 9]
('0_RedGap34_Top1_Hit_0', 5) [5, 6, 7]
('0_RedGap34_Top2_UnHit_0', 5) [1, 2, 7, 8, 9]
('1_RedGap34_Top1_UnHit_0', 4) [1, 2, 8, 9]
('1_RedGap34_Top2_UnHit_0', 4) [1, 8, 9]
('0_RedGap34_Top2_Hit_0', 3) [5, 6, 7]
('1_RedGap34_Top2_Hit_0', 3) [5, 6, 7]
Red5
('0_Red5_Top1_Hit_1', 23) [23, 24, 25, 26, 27, 28]
('0_Red5_Top3_Hit_1', 21) [20, 21, 22, 26, 27, 28, 29, 30]
('0_Red5_Top3_UnHit_1', 21) [23, 24, 25, 26, 27]
('1_Red5_Top3_Hit_1', 20) [20, 21, 22, 27, 28, 29, 30]
('1_Red5_Top2_Hit_1', 19) [20, 21, 22, 26, 27, 28, 29, 30]
('1_Red5_Top3_UnHit_1', 19) [23, 24, 25, 26, 27]
('0_Red5_Top1_UnHit_0', 17) [23, 24, 25]
('1_Red5_Top1_UnHit_0', 16) [20, 21, 22, 23, 24, 25, 26, 27, 28, 29, 30]
('0_Red5_Top2_UnHit_0', 14) [23]
('0_Red5_Top2_UnHit_1', 13) [20, 21, 22, 24, 25, 26, 27, 28, 29, 30]
('1_Red5_Top2_UnHit_1', 13) [23, 24, 25, 26]
('1_Red5_Top2_UnHit_0', 12) [20, 21, 22, 27, 28, 29, 30]
('0_Red5_Top1_UnHit_1', 10) [20, 21, 22, 26, 27, 28, 29, 30]
('1_Red5_Top2_Hit_0', 6) [23, 24, 25]
('0_Red5_Top3_Hit_0', 6) [23, 24, 25]
('0_Red5_Top3_UnHit_0', 6) [20, 21, 22, 28, 29, 30]
('1_Red5_Top3_UnHit_0', 6) [20, 21, 22, 28, 29, 30]
('1_Red5_Top3_Hit_0', 5) [23, 24, 25, 26]
('0_Red5_Top1_Hit_0', 4) [20, 21, 22, 29, 30]
RedGap12
('0_RedGap12_Top3_UnHit_1', 23) [3, 4, 5, 6, 7]
('0_RedGap12_Top1_Hit_1', 22) [2, 3, 4, 5, 6, 7, 8, 9, 10, 11]
('1_RedGap12_Top3_UnHit_1', 22) [3, 4, 5, 6, 7]
('0_RedGap12_Top3_Hit_1', 21) [1, 2, 3, 5, 6, 7, 8, 9, 10, 11, 12]
('1_RedGap12_Top3_Hit_1', 21) [1, 2, 3, 6, 7, 8, 9, 10, 11, 12]
('0_RedGap12_Top2_Hit_1', 20) [1, 2, 3, 5, 6, 7, 8, 9, 10, 11, 12]
('1_RedGap12_Top2_UnHit_1', 20) [4]
('1_RedGap12_Top2_Hit_1', 19) [1, 2, 3, 5, 6, 7, 8, 9, 10, 11, 12]
('0_RedGap12_Top2_UnHit_1', 19) [3, 5, 6, 7]
('0_RedGap12_Top1_UnHit_1', 17) [1, 2, 3, 6, 7, 8, 9, 10, 11, 12]
('1_RedGap12_Top1_UnHit_1', 17) [1, 2, 3, 8, 9, 10, 11, 12]
('0_RedGap12_Top1_UnHit_0', 10) [4, 5]
('1_RedGap12_Top1_UnHit_0', 8) [4, 5, 6, 7]
('0_RedGap12_Top2_UnHit_0', 8) [1, 2, 4, 8, 9, 10, 11, 12]
('0_RedGap12_Top2_Hit_0', 7) [4]
('1_RedGap12_Top2_Hit_0', 6) [4]
('0_RedGap12_Top3_Hit_0', 6) [4]
('0_RedGap12_Top1_Hit_0', 5) [1, 12]
('1_RedGap12_Top2_UnHit_0', 5) [1, 2, 3, 5, 6, 7, 8, 9, 10, 11, 12]
('1_RedGap12_Top3_Hit_0', 4) [4, 5]
('0_RedGap12_Top3_UnHit_0', 4) [1, 2, 8, 9, 10, 11, 12]
('1_RedGap12_Top3_UnHit_0', 3) [1, 2, 8, 9, 10, 11, 12]
RedGap45
('0_RedGap45_Top1_Hit_1', 23) [1, 2, 5, 6, 7, 8, 9]
('1_RedGap45_Top1_Hit_1', 22) [1, 2, 5, 6, 7, 8, 9]
('0_RedGap45_Top2_Hit_1', 22) [1, 2, 6, 7, 8, 9]
('0_RedGap45_Top3_Hit_1', 18) [1, 2, 5, 6, 7, 8, 9]
('1_RedGap45_Top2_Hit_1', 17) [1, 2, 4, 5, 6, 7, 8, 9]
('0_RedGap45_Top3_UnHit_1', 17) [4, 5]
('0_RedGap45_Top1_UnHit_0', 16) [3, 4]
('1_RedGap45_Top1_UnHit_0', 14) [3]
('0_RedGap45_Top2_UnHit_0', 14) [1, 2, 3, 6, 7, 8, 9]
('0_RedGap45_Top2_UnHit_1', 13) [4, 5]
('0_RedGap45_Top1_UnHit_1', 11) [1, 2, 5, 6, 7, 8, 9]
('1_RedGap45_Top1_UnHit_1', 11) [1, 2, 4, 5, 6, 7, 8, 9]
('0_RedGap45_Top3_UnHit_0', 10) [1, 2, 3, 6, 7, 8, 9]
('0_RedGap45_Top3_Hit_0', 9) [3, 4]
('1_RedGap45_Top2_Hit_0', 8) [3]
('0_RedGap45_Top2_Hit_0', 5) [3, 4, 5]
('0_RedGap45_Top1_Hit_0', 4) [3, 4]
('1_RedGap45_Top1_Hit_0', 3) [3, 4]
RedBlue
('0_RedBlue_Top3_Hit_1', 23) [3, 4, 5, 10, 11, 12, 13, 14, 15]
('0_RedBlue_Top2_Hit_1', 22) [3, 4, 5, 8, 9, 10, 11, 12, 13, 14, 15]
('1_RedBlue_Top3_Hit_1', 22) [3, 4, 5, 10, 11, 12, 13, 14, 15]
('1_RedBlue_Top2_Hit_1', 20) [3, 4, 5, 10, 11, 12, 13, 14, 15]
('0_RedBlue_Top3_UnHit_1', 20) [3, 4, 5, 8, 9, 10, 11, 12, 13, 14, 15]
('0_RedBlue_Top1_UnHit_1', 19) [3, 4, 5, 8, 9, 10, 11, 12, 13, 14, 15]
('1_RedBlue_Top3_UnHit_1', 19) [6, 7, 8, 9, 10]
('0_RedBlue_Top2_UnHit_1', 18) [3, 4, 5, 7, 8, 9, 10, 11, 12, 13, 14, 15]
('1_RedBlue_Top2_UnHit_1', 17) [6, 7, 8, 9, 10]
('0_RedBlue_Top2_UnHit_0', 9) [6]
('0_RedBlue_Top1_UnHit_0', 8) [6, 7]
('1_RedBlue_Top2_UnHit_0', 8) [3, 4, 5, 11, 12, 13, 14, 15]
('0_RedBlue_Top3_UnHit_0', 7) [6, 7]
('1_RedBlue_Top3_UnHit_0', 6) [3, 4, 5, 11, 12, 13, 14, 15]
('0_RedBlue_Top2_Hit_0', 5) [6, 7]
('1_RedBlue_Top2_Hit_0', 5) [6, 7, 8, 9]
('0_RedBlue_Top3_Hit_0', 4) [6, 7, 8, 9]
('1_RedBlue_Top3_Hit_0', 3) [6, 7, 8, 9]
Red3
('1_Red3_Top3_UnHit_1', 22) [13, 14, 15, 16, 17, 18, 19, 20]
('0_Red3_Top3_UnHit_1', 21) [13, 14, 15, 16, 17, 18]
('0_Red3_Top3_Hit_1', 20) [11, 12, 16, 17, 18, 19, 20, 21, 22, 23]
('1_Red3_Top3_Hit_1', 20) [11, 12, 18, 19, 20, 21, 22, 23]
('1_Red3_Top2_UnHit_1', 19) [13, 14, 15, 16, 17]
('1_Red3_Top2_Hit_1', 18) [11, 12, 18, 19, 20, 21, 22, 23]
('0_Red3_Top2_Hit_1', 17) [11, 12, 15, 16, 17, 18, 19, 20, 21, 22, 23]
('0_Red3_Top1_UnHit_1', 16) [11, 12, 16, 17, 18, 19, 20, 21, 22, 23]
('1_Red3_Top1_UnHit_1', 16) [11, 12, 19, 20, 21, 22, 23]
('0_Red3_Top1_UnHit_0', 11) [13, 14, 15]
('0_Red3_Top2_Hit_0', 10) [13, 14]
('1_Red3_Top1_UnHit_0', 9) [13, 14, 15, 16, 17, 18]
('1_Red3_Top2_Hit_0', 7) [13, 14, 15, 16, 17]
('0_Red3_Top3_Hit_0', 7) [13, 14, 15]
('1_Red3_Top2_UnHit_0', 6) [11, 12, 18, 19, 20, 21, 22, 23]
('0_Red3_Top3_UnHit_0', 6) [11, 12, 19, 20, 21, 22, 23]
('1_Red3_Top3_Hit_0', 5) [13, 14, 15, 16, 17]
('1_Red3_Top3_UnHit_0', 3) [11, 12, 21, 22, 23]
RedSum25
('0_RedSum25_Top1_UnHit_1', 22) [29, 30, 31, 34, 35, 36, 37, 38, 39, 40, 41, 42, 43, 44, 45, 46, 47, 48, 49, 50]
('0_RedSum25_Top3_Hit_1', 22) [29, 30, 31, 36, 37, 38, 39, 40, 41, 42, 43, 44, 45, 46, 47, 48, 49, 50]
('0_RedSum25_Top2_Hit_1', 21) [29, 30, 31, 36, 37, 38, 39, 40, 41, 42, 43, 44, 45, 46, 47, 48, 49, 50]
('1_RedSum25_Top2_Hit_1', 21) [29, 30, 31, 34, 35, 37, 38, 39, 40, 41, 42, 43, 44, 45, 46, 47, 48, 49, 50]
('1_RedSum25_Top3_Hit_1', 21) [29, 30, 31, 38, 39, 40, 41, 42, 43, 44, 45, 46, 47, 48, 49, 50]
('1_RedSum25_Top3_UnHit_1', 20) [29, 30, 31, 37, 38, 39, 40, 41, 42, 43, 44, 45, 46, 47, 48, 49, 50]
('0_RedSum25_Top3_UnHit_1', 19) [34, 35, 36, 37, 38, 39, 40, 41, 42, 43, 44, 45, 46, 47, 48, 49]
('0_RedSum25_Top3_UnHit_0', 8) [29, 30, 31, 32, 33, 50]
('0_RedSum25_Top2_Hit_0', 6) [32, 33, 34, 35]
('0_RedSum25_Top1_UnHit_0', 5) [32, 33]
('0_RedSum25_Top3_Hit_0', 5) [32, 33, 34, 35]
('1_RedSum25_Top3_UnHit_0', 5) [32, 33, 34, 35, 36]
('1_RedSum25_Top2_Hit_0', 4) [32, 33, 36]
('1_RedSum25_Top3_Hit_0', 4) [32, 33, 34, 35, 36, 37]
RedGap23
('1_RedGap23_Top2_Hit_1', 22) [2, 3, 6, 7, 8, 9, 10]
('1_RedGap23_Top3_Hit_1', 19) [2, 3, 6, 7, 8, 9, 10]
('0_RedGap23_Top3_Hit_1', 18) [3, 5, 6, 7, 8, 9]
('1_RedGap23_Top3_UnHit_1', 17) [3, 5, 6, 7, 8, 9]
('0_RedGap23_Top3_UnHit_1', 16) [4, 5, 6, 7, 8]
('0_RedGap23_Top3_UnHit_0', 11) [2, 3, 9, 10]
('0_RedGap23_Top3_Hit_0', 9) [2, 4, 10]
('1_RedGap23_Top3_UnHit_0', 8) [2, 4, 10]
('1_RedGap23_Top3_Hit_0', 6) [4, 5]
('1_RedGap23_Top2_Hit_0', 3) [4, 5]
Red1
('0_Red1_Top2_Hit_1', 21) [0, 1, 2, 3, 4, 6, 7, 8, 9, 10, 11]
('1_Red1_Top1_Hit_1', 20) [0, 1, 2, 3, 4, 6, 7, 8, 9, 10, 11]
('0_Red1_Top3_Hit_1', 20) [0, 1, 2, 3, 4, 6, 7, 8, 9, 10, 11]
('1_Red1_Top3_Hit_1', 20) [0, 1, 2, 3, 4, 6, 7, 8, 9, 10, 11]
('0_Red1_Top3_UnHit_1', 19) [3, 4, 6, 7]
('0_Red1_Top1_UnHit_0', 14) [5]
('1_Red1_Top3_UnHit_1', 14) [0, 1, 2, 3, 4, 6, 7, 8, 9, 10, 11]
('1_Red1_Top1_UnHit_0', 13) [5]
('0_Red1_Top1_UnHit_1', 13) [0, 1, 2, 3, 4, 6, 7, 8, 9, 10, 11]
('1_Red1_Top1_UnHit_1', 12) [0, 1, 2, 3, 4, 6, 7, 8, 9, 10, 11]
('1_Red1_Top3_UnHit_0', 11) [5]
('0_Red1_Top3_UnHit_0', 8) [0, 1, 2, 5, 8, 9, 10, 11]
('0_Red1_Top3_Hit_0', 7) [5]
('0_Red1_Top2_Hit_0', 6) [5]
('1_Red1_Top1_Hit_0', 5) [5]
('1_Red1_Top3_Hit_0', 5) [5]
RedGap25
('1_RedGap25_Top2_Hit_1', 21) [7, 8, 9, 10, 11, 12, 13, 15, 16, 17, 18, 19, 20, 21, 22]
('1_RedGap25_Top3_Hit_1', 21) [7, 8, 9, 10, 11, 12, 13, 16, 17, 18, 19, 20, 21, 22]
('0_RedGap25_Top3_Hit_1', 20) [7, 8, 9, 10, 11, 12, 13, 15, 16, 17, 18, 19, 20, 21, 22]
('1_RedGap25_Top1_UnHit_1', 18) [7, 8, 9, 10, 11, 12, 13, 15, 16, 17, 18, 19, 20, 21, 22]
('0_RedGap25_Top3_UnHit_1', 18) [7, 8, 9, 10, 11, 12, 13, 15, 16, 17, 18, 19, 20, 21, 22]
('0_RedGap25_Top3_UnHit_0', 9) [14]
('1_RedGap25_Top1_UnHit_0', 7) [14]
('0_RedGap25_Top3_Hit_0', 7) [14]
('1_RedGap25_Top2_Hit_0', 4) [14]
('1_RedGap25_Top3_Hit_0', 4) [14, 15]
RedSum34
('1_RedSum34_Top2_Hit_1', 21) [26, 27, 28, 29, 30, 31, 32, 34, 35, 36, 37, 38, 39, 40, 41, 42, 43, 44, 45, 46, 47]
('0_RedSum34_Top3_Hit_1', 21) [26, 27, 28, 29, 30, 31, 32, 34, 35, 36, 37, 38, 39, 40, 41, 42, 43, 44, 45, 46, 47]
('0_RedSum34_Top2_UnHit_1', 20) [27, 28, 29, 30, 31, 32, 33, 34, 35, 36, 37, 38, 39, 40, 41, 42, 43, 44, 45, 46]
('1_RedSum34_Top3_Hit_1', 18) [26, 27, 28, 29, 30, 31, 32, 38, 39, 40, 41, 42, 43, 44, 45, 46, 47]
('0_RedSum34_Top3_UnHit_1', 18) [29, 30, 31, 32, 33, 34, 35, 36, 37, 38, 39, 40, 41, 42, 43, 44, 45, 46]
('1_RedSum34_Top3_UnHit_1', 18) [26, 27, 28, 29, 30, 31, 32, 34, 35, 36, 37, 38, 39, 40, 41, 42, 43, 44, 45, 46, 47]
('0_RedSum34_Top3_UnHit_0', 9) [26, 27, 28, 47]
('0_RedSum34_Top2_UnHit_0', 7) [26, 47]
('1_RedSum34_Top3_Hit_0', 7) [33, 34, 35, 36, 37]
('1_RedSum34_Top3_UnHit_0', 7) [33]
('0_RedSum34_Top3_Hit_0', 6) [33]
('1_RedSum34_Top2_Hit_0', 4) [33]
RedGap56
('1_RedGap56_Top3_Hit_1', 20) [-1, 0, 1, 2, 6, 7, 8]
('0_RedGap56_Top3_Hit_1', 19) [-1, 0, 1, 2, 3, 6, 7, 8]
('1_RedGap56_Top3_UnHit_1', 17) [-1, 0, 1, 2, 3, 4, 6, 7, 8]
('0_RedGap56_Top3_UnHit_1', 14) [1, 2, 3, 4]
('0_RedGap56_Top3_UnHit_0', 13) [-1, 0, 5, 6, 7, 8]
('0_RedGap56_Top3_Hit_0', 8) [4, 5]
('1_RedGap56_Top3_UnHit_0', 8) [5]
('1_RedGap56_Top3_Hit_0', 5) [3, 4, 5]
