30
gap25
100_5___13__    9   1  [3, 2, 2, 5, 2, 1, 1, 0, 3]  (10, 20)
100_1___13__    7   1  [1, 7, 7, 0, 2, 0, 4]  (10, 10)
100_2___13__    7   1  [6, 2, 1, 6, 2, 1, 3]  (10, 14)
100_4___13__    7   1  [1, 4, 2, 7, 0, 4, 3]  (10, 18)
200_5___13__    7   1  [9, 4, 2, 0, 1, 2, 3]  (10, 16)
300_3___13__    7   1  [1, 4, 2, 4, 1, 1, 8]  (10, 13)
300_4___13__    7   1  [1, 7, 6, 1, 1, 2, 3]  (10, 14)
300_5___13__    6   1  [3, 12, 1, 1, 2, 3]  (10, 17)
100_3___13__    5   1  [9, 8, 2, 1, 3]  (10, 14)
200_1___13__    5   1  [5, 3, 7, 0, 8]  (10, 15)
200_2___13__    5   1  [1, 7, 7, 0, 8]  (10, 15)
200_3___13__    5   1  [6, 2, 4, 3, 8]  (10, 13)
300_1___13__    5   1  [1, 7, 6, 1, 8]  (10, 13)
300_2___13__    5   1  [1, 4, 2, 6, 10]  (10, 14)
200_4___13__    4   1  [9, 8, 1, 6]  (10, 15)
part_in:(14, 20), all_in:(10, 13), all_out:(10, 20)
gap45
100_5___18__    13   3  [1, 0, 2, 5, 0, 0, 2, 1, 0, 0, 0, 2, 0]  (7, 8)
100_2___18__    12   1  [1, 1, 0, 6, 1, 0, 3, 1, 1, 2, 0, 0]  (7, 8)
100_3___18__    12   3  [1, 0, 2, 5, 0, 3, 1, 0, 1, 1, 0, 0]  (7, 8)
100_1___18__    11   1  [1, 1, 0, 1, 6, 0, 6, 0, 2, 0, 0]  (6, 7)
200_3___18__    11   1  [3, 0, 2, 5, 0, 3, 1, 0, 3, 0, 0]  (7, 10)
300_5___18__    11   1  [3, 0, 6, 0, 0, 4, 1, 1, 0, 2, 0]  (5, 7)
100_4___18__    10   3  [1, 0, 2, 5, 4, 1, 0, 3, 0, 0]  (7, 9)
200_4___18__    10   1  [3, 0, 2, 2, 1, 0, 4, 1, 5, 0]  (7, 9)
300_4___18__    10   0  [4, 0, 2, 4, 0, 4, 1, 2, 2, 0]  (5, 7)
200_1___18__    9   1  [3, 0, 0, 7, 0, 2, 0, 7, 0]  (7, 10)
200_5___18__    9   1  [3, 0, 2, 5, 0, 3, 1, 5, 0]  (7, 8)
200_2___18__    8   1  [3, 0, 8, 0, 3, 1, 5, 0]  (7, 10)
300_3___18__    8   0  [4, 0, 2, 5, 4, 1, 5, 0]  (6, 7)
300_2___18__    6   1  [3, 0, 13, 1, 5, 0]  (6, 7)
300_1___18__    5   5  [0, 13, 4, 2, 0]  (7, 7)
part_in:(5, 10), all_in:(7, 7), all_out:(5, 10)
blue
100_3___22__    14   0  [1, 2, 0, 0, 3, 0, 2, 1, 0, 2, 0, 3, 0, 1]  (10, 11)
100_2___22__    13   2  [2, 0, 0, 3, 0, 4, 0, 1, 0, 0, 3, 0, 1]  (11, 11)
100_1___22__    12   0  [1, 2, 0, 0, 3, 0, 4, 0, 3, 3, 0, 1]  (11, 12)
100_4___22__    12   0  [1, 2, 0, 0, 3, 0, 4, 0, 3, 3, 0, 1]  (8, 11)
100_5___22__    12   0  [1, 2, 0, 0, 3, 0, 4, 0, 3, 3, 0, 1]  (7, 11)
300_5___22__    12   0  [1, 2, 0, 0, 3, 0, 4, 0, 3, 3, 0, 1]  (5, 11)
300_3___22__    11   2  [2, 0, 0, 3, 0, 4, 0, 2, 0, 3, 2]  (8, 11)
200_4___22__    10   0  [1, 2, 0, 0, 3, 0, 5, 3, 3, 2]  (6, 11)
200_5___22__    10   0  [1, 3, 0, 3, 0, 4, 0, 3, 3, 2]  (5, 11)
300_4___22__    10   0  [1, 3, 0, 3, 0, 4, 0, 3, 3, 2]  (6, 11)
200_1___22__    9   0  [1, 2, 0, 5, 5, 1, 1, 3, 2]  (8, 11)
200_3___22__    9   1  [0, 3, 0, 3, 0, 5, 3, 3, 2]  (7, 11)
300_2___22__    8   6  [4, 0, 4, 0, 2, 0, 3, 2]  (10, 11)
300_1___22__    7   2  [3, 4, 5, 0, 3, 3, 2]  (10, 11)
200_2___22__    5   6  [5, 5, 3, 3, 2]  (5, 11)
part_in:(5, 12), all_in:(11, 11), all_out:(5, 12)
row3
100_5___7__    11   7  [1, 0, 0, 3, 1, 1, 1, 0, 0, 3, 1]  (6, 9)
200_3___7__    9   3  [2, 2, 0, 0, 7, 1, 1, 2, 2]  (6, 8)
100_1___7__    8   7  [1, 0, 0, 7, 1, 0, 0, 5]  (6, 10)
100_2___7__    8   0  [0, 4, 3, 0, 7, 1, 1, 5]  (6, 10)
100_3___7__    8   6  [2, 0, 0, 3, 3, 1, 1, 5]  (6, 9)
200_1___7__    8   6  [0, 2, 0, 7, 1, 1, 2, 2]  (6, 7)
200_2___7__    8   6  [0, 2, 0, 7, 1, 1, 2, 2]  (6, 6)
200_4___7__    8   6  [2, 0, 0, 5, 3, 1, 2, 2]  (6, 6)
200_5___7__    8   6  [2, 0, 0, 7, 1, 1, 2, 2]  (5, 6)
300_2___7__    8   0  [6, 0, 1, 0, 7, 1, 1, 5]  (6, 10)
100_4___7__    7   6  [2, 0, 0, 7, 1, 1, 5]  (6, 9)
300_1___7__    7   6  [0, 2, 0, 7, 1, 1, 5]  (6, 10)
300_3___7__    7   0  [7, 1, 0, 7, 1, 1, 5]  (6, 10)
300_5___7__    7   0  [9, 0, 7, 1, 1, 2, 2]  (6, 8)
300_4___7__    6   0  [9, 0, 9, 1, 1, 3]  (6, 10)
part_in:(5, 10), all_in:(6, 6), all_out:(5, 10)
row2
100_3___6__    13   0  [3, 1, 2, 0, 4, 1, 1, 0, 1, 0, 1, 0, 2]  (9, 13)
300_3___6__    13   0  [2, 0, 1, 1, 0, 0, 6, 1, 0, 2, 1, 0, 2]  (8, 13)
100_2___6__    11   0  [3, 1, 2, 0, 2, 3, 1, 3, 1, 0, 2]  (9, 13)
200_1___6__    11   4  [1, 2, 0, 1, 4, 1, 0, 2, 1, 0, 2]  (10, 13)
300_4___6__    11   0  [2, 0, 1, 2, 0, 6, 1, 0, 2, 2, 2]  (8, 13)
100_1___6__    10   4  [1, 2, 0, 6, 1, 0, 2, 1, 0, 2]  (9, 13)
100_4___6__    10   4  [1, 2, 0, 6, 1, 0, 2, 1, 0, 2]  (9, 13)
100_5___6__    10   4  [1, 2, 0, 6, 1, 0, 2, 1, 0, 2]  (10, 13)
200_3___6__    10   0  [2, 5, 0, 6, 1, 0, 2, 1, 0, 2]  (11, 13)
300_2___6__    10   0  [3, 1, 1, 0, 0, 8, 0, 2, 2, 2]  (8, 13)
200_2___6__    9   0  [3, 4, 0, 6, 1, 0, 2, 2, 2]  (12, 13)
200_4___6__    9   4  [1, 2, 0, 6, 1, 0, 2, 2, 2]  (12, 13)
200_5___6__    9   4  [1, 2, 0, 6, 1, 0, 2, 2, 2]  (12, 13)
300_5___6__    9   0  [3, 1, 2, 0, 6, 1, 0, 5, 2]  (9, 13)
300_1___6__    7   3  [0, 4, 0, 8, 3, 2, 2]  (8, 13)
part_in:(8, 11), all_in:(12, 13), all_out:(8, 13)
sum_all
200_1___9__    13   2  [1, 2, 1, 0, 0, 3, 2, 1, 0, 0, 1, 1, 2]  (87, 97)
200_5___9__    13   1  [0, 1, 2, 0, 1, 0, 3, 2, 1, 1, 1, 1, 2]  (85, 97)
300_3___9__    13   1  [0, 1, 2, 0, 2, 3, 0, 0, 0, 1, 1, 1, 4]  (87, 97)
300_4___9__    13   0  [0, 0, 1, 2, 0, 2, 2, 0, 1, 2, 1, 1, 4]  (84, 97)
200_2___9__    12   1  [2, 2, 1, 1, 3, 0, 1, 1, 1, 1, 1, 2]  (80, 97)
300_5___9__    12   2  [1, 2, 0, 2, 0, 1, 0, 2, 1, 1, 1, 4]  (88, 97)
100_1___9__    11   2  [1, 1, 1, 1, 0, 3, 0, 5, 1, 3, 0]  (93, 97)
100_5___9__    10   2  [1, 2, 0, 3, 2, 4, 1, 1, 1, 2]  (86, 97)
200_3___9__    10   1  [2, 2, 0, 2, 3, 2, 1, 1, 1, 4]  (90, 97)
200_4___9__    10   1  [0, 1, 2, 0, 2, 3, 4, 1, 1, 4]  (85, 97)
100_2___9__    9   4  [3, 2, 3, 0, 3, 1, 1, 3, 0]  (96, 97)
100_3___9__    9   2  [1, 2, 0, 6, 0, 3, 1, 1, 4]  (95, 97)
300_2___9__    9   0  [3, 3, 2, 4, 3, 0, 0, 1, 4]  (86, 97)
100_4___9__    7   4  [2, 0, 6, 4, 1, 1, 4]  (87, 97)
300_1___9__    7   4  [3, 2, 4, 3, 1, 1, 4]  (95, 97)
part_in:(80, 95), all_in:(96, 97), all_out:(80, 97)
sum16
200_2___10__    15   0  [0, 2, 1, 0, 0, 0, 2, 3, 1, 1, 0, 0, 1, 1, 2]  (26, 35)
200_1___10__    13   0  [1, 1, 2, 0, 0, 2, 3, 1, 1, 1, 1, 1, 2]  (27, 35)
200_5___10__    13   0  [0, 0, 1, 1, 0, 0, 3, 3, 1, 1, 1, 3, 2]  (26, 35)
100_5___10__    12   0  [0, 0, 1, 1, 0, 4, 3, 3, 0, 0, 3, 2]  (29, 35)
100_1___10__    11   0  [1, 1, 2, 0, 0, 0, 1, 7, 0, 6, 0]  (27, 35)
300_3___10__    11   0  [0, 0, 1, 1, 0, 1, 2, 3, 1, 1, 8]  (28, 35)
300_4___10__    11   0  [0, 0, 1, 2, 1, 2, 1, 1, 1, 1, 8]  (26, 35)
100_3___10__    10   0  [0, 2, 1, 0, 1, 2, 3, 3, 0, 7]  (30, 35)
100_4___10__    10   0  [0, 2, 1, 0, 4, 3, 3, 0, 0, 6]  (29, 35)
200_3___10__    10   0  [0, 2, 2, 0, 3, 3, 1, 1, 0, 7]  (28, 35)
200_4___10__    10   0  [0, 0, 1, 1, 5, 3, 1, 1, 0, 7]  (26, 35)
300_2___10__    10   0  [3, 1, 0, 1, 2, 5, 1, 1, 1, 4]  (28, 35)
300_5___10__    10   0  [0, 0, 1, 1, 0, 4, 3, 1, 1, 8]  (28, 35)
100_2___10__    8   0  [3, 1, 2, 2, 7, 0, 0, 6]  (28, 35)
300_1___10__    7   0  [1, 1, 4, 2, 7, 3, 4]  (32, 35)
part_in:(26, 29), all_in:(30, 35), all_out:(26, 35)
sum25
100_1___12__    12   2  [1, 1, 0, 1, 0, 0, 3, 0, 4, 2, 3, 0]  (34, 35)
300_3___12__    12   0  [1, 1, 1, 0, 1, 1, 4, 0, 3, 2, 3, 0]  (31, 34)
300_4___12__    12   0  [1, 1, 2, 1, 1, 0, 1, 1, 0, 3, 2, 4]  (29, 34)
200_1___12__    11   2  [1, 1, 0, 1, 1, 2, 0, 5, 2, 1, 2]  (31, 34)
100_2___12__    10   3  [0, 1, 2, 1, 2, 1, 4, 2, 3, 0]  (34, 36)
100_3___12__    10   2  [0, 0, 1, 0, 1, 2, 3, 4, 2, 4]  (34, 36)
200_2___12__    10   4  [1, 0, 1, 1, 2, 1, 4, 2, 1, 2]  (29, 34)
300_2___12__    10   0  [1, 1, 1, 2, 1, 3, 0, 4, 2, 4]  (30, 34)
300_5___12__    10   2  [1, 1, 0, 3, 0, 1, 6, 2, 3, 0]  (31, 34)
200_5___12__    9   2  [1, 1, 0, 3, 9, 2, 1, 1, 0]  (31, 34)
300_1___12__    9   2  [1, 1, 4, 3, 0, 0, 3, 2, 4]  (33, 34)
200_3___12__    8   2  [1, 1, 0, 3, 9, 2, 3, 0]  (34, 34)
100_4___12__    7   2  [1, 1, 0, 4, 1, 9, 4]  (32, 34)
100_5___12__    7   2  [1, 1, 0, 4, 11, 1, 2]  (31, 34)
200_4___12__    7   2  [1, 1, 0, 3, 9, 2, 4]  (32, 34)
part_in:(29, 36), all_in:(34, 34), all_out:(29, 36)
ball_column
300_3___21__    14   0  [4, 0, 1, 1, 0, 0, 1, 0, 3, 0, 0, 2, 2, 1]  (2, 4)
100_5___21__    13   0  [3, 0, 2, 2, 3, 1, 2, 0, 1, 0, 1, 0, 1]  (2, 6)
200_4___21__    12   0  [3, 0, 4, 0, 0, 1, 2, 2, 2, 0, 1, 2]  (2, 5)
200_5___21__    12   0  [3, 0, 5, 0, 1, 0, 1, 2, 1, 1, 1, 2]  (2, 4)
300_5___21__    12   0  [2, 1, 5, 0, 2, 1, 1, 0, 0, 2, 1, 2]  (2, 5)
100_3___21__    11   0  [3, 0, 2, 1, 0, 3, 1, 1, 3, 0, 4]  (2, 5)
100_4___21__    11   0  [3, 0, 2, 1, 0, 3, 1, 3, 1, 0, 4]  (2, 5)
100_2___21__    10   0  [3, 0, 4, 0, 0, 8, 1, 0, 1, 2]  (2, 4)
200_2___21__    10   0  [2, 1, 5, 0, 2, 1, 3, 1, 0, 4]  (2, 5)
200_3___21__    10   0  [3, 0, 2, 6, 1, 2, 2, 0, 1, 2]  (2, 4)
300_1___21__    10   3  [1, 3, 0, 1, 2, 3, 0, 0, 2, 4]  (2, 5)
300_4___21__    10   0  [2, 0, 0, 5, 3, 1, 2, 0, 2, 4]  (2, 5)
100_1___21__    9   0  [4, 0, 4, 5, 1, 1, 1, 0, 4]  (2, 3)
300_2___21__    9   0  [4, 0, 2, 2, 6, 1, 1, 0, 4]  (2, 4)
200_1___21__    7   4  [0, 6, 2, 1, 3, 2, 4]  (2, 6)
part_in:(4, 6), all_in:(2, 3), all_out:(2, 6)
less8
200_4___2__    15   2  [2, 3, 2, 0, 0, 0, 1, 1, 1, 0, 1, 1, 0, 0, 0]  (7, 7)
100_2___2__    13   0  [1, 2, 1, 4, 0, 1, 1, 1, 1, 0, 0, 2, 2]  (6, 7)
100_3___2__    13   0  [1, 2, 5, 0, 0, 1, 1, 1, 1, 0, 0, 2, 2]  (6, 7)
100_4___2__    12   2  [2, 1, 3, 0, 0, 1, 1, 1, 1, 0, 3, 2]  (5, 7)
100_5___2__    11   2  [2, 1, 4, 0, 1, 1, 1, 1, 1, 2, 2]  (4, 7)
200_5___2__    11   2  [2, 7, 1, 1, 1, 1, 0, 1, 1, 0, 1]  (6, 7)
300_4___2__    11   0  [1, 2, 6, 0, 1, 1, 1, 1, 0, 1, 4]  (5, 7)
200_3___2__    10   2  [2, 6, 0, 1, 1, 1, 1, 2, 1, 2]  (7, 7)
300_2___2__    10   2  [2, 1, 4, 0, 1, 1, 3, 0, 0, 5]  (6, 7)
100_1___2__    9   2  [2, 6, 0, 3, 1, 1, 4, 1, 0]  (7, 7)
200_1___2__    9   2  [2, 6, 0, 1, 1, 3, 0, 3, 2]  (7, 7)
200_2___2__    9   2  [2, 7, 1, 1, 1, 1, 0, 3, 2]  (7, 8)
300_1___2__    9   2  [2, 1, 4, 0, 1, 1, 3, 0, 6]  (6, 7)
300_5___2__    9   2  [4, 4, 0, 1, 1, 3, 0, 1, 4]  (5, 7)
300_3___2__    8   0  [1, 9, 0, 1, 1, 3, 0, 6]  (6, 7)
part_in:(4, 8), all_in:(7, 7), all_out:(4, 8)
sum34
200_2___14__    12   1  [3, 4, 0, 3, 0, 0, 0, 0, 0, 3, 1, 2]  (22, 28)
200_5___14__    12   0  [0, 2, 0, 2, 2, 3, 1, 1, 0, 3, 1, 2]  (23, 28)
300_3___14__    12   1  [2, 0, 4, 0, 3, 0, 1, 0, 0, 3, 3, 0]  (27, 28)
100_3___14__    11   1  [2, 0, 2, 1, 4, 0, 2, 0, 3, 3, 0]  (28, 28)
300_2___14__    11   1  [2, 0, 1, 0, 2, 4, 1, 0, 0, 3, 4]  (27, 28)
100_2___14__    10   1  [3, 2, 6, 0, 0, 1, 0, 3, 3, 0]  (28, 29)
100_5___14__    10   1  [0, 2, 2, 6, 1, 1, 0, 3, 1, 2]  (27, 28)
200_1___14__    10   0  [0, 2, 0, 5, 6, 0, 0, 3, 1, 2]  (26, 28)
300_4___14__    10   1  [2, 0, 2, 2, 2, 0, 3, 0, 3, 4]  (28, 28)
100_1___14__    9   0  [0, 3, 9, 0, 0, 1, 4, 3, 0]  (28, 29)
100_4___14__    9   1  [2, 0, 2, 6, 1, 1, 0, 3, 4]  (26, 28)
200_3___14__    9   1  [2, 0, 4, 0, 3, 3, 0, 3, 4]  (24, 28)
200_4___14__    9   0  [0, 2, 0, 2, 6, 3, 0, 3, 4]  (22, 28)
300_5___14__    9   0  [0, 3, 2, 5, 0, 3, 0, 3, 4]  (28, 29)
300_1___14__    8   1  [2, 0, 1, 3, 7, 0, 3, 4]  (28, 29)
part_in:(22, 29), all_in:(28, 28), all_out:(22, 29)
gap12
200_4___15__    12   0  [1, 2, 1, 0, 2, 1, 1, 0, 4, 5, 0, 0]  (3, 5)
200_5___15__    12   0  [1, 2, 1, 3, 1, 1, 0, 4, 4, 0, 0, 0]  (3, 4)
100_1___15__    11   0  [1, 4, 0, 1, 0, 1, 1, 0, 4, 1, 5]  (3, 7)
100_3___15__    11   0  [3, 0, 1, 0, 1, 0, 1, 1, 0, 9, 2]  (3, 7)
100_5___15__    11   0  [4, 1, 0, 1, 0, 1, 1, 0, 9, 1, 0]  (3, 4)
300_5___15__    11   0  [4, 1, 2, 0, 1, 1, 0, 2, 1, 6, 0]  (3, 4)
100_2___15__    10   0  [4, 1, 0, 1, 0, 1, 1, 0, 4, 7]  (3, 8)
100_4___15__    10   0  [4, 1, 0, 1, 0, 1, 1, 0, 9, 2]  (3, 6)
200_2___15__    10   0  [6, 2, 0, 1, 1, 0, 4, 4, 1, 0]  (3, 4)
200_1___15__    9   0  [6, 3, 1, 1, 0, 2, 1, 4, 2]  (3, 4)
200_3___15__    9   0  [6, 3, 1, 1, 0, 4, 4, 1, 0]  (3, 5)
300_2___15__    9   0  [6, 2, 0, 1, 1, 0, 2, 1, 7]  (3, 3)
300_3___15__    9   0  [1, 2, 1, 2, 0, 1, 1, 0, 12]  (3, 4)
300_4___15__    9   0  [6, 2, 0, 1, 1, 0, 2, 1, 7]  (3, 4)
300_1___15__    8   0  [6, 3, 1, 1, 0, 2, 1, 7]  (3, 3)
part_in:(5, 8), all_in:(3, 4), all_out:(3, 8)
blue_sort
200_2___23__    13   3  [1, 2, 0, 0, 0, 0, 2, 1, 0, 3, 1, 3, 0]  (6, 6)
200_3___23__    12   3  [1, 2, 1, 0, 0, 2, 1, 0, 3, 1, 3, 0]  (6, 6)
300_3___23__    12   3  [1, 0, 1, 1, 1, 1, 2, 0, 3, 1, 3, 0]  (4, 6)
100_4___23__    11   5  [2, 1, 1, 2, 1, 0, 2, 0, 1, 3, 0]  (5, 6)
200_4___23__    11   3  [1, 2, 1, 1, 2, 1, 0, 3, 1, 3, 0]  (5, 6)
300_4___23__    11   3  [1, 2, 1, 1, 1, 2, 0, 3, 1, 3, 0]  (5, 6)
100_2___23__    10   3  [1, 4, 1, 4, 0, 2, 0, 1, 3, 0]  (6, 8)
100_3___23__    10   2  [0, 1, 4, 1, 2, 1, 0, 3, 5, 0]  (6, 6)
100_5___23__    10   5  [2, 1, 1, 2, 1, 0, 3, 1, 3, 0]  (6, 6)
200_5___23__    10   5  [2, 1, 1, 4, 0, 0, 2, 1, 3, 0]  (6, 6)
200_1___23__    9   3  [1, 2, 1, 1, 4, 0, 3, 1, 4]  (6, 8)
300_2___23__    9   5  [2, 1, 1, 1, 2, 0, 3, 1, 4]  (6, 6)
100_1___23__    8   5  [4, 1, 4, 0, 3, 1, 3, 0]  (6, 9)
300_1___23__    8   3  [1, 4, 1, 4, 0, 3, 1, 4]  (6, 8)
300_5___23__    8   5  [4, 1, 1, 2, 0, 3, 1, 4]  (6, 6)
part_in:(4, 9), all_in:(6, 6), all_out:(4, 9)
less5
200_2___1__    12   0  [2, 1, 1, 1, 1, 0, 0, 5, 3, 1, 1, 1]  (2, 2)
100_3___1__    11   0  [3, 0, 1, 1, 3, 0, 4, 3, 1, 1, 1]  (0, 2)
100_5___1__    11   0  [1, 2, 1, 1, 3, 0, 4, 3, 1, 1, 1]  (0, 2)
200_5___1__    11   0  [3, 0, 1, 1, 2, 0, 0, 4, 1, 3, 3]  (1, 2)
300_2___1__    11   0  [1, 0, 0, 0, 1, 1, 3, 5, 3, 1, 3]  (0, 2)
300_4___1__    11   0  [1, 0, 0, 0, 1, 1, 3, 5, 5, 1, 1]  (0, 2)
100_1___1__    10   2  [1, 0, 1, 1, 3, 5, 3, 1, 1, 1]  (0, 2)
100_4___1__    10   0  [1, 2, 1, 1, 3, 0, 4, 5, 1, 1]  (0, 2)
200_3___1__    10   0  [3, 0, 1, 1, 2, 0, 5, 5, 1, 1]  (1, 2)
200_4___1__    10   0  [2, 0, 0, 1, 1, 2, 6, 3, 1, 3]  (1, 2)
300_3___1__    10   0  [2, 0, 0, 1, 1, 3, 5, 5, 1, 1]  (0, 2)
100_2___1__    9   0  [4, 1, 1, 3, 5, 3, 1, 1, 1]  (0, 2)
200_1___1__    9   2  [2, 1, 1, 1, 1, 5, 5, 1, 1]  (2, 2)
300_1___1__    9   3  [1, 1, 1, 3, 5, 3, 1, 1, 1]  (0, 2)
300_5___1__    9   0  [4, 1, 1, 3, 5, 5, 0, 0, 1]  (0, 2)
part_in:(0, 0), all_in:(1, 2), all_out:(0, 2)
gap16
100_3___11__    13   3  [1, 0, 2, 2, 0, 2, 0, 2, 2, 0, 0, 1, 1]  (17, 23)
100_4___11__    13   3  [1, 0, 2, 2, 0, 2, 0, 2, 2, 0, 0, 1, 1]  (17, 25)
100_5___11__    12   3  [2, 2, 2, 0, 2, 0, 2, 1, 0, 1, 1, 1]  (17, 27)
200_2___11__    12   3  [1, 0, 2, 1, 1, 2, 0, 2, 2, 0, 0, 3]  (17, 19)
200_4___11__    11   3  [1, 0, 2, 3, 2, 0, 2, 2, 0, 0, 3]  (17, 20)
200_5___11__    11   3  [1, 0, 2, 3, 2, 0, 2, 2, 0, 0, 3]  (17, 20)
300_3___11__    11   3  [1, 0, 1, 0, 6, 0, 2, 2, 0, 0, 3]  (17, 20)
200_1___11__    10   3  [1, 1, 1, 1, 1, 2, 3, 2, 0, 4]  (17, 19)
200_3___11__    10   3  [2, 1, 4, 2, 0, 2, 2, 0, 0, 3]  (17, 18)
300_5___11__    10   3  [2, 2, 3, 2, 0, 2, 2, 0, 0, 3]  (17, 23)
100_1___11__    9   3  [1, 3, 3, 2, 0, 2, 2, 1, 3]  (17, 18)
100_2___11__    9   3  [1, 0, 6, 2, 0, 2, 2, 1, 3]  (17, 22)
300_1___11__    9   3  [1, 0, 1, 7, 3, 2, 0, 0, 3]  (17, 20)
300_2___11__    9   3  [1, 0, 1, 7, 3, 2, 0, 0, 3]  (17, 19)
300_4___11__    9   3  [1, 0, 6, 2, 3, 2, 0, 0, 3]  (17, 21)
part_in:(19, 27), all_in:(17, 18), all_out:(17, 27)
gap23
100_5___16__    14   2  [0, 0, 2, 4, 1, 2, 0, 1, 1, 0, 0, 0, 1, 1]  (1, 2)
200_4___16__    14   0  [1, 0, 0, 9, 1, 0, 0, 1, 1, 0, 0, 0, 1, 1]  (0, 1)
200_5___16__    14   0  [1, 0, 0, 6, 2, 2, 0, 1, 1, 0, 0, 0, 1, 1]  (0, 1)
300_3___16__    14   2  [0, 0, 2, 2, 1, 1, 0, 1, 0, 1, 3, 1, 0, 1]  (1, 3)
300_4___16__    14   2  [0, 0, 2, 6, 0, 0, 1, 1, 2, 0, 0, 0, 0, 1]  (1, 4)
100_3___16__    13   2  [0, 0, 2, 4, 1, 2, 0, 1, 2, 0, 0, 1, 1]  (0, 1)
200_3___16__    13   2  [0, 0, 5, 3, 2, 0, 1, 1, 0, 0, 0, 1, 1]  (0, 1)
300_2___16__    13   2  [0, 0, 1, 0, 2, 3, 0, 1, 0, 4, 0, 2, 1]  (1, 4)
100_2___16__    12   2  [0, 0, 2, 2, 3, 0, 1, 0, 4, 1, 1, 1]  (0, 1)
300_5___16__    12   2  [0, 0, 2, 4, 1, 2, 0, 4, 0, 0, 1, 1]  (1, 3)
100_1___16__    11   2  [0, 0, 2, 4, 1, 2, 0, 4, 0, 2, 1]  (1, 1)
100_4___16__    11   2  [0, 0, 2, 6, 2, 0, 1, 3, 0, 1, 1]  (0, 1)
200_1___16__    10   0  [1, 0, 0, 5, 3, 2, 0, 4, 3, 1]  (1, 4)
200_2___16__    9   2  [0, 0, 5, 3, 2, 0, 6, 1, 1]  (1, 2)
300_1___16__    9   2  [0, 6, 3, 2, 0, 3, 1, 2, 1]  (1, 3)
part_in:(0, 4), all_in:(1, 1), all_out:(0, 4)
gap34
100_3___17__    15   0  [0, 0, 0, 0, 3, 2, 0, 4, 1, 1, 0, 0, 1, 2, 0]  (2, 7)
100_1___17__    13   0  [2, 0, 3, 2, 0, 4, 1, 2, 0, 0, 0, 2, 0]  (2, 3)
100_4___17__    13   0  [1, 0, 0, 3, 0, 1, 0, 4, 4, 0, 1, 2, 0]  (2, 8)
100_5___17__    13   0  [1, 0, 0, 3, 0, 1, 0, 4, 4, 0, 1, 2, 0]  (2, 8)
100_2___17__    12   2  [0, 0, 3, 2, 0, 4, 3, 0, 0, 1, 2, 0]  (2, 5)
200_4___17__    12   0  [2, 0, 3, 2, 0, 4, 0, 3, 0, 1, 2, 0]  (2, 5)
200_5___17__    12   0  [1, 0, 0, 3, 2, 0, 4, 4, 0, 1, 2, 0]  (2, 8)
300_3___17__    12   0  [0, 1, 0, 3, 0, 1, 0, 4, 1, 2, 2, 3]  (2, 3)
200_2___17__    11   0  [0, 0, 0, 0, 3, 2, 0, 9, 0, 4, 0]  (2, 2)
300_1___17__    10   3  [0, 3, 2, 0, 4, 1, 2, 0, 1, 3]  (2, 2)
300_5___17__    10   0  [2, 0, 3, 0, 1, 0, 4, 4, 2, 3]  (2, 6)
200_1___17__    9   0  [2, 0, 3, 2, 0, 8, 0, 5, 0]  (1, 2)
200_3___17__    9   0  [0, 1, 0, 3, 2, 0, 9, 0, 5]  (2, 3)
300_2___17__    9   3  [0, 3, 2, 0, 4, 1, 2, 2, 3]  (2, 2)
300_4___17__    9   0  [2, 0, 3, 2, 0, 4, 4, 2, 3]  (2, 4)
part_in:(1, 8), all_in:(2, 2), all_out:(1, 8)
ball
200_5___20__    19   0  [1, 0, 0, 0, 0, 2, 0, 1, 0, 0, 0, 2, 1, 1, 0, 0, 1, 0, 1]  (2, 3)
200_4___20__    18   0  [1, 0, 0, 1, 2, 0, 1, 0, 0, 0, 1, 2, 1, 0, 0, 1, 0, 1]  (2, 3)
100_5___20__    16   0  [1, 0, 0, 0, 0, 2, 2, 0, 1, 1, 2, 2, 0, 1, 0, 1]  (2, 3)
100_1___20__    15   0  [1, 0, 0, 1, 0, 1, 2, 0, 3, 1, 0, 2, 0, 1, 2]  (2, 2)
100_3___20__    15   0  [1, 0, 0, 0, 0, 2, 2, 0, 1, 1, 2, 2, 0, 1, 2]  (2, 3)
100_4___20__    15   0  [1, 0, 0, 1, 2, 0, 1, 0, 1, 4, 1, 0, 0, 1, 2]  (2, 3)
200_3___20__    15   0  [1, 0, 0, 1, 2, 0, 1, 0, 0, 0, 4, 2, 0, 2, 1]  (2, 2)
300_2___20__    15   0  [1, 0, 0, 1, 2, 3, 0, 0, 4, 1, 0, 0, 1, 0, 1]  (2, 3)
300_4___20__    15   0  [1, 0, 0, 1, 2, 2, 0, 1, 2, 1, 1, 0, 0, 2, 1]  (2, 3)
300_5___20__    15   0  [1, 0, 0, 1, 2, 2, 0, 1, 2, 1, 1, 1, 1, 0, 1]  (2, 3)
300_3___20__    14   0  [1, 0, 0, 1, 2, 3, 0, 0, 3, 0, 1, 1, 2, 1]  (2, 3)
100_2___20__    13   0  [1, 0, 0, 1, 0, 1, 2, 0, 1, 7, 0, 1, 2]  (2, 2)
200_2___20__    13   0  [1, 0, 0, 1, 2, 3, 0, 0, 4, 1, 0, 0, 4]  (2, 2)
300_1___20__    13   2  [0, 0, 1, 2, 3, 0, 0, 3, 0, 2, 0, 2, 1]  (2, 2)
200_1___20__    9   2  [0, 0, 1, 2, 3, 6, 2, 0, 4]  (2, 2)
part_in:(4, 3), all_in:(2, 3), all_out:(2, 3)
gap56
300_5___19__    17   0  [1, 1, 2, 0, 1, 1, 1, 0, 0, 0, 0, 1, 0, 1, 1, 0, 2]  (2, 4)
300_4___19__    16   0  [2, 0, 2, 0, 1, 1, 2, 0, 0, 0, 1, 0, 1, 1, 0, 2]  (2, 4)
200_4___19__    15   0  [1, 0, 0, 2, 0, 1, 4, 0, 0, 2, 0, 1, 2, 0, 1]  (0, 4)
300_3___19__    15   0  [2, 3, 0, 1, 1, 2, 0, 0, 0, 1, 0, 1, 2, 0, 1]  (1, 4)
100_2___19__    13   0  [1, 1, 0, 2, 1, 1, 2, 0, 0, 3, 1, 2, 2]  (0, 4)
100_4___19__    13   0  [2, 0, 2, 0, 1, 1, 2, 0, 0, 3, 1, 2, 2]  (1, 4)
100_5___19__    13   0  [3, 2, 0, 1, 1, 1, 0, 0, 0, 2, 0, 1, 5]  (1, 4)
300_2___19__    13   0  [4, 2, 1, 2, 0, 0, 0, 0, 0, 2, 1, 3, 1]  (1, 4)
300_1___19__    12   2  [0, 1, 2, 1, 0, 3, 0, 0, 3, 1, 1, 3]  (2, 4)
200_1___19__    11   2  [4, 0, 1, 1, 2, 0, 0, 3, 5, 0, 0]  (0, 4)
200_2___19__    11   0  [1, 1, 2, 0, 1, 4, 0, 0, 3, 5, 1]  (0, 4)
200_3___19__    11   0  [6, 0, 1, 1, 2, 0, 0, 2, 0, 5, 1]  (0, 4)
200_5___19__    11   0  [1, 1, 2, 0, 1, 4, 0, 0, 2, 0, 7]  (0, 4)
100_1___19__    10   2  [5, 1, 1, 2, 0, 0, 5, 2, 0, 1]  (0, 4)
100_3___19__    10   0  [6, 0, 1, 1, 2, 0, 0, 3, 1, 5]  (1, 4)
part_in:(0, 1), all_in:(2, 4), all_out:(0, 4)
less9
300_4___3__    16   0  [1, 0, 2, 2, 1, 0, 0, 3, 1, 1, 0, 2, 0, 0, 0, 0]  (4, 4)
100_3___3__    15   0  [1, 3, 1, 0, 1, 0, 0, 1, 1, 4, 0, 1, 1, 0, 0]  (4, 5)
200_1___3__    15   2  [3, 1, 0, 2, 2, 1, 0, 0, 1, 0, 0, 1, 1, 0, 0]  (4, 4)
300_3___3__    15   0  [1, 0, 2, 1, 0, 1, 0, 4, 1, 1, 0, 2, 1, 0, 0]  (4, 6)
100_2___3__    14   0  [0, 0, 3, 1, 0, 1, 0, 4, 4, 0, 1, 1, 0, 0]  (4, 5)
100_4___3__    14   0  [1, 3, 1, 0, 0, 0, 0, 4, 4, 0, 1, 1, 0, 0]  (4, 5)
100_5___3__    14   0  [1, 3, 1, 0, 1, 0, 0, 1, 1, 4, 2, 1, 0, 0]  (4, 6)
200_2___3__    14   0  [1, 3, 1, 0, 2, 0, 1, 1, 4, 0, 1, 1, 0, 0]  (4, 4)
300_1___3__    14   1  [0, 0, 2, 4, 0, 2, 1, 1, 1, 0, 2, 1, 0, 0]  (4, 6)
300_5___3__    14   0  [1, 0, 2, 2, 1, 0, 4, 1, 1, 0, 2, 1, 0, 0]  (3, 4)
200_3___3__    13   0  [1, 0, 2, 1, 0, 2, 4, 3, 0, 2, 1, 0, 0]  (4, 4)
200_5___3__    13   0  [1, 3, 1, 0, 1, 3, 1, 3, 0, 2, 1, 0, 0]  (4, 4)
300_2___3__    13   0  [0, 0, 3, 5, 2, 1, 1, 2, 0, 1, 1, 0, 0]  (4, 6)
100_1___3__    12   2  [3, 1, 0, 1, 1, 3, 4, 0, 1, 1, 0, 0]  (4, 5)
200_4___3__    12   0  [1, 0, 2, 1, 0, 1, 5, 4, 2, 1, 0, 0]  (4, 4)
part_in:(3, 6), all_in:(4, 4), all_out:(3, 6)
less10
200_2___4__    19   0  [0, 0, 2, 0, 0, 1, 0, 0, 0, 0, 1, 0, 0, 4, 0, 0, 1, 1, 0]  (2, 2)
200_3___4__    19   0  [0, 0, 0, 0, 0, 0, 0, 1, 0, 0, 1, 1, 0, 0, 2, 1, 1, 3, 0]  (1, 2)
200_5___4__    19   1  [0, 0, 0, 0, 0, 0, 1, 0, 1, 0, 1, 0, 0, 2, 2, 0, 1, 1, 0]  (0, 2)
200_4___4__    17   0  [0, 3, 0, 0, 0, 0, 0, 1, 0, 1, 0, 0, 4, 0, 0, 3, 0]  (1, 2)
300_4___4__    17   1  [0, 2, 0, 0, 1, 0, 2, 1, 0, 0, 1, 0, 1, 0, 0, 3, 0]  (0, 2)
300_5___4__    17   1  [0, 2, 0, 0, 1, 0, 2, 1, 0, 0, 0, 0, 0, 1, 1, 3, 0]  (0, 2)
100_2___4__    16   1  [1, 1, 0, 0, 1, 0, 2, 1, 0, 0, 4, 0, 0, 0, 2, 0]  (1, 2)
300_3___4__    16   2  [2, 0, 0, 1, 0, 1, 0, 1, 0, 0, 1, 0, 1, 1, 3, 0]  (1, 2)
300_2___4__    15   2  [2, 0, 0, 1, 0, 0, 1, 1, 0, 0, 1, 2, 1, 3, 0]  (1, 2)
100_3___4__    14   5  [0, 0, 1, 0, 2, 1, 0, 0, 4, 0, 0, 0, 2, 0]  (1, 2)
100_5___4__    14   2  [2, 0, 0, 1, 0, 2, 1, 0, 0, 2, 2, 0, 3, 0]  (1, 2)
200_1___4__    14   2  [1, 0, 1, 2, 0, 1, 1, 0, 0, 5, 0, 1, 1, 0]  (2, 3)
300_1___4__    14   2  [2, 1, 2, 0, 1, 1, 0, 0, 1, 0, 1, 1, 3, 0]  (1, 2)
100_4___4__    13   5  [0, 0, 1, 0, 2, 1, 0, 0, 4, 0, 0, 3, 0]  (1, 2)
100_1___4__    12   2  [2, 0, 0, 1, 0, 2, 1, 0, 0, 6, 3, 0]  (2, 2)
part_in:(0, 3), all_in:(2, 2), all_out:(0, 3)
row4
100_5___8__    21   1  [1, 0, 0, 0, 1, 0, 0, 1, 0, 0, 0, 0, 0, 1, 0, 0, 1, 0, 2, 0, 0]  (0, 1)
200_5___8__    19   3  [0, 0, 0, 1, 0, 0, 1, 0, 0, 1, 0, 1, 0, 0, 1, 0, 2, 0, 0]  (0, 1)
100_4___8__    18   3  [0, 0, 0, 1, 0, 0, 1, 0, 0, 0, 0, 2, 0, 0, 2, 2, 0, 0]  (0, 1)
300_2___8__    18   1  [1, 1, 0, 2, 0, 1, 0, 0, 1, 2, 0, 0, 0, 0, 0, 2, 0, 0]  (0, 1)
300_4___8__    18   1  [1, 1, 0, 1, 0, 0, 2, 0, 1, 2, 0, 0, 0, 1, 0, 1, 0, 0]  (0, 1)
300_5___8__    18   1  [1, 1, 0, 2, 0, 1, 0, 0, 1, 0, 1, 0, 0, 1, 0, 0, 1, 1]  (0, 1)
100_1___8__    17   3  [1, 0, 2, 0, 1, 0, 0, 1, 3, 0, 0, 1, 0, 0, 0, 0, 0]  (0, 1)
100_2___8__    17   0  [2, 0, 0, 0, 2, 0, 2, 0, 1, 2, 0, 0, 2, 0, 1, 0, 0]  (0, 1)
200_2___8__    17   1  [1, 1, 0, 2, 0, 1, 0, 0, 1, 2, 0, 0, 1, 0, 2, 0, 0]  (0, 1)
200_3___8__    17   3  [1, 0, 0, 1, 0, 1, 0, 0, 1, 2, 0, 0, 1, 0, 2, 0, 0]  (0, 1)
300_3___8__    17   1  [1, 1, 0, 2, 0, 2, 0, 1, 2, 0, 0, 0, 0, 0, 2, 0, 0]  (0, 1)
100_3___8__    16   3  [1, 0, 2, 0, 1, 0, 0, 1, 2, 0, 0, 0, 1, 2, 0, 0]  (0, 1)
200_4___8__    16   3  [1, 0, 0, 0, 0, 0, 2, 0, 1, 2, 0, 0, 2, 2, 0, 0]  (0, 1)
200_1___8__    15   3  [1, 0, 2, 0, 2, 0, 1, 3, 0, 0, 0, 0, 2, 0, 0]  (0, 1)
300_1___8__    14   1  [1, 1, 0, 2, 2, 0, 0, 1, 3, 0, 0, 1, 2, 1]  (1, 1)
part_in:(0, -1), all_in:(0, 1), all_out:(0, 1)
row1
300_1___5__    21   3  [0, 0, 0, 1, 1, 0, 0, 0, 0, 0, 0, 0, 0, 0, 1, 1, 0, 0, 1, 0, 0]  (0, 0)
300_2___5__    21   0  [3, 0, 0, 1, 1, 0, 0, 0, 0, 0, 0, 0, 0, 0, 1, 1, 0, 0, 1, 0, 0]  (0, 0)
100_2___5__    20   4  [0, 0, 1, 1, 0, 0, 0, 0, 0, 0, 0, 0, 0, 1, 1, 0, 0, 1, 0, 0]  (0, 0)
100_4___5__    20   0  [1, 1, 0, 0, 1, 1, 0, 1, 0, 0, 1, 0, 0, 1, 1, 0, 0, 1, 0, 0]  (0, 0)
100_5___5__    20   0  [1, 1, 0, 0, 1, 1, 0, 1, 0, 0, 1, 0, 0, 1, 1, 0, 0, 1, 0, 0]  (0, 0)
300_4___5__    20   4  [0, 0, 1, 1, 0, 0, 0, 0, 0, 0, 0, 0, 0, 1, 1, 0, 0, 1, 0, 0]  (0, 0)
100_1___5__    19   2  [3, 1, 1, 0, 0, 0, 0, 0, 0, 0, 0, 0, 1, 1, 0, 0, 1, 0, 0]  (0, 0)
200_5___5__    19   2  [1, 1, 1, 1, 0, 1, 0, 0, 0, 0, 0, 0, 1, 1, 0, 0, 1, 0, 0]  (0, 0)
300_3___5__    19   5  [0, 1, 1, 0, 0, 0, 0, 0, 0, 0, 0, 0, 1, 1, 0, 0, 1, 0, 0]  (0, 0)
300_5___5__    19   2  [1, 1, 1, 1, 0, 1, 0, 0, 0, 0, 0, 0, 1, 1, 0, 0, 1, 0, 0]  (0, 1)
100_3___5__    18   0  [5, 1, 1, 0, 0, 0, 0, 0, 0, 0, 0, 0, 3, 0, 0, 1, 0, 0]  (0, 0)
200_1___5__    18   5  [0, 1, 1, 0, 0, 1, 0, 0, 0, 0, 0, 1, 1, 0, 0, 1, 0, 0]  (0, 0)
200_4___5__    18   2  [2, 0, 1, 1, 0, 2, 0, 0, 0, 0, 0, 1, 1, 0, 1, 0, 0, 0]  (0, 0)
200_3___5__    17   0  [5, 1, 1, 0, 0, 1, 0, 0, 0, 0, 0, 1, 1, 0, 2, 0, 0]  (0, 0)
200_2___5__    16   5  [0, 1, 1, 0, 2, 0, 0, 0, 0, 0, 1, 1, 0, 2, 0, 0]  (0, 0)
part_in:(2, 1), all_in:(0, 1), all_out:(0, 1)
