30
less5
400_5___1__    12   2  [1, 0, 1, 0, 1, 0, 8, 1, 2, 0, 0, 1]  (12, 12)
400_3___1__    9   4  [2, 0, 2, 0, 7, 4, 0, 0, 1]  (9, 12)
400_4___1__    9   4  [2, 0, 1, 0, 8, 4, 0, 0, 1]  (11, 12)
600_3___1__    9   4  [2, 0, 2, 0, 7, 4, 0, 1, 0]  (7, 12)
1000_1___1__    9   4  [2, 0, 2, 5, 2, 4, 0, 1, 0]  (10, 12)
400_1___1__    8   4  [2, 0, 2, 8, 4, 0, 0, 1]  (9, 12)
400_2___1__    8   4  [2, 0, 11, 1, 2, 0, 0, 1]  (10, 12)
600_2___1__    8   4  [2, 0, 2, 8, 1, 2, 2, 0]  (10, 12)
600_4___1__    8   4  [2, 0, 2, 8, 4, 0, 1, 0]  (12, 12)
1000_4___1__    8   4  [2, 0, 2, 7, 0, 4, 0, 2]  (7, 12)
600_1___1__    7   4  [2, 0, 2, 8, 4, 2, 0]  (10, 12)
600_5___1__    7   4  [2, 0, 1, 0, 8, 4, 3]  (8, 12)
1000_3___1__    7   4  [2, 0, 10, 0, 1, 2, 3]  (8, 12)
1000_5___1__    7   4  [2, 2, 0, 7, 0, 4, 3]  (6, 12)
1000_2___1__    5   4  [2, 0, 11, 4, 3]  (5, 12)
part_in:(6, 10), all_in:(11, 12), all_out:(6, 12)
less8
400_4___2__    11   0  [1, 0, 3, 2, 1, 7, 0, 0, 2, 0, 2]  (10, 11)
400_5___2__    9   0  [1, 0, 3, 2, 1, 7, 0, 0, 6]  (11, 11)
600_1___2__    9   2  [0, 1, 0, 2, 3, 7, 0, 2, 3]  (11, 11)
600_4___2__    9   1  [0, 0, 2, 0, 4, 7, 4, 1, 1]  (10, 11)
1000_5___2__    9   2  [0, 2, 0, 2, 8, 0, 4, 1, 1]  (11, 12)
400_3___2__    8   2  [0, 8, 7, 0, 0, 2, 0, 2]  (11, 12)
600_5___2__    8   2  [0, 3, 2, 1, 7, 4, 1, 1]  (11, 14)
1000_1___2__    8   2  [0, 1, 3, 3, 7, 0, 2, 3]  (10, 11)
400_1___2__    7   2  [0, 1, 14, 1, 2, 0, 2]  (11, 12)
600_2___2__    7   1  [0, 0, 5, 2, 9, 2, 3]  (11, 12)
600_3___2__    7   1  [0, 0, 8, 0, 7, 5, 1]  (11, 11)
1000_4___2__    7   2  [0, 2, 0, 12, 4, 1, 1]  (10, 11)
400_2___2__    5   2  [0, 8, 9, 3, 2]  (11, 13)
1000_2___2__    5   2  [0, 5, 11, 3, 3]  (10, 11)
1000_3___2__    3   2  [0, 21, 3]  (11, 11)
part_in:(10, 14), all_in:(11, 11), all_out:(10, 14)
less9
400_5___3__    11   0  [2, 0, 0, 0, 1, 2, 2, 0, 4, 4, 3]  (3, 4)
1000_3___3__    11   0  [3, 1, 1, 1, 4, 1, 2, 1, 2, 2, 0]  (2, 3)
400_4___3__    10   0  [3, 0, 0, 1, 1, 4, 4, 4, 0, 2]  (3, 3)
600_1___3__    10   0  [3, 1, 1, 2, 1, 1, 4, 4, 2, 0]  (3, 4)
600_3___3__    10   0  [3, 1, 1, 2, 1, 1, 4, 4, 0, 2]  (3, 9)
600_4___3__    9   0  [3, 1, 1, 2, 3, 4, 4, 0, 2]  (3, 5)
600_5___3__    9   0  [3, 1, 1, 2, 3, 4, 4, 2, 0]  (3, 6)
1000_1___3__    9   0  [3, 3, 4, 1, 4, 4, 0, 1, 0]  (1, 3)
1000_4___3__    9   0  [3, 1, 1, 6, 1, 2, 4, 0, 2]  (3, 5)
1000_5___3__    9   0  [3, 1, 4, 3, 1, 2, 4, 2, 0]  (3, 3)
400_1___3__    8   0  [3, 0, 0, 1, 6, 4, 4, 3]  (3, 6)
400_2___3__    8   0  [3, 0, 0, 1, 6, 4, 4, 3]  (3, 5)
400_3___3__    8   0  [3, 0, 0, 1, 6, 4, 4, 3]  (3, 6)
600_2___3__    8   0  [3, 1, 1, 1, 4, 4, 4, 3]  (3, 4)
1000_2___3__    8   0  [3, 1, 1, 6, 4, 4, 2, 0]  (2, 3)
part_in:(1, 9), all_in:(3, 3), all_out:(1, 9)
less10
600_1___4__    14   3  [0, 0, 1, 0, 2, 1, 1, 0, 2, 0, 2, 1, 2, 0]  (0, 0)
600_5___4__    13   1  [2, 0, 1, 0, 2, 1, 1, 0, 1, 1, 4, 2, 0]  (0, 2)
600_4___4__    11   3  [0, 2, 0, 2, 3, 0, 1, 1, 4, 2, 0]  (0, 1)
1000_1___4__    11   4  [2, 0, 4, 1, 0, 0, 2, 4, 0, 1, 0]  (0, 2)
1000_4___4__    11   1  [2, 2, 7, 0, 0, 1, 0, 4, 0, 1, 0]  (0, 3)
400_3___4__    10   4  [0, 0, 0, 0, 2, 3, 0, 3, 7, 0]  (0, 2)
400_4___4__    10   4  [0, 1, 2, 0, 3, 0, 1, 1, 7, 0]  (0, 1)
400_5___4__    10   4  [0, 1, 2, 0, 3, 0, 3, 4, 2, 0]  (0, 1)
600_2___4__    10   4  [2, 0, 4, 1, 0, 1, 1, 4, 2, 0]  (0, 0)
600_3___4__    10   4  [2, 0, 4, 1, 0, 3, 4, 0, 1, 0]  (0, 2)
400_1___4__    9   4  [0, 1, 0, 6, 0, 0, 2, 7, 0]  (0, 2)
1000_5___4__    9   4  [2, 3, 1, 1, 0, 3, 4, 2, 0]  (0, 1)
400_2___4__    8   4  [2, 0, 6, 0, 3, 4, 2, 0]  (0, 2)
1000_2___4__    8   4  [2, 0, 4, 1, 0, 3, 7, 0]  (0, 2)
1000_3___4__    8   4  [2, 0, 6, 0, 0, 2, 7, 0]  (0, 2)
part_in:(2, 3), all_in:(0, 1), all_out:(0, 3)
row1
400_4___5__    17   1  [0, 1, 0, 1, 0, 0, 0, 0, 0, 3, 2, 0, 0, 0, 3, 0, 1]  (3, 3)
600_2___5__    16   1  [0, 0, 0, 0, 1, 0, 0, 1, 4, 2, 0, 0, 0, 0, 3, 1]  (2, 3)
600_4___5__    16   1  [0, 0, 0, 0, 1, 0, 0, 1, 4, 1, 0, 0, 0, 1, 3, 1]  (3, 3)
600_5___5__    16   1  [0, 1, 0, 1, 0, 0, 0, 0, 4, 1, 0, 0, 0, 0, 4, 1]  (3, 3)
600_1___5__    15   1  [0, 0, 0, 0, 1, 0, 0, 1, 4, 2, 0, 1, 0, 3, 1]  (1, 3)
600_3___5__    15   1  [0, 0, 0, 0, 1, 0, 0, 1, 0, 3, 3, 0, 1, 3, 1]  (3, 3)
1000_3___5__    15   1  [0, 2, 1, 0, 0, 1, 0, 3, 2, 0, 0, 0, 0, 3, 1]  (1, 3)
400_1___5__    14   1  [0, 2, 1, 0, 0, 1, 4, 2, 0, 1, 0, 2, 0, 1]  (0, 3)
400_3___5__    14   1  [0, 2, 1, 0, 0, 1, 4, 2, 0, 0, 0, 3, 0, 1]  (2, 3)
400_5___5__    14   1  [0, 2, 1, 0, 0, 0, 0, 4, 2, 0, 0, 0, 4, 1]  (3, 4)
1000_1___5__    14   1  [0, 2, 1, 0, 0, 1, 4, 2, 0, 0, 0, 0, 3, 1]  (3, 3)
1000_4___5__    14   0  [0, 0, 2, 1, 0, 0, 1, 4, 2, 0, 0, 0, 4, 1]  (2, 3)
1000_5___5__    14   0  [0, 0, 2, 1, 0, 0, 1, 4, 2, 0, 0, 0, 4, 1]  (3, 5)
400_2___5__    13   1  [0, 2, 1, 0, 0, 1, 4, 2, 0, 0, 0, 4, 1]  (1, 3)
1000_2___5__    13   1  [0, 2, 1, 0, 0, 1, 4, 2, 0, 0, 1, 3, 1]  (2, 3)
part_in:(0, 5), all_in:(3, 3), all_out:(0, 5)
row2
600_1___6__    11   1  [0, 2, 1, 0, 1, 5, 0, 1, 6, 1, 0]  (33, 39)
600_3___6__    11   1  [0, 2, 2, 1, 2, 3, 1, 1, 4, 1, 0]  (30, 39)
600_4___6__    11   1  [0, 1, 0, 2, 1, 6, 1, 1, 4, 1, 0]  (35, 39)
400_4___6__    10   2  [2, 2, 1, 4, 0, 0, 1, 6, 1, 0]  (34, 39)
400_5___6__    10   2  [2, 2, 1, 2, 1, 1, 1, 6, 1, 0]  (33, 39)
600_2___6__    10   1  [0, 2, 1, 0, 8, 1, 1, 4, 1, 0]  (34, 39)
1000_5___6__    10   1  [0, 2, 2, 1, 6, 1, 1, 4, 1, 0]  (28, 39)
400_2___6__    9   1  [0, 2, 2, 1, 5, 2, 6, 1, 0]  (28, 39)
400_3___6__    9   2  [2, 2, 1, 5, 0, 1, 6, 1, 0]  (32, 39)
600_5___6__    9   2  [2, 2, 4, 2, 0, 1, 6, 1, 0]  (34, 39)
1000_1___6__    9   1  [0, 2, 1, 0, 1, 8, 6, 1, 0]  (32, 39)
400_1___6__    8   2  [2, 2, 1, 5, 2, 6, 1, 0]  (28, 39)
1000_4___6__    8   1  [0, 2, 2, 1, 6, 1, 6, 2]  (28, 39)
1000_3___6__    7   1  [0, 2, 2, 1, 8, 6, 2]  (29, 39)
1000_2___6__    6   1  [0, 2, 4, 8, 8, 0]  (34, 39)
part_in:(28, 34), all_in:(35, 39), all_out:(28, 39)
row3
1000_5___7__    13   1  [0, 2, 1, 0, 1, 1, 2, 0, 0, 1, 1, 0, 6]  (7, 14)
600_2___7__    12   1  [0, 1, 0, 1, 0, 3, 3, 0, 1, 2, 5, 0]  (7, 12)
600_3___7__    11   1  [0, 1, 0, 2, 3, 3, 0, 1, 2, 0, 5]  (7, 14)
600_4___7__    11   1  [0, 1, 0, 2, 1, 1, 3, 0, 1, 2, 6]  (7, 10)
600_1___7__    10   1  [0, 2, 1, 8, 0, 1, 2, 0, 4, 0]  (7, 13)
600_5___7__    10   1  [0, 1, 0, 2, 1, 5, 0, 1, 2, 6]  (7, 11)
1000_1___7__    10   1  [0, 2, 1, 2, 1, 2, 3, 2, 5, 0]  (7, 13)
1000_4___7__    10   1  [0, 2, 1, 2, 1, 2, 1, 1, 2, 6]  (7, 18)
400_4___7__    9   2  [2, 4, 1, 3, 0, 1, 2, 3, 2]  (7, 11)
1000_2___7__    9   1  [0, 2, 1, 2, 1, 2, 0, 2, 9]  (7, 10)
1000_3___7__    9   1  [0, 2, 1, 2, 1, 2, 3, 2, 6]  (7, 16)
400_2___7__    8   1  [0, 2, 6, 3, 0, 1, 2, 6]  (7, 16)
400_5___7__    8   2  [2, 2, 1, 1, 4, 1, 2, 6]  (7, 10)
400_1___7__    7   2  [2, 6, 3, 2, 2, 3, 2]  (7, 18)
400_3___7__    7   2  [2, 6, 3, 0, 1, 2, 6]  (7, 13)
part_in:(11, 18), all_in:(7, 10), all_out:(7, 18)
row4
1000_4___8__    19   0  [1, 0, 1, 1, 0, 3, 0, 0, 1, 0, 0, 1, 0, 1, 1, 0, 0, 0, 0]  (1, 1)
1000_5___8__    19   0  [0, 0, 2, 1, 0, 3, 0, 0, 1, 0, 0, 1, 0, 1, 1, 0, 0, 0, 0]  (1, 1)
1000_2___8__    18   0  [0, 0, 0, 1, 0, 0, 0, 2, 0, 0, 0, 3, 1, 2, 1, 1, 0, 0]  (1, 1)
1000_3___8__    18   2  [0, 1, 0, 0, 0, 3, 0, 0, 2, 0, 1, 0, 1, 1, 0, 0, 0, 0]  (1, 1)
400_1___8__    17   5  [0, 1, 1, 1, 0, 0, 0, 1, 0, 1, 0, 1, 1, 0, 0, 0, 0]  (1, 1)
400_4___8__    16   0  [4, 1, 0, 0, 0, 1, 0, 0, 3, 1, 0, 1, 1, 1, 0, 0]  (1, 1)
400_5___8__    16   1  [3, 1, 0, 0, 0, 1, 0, 0, 2, 0, 1, 2, 1, 1, 0, 0]  (1, 1)
600_2___8__    16   5  [0, 1, 1, 1, 0, 0, 0, 2, 1, 0, 1, 1, 0, 0, 0, 0]  (0, 1)
600_3___8__    16   0  [0, 3, 2, 1, 1, 0, 0, 0, 2, 1, 0, 1, 1, 1, 0, 0]  (0, 1)
1000_1___8__    16   2  [2, 0, 0, 0, 3, 0, 0, 1, 1, 1, 0, 1, 1, 1, 0, 0]  (1, 1)
400_2___8__    15   1  [3, 0, 1, 0, 2, 0, 0, 2, 0, 1, 0, 3, 1, 0, 0]  (1, 3)
400_3___8__    15   0  [1, 2, 2, 0, 0, 1, 0, 0, 2, 0, 1, 4, 1, 0, 0]  (1, 1)
600_1___8__    15   1  [3, 2, 1, 1, 0, 0, 0, 2, 1, 0, 1, 1, 1, 0, 0]  (1, 1)
600_4___8__    14   1  [3, 1, 0, 3, 0, 0, 3, 1, 0, 1, 1, 1, 0, 0]  (1, 1)
600_5___8__    14   0  [4, 1, 0, 3, 0, 0, 0, 2, 1, 0, 3, 1, 0, 0]  (1, 1)
part_in:(0, 3), all_in:(1, 1), all_out:(0, 3)
sum16
400_4___9__    11   0  [0, 0, 5, 2, 0, 5, 2, 0, 1, 2, 1]  (35, 40)
600_4___9__    10   0  [0, 0, 9, 0, 4, 2, 2, 0, 1, 1]  (34, 40)
600_5___9__    10   0  [0, 0, 8, 0, 0, 1, 2, 2, 2, 4]  (35, 40)
1000_4___9__    10   1  [0, 3, 1, 3, 5, 2, 2, 2, 0, 0]  (32, 40)
600_1___9__    9   1  [0, 3, 4, 0, 0, 1, 0, 7, 4]  (33, 40)
600_2___9__    9   1  [0, 1, 1, 5, 0, 1, 5, 2, 4]  (36, 40)
1000_1___9__    9   1  [0, 3, 4, 0, 0, 7, 0, 1, 4]  (32, 40)
1000_2___9__    9   1  [0, 3, 1, 2, 0, 0, 7, 2, 4]  (32, 40)
1000_5___9__    9   1  [0, 3, 1, 3, 0, 4, 2, 2, 4]  (32, 40)
400_1___9__    8   1  [0, 5, 2, 0, 5, 2, 2, 4]  (30, 40)
400_3___9__    8   1  [0, 5, 2, 6, 2, 2, 3, 0]  (32, 40)
600_3___9__    8   1  [0, 1, 7, 0, 4, 2, 2, 4]  (32, 40)
400_2___9__    7   1  [0, 5, 2, 0, 5, 5, 4]  (30, 40)
400_5___9__    7   0  [0, 0, 8, 0, 5, 5, 4]  (32, 40)
1000_3___9__    7   2  [3, 4, 0, 8, 2, 3, 0]  (33, 40)
part_in:(30, 35), all_in:(36, 40), all_out:(30, 40)
gap16
1000_5___10__    13   0  [1, 0, 1, 1, 3, 3, 0, 3, 1, 1, 2, 0, 0]  (26, 27)
600_3___10__    12   0  [1, 0, 1, 1, 0, 1, 5, 3, 1, 1, 1, 2]  (22, 26)
400_4___10__    11   0  [0, 0, 0, 1, 1, 0, 7, 3, 1, 1, 4]  (26, 28)
1000_3___10__    11   0  [1, 0, 1, 1, 0, 1, 5, 3, 1, 5, 0]  (23, 26)
1000_4___10__    11   0  [1, 0, 3, 0, 1, 4, 0, 3, 1, 5, 0]  (25, 26)
400_1___10__    10   0  [1, 0, 1, 1, 0, 11, 1, 1, 1, 2]  (23, 26)
400_3___10__    10   0  [1, 0, 1, 1, 0, 7, 3, 1, 1, 4]  (26, 26)
400_5___10__    10   0  [1, 0, 1, 1, 0, 7, 3, 1, 1, 4]  (26, 27)
600_1___10__    10   0  [1, 2, 1, 0, 1, 6, 2, 1, 3, 2]  (25, 26)
600_2___10__    10   0  [1, 0, 1, 1, 0, 1, 9, 1, 3, 2]  (22, 26)
600_5___10__    10   0  [1, 0, 1, 1, 0, 7, 3, 1, 1, 4]  (24, 26)
1000_1___10__    10   0  [1, 0, 3, 0, 1, 5, 3, 1, 1, 4]  (22, 26)
400_2___10__    9   0  [1, 0, 1, 1, 0, 11, 1, 1, 4]  (23, 26)
600_4___10__    9   0  [1, 0, 1, 1, 0, 1, 9, 1, 6]  (26, 26)
1000_2___10__    9   0  [1, 0, 3, 0, 7, 0, 2, 1, 6]  (24, 26)
part_in:(22, 28), all_in:(26, 26), all_out:(22, 28)
sum25
600_4___11__    14   0  [0, 1, 0, 0, 7, 1, 0, 1, 1, 1, 3, 0, 0, 0]  (25, 44)
1000_5___11__    14   1  [1, 1, 5, 1, 1, 0, 1, 1, 1, 1, 1, 0, 0, 0]  (30, 44)
600_5___11__    12   0  [0, 1, 1, 7, 2, 1, 1, 1, 3, 0, 0, 0]  (26, 44)
1000_1___11__    12   1  [1, 1, 7, 1, 0, 1, 1, 1, 1, 1, 1, 0]  (31, 44)
1000_4___11__    12   1  [1, 1, 5, 3, 0, 1, 1, 1, 1, 1, 0, 1]  (31, 44)
600_2___11__    11   1  [1, 1, 0, 6, 2, 3, 1, 1, 1, 1, 0]  (36, 44)
1000_3___11__    11   1  [1, 1, 7, 1, 0, 1, 1, 3, 1, 0, 1]  (34, 44)
400_3___11__    10   0  [0, 1, 1, 10, 1, 1, 1, 3, 0, 1]  (27, 44)
400_4___11__    10   1  [1, 1, 9, 0, 3, 1, 3, 0, 0, 0]  (26, 44)
400_5___11__    10   1  [1, 1, 10, 1, 1, 1, 3, 0, 0, 0]  (22, 44)
600_3___11__    10   1  [1, 1, 7, 1, 0, 1, 1, 5, 1, 0]  (28, 44)
1000_2___11__    10   1  [1, 1, 9, 0, 1, 1, 1, 1, 1, 2]  (33, 44)
400_1___11__    8   1  [1, 1, 10, 3, 1, 3, 1, 0]  (27, 44)
400_2___11__    8   1  [1, 1, 10, 3, 1, 3, 1, 0]  (28, 44)
600_1___11__    8   1  [1, 1, 7, 2, 3, 5, 1, 0]  (33, 44)
part_in:(22, 35), all_in:(36, 44), all_out:(22, 44)
gap25
600_5___12__    11   1  [5, 1, 8, 0, 0, 1, 0, 0, 1, 1, 0]  (9, 20)
600_2___12__    10   1  [5, 9, 0, 0, 0, 1, 1, 1, 1, 0]  (14, 20)
1000_2___12__    10   1  [1, 3, 1, 7, 1, 0, 1, 3, 1, 0]  (18, 20)
400_1___12__    9   3  [2, 0, 1, 9, 0, 1, 1, 3, 0]  (18, 20)
400_2___12__    9   3  [3, 1, 7, 1, 0, 1, 1, 3, 0]  (14, 20)
1000_3___12__    9   3  [3, 1, 9, 0, 1, 1, 1, 1, 0]  (14, 20)
1000_5___12__    9   1  [1, 3, 1, 9, 0, 1, 1, 1, 2]  (17, 20)
400_3___12__    8   3  [3, 1, 9, 0, 0, 2, 3, 0]  (15, 20)
400_5___12__    8   3  [3, 1, 9, 0, 0, 2, 3, 0]  (10, 20)
600_1___12__    8   7  [10, 0, 0, 1, 1, 1, 1, 0]  (20, 20)
600_3___12__    8   7  [1, 2, 6, 2, 1, 1, 1, 0]  (15, 20)
600_4___12__    8   7  [1, 8, 3, 0, 0, 1, 1, 0]  (12, 20)
1000_4___12__    8   3  [3, 1, 9, 0, 3, 1, 1, 0]  (17, 20)
400_4___12__    7   3  [3, 1, 9, 1, 2, 3, 0]  (13, 20)
1000_1___12__    7   3  [3, 11, 0, 1, 1, 3, 0]  (15, 20)
part_in:(9, 17), all_in:(18, 20), all_out:(9, 20)
sum34
400_1___13__    11   0  [0, 0, 2, 2, 1, 1, 2, 0, 3, 7, 0]  (21, 44)
600_4___13__    11   0  [0, 0, 2, 2, 1, 1, 3, 3, 2, 4, 0]  (21, 44)
600_5___13__    11   0  [0, 0, 2, 4, 0, 0, 1, 1, 3, 7, 0]  (25, 44)
1000_5___13__    11   2  [2, 2, 1, 1, 1, 1, 1, 1, 2, 4, 0]  (34, 44)
400_3___13__    10   0  [0, 0, 2, 2, 1, 1, 1, 5, 2, 5]  (25, 44)
400_5___13__    10   1  [0, 2, 4, 1, 1, 1, 3, 2, 4, 0]  (21, 44)
600_1___13__    10   1  [0, 2, 4, 1, 2, 0, 3, 2, 4, 0]  (29, 44)
600_2___13__    10   1  [0, 2, 0, 1, 1, 1, 7, 2, 4, 0]  (31, 44)
600_3___13__    10   0  [0, 0, 2, 2, 3, 1, 1, 3, 7, 0]  (24, 44)
1000_3___13__    10   1  [0, 2, 4, 1, 1, 1, 1, 1, 5, 2]  (38, 44)
400_2___13__    9   1  [0, 2, 2, 1, 0, 0, 7, 7, 0]  (27, 44)
1000_4___13__    9   1  [0, 2, 2, 1, 1, 3, 1, 1, 8]  (32, 44)
400_4___13__    8   1  [0, 2, 2, 1, 1, 7, 2, 5]  (22, 44)
1000_1___13__    7   1  [3, 4, 1, 3, 3, 7, 0]  (30, 44)
1000_2___13__    7   1  [0, 2, 2, 1, 1, 7, 8]  (33, 44)
part_in:(21, 37), all_in:(38, 44), all_out:(21, 44)
gap12
400_2___14__    14   0  [0, 2, 0, 0, 5, 1, 2, 1, 0, 1, 0, 1, 2, 0]  (3, 5)
400_3___14__    13   0  [3, 0, 6, 0, 0, 2, 1, 0, 1, 0, 1, 2, 0]  (3, 5)
400_4___14__    13   0  [0, 2, 0, 6, 1, 2, 1, 0, 2, 1, 1, 0, 0]  (3, 5)
600_4___14__    13   0  [3, 0, 0, 0, 4, 2, 1, 1, 0, 2, 1, 2, 0]  (2, 5)
600_5___14__    13   0  [0, 3, 0, 0, 4, 2, 1, 1, 0, 2, 1, 2, 0]  (3, 5)
1000_2___14__    13   0  [0, 3, 1, 4, 0, 0, 4, 0, 1, 0, 0, 0, 3]  (3, 5)
1000_4___14__    13   0  [0, 3, 6, 0, 0, 0, 1, 1, 0, 2, 1, 2, 0]  (3, 5)
400_1___14__    12   0  [3, 7, 0, 0, 2, 1, 0, 1, 0, 1, 2, 0]  (1, 5)
1000_1___14__    12   0  [4, 1, 4, 1, 2, 1, 0, 1, 0, 1, 2, 0]  (3, 5)
1000_5___14__    12   0  [4, 6, 2, 1, 1, 0, 1, 0, 1, 1, 0, 0]  (3, 5)
600_3___14__    11   0  [5, 0, 4, 2, 1, 1, 0, 2, 1, 2, 0]  (1, 5)
400_5___14__    10   0  [3, 0, 1, 4, 6, 0, 4, 1, 0, 0]  (3, 5)
600_1___14__    10   0  [6, 4, 0, 1, 1, 1, 0, 4, 2, 0]  (2, 5)
600_2___14__    10   0  [4, 0, 0, 4, 6, 0, 2, 1, 2, 0]  (4, 5)
1000_3___14__    9   0  [4, 6, 4, 0, 0, 0, 2, 1, 3]  (5, 5)
part_in:(1, 2), all_in:(3, 5), all_out:(1, 5)
gap23
1000_5___15__    15   0  [1, 1, 0, 1, 0, 1, 1, 0, 0, 1, 0, 3, 4, 1, 0]  (5, 8)
600_1___15__    13   0  [3, 0, 0, 0, 0, 1, 2, 3, 1, 1, 4, 1, 0]  (6, 8)
400_3___15__    12   0  [0, 0, 1, 0, 0, 0, 0, 3, 1, 2, 8, 2]  (4, 8)
1000_2___15__    12   0  [2, 0, 0, 1, 0, 1, 2, 3, 3, 4, 1, 0]  (5, 8)
1000_3___15__    12   0  [1, 1, 0, 1, 0, 1, 2, 0, 2, 8, 1, 0]  (5, 8)
1000_4___15__    12   0  [1, 1, 0, 1, 0, 1, 1, 0, 3, 8, 1, 0]  (5, 8)
400_2___15__    11   0  [0, 2, 0, 1, 0, 3, 1, 2, 8, 1, 0]  (5, 8)
400_4___15__    11   0  [3, 0, 0, 0, 0, 3, 1, 2, 1, 6, 2]  (3, 8)
400_5___15__    11   0  [3, 0, 0, 0, 0, 3, 1, 2, 6, 1, 2]  (3, 8)
600_2___15__    11   0  [3, 0, 1, 0, 4, 3, 1, 1, 4, 1, 0]  (2, 8)
600_4___15__    11   0  [3, 0, 1, 0, 1, 1, 4, 1, 6, 1, 0]  (1, 8)
1000_1___15__    11   0  [3, 0, 0, 0, 0, 1, 2, 3, 3, 6, 0]  (4, 8)
600_3___15__    10   0  [3, 0, 1, 0, 4, 3, 3, 4, 1, 0]  (2, 8)
600_5___15__    10   0  [3, 0, 1, 0, 3, 0, 3, 8, 1, 0]  (0, 8)
400_1___15__    9   0  [3, 0, 1, 0, 3, 0, 3, 10, 0]  (4, 8)
part_in:(0, 5), all_in:(6, 8), all_out:(0, 8)
gap34
400_3___16__    14   3  [3, 0, 0, 1, 4, 1, 0, 1, 1, 0, 0, 1, 0, 0]  (1, 4)
400_4___16__    14   3  [3, 0, 0, 1, 4, 1, 0, 1, 1, 0, 0, 1, 0, 0]  (2, 4)
600_1___16__    14   3  [2, 0, 0, 0, 1, 2, 1, 2, 1, 1, 1, 1, 0, 0]  (4, 4)
1000_5___16__    14   3  [1, 1, 1, 1, 1, 2, 1, 0, 1, 2, 0, 1, 0, 0]  (4, 10)
600_3___16__    13   3  [3, 0, 0, 1, 2, 1, 2, 3, 0, 0, 1, 0, 0]  (4, 5)
600_4___16__    13   3  [3, 0, 0, 1, 4, 1, 0, 3, 0, 0, 1, 0, 0]  (4, 6)
600_5___16__    13   3  [3, 0, 0, 1, 4, 1, 0, 1, 1, 1, 1, 0, 0]  (4, 6)
1000_4___16__    13   3  [3, 0, 0, 1, 1, 2, 1, 0, 4, 0, 1, 0, 0]  (4, 6)
400_5___16__    12   3  [3, 0, 0, 1, 6, 0, 1, 1, 1, 1, 0, 0]  (3, 4)
600_2___16__    12   3  [3, 0, 0, 1, 4, 1, 0, 1, 1, 1, 2, 0]  (3, 4)
1000_2___16__    12   5  [1, 0, 0, 3, 2, 2, 1, 1, 0, 0, 2, 0]  (4, 6)
400_2___16__    11   7  [0, 0, 1, 1, 5, 1, 1, 1, 1, 0, 0]  (1, 4)
1000_1___16__    11   5  [1, 0, 0, 6, 1, 0, 1, 1, 1, 2, 0]  (4, 4)
1000_3___16__    11   7  [0, 0, 6, 1, 0, 3, 0, 0, 1, 0, 0]  (4, 6)
400_1___16__    10   7  [0, 0, 1, 0, 6, 1, 1, 1, 2, 0]  (3, 4)
part_in:(1, 10), all_in:(4, 4), all_out:(1, 10)
gap45
400_4___17__    15   1  [0, 1, 1, 1, 1, 0, 0, 1, 1, 3, 1, 0, 1, 0, 2]  (6, 8)
1000_5___17__    15   1  [2, 1, 1, 1, 1, 1, 1, 0, 0, 1, 2, 1, 0, 1, 0]  (1, 8)
400_5___17__    14   1  [0, 1, 1, 1, 1, 1, 1, 1, 3, 2, 1, 0, 1, 0]  (3, 8)
1000_4___17__    14   1  [4, 1, 1, 0, 0, 1, 1, 0, 0, 1, 2, 1, 0, 2]  (4, 8)
400_3___17__    13   1  [0, 1, 1, 1, 2, 0, 1, 1, 3, 2, 1, 0, 2]  (7, 8)
1000_1___17__    13   1  [4, 1, 1, 0, 2, 1, 0, 2, 2, 1, 0, 1, 0]  (6, 8)
1000_2___17__    13   1  [2, 3, 1, 0, 2, 1, 0, 0, 1, 2, 1, 0, 2]  (6, 8)
1000_3___17__    13   1  [4, 1, 1, 0, 0, 1, 1, 0, 2, 2, 1, 0, 2]  (2, 8)
400_1___17__    12   1  [4, 1, 2, 0, 1, 1, 3, 2, 1, 0, 1, 0]  (8, 10)
400_2___17__    12   1  [2, 1, 1, 2, 0, 1, 5, 2, 1, 0, 1, 0]  (6, 8)
600_2___17__    12   1  [2, 1, 1, 2, 0, 1, 5, 2, 1, 0, 1, 0]  (7, 8)
600_4___17__    12   1  [2, 3, 1, 0, 0, 1, 1, 3, 2, 1, 0, 2]  (5, 8)
600_5___17__    12   1  [2, 3, 1, 0, 0, 1, 1, 3, 2, 1, 0, 2]  (2, 8)
600_1___17__    10   1  [6, 2, 0, 1, 1, 0, 2, 4, 0, 2]  (8, 10)
600_3___17__    10   1  [4, 1, 2, 0, 1, 1, 3, 4, 0, 2]  (7, 8)
part_in:(1, 10), all_in:(8, 8), all_out:(1, 10)
gap56
400_4___18__    10   4  [0, 2, 0, 0, 2, 1, 1, 7, 0, 2]  (1, 12)
600_1___18__    10   3  [0, 0, 2, 1, 2, 10, 0, 0, 1, 0]  (1, 2)
600_2___18__    10   3  [0, 0, 1, 0, 1, 2, 10, 0, 0, 2]  (1, 4)
600_3___18__    10   3  [0, 0, 1, 0, 1, 2, 11, 0, 1, 0]  (1, 5)
600_5___18__    10   3  [0, 0, 2, 1, 2, 2, 8, 0, 1, 0]  (1, 11)
1000_3___18__    10   3  [1, 2, 1, 2, 1, 1, 1, 5, 0, 2]  (1, 4)
1000_4___18__    10   3  [1, 2, 1, 0, 1, 1, 1, 7, 0, 2]  (1, 4)
400_5___18__    9   2  [0, 1, 2, 1, 2, 3, 7, 0, 2]  (1, 13)
600_4___18__    9   3  [0, 0, 2, 1, 2, 11, 0, 1, 0]  (1, 11)
1000_2___18__    9   3  [1, 2, 1, 2, 3, 6, 0, 0, 2]  (1, 2)
1000_1___18__    8   3  [1, 2, 1, 2, 3, 7, 0, 2]  (1, 3)
1000_5___18__    8   5  [2, 1, 2, 1, 1, 7, 0, 2]  (1, 6)
400_1___18__    7   3  [1, 2, 4, 3, 0, 7, 2]  (1, 4)
400_2___18__    6   3  [0, 0, 2, 4, 12, 2]  (1, 5)
400_3___18__    6   5  [2, 4, 3, 7, 0, 2]  (1, 8)
part_in:(3, 13), all_in:(1, 2), all_out:(1, 13)
ball
1000_5___19__    19   0  [0, 1, 0, 1, 0, 0, 1, 1, 0, 1, 0, 0, 0, 2, 0, 3, 0, 0, 0]  (2, 2)
400_5___19__    17   0  [0, 1, 0, 1, 0, 0, 1, 4, 0, 0, 0, 2, 0, 3, 0, 0, 0]  (1, 2)
400_4___19__    15   1  [1, 0, 1, 0, 2, 1, 0, 3, 0, 2, 0, 3, 0, 0, 0]  (2, 2)
600_1___19__    15   1  [2, 1, 1, 1, 1, 0, 1, 1, 0, 2, 1, 2, 0, 0, 0]  (2, 2)
600_2___19__    15   1  [2, 1, 1, 1, 1, 0, 1, 1, 0, 2, 1, 2, 0, 0, 0]  (2, 3)
600_3___19__    15   1  [2, 0, 0, 1, 1, 2, 1, 1, 0, 2, 1, 2, 0, 0, 0]  (2, 3)
600_5___19__    15   1  [2, 0, 0, 0, 0, 1, 2, 1, 1, 0, 2, 4, 0, 0, 0]  (2, 2)
1000_2___19__    15   1  [1, 0, 1, 1, 1, 1, 0, 3, 0, 2, 1, 2, 0, 0, 0]  (2, 2)
1000_3___19__    15   1  [2, 0, 0, 3, 1, 0, 3, 0, 2, 0, 2, 0, 0, 0, 0]  (2, 3)
1000_4___19__    15   1  [1, 0, 0, 0, 0, 0, 3, 4, 0, 2, 3, 0, 0, 0, 0]  (2, 3)
1000_1___19__    14   1  [2, 1, 1, 1, 1, 0, 3, 0, 2, 1, 2, 0, 0, 0]  (2, 3)
400_2___19__    13   1  [2, 1, 0, 2, 1, 2, 1, 0, 2, 4, 0, 0, 0]  (2, 3)
600_4___19__    13   1  [2, 1, 1, 1, 1, 0, 3, 0, 2, 4, 0, 0, 0]  (2, 3)
400_3___19__    12   1  [2, 1, 3, 1, 4, 0, 2, 0, 3, 0, 0, 0]  (2, 3)
400_1___19__    10   4  [1, 8, 1, 0, 2, 0, 3, 0, 0, 0]  (2, 2)
part_in:(1, 3), all_in:(2, 2), all_out:(1, 3)
ball_column
400_4___20__    11   0  [0, 1, 1, 4, 1, 2, 5, 0, 3, 1, 0]  (7, 8)
1000_3___20__    11   0  [0, 3, 7, 1, 1, 0, 0, 0, 1, 5, 0]  (8, 8)
1000_4___20__    11   0  [0, 1, 1, 9, 1, 0, 1, 1, 3, 1, 0]  (8, 8)
1000_5___20__    11   0  [0, 1, 1, 9, 1, 0, 1, 0, 0, 5, 0]  (3, 8)
400_3___20__    10   0  [0, 3, 6, 2, 2, 1, 1, 3, 1, 0]  (7, 8)
400_5___20__    10   0  [0, 3, 4, 4, 4, 0, 0, 3, 1, 0]  (5, 8)
400_1___20__    9   0  [0, 3, 9, 1, 0, 3, 3, 1, 0]  (4, 8)
600_1___20__    9   1  [2, 0, 7, 1, 6, 0, 2, 1, 0]  (6, 8)
600_3___20__    9   1  [2, 0, 7, 1, 2, 3, 3, 1, 0]  (7, 8)
600_4___20__    9   1  [2, 0, 9, 4, 0, 0, 3, 1, 0]  (6, 8)
600_5___20__    9   1  [3, 4, 4, 4, 0, 0, 3, 1, 0]  (4, 8)
1000_1___20__    9   0  [0, 3, 7, 1, 1, 4, 3, 1, 0]  (3, 8)
400_2___20__    8   0  [0, 3, 9, 4, 1, 3, 1, 0]  (6, 8)
600_2___20__    8   1  [2, 0, 9, 1, 2, 1, 5, 0]  (4, 8)
1000_2___20__    7   0  [0, 3, 9, 2, 1, 7, 0]  (1, 8)
part_in:(3, 6), all_in:(7, 8), all_out:(3, 8)
blue_sort
400_5___21__    12   0  [1, 3, 1, 1, 0, 4, 3, 0, 0, 2, 1, 1]  (6, 8)
1000_5___21__    12   0  [1, 2, 2, 1, 0, 1, 2, 3, 0, 0, 2, 3]  (8, 12)
600_3___21__    10   5  [1, 0, 1, 0, 0, 7, 0, 0, 2, 3]  (4, 8)
400_3___21__    9   0  [5, 0, 0, 1, 0, 10, 2, 1, 1]  (3, 8)
600_2___21__    9   4  [0, 1, 0, 1, 0, 9, 0, 2, 3]  (8, 8)
600_4___21__    9   5  [1, 0, 3, 7, 0, 0, 2, 1, 1]  (7, 8)
1000_4___21__    9   0  [4, 2, 1, 2, 7, 0, 2, 1, 1]  (8, 8)
400_1___21__    8   0  [1, 5, 1, 0, 8, 1, 2, 3]  (3, 8)
1000_3___21__    8   0  [4, 2, 1, 2, 7, 0, 2, 3]  (8, 9)
400_4___21__    7   6  [1, 1, 0, 10, 2, 1, 1]  (5, 8)
600_5___21__    7   4  [3, 3, 7, 0, 0, 2, 3]  (8, 9)
1000_1___21__    7   5  [2, 4, 6, 0, 0, 2, 3]  (8, 13)
1000_2___21__    7   5  [2, 2, 1, 7, 0, 2, 3]  (8, 11)
400_2___21__    6   0  [7, 2, 10, 2, 1, 1]  (6, 8)
600_1___21__    6   8  [4, 2, 3, 1, 2, 3]  (4, 8)
part_in:(3, 13), all_in:(8, 8), all_out:(3, 13)
