30
red1
more
('16_2___1__', 16, 0, [0, 0, 0, 0, 1, 3, 1, 2, 0, 0, 1, 0, 1, 2, 1, 1]) (2, 3)
('24_2___1__', 16, 0, [0, 0, 0, 0, 1, 2, 0, 1, 2, 0, 0, 1, 0, 1, 2, 3]) (3, 4)
('37_1___1__', 16, 0, [0, 1, 0, 1, 3, 1, 2, 1, 0, 0, 0, 1, 0, 0, 0, 3]) (3, 3)
('4_2___1__', 15, 1, [0, 0, 0, 1, 3, 1, 2, 0, 0, 1, 0, 1, 2, 1, 1]) (3, 4)
('6_6___1__', 15, 1, [0, 1, 1, 2, 0, 5, 0, 1, 0, 1, 0, 1, 0, 1, 0]) (3, 8)
('10_8___1__', 15, 1, [0, 0, 0, 1, 2, 0, 1, 3, 0, 1, 0, 4, 0, 1, 0]) (3, 4)
('14_6___1__', 15, 0, [0, 0, 1, 1, 2, 0, 1, 3, 0, 1, 0, 4, 0, 1, 0]) (3, 8)
('18_9___1__', 15, 1, [0, 0, 0, 1, 2, 0, 1, 3, 0, 1, 0, 4, 0, 1, 0]) (3, 3)
('25_2___1__', 15, 1, [0, 0, 0, 1, 2, 0, 1, 2, 0, 0, 1, 0, 1, 2, 3]) (3, 3)
('26_1___1__', 15, 0, [0, 0, 0, 0, 1, 3, 1, 2, 0, 0, 1, 0, 3, 0, 3]) (3, 5)
less
('3_5___1__', 7, 1, [1, 6, 5, 0, 1, 0, 8]) (3, 4)
('4_5___1__', 7, 1, [1, 6, 5, 0, 1, 0, 8]) (3, 4)
('5_4___1__', 7, 1, [1, 2, 3, 6, 1, 0, 8]) (3, 3)
('5_5___1__', 7, 1, [1, 6, 5, 0, 1, 0, 8]) (3, 4)
('7_5___1__', 7, 1, [1, 6, 5, 0, 1, 0, 8]) (3, 4)
('8_5___1__', 7, 1, [1, 6, 5, 0, 1, 0, 8]) (3, 4)
('9_5___1__', 7, 1, [1, 6, 5, 0, 1, 0, 8]) (3, 4)
('10_5___1__', 7, 1, [1, 6, 5, 0, 1, 0, 8]) (3, 4)
('11_5___1__', 7, 1, [1, 6, 5, 0, 1, 0, 8]) (3, 4)
('12_5___1__', 7, 1, [1, 6, 5, 0, 1, 0, 8]) (3, 4)
part_in:(2, 8), all_in:(3, 3), all_out:(2, 8)
red2
more
('22_6___2__', 17, 2, [0, 1, 1, 1, 2, 1, 0, 0, 0, 2, 0, 0, 1, 0, 0, 0, 1]) (5, 19)
('6_6___2__', 16, 2, [0, 1, 1, 1, 4, 0, 0, 0, 1, 0, 1, 1, 0, 0, 0, 1]) (5, 22)
('6_7___2__', 16, 2, [0, 1, 1, 1, 4, 0, 0, 0, 1, 0, 1, 1, 0, 0, 0, 1]) (5, 22)
('22_8___2__', 16, 2, [0, 1, 1, 1, 4, 0, 0, 0, 1, 0, 0, 0, 1, 0, 1, 1]) (5, 18)
('44_6___2__', 16, 2, [0, 0, 0, 1, 1, 2, 1, 0, 0, 0, 2, 1, 2, 0, 0, 1]) (5, 16)
('17_6___2__', 15, 2, [0, 1, 1, 1, 4, 0, 0, 0, 1, 0, 1, 2, 0, 0, 1]) (5, 15)
('17_8___2__', 15, 2, [0, 1, 1, 1, 4, 0, 0, 0, 1, 0, 0, 0, 2, 1, 1]) (5, 14)
('22_9___2__', 15, 2, [0, 1, 1, 1, 4, 1, 0, 1, 0, 0, 0, 1, 0, 1, 1]) (5, 17)
('24_6___2__', 15, 2, [0, 1, 1, 1, 4, 0, 0, 0, 2, 1, 1, 0, 0, 0, 1]) (5, 12)
('26_6___2__', 15, 2, [0, 1, 1, 4, 1, 0, 0, 0, 1, 0, 1, 2, 1, 0, 0]) (5, 20)
less
('28_7___2__', 6, 7, [1, 4, 1, 0, 7, 3]) (5, 13)
('31_1___2__', 6, 5, [0, 0, 9, 6, 0, 3]) (5, 9)
('5_2___2__', 7, 7, [6, 1, 0, 2, 1, 2, 3]) (5, 10)
('5_10___2__', 7, 2, [4, 6, 1, 0, 7, 1, 1]) (5, 12)
('13_1___2__', 7, 2, [2, 1, 9, 1, 2, 2, 3]) (5, 9)
('19_1___2__', 7, 2, [2, 1, 9, 4, 1, 0, 3]) (5, 8)
('28_1___2__', 7, 2, [0, 3, 9, 4, 1, 0, 3]) (5, 11)
('35_1___2__', 7, 2, [2, 1, 6, 2, 4, 2, 3]) (5, 9)
('43_1___2__', 7, 2, [2, 1, 9, 1, 4, 0, 3]) (5, 13)
('1_10___2__', 8, 2, [2, 1, 6, 2, 2, 4, 1, 1]) (5, 17)
part_in:(9, 22), all_in:(5, 8), all_out:(5, 22)
red3
more
('43_6___3__', 17, 1, [1, 0, 0, 1, 1, 1, 2, 0, 0, 1, 0, 0, 2, 0, 0, 1, 1]) (10, 20)
('6_1___3__', 16, 1, [1, 0, 0, 0, 0, 1, 1, 2, 1, 2, 0, 2, 0, 0, 1, 1]) (10, 13)
('7_7___3__', 16, 1, [1, 0, 0, 1, 1, 1, 2, 0, 0, 2, 1, 0, 0, 1, 1, 1]) (10, 20)
('17_6___3__', 16, 1, [1, 0, 0, 1, 1, 1, 2, 0, 0, 2, 2, 0, 0, 0, 1, 1]) (10, 17)
('26_6___3__', 16, 1, [1, 0, 0, 1, 1, 1, 2, 0, 0, 2, 1, 0, 0, 1, 1, 1]) (10, 25)
('6_7___3__', 15, 1, [2, 0, 1, 1, 1, 2, 0, 0, 2, 1, 0, 0, 0, 2, 1]) (10, 24)
('14_7___3__', 15, 1, [2, 0, 1, 1, 1, 2, 0, 0, 2, 0, 0, 1, 0, 2, 1]) (10, 25)
('22_6___3__', 15, 1, [1, 0, 0, 1, 1, 1, 2, 0, 0, 2, 3, 0, 0, 1, 1]) (10, 24)
('25_7___3__', 15, 1, [2, 0, 1, 1, 1, 2, 0, 0, 2, 1, 0, 0, 0, 2, 1]) (10, 22)
('26_7___3__', 15, 1, [2, 0, 1, 1, 1, 2, 1, 2, 1, 0, 0, 0, 0, 1, 1]) (10, 22)
less
('20_2___3__', 7, 1, [3, 3, 4, 1, 6, 3, 1]) (10, 15)
('43_2___3__', 7, 1, [3, 1, 1, 6, 6, 0, 4]) (10, 15)
('21_2___3__', 8, 1, [3, 1, 1, 4, 1, 6, 0, 4]) (10, 13)
('1_4___3__', 9, 1, [3, 3, 1, 2, 1, 2, 3, 3, 1]) (10, 14)
('1_10___3__', 9, 1, [3, 1, 1, 1, 2, 4, 3, 3, 1]) (10, 21)
('3_9___3__', 9, 1, [3, 1, 1, 1, 2, 4, 3, 3, 1]) (10, 19)
('5_4___3__', 9, 1, [3, 3, 1, 2, 4, 3, 0, 2, 1]) (10, 13)
('8_2___3__', 9, 1, [3, 3, 1, 2, 1, 2, 3, 3, 1]) (10, 12)
('12_10___3__', 9, 1, [3, 1, 1, 1, 2, 4, 3, 3, 1]) (10, 19)
('14_4___3__', 9, 1, [3, 3, 1, 2, 1, 2, 3, 3, 1]) (10, 13)
part_in:(13, 25), all_in:(10, 12), all_out:(10, 25)
red4
more
('12_6___4__', 18, 0, [1, 1, 0, 1, 0, 0, 2, 1, 0, 1, 0, 0, 1, 0, 0, 1, 1, 1]) (21, 22)
('33_7___4__', 18, 0, [1, 1, 0, 1, 0, 0, 2, 1, 1, 0, 0, 0, 1, 0, 0, 1, 1, 1]) (21, 27)
('3_6___4__', 17, 0, [1, 1, 0, 1, 0, 0, 2, 1, 2, 0, 0, 1, 0, 0, 1, 1, 1]) (21, 23)
('3_7___4__', 17, 0, [1, 1, 0, 1, 0, 0, 2, 1, 2, 0, 0, 1, 0, 0, 1, 1, 1]) (21, 26)
('6_1___4__', 17, 0, [1, 1, 0, 0, 0, 0, 0, 2, 1, 2, 0, 0, 0, 1, 0, 3, 1]) (14, 21)
('7_6___4__', 17, 0, [1, 0, 0, 0, 1, 0, 0, 2, 1, 2, 0, 0, 1, 0, 2, 1, 1]) (21, 22)
('7_7___4__', 17, 0, [1, 1, 0, 1, 0, 0, 2, 1, 1, 0, 0, 0, 1, 1, 1, 1, 1]) (21, 24)
('17_1___4__', 17, 0, [1, 1, 0, 0, 0, 0, 0, 2, 1, 2, 0, 0, 0, 1, 0, 3, 1]) (19, 21)
('26_6___4__', 17, 0, [1, 0, 0, 0, 1, 0, 0, 2, 1, 2, 0, 0, 1, 1, 1, 1, 1]) (21, 28)
('26_7___4__', 17, 0, [1, 1, 0, 1, 0, 0, 2, 1, 1, 0, 0, 0, 1, 1, 1, 1, 1]) (21, 27)
less
('23_5___4__', 8, 2, [2, 2, 0, 7, 0, 0, 7, 1]) (19, 21)
('2_5___4__', 9, 2, [2, 2, 0, 7, 0, 0, 3, 3, 1]) (19, 21)
('3_5___4__', 9, 2, [2, 2, 0, 7, 0, 0, 3, 3, 1]) (19, 21)
('15_2___4__', 9, 2, [2, 2, 0, 7, 0, 0, 3, 3, 1]) (15, 21)
('18_5___4__', 9, 2, [2, 2, 0, 7, 0, 0, 3, 3, 1]) (19, 21)
('19_5___4__', 9, 2, [2, 2, 0, 7, 0, 0, 3, 3, 1]) (19, 21)
('24_5___4__', 9, 2, [2, 2, 0, 7, 0, 0, 3, 3, 1]) (19, 21)
('28_5___4__', 9, 2, [2, 1, 0, 0, 7, 0, 0, 7, 1]) (19, 21)
('34_5___4__', 9, 2, [2, 2, 0, 7, 0, 0, 3, 3, 1]) (19, 21)
('35_1___4__', 9, 2, [2, 1, 0, 0, 2, 1, 2, 0, 10]) (19, 21)
part_in:(14, 28), all_in:(21, 21), all_out:(14, 28)
red5
more
('11_8___5__', 16, 1, [0, 0, 0, 1, 2, 0, 1, 1, 1, 1, 1, 0, 1, 0, 2, 1]) (22, 26)
('11_9___5__', 16, 1, [0, 0, 0, 1, 2, 0, 1, 1, 3, 1, 0, 1, 0, 0, 2, 0]) (22, 27)
('19_9___5__', 16, 1, [0, 1, 1, 2, 0, 1, 1, 3, 1, 0, 1, 0, 0, 0, 1, 0]) (22, 24)
('21_6___5__', 16, 1, [0, 0, 0, 1, 2, 0, 1, 1, 2, 0, 2, 1, 0, 0, 2, 0]) (22, 28)
('22_6___5__', 16, 1, [0, 0, 0, 1, 2, 0, 1, 1, 3, 2, 1, 0, 0, 0, 1, 0]) (22, 29)
('36_6___5__', 16, 1, [0, 0, 0, 1, 2, 0, 1, 1, 0, 2, 2, 1, 0, 0, 0, 2]) (22, 28)
('3_10___5__', 15, 1, [0, 1, 1, 2, 0, 1, 1, 1, 1, 1, 0, 1, 0, 3, 0]) (22, 27)
('4_6___5__', 15, 0, [1, 0, 0, 1, 2, 0, 1, 1, 6, 0, 0, 0, 0, 2, 0]) (22, 28)
('7_7___5__', 15, 1, [0, 0, 0, 1, 2, 0, 1, 1, 1, 1, 2, 1, 0, 0, 3]) (22, 27)
('11_6___5__', 15, 2, [0, 0, 1, 2, 0, 1, 1, 2, 0, 2, 1, 0, 1, 1, 0]) (22, 25)
less
('2_4___5__', 5, 2, [6, 0, 1, 7, 8]) (22, 24)
('16_2___5__', 5, 2, [3, 2, 0, 7, 10]) (22, 25)
('1_4___5__', 6, 2, [3, 2, 0, 1, 3, 12]) (22, 24)
('2_5___5__', 6, 2, [1, 4, 0, 1, 7, 8]) (22, 24)
('5_5___5__', 6, 2, [1, 4, 0, 1, 7, 8]) (22, 24)
('7_5___5__', 6, 2, [1, 4, 0, 1, 7, 8]) (22, 24)
('9_1___5__', 6, 2, [1, 4, 0, 7, 1, 8]) (22, 25)
('11_5___5__', 6, 2, [1, 4, 0, 1, 7, 8]) (22, 24)
('20_5___5__', 6, 2, [1, 4, 0, 1, 7, 8]) (22, 24)
('26_2___5__', 6, 2, [3, 2, 0, 1, 5, 10]) (19, 22)
part_in:(25, 29), all_in:(22, 24), all_out:(22, 29)
red6
more
('24_2___6__', 20, 1, [2, 0, 0, 0, 2, 1, 1, 0, 0, 0, 0, 0, 0, 0, 1, 0, 0, 1, 0, 0]) (26, 30)
('45_6___6__', 20, 1, [1, 0, 0, 0, 0, 2, 1, 1, 0, 0, 0, 0, 0, 0, 0, 2, 0, 1, 0, 0]) (26, 31)
('15_6___6__', 19, 1, [2, 0, 0, 0, 2, 1, 1, 1, 0, 0, 0, 0, 2, 0, 0, 0, 0, 0, 0]) (26, 30)
('20_1___6__', 19, 1, [2, 0, 0, 0, 2, 1, 1, 0, 0, 1, 0, 0, 0, 0, 0, 0, 0, 1, 1]) (26, 31)
('20_6___6__', 19, 4, [0, 0, 0, 2, 1, 1, 0, 0, 0, 0, 0, 0, 0, 0, 0, 0, 0, 2, 0]) (26, 32)
('30_1___6__', 19, 1, [2, 0, 0, 0, 2, 1, 1, 0, 0, 0, 0, 0, 0, 0, 1, 0, 0, 1, 1]) (26, 31)
('48_6___6__', 19, 3, [0, 0, 0, 0, 2, 1, 1, 0, 0, 0, 0, 0, 0, 0, 2, 0, 0, 1, 0]) (26, 31)
('2_2___6__', 18, 1, [2, 0, 0, 0, 1, 0, 1, 1, 0, 0, 1, 0, 0, 0, 1, 0, 0, 3]) (26, 28)
('2_3___6__', 18, 0, [0, 2, 0, 0, 0, 2, 1, 1, 0, 0, 0, 0, 0, 0, 0, 2, 0, 3]) (26, 29)
('5_2___6__', 18, 1, [2, 0, 0, 0, 2, 1, 1, 1, 1, 0, 0, 0, 1, 0, 0, 1, 0, 0]) (26, 31)
less
('22_9___6__', 9, 5, [0, 0, 2, 1, 1, 4, 0, 4, 3]) (26, 30)
('15_8___6__', 11, 5, [0, 0, 2, 1, 1, 1, 1, 1, 0, 3, 3]) (26, 28)
('1_8___6__', 12, 5, [0, 0, 2, 1, 1, 1, 0, 2, 0, 3, 2, 0]) (26, 28)
('4_7___6__', 12, 1, [3, 0, 0, 2, 1, 1, 4, 0, 0, 2, 0, 3]) (26, 30)
('13_1___6__', 12, 5, [1, 2, 1, 1, 3, 0, 0, 0, 1, 0, 0, 3]) (26, 30)
('22_10___6__', 12, 5, [0, 0, 2, 1, 1, 4, 0, 0, 0, 2, 1, 1]) (26, 30)
('25_1___6__', 12, 4, [0, 0, 0, 2, 1, 1, 3, 0, 0, 0, 3, 3]) (26, 31)
('27_1___6__', 12, 5, [0, 0, 2, 1, 1, 3, 0, 0, 0, 3, 1, 1]) (26, 30)
('31_1___6__', 12, 5, [1, 2, 1, 1, 3, 0, 0, 0, 2, 0, 0, 2]) (26, 30)
('34_7___6__', 12, 5, [0, 0, 2, 1, 1, 3, 0, 0, 0, 3, 2, 0]) (26, 32)
part_in:(29, 32), all_in:(26, 28), all_out:(26, 32)
