red1
-1:[0.0, 183.9, 0.0, 129.2, 0.0, 94.0]
0:[5.0, 178.9, 3.1, 126.1, 1.0, 93.0]
1:[40.3, 143.6, 27.9, 101.3, 19.2, 74.8]
2:[66.6, 117.3, 49.3, 79.9, 44.0, 50.0]
3:[95.3, 88.6, 69.0, 60.2, 58.5, 35.5]
4:[111.7, 72.2, 79.4, 49.8, 66.7, 27.3]
5:[142.2, 41.7, 99.6, 29.6, 76.7, 17.3]
6:[183.9, 0.0, 129.2, 0.0, 94.0, 0.0]
7:[20.8, 163.1, 15.0, 114.2, 9.1, 84.9]
8:[20.8, 163.1, 15.0, 114.2, 9.1, 84.9]
9:[6.6, 177.3, 5.0, 124.2, 3.3, 90.7]
10:[0.0, 183.9, 0.0, 129.2, 0.0, 94.0]

0: -30.7|23.8|80.0
1: -11.7|46.7|102.7
2: -11.6|23.6|58.3
3: -1.9|36.1|74.8
4: -7.1|48.4|103.3
5: 22.9|77.4|133.6

red2
1:[0.0, 123.9, 0.0, 69.2, 0.0, 94.3]
2:[3.6, 120.3, 0.1, 69.1, 3.7, 90.6]
3:[3.6, 120.3, 0.1, 69.1, 3.7, 90.6]
4:[11.0, 112.9, 2.8, 66.4, 8.4, 85.9]
5:[17.0, 106.9, 6.6, 62.6, 10.1, 84.2]
6:[17.5, 106.4, 8.2, 61.0, 13.7, 80.6]
7:[27.2, 96.7, 13.5, 55.7, 15.1, 79.2]
8:[52.9, 71.0, 27.9, 41.3, 29.6, 64.7]
9:[74.4, 49.5, 42.9, 26.3, 52.4, 41.9]
10:[123.9, 0.0, 69.2, 0.0, 94.3, 0.0]
11:[23.4, 100.5, 13.6, 55.6, 16.1, 78.2]
12:[15.6, 108.3, 7.2, 62.0, 5.8, 88.5]
13:[7.7, 116.2, 3.8, 65.4, 3.2, 91.1]
14:[1.3, 122.6, 0.8, 68.4, 2.8, 91.5]
15:[1.3, 122.6, 0.8, 68.4, 2.8, 91.5]
16:[0.0, 123.9, 0.0, 69.2, 0.0, 94.3]

0: -21.4|32.0|88.8
1: -2.4|56.2|120.0
2: -7.5|31.8|68.6
3: -0.6|38.4|77.5
4: 4.2|68.4|133.2
5: -20.3|57.5|132.9

red3
3:[0.0, 61.3, 0.0, 43.4, 0.0, 102.1]
4:[3.2, 58.1, 1.2, 42.2, 1.0, 101.1]
5:[3.2, 58.1, 1.2, 42.2, 1.0, 101.1]
6:[9.6, 51.7, 3.1, 40.3, 7.2, 94.9]
7:[9.6, 51.7, 3.1, 40.3, 7.2, 94.9]
8:[9.6, 51.7, 3.1, 40.3, 7.2, 94.9]
9:[12.5, 48.8, 3.7, 39.7, 9.0, 93.1]
10:[17.6, 43.7, 5.2, 38.2, 13.2, 88.9]
11:[61.3, 0.0, 43.4, 0.0, 102.1, 0.0]
12:[40.0, 21.3, 30.8, 12.6, 73.7, 28.4]
13:[35.8, 25.5, 29.0, 14.4, 66.0, 36.1]
14:[25.6, 35.7, 23.9, 19.5, 57.6, 44.5]
15:[17.4, 43.9, 14.8, 28.6, 38.1, 64.0]
16:[12.1, 49.2, 9.2, 34.2, 24.3, 77.8]
17:[7.2, 54.1, 8.1, 35.3, 21.6, 80.5]
18:[5.1, 56.2, 2.4, 41.0, 7.6, 94.5]
19:[3.9, 57.4, 1.4, 42.0, 4.5, 97.6]
20:[1.4, 59.9, 0.8, 42.6, 3.1, 99.0]
21:[0.0, 61.3, 0.0, 43.4, 0.0, 102.1]

0: -32.9|31.0|88.9
1: -19.4|24.6|69.4
2: 1.9|32.8|64.8
3: -10.4|21.9|54.2
4: 13.9|74.0|134.0
5: -16.4|48.2|115.1

red4
8:[0.0, 57.2, 0.0, 42.9, 0.0, 112.0]
9:[2.5, 54.7, 0.3, 42.6, 2.2, 109.8]
10:[8.1, 49.1, 1.9, 41.0, 4.8, 107.2]
11:[11.4, 45.8, 4.2, 38.7, 10.4, 101.6]
12:[14.7, 42.5, 5.5, 37.4, 11.2, 100.8]
13:[22.7, 34.5, 10.1, 32.8, 20.5, 91.5]
14:[24.2, 33.0, 12.5, 30.4, 26.9, 85.1]
15:[25.4, 31.8, 13.5, 29.4, 30.0, 82.0]
16:[32.9, 24.3, 17.3, 25.6, 42.4, 69.6]
17:[39.0, 18.2, 20.4, 22.5, 54.3, 57.7]
18:[57.2, 0.0, 42.9, 0.0, 112.0, 0.0]
19:[12.5, 44.7, 16.1, 26.8, 42.5, 69.5]
20:[10.3, 46.9, 16.1, 26.8, 40.5, 71.5]
21:[6.3, 50.9, 7.8, 35.1, 19.9, 92.1]
22:[4.4, 52.8, 2.2, 40.7, 7.4, 104.6]
23:[2.5, 54.7, 0.3, 42.6, 1.6, 110.4]
24:[0.0, 57.2, 0.0, 42.9, 0.0, 112.0]

0: -28.1|27.1|84.9
1: 10.1|53.1|95.5
2: -12.0|22.7|57.8
3: 7.2|38.3|67.9
4: -20.1|41.3|100.9
5: 8.6|67.3|127.2

red5
15:[0.0, 80.4, 0.0, 110.0, 0.0, 172.2]
16:[0.7, 79.7, 2.9, 107.1, 5.1, 167.1]
17:[0.7, 79.7, 2.9, 107.1, 5.1, 167.1]
18:[1.2, 79.2, 5.2, 104.8, 10.2, 162.0]
19:[1.5, 78.9, 8.0, 102.0, 15.5, 156.7]
20:[80.4, 0.0, 110.0, 0.0, 172.2, 0.0]
21:[69.6, 10.8, 94.8, 15.2, 151.5, 20.7]
22:[68.9, 11.5, 93.2, 16.8, 147.5, 24.7]
23:[67.5, 12.9, 91.8, 18.2, 143.3, 28.9]
24:[48.6, 31.8, 70.7, 39.3, 116.9, 55.3]
25:[29.0, 51.4, 51.6, 58.4, 93.2, 79.0]
26:[9.7, 70.7, 28.1, 81.9, 63.4, 108.8]
27:[4.4, 76.0, 16.7, 93.3, 36.1, 136.1]
28:[2.1, 78.3, 5.5, 104.5, 12.3, 159.9]
29:[0.5, 79.9, 2.0, 108.0, 4.5, 167.7]
30:[0.0, 80.4, 0.0, 110.0, 0.0, 172.2]

0: -27.1|35.2|91.5
1: 4.2|63.3|122.0
2: -13.7|21.8|57.4
3: -0.8|38.8|73.9
4: -32.4|25.9|81.4
5: 4.2|73.9|137.9

red6
21:[0.0, 111.7, 0.0, 27.3, 0.0, 71.3]
22:[3.0, 108.7, 0.6, 26.7, 1.7, 69.6]
23:[5.3, 106.4, 0.8, 26.5, 4.6, 66.7]
24:[10.1, 101.6, 1.5, 25.8, 8.2, 63.1]
25:[16.3, 95.4, 3.2, 24.1, 11.2, 60.1]
26:[22.2, 89.5, 5.5, 21.8, 18.5, 52.8]
27:[29.7, 82.0, 7.0, 20.3, 24.6, 46.7]
28:[60.1, 51.6, 14.2, 13.1, 44.5, 26.8]
29:[87.2, 24.5, 21.0, 6.3, 59.5, 11.8]
30:[108.1, 3.6, 26.1, 1.2, 70.1, 1.2]
31:[111.7, 0.0, 27.3, 0.0, 71.3, 0.0]
32:[111.7, 0.0, 27.3, 0.0, 71.3, 0.0]
33:[0.0, 111.7, 0.0, 27.3, 0.0, 71.3]

0: 13.0|67.6|119.1
1: -5.4|46.9|100.8
2: -4.0|31.1|63.0
3: -15.2|20.2|54.7
4: -30.7|32.5|92.5
5: -21.0|44.4|108.9

red_sum_all
61:[0.0, 129.2, 0.0, 57.8, 0.0, 80.0]
62:[4.0, 125.2, 1.6, 56.2, 0.6, 79.4]
63:[4.0, 125.2, 1.6, 56.2, 0.6, 79.4]
64:[4.0, 125.2, 1.6, 56.2, 0.6, 79.4]
65:[4.0, 125.2, 1.6, 56.2, 0.6, 79.4]
66:[7.8, 121.4, 2.7, 55.1, 2.4, 77.6]
67:[7.8, 121.4, 2.7, 55.1, 2.4, 77.6]
68:[7.8, 121.4, 2.7, 55.1, 2.4, 77.6]
69:[7.8, 121.4, 2.7, 55.1, 2.4, 77.6]
70:[11.7, 117.5, 4.2, 53.6, 3.5, 76.5]
71:[11.7, 117.5, 4.2, 53.6, 3.5, 76.5]
72:[15.0, 114.2, 4.3, 53.5, 6.5, 73.5]
73:[15.0, 114.2, 4.3, 53.5, 6.5, 73.5]
74:[18.7, 110.5, 5.1, 52.7, 8.7, 71.3]
75:[18.7, 110.5, 5.1, 52.7, 8.7, 71.3]
76:[18.7, 110.5, 5.1, 52.7, 8.7, 71.3]
77:[18.7, 110.5, 5.1, 52.7, 8.7, 71.3]
78:[18.7, 110.5, 5.1, 52.7, 8.7, 71.3]
79:[22.9, 106.3, 6.4, 51.4, 10.2, 69.8]
80:[22.9, 106.3, 6.4, 51.4, 10.2, 69.8]
81:[28.5, 100.7, 9.1, 48.7, 16.7, 63.3]
82:[28.5, 100.7, 9.1, 48.7, 16.7, 63.3]
83:[28.5, 100.7, 9.1, 48.7, 16.7, 63.3]
84:[28.5, 100.7, 9.1, 48.7, 16.7, 63.3]
85:[32.3, 96.9, 10.7, 47.1, 17.5, 62.5]
86:[37.8, 91.4, 12.9, 44.9, 18.6, 61.4]
87:[37.8, 91.4, 12.9, 44.9, 18.6, 61.4]
88:[37.8, 91.4, 12.9, 44.9, 18.6, 61.4]
89:[37.8, 91.4, 12.9, 44.9, 18.6, 61.4]
90:[37.8, 91.4, 12.9, 44.9, 18.6, 61.4]
91:[37.8, 91.4, 12.9, 44.9, 18.6, 61.4]
92:[37.8, 91.4, 12.9, 44.9, 18.6, 61.4]
93:[41.1, 88.1, 14.2, 43.6, 19.3, 60.7]
94:[48.8, 80.4, 16.5, 41.3, 22.4, 57.6]
95:[48.8, 80.4, 16.5, 41.3, 22.4, 57.6]
96:[52.2, 77.0, 18.0, 39.8, 22.6, 57.4]
97:[129.2, 0.0, 57.8, 0.0, 80.0, 0.0]
98:[77.0, 52.2, 39.8, 18.0, 57.4, 22.6]
99:[77.0, 52.2, 39.8, 18.0, 57.4, 22.6]
100:[73.7, 55.5, 38.4, 19.4, 56.8, 23.2]
101:[73.7, 55.5, 38.4, 19.4, 56.8, 23.2]
102:[66.6, 62.6, 36.2, 21.6, 54.1, 25.9]
103:[58.5, 70.7, 32.9, 24.9, 52.3, 27.7]
104:[54.6, 74.6, 32.0, 25.8, 50.2, 29.8]
105:[46.7, 82.5, 27.3, 30.5, 45.0, 35.0]
106:[46.7, 82.5, 27.3, 30.5, 45.0, 35.0]
107:[46.7, 82.5, 27.3, 30.5, 45.0, 35.0]
108:[46.7, 82.5, 27.3, 30.5, 45.0, 35.0]
109:[42.8, 86.4, 25.9, 31.9, 43.7, 36.3]
110:[40.1, 89.1, 25.9, 31.9, 41.1, 38.9]
111:[30.0, 99.2, 20.0, 37.8, 37.0, 43.0]
112:[25.8, 103.4, 18.4, 39.4, 35.9, 44.1]
113:[25.8, 103.4, 18.4, 39.4, 35.9, 44.1]
114:[18.6, 110.6, 15.5, 42.3, 34.7, 45.3]
115:[18.6, 110.6, 15.5, 42.3, 34.7, 45.3]
116:[15.5, 113.7, 12.8, 45.0, 26.1, 53.9]
117:[15.5, 113.7, 12.8, 45.0, 26.1, 53.9]
118:[15.5, 113.7, 12.8, 45.0, 26.1, 53.9]
119:[15.5, 113.7, 12.8, 45.0, 26.1, 53.9]
120:[8.9, 120.3, 5.5, 52.3, 11.6, 68.4]
121:[6.0, 123.2, 4.8, 53.0, 10.1, 69.9]
122:[1.3, 127.9, 1.6, 56.2, 4.5, 75.5]
123:[1.3, 127.9, 1.6, 56.2, 4.5, 75.5]
124:[1.3, 127.9, 1.6, 56.2, 4.5, 75.5]
125:[0.0, 129.2, 0.0, 57.8, 0.0, 80.0]

0: -16.8|35.2|91.3
1: 8.5|57.7|104.9
2: -7.2|24.3|53.6
3: -11.7|25.1|61.2
4: -15.1|48.8|117.7
5: -19.3|59.8|138.8

red_sum16
21:[0.0, 168.5, 0.0, 75.5, 0.0, 70.6]
22:[4.0, 164.5, 1.7, 73.8, 0.9, 69.7]
23:[7.5, 161.0, 2.9, 72.6, 2.0, 68.6]
24:[7.5, 161.0, 2.9, 72.6, 2.0, 68.6]
25:[14.3, 154.2, 5.0, 70.5, 4.7, 65.9]
26:[24.0, 144.5, 10.1, 65.4, 6.8, 63.8]
27:[24.0, 144.5, 10.1, 65.4, 6.8, 63.8]
28:[29.0, 139.5, 11.0, 64.5, 10.1, 60.5]
29:[52.5, 116.0, 21.0, 54.5, 18.8, 51.8]
30:[84.4, 84.1, 40.7, 34.8, 31.7, 38.9]
31:[110.7, 57.8, 49.3, 26.2, 44.3, 26.3]
32:[127.9, 40.6, 59.0, 16.5, 56.4, 14.2]
33:[141.6, 26.9, 64.2, 11.3, 60.5, 10.1]
34:[152.6, 15.9, 70.1, 5.4, 65.3, 5.3]
35:[156.0, 12.5, 71.2, 4.3, 66.4, 4.2]
36:[168.5, 0.0, 75.5, 0.0, 70.6, 0.0]
37:[168.5, 0.0, 75.5, 0.0, 70.6, 0.0]
38:[168.5, 0.0, 75.5, 0.0, 70.6, 0.0]
39:[0.0, 168.5, 0.0, 75.5, 0.0, 70.6]

0: -35.0|24.8|80.7
1: 34.0|101.1|168.3
2: -18.7|19.1|56.8
3: 19.5|62.2|109.2
4: -19.2|44.2|108.4
5: 26.0|91.1|150.6

red_gap16
20:[0.0, 125.2, 0.0, 79.2, 0.0, 79.7]
21:[14.0, 111.2, 11.7, 67.5, 13.4, 66.3]
22:[33.3, 91.9, 21.5, 57.7, 18.2, 61.5]
23:[42.1, 83.1, 25.8, 53.4, 22.8, 56.9]
24:[58.9, 66.3, 38.1, 41.1, 37.5, 42.2]
25:[82.7, 42.5, 53.1, 26.1, 55.7, 24.0]
26:[125.2, 0.0, 79.2, 0.0, 79.7, 0.0]
27:[13.0, 112.2, 6.1, 73.1, 9.1, 70.6]
28:[5.7, 119.5, 3.5, 75.7, 3.3, 76.4]
29:[0.0, 125.2, 0.0, 79.2, 0.0, 79.7]

0: -12.6|41.9|104.0
1: -0.9|66.6|131.5
2: -13.9|25.2|62.9
3: 3.1|44.8|86.3
4: -26.2|28.0|80.3
5: 29.0|85.9|147.7

red_sum25
19:[0.0, 83.2, 0.0, 67.4, 0.0, 129.9]
20:[3.2, 80.0, 0.8, 66.6, 1.8, 128.1]
21:[5.7, 77.5, 1.5, 65.9, 6.0, 123.9]
22:[5.7, 77.5, 1.5, 65.9, 6.0, 123.9]
23:[7.1, 76.1, 3.1, 64.3, 10.9, 119.0]
24:[7.2, 76.0, 6.2, 61.2, 16.9, 113.0]
25:[7.7, 75.5, 8.2, 59.2, 21.0, 108.9]
26:[13.1, 70.1, 12.9, 54.5, 31.3, 98.6]
27:[15.7, 67.5, 15.3, 52.1, 38.5, 91.4]
28:[15.7, 67.5, 15.3, 52.1, 38.5, 91.4]
29:[22.3, 60.9, 19.9, 47.5, 41.1, 88.8]
30:[83.2, 0.0, 67.4, 0.0, 129.9, 0.0]
31:[52.4, 30.8, 43.8, 23.6, 83.3, 46.6]
32:[47.8, 35.4, 39.4, 28.0, 73.4, 56.5]
33:[40.9, 42.3, 34.7, 32.7, 65.2, 64.7]
34:[40.9, 42.3, 34.7, 32.7, 65.2, 64.7]
35:[36.6, 46.6, 32.6, 34.8, 60.4, 69.5]
36:[29.9, 53.3, 24.2, 43.2, 45.4, 84.5]
37:[14.8, 68.4, 12.9, 54.5, 26.4, 103.5]
38:[9.1, 74.1, 6.9, 60.5, 13.4, 116.5]
39:[1.9, 81.3, 4.5, 62.9, 11.1, 118.8]
40:[0.8, 82.4, 1.2, 66.2, 3.3, 126.6]
41:[0.8, 82.4, 1.2, 66.2, 3.3, 126.6]
42:[0.8, 82.4, 1.2, 66.2, 3.3, 126.6]
43:[0.8, 82.4, 1.2, 66.2, 3.3, 126.6]
44:[0.8, 82.4, 1.2, 66.2, 3.3, 126.6]
45:[0.0, 83.2, 0.0, 67.4, 0.0, 129.9]

0: -24.9|36.0|90.5
1: -12.9|54.5|127.9
2: -19.1|18.6|55.1
3: -3.2|37.4|75.8
4: -26.8|40.8|104.0
5: 0.3|73.4|138.4

red_gap25
8:[0.0, 27.9, 0.0, 93.8, 0.0, 198.0]
9:[0.5, 27.4, 1.9, 91.9, 4.1, 193.9]
10:[27.9, 0.0, 93.8, 0.0, 198.0, 0.0]
11:[26.9, 1.0, 87.2, 6.6, 184.3, 13.7]
12:[26.1, 1.8, 83.0, 10.8, 175.4, 22.6]
13:[24.7, 3.2, 76.5, 17.3, 161.4, 36.6]
14:[20.7, 7.2, 61.1, 32.7, 128.6, 69.4]
15:[17.5, 10.4, 55.4, 38.4, 114.9, 83.1]
16:[14.6, 13.3, 46.5, 47.3, 96.4, 101.6]
17:[9.1, 18.8, 30.6, 63.2, 63.5, 134.5]
18:[2.7, 25.2, 11.9, 81.9, 26.0, 172.0]
19:[1.8, 26.1, 3.2, 90.6, 8.3, 189.7]
20:[1.7, 26.2, 0.7, 93.1, 3.2, 194.8]
21:[0.0, 27.9, 0.0, 93.8, 0.0, 198.0]

0: -22.2|38.6|99.9
1: -3.0|66.9|140.2
2: -15.5|22.6|60.7
3: -1.6|48.4|97.4
4: -6.8|50.1|104.3
5: 24.3|89.6|154.4

red_sum34
10:[0.0, 73.1, 0.0, 50.9, 0.0, 121.6]
11:[3.2, 69.9, 1.1, 49.8, 0.7, 120.9]
12:[3.2, 69.9, 1.1, 49.8, 0.7, 120.9]
13:[3.2, 69.9, 1.1, 49.8, 0.7, 120.9]
14:[3.2, 69.9, 1.1, 49.8, 0.7, 120.9]
15:[3.2, 69.9, 1.1, 49.8, 0.7, 120.9]
16:[3.2, 69.9, 1.1, 49.8, 0.7, 120.9]
17:[6.9, 66.2, 2.3, 48.6, 2.0, 119.6]
18:[6.9, 66.2, 2.3, 48.6, 2.0, 119.6]
19:[6.9, 66.2, 2.3, 48.6, 2.0, 119.6]
20:[7.3, 65.8, 4.2, 46.7, 5.9, 115.7]
21:[7.3, 65.8, 6.5, 44.4, 10.3, 111.3]
22:[7.4, 65.7, 8.6, 42.3, 14.5, 107.1]
23:[15.2, 57.9, 11.1, 39.8, 17.6, 104.0]
24:[20.5, 52.6, 17.7, 33.2, 33.2, 88.4]
25:[20.5, 52.6, 17.7, 33.2, 33.2, 88.4]
26:[21.8, 51.3, 18.3, 32.6, 35.8, 85.8]
27:[21.8, 51.3, 18.3, 32.6, 35.8, 85.8]
28:[23.9, 49.2, 22.6, 28.3, 46.3, 75.3]
29:[73.1, 0.0, 50.9, 0.0, 121.6, 0.0]
30:[46.8, 26.3, 28.1, 22.8, 73.2, 48.4]
31:[39.4, 33.7, 25.9, 25.0, 70.2, 51.4]
32:[32.0, 41.1, 24.2, 26.7, 63.5, 58.1]
33:[26.4, 46.7, 21.5, 29.4, 56.3, 65.3]
34:[26.4, 46.7, 21.5, 29.4, 56.3, 65.3]
35:[16.4, 56.7, 16.9, 34.0, 46.5, 75.1]
36:[16.4, 56.7, 16.9, 34.0, 46.5, 75.1]
37:[12.8, 60.3, 14.2, 36.7, 37.4, 84.2]
38:[8.4, 64.7, 10.1, 40.8, 26.4, 95.2]
39:[4.7, 68.4, 3.7, 47.2, 10.1, 111.5]
40:[3.7, 69.4, 2.0, 48.9, 5.9, 115.7]
41:[3.7, 69.4, 2.0, 48.9, 5.9, 115.7]
42:[1.0, 72.1, 1.6, 49.3, 4.0, 117.6]
43:[0.0, 73.1, 0.0, 50.9, 0.0, 121.6]

0: -31.6|34.3|97.9
1: -7.4|47.2|98.7
2: -6.9|28.1|59.9
3: -4.5|34.4|70.8
4: -17.5|50.7|118.9
5: 7.7|84.2|156.5

red_gap12
0:[0.0, 57.8, 0.0, 50.4, 0.0, 126.8]
1:[6.9, 50.9, 5.9, 44.5, 5.7, 121.1]
2:[10.1, 47.7, 11.2, 39.2, 19.5, 107.3]
3:[18.5, 39.3, 18.8, 31.6, 42.5, 84.3]
4:[57.8, 0.0, 50.4, 0.0, 126.8, 0.0]
5:[36.5, 21.3, 30.5, 19.9, 78.8, 48.0]
6:[31.2, 26.6, 27.4, 23.0, 67.1, 59.7]
7:[18.5, 39.3, 18.2, 32.2, 48.7, 78.1]
8:[10.1, 47.7, 10.5, 39.9, 30.2, 96.6]
9:[6.6, 51.2, 5.7, 44.7, 17.7, 109.1]
10:[1.7, 56.1, 2.5, 47.9, 7.0, 119.8]
11:[0.0, 57.8, 0.0, 50.4, 0.0, 126.8]

0: -3.9|49.1|98.6
1: -19.9|31.1|79.4
2: 0.6|32.4|64.7
3: -15.7|18.4|51.8
4: 15.0|68.4|121.9
5: -11.8|47.9|107.5

red_gap23
-1:[0.0, 31.2, 0.0, 74.8, 0.0, 176.8]
0:[0.5, 30.7, 1.8, 73.0, 4.0, 172.8]
1:[31.2, 0.0, 74.8, 0.0, 176.8, 0.0]
2:[30.1, 1.1, 71.5, 3.3, 169.1, 7.7]
3:[27.2, 4.0, 67.0, 7.8, 157.4, 19.4]
4:[23.6, 7.6, 56.9, 17.9, 134.4, 42.4]
5:[17.7, 13.5, 48.7, 26.1, 113.7, 63.1]
6:[10.6, 20.6, 32.8, 42.0, 74.2, 102.6]
7:[8.6, 22.6, 24.8, 50.0, 56.3, 120.5]
8:[4.1, 27.1, 18.5, 56.3, 39.6, 137.2]
9:[2.3, 28.9, 9.1, 65.7, 19.5, 157.3]
10:[0.9, 30.3, 2.1, 72.7, 4.8, 172.0]
11:[0.0, 31.2, 0.0, 74.8, 0.0, 176.8]

0: -27.2|47.8|115.6
1: -23.7|51.4|121.5
2: -9.4|34.3|76.9
3: -7.4|40.4|87.2
4: -16.8|47.7|107.2
5: 10.2|72.4|134.4

red_gap34
-2:[0.0, 37.0, 0.0, 51.4, 0.0, 139.9]
-1:[1.4, 35.6, 0.8, 50.6, 2.9, 137.0]
0:[2.9, 34.1, 1.3, 50.1, 5.6, 134.3]
1:[4.1, 32.9, 2.4, 49.0, 8.8, 131.1]
2:[14.0, 23.0, 14.4, 37.0, 42.8, 97.1]
3:[15.7, 21.3, 20.8, 30.6, 56.9, 83.0]
4:[22.3, 14.7, 35.3, 16.1, 92.1, 47.8]
5:[27.2, 9.8, 38.8, 12.6, 104.1, 35.8]
6:[33.4, 3.6, 46.4, 5.0, 126.2, 13.7]
7:[37.0, 0.0, 51.4, 0.0, 139.9, 0.0]
8:[1.5, 35.5, 0.9, 50.5, 3.4, 136.5]
9:[0.0, 37.0, 0.0, 51.4, 0.0, 139.9]

0: -31.9|27.4|91.9
1: -49.5|16.1|78.0
2: -26.5|12.3|47.5
3: -28.4|9.5|46.4
4: -11.0|44.7|109.5
5: 13.2|73.4|136.5

red_gap45
1:[0.0, 35.6, 0.0, 61.8, 0.0, 146.2]
2:[35.6, 0.0, 61.8, 0.0, 146.2, 0.0]
3:[35.6, 0.0, 61.8, 0.0, 146.2, 0.0]
4:[34.1, 1.5, 58.9, 2.9, 139.1, 7.1]
5:[29.1, 6.5, 47.6, 14.2, 112.4, 33.8]
6:[18.3, 17.3, 34.0, 27.8, 79.4, 66.8]
7:[14.6, 21.0, 26.1, 35.7, 61.1, 85.1]
8:[7.6, 28.0, 15.7, 46.1, 37.3, 108.9]
9:[4.9, 30.7, 9.3, 52.5, 22.2, 124.0]
10:[3.1, 32.5, 6.0, 55.8, 14.6, 131.6]
11:[2.4, 33.2, 2.0, 59.8, 6.2, 140.0]
12:[2.4, 33.2, 2.0, 59.8, 6.2, 140.0]
13:[1.5, 34.1, 0.5, 61.3, 2.3, 143.9]
14:[0.0, 35.6, 0.0, 61.8, 0.0, 146.2]

0: -13.9|38.9|96.8
1: 4.3|50.8|98.3
2: -12.5|19.9|49.8
3: 6.0|35.6|67.3
4: -8.2|40.1|86.1
5: 13.5|67.4|128.3

red_gap56
0:[0.0, 149.8, 0.0, 81.1, 0.0, 52.2]
1:[4.9, 144.9, 1.8, 79.3, 1.4, 50.8]
2:[18.0, 131.8, 11.0, 70.1, 6.9, 45.3]
3:[40.3, 109.5, 20.3, 60.8, 16.7, 35.5]
4:[80.5, 69.3, 42.0, 39.1, 25.6, 26.6]
5:[92.9, 56.9, 48.3, 32.8, 36.2, 16.0]
6:[116.4, 33.4, 61.6, 19.5, 41.6, 10.6]
7:[121.3, 28.5, 64.4, 16.7, 42.2, 10.0]
8:[135.1, 14.7, 73.0, 8.1, 48.4, 3.8]
9:[145.2, 4.6, 78.4, 2.7, 51.3, 0.9]
10:[149.8, 0.0, 81.1, 0.0, 52.2, 0.0]
11:[149.8, 0.0, 81.1, 0.0, 52.2, 0.0]
12:[149.8, 0.0, 81.1, 0.0, 52.2, 0.0]
13:[0.0, 149.8, 0.0, 81.1, 0.0, 52.2]

0: -26.1|27.4|79.7
1: 5.0|60.7|117.7
2: -13.8|16.7|50.8
3: 7.5|44.0|84.3
4: -12.6|29.5|70.7
5: 25.0|72.2|119.1

red_blue
1:[0.0, 247.4, 0.0, 162.8, 0.0, 92.1]
2:[9.0, 238.4, 6.4, 156.4, 3.8, 88.3]
3:[13.6, 233.8, 8.4, 154.4, 4.5, 87.6]
4:[13.6, 233.8, 8.4, 154.4, 4.5, 87.6]
5:[247.4, 0.0, 162.8, 0.0, 92.1, 0.0]
6:[206.9, 40.5, 135.5, 27.3, 76.4, 15.7]
7:[186.9, 60.5, 121.4, 41.4, 68.4, 23.7]
8:[167.5, 79.9, 106.5, 56.3, 57.8, 34.3]
9:[115.0, 132.4, 68.1, 94.7, 32.1, 60.0]
10:[64.0, 183.4, 35.5, 127.3, 16.9, 75.2]
11:[51.4, 196.0, 27.4, 135.4, 13.0, 79.1]
12:[24.3, 223.1, 11.3, 151.5, 3.3, 88.8]
13:[11.7, 235.7, 5.7, 157.1, 1.4, 90.7]
14:[0.0, 247.4, 0.0, 162.8, 0.0, 92.1]

0: -20.3|35.7|96.3
1: 19.9|76.2|130.2
2: -15.0|16.2|48.1
3: 5.6|41.7|76.5
4: -10.9|43.2|102.9
5: -18.0|50.4|119.9


