30
less5
400_4___1__    15   0  [0, 2, 0, 0, 0, 0, 0, 3, 2, 2, 1, 2, 0, 1, 1]  (3, 9)
400_5___1__    14   0  [0, 2, 0, 0, 0, 0, 4, 2, 2, 1, 2, 0, 1, 1]  (3, 12)
600_4___1__    14   0  [0, 0, 0, 0, 0, 0, 2, 1, 4, 2, 1, 3, 1, 1]  (2, 3)
400_3___1__    13   0  [1, 1, 0, 0, 0, 0, 7, 2, 1, 2, 0, 1, 1]  (3, 3)
600_5___1__    13   0  [0, 1, 0, 0, 0, 6, 2, 2, 1, 2, 0, 1, 1]  (3, 4)
1000_2___1__    12   0  [1, 1, 0, 0, 9, 2, 1, 1, 1, 1, 0, 0]  (3, 4)
1000_3___1__    12   0  [0, 0, 1, 0, 0, 9, 2, 1, 1, 1, 1, 1]  (3, 5)
1000_4___1__    12   0  [0, 0, 1, 0, 0, 0, 8, 2, 1, 3, 1, 1]  (3, 7)
400_2___1__    11   0  [3, 0, 0, 6, 2, 2, 1, 2, 0, 1, 1]  (3, 3)
600_3___1__    11   0  [1, 1, 0, 0, 0, 8, 2, 1, 3, 1, 1]  (1, 3)
1000_1___1__    11   0  [1, 2, 0, 4, 4, 2, 1, 1, 1, 1, 1]  (3, 3)
1000_5___1__    11   0  [0, 2, 0, 0, 0, 8, 2, 1, 3, 1, 1]  (3, 10)
400_1___1__    10   0  [3, 0, 0, 6, 5, 1, 2, 0, 1, 1]  (1, 3)
600_2___1__    10   0  [1, 1, 0, 0, 9, 2, 1, 3, 1, 1]  (2, 3)
600_1___1__    8   0  [1, 1, 0, 0, 4, 7, 1, 7]  (3, 3)
part_in:(1, 12), all_in:(3, 3), all_out:(1, 12)
less8
400_5___2__    15   1  [2, 2, 0, 0, 1, 1, 1, 0, 0, 2, 1, 0, 1, 1, 1]  (6, 9)
1000_3___2__    14   1  [3, 1, 0, 0, 1, 3, 0, 0, 2, 0, 0, 1, 2, 1]  (9, 10)
400_2___2__    13   1  [1, 1, 1, 0, 2, 3, 0, 0, 3, 0, 2, 1, 1]  (9, 9)
400_4___2__    13   1  [0, 4, 0, 0, 1, 1, 1, 0, 0, 4, 2, 1, 1]  (7, 9)
600_3___2__    13   1  [2, 0, 1, 0, 0, 1, 3, 0, 0, 3, 0, 2, 3]  (9, 11)
1000_4___2__    13   1  [5, 1, 1, 3, 0, 0, 2, 0, 0, 1, 0, 1, 1]  (8, 9)
400_3___2__    12   1  [3, 1, 0, 0, 1, 3, 0, 0, 4, 2, 1, 1]  (9, 12)
600_2___2__    12   1  [3, 1, 0, 2, 3, 0, 0, 2, 0, 0, 4, 1]  (8, 9)
600_4___2__    12   5  [0, 0, 0, 0, 1, 3, 0, 0, 3, 0, 2, 3]  (9, 9)
1000_1___2__    12   1  [3, 1, 3, 3, 0, 0, 2, 0, 0, 1, 2, 1]  (9, 10)
1000_2___2__    12   1  [3, 1, 3, 3, 0, 0, 2, 0, 0, 1, 0, 3]  (9, 10)
1000_5___2__    12   7  [0, 0, 1, 3, 0, 0, 3, 0, 1, 0, 1, 1]  (6, 9)
600_5___2__    11   5  [0, 0, 1, 1, 3, 0, 0, 3, 0, 0, 5]  (8, 9)
600_1___2__    10   5  [0, 0, 1, 1, 3, 0, 0, 3, 0, 6]  (8, 9)
400_1___2__    8   3  [3, 7, 0, 0, 3, 0, 4, 1]  (9, 11)
part_in:(6, 12), all_in:(9, 9), all_out:(6, 12)
less9
600_3___3__    11   2  [1, 0, 0, 0, 1, 2, 3, 2, 4, 0, 3]  (13, 14)
1000_3___3__    11   1  [2, 0, 0, 0, 4, 3, 2, 3, 1, 1, 1]  (13, 14)
400_4___3__    10   4  [0, 0, 0, 1, 2, 3, 2, 5, 1, 1]  (9, 14)
600_5___3__    10   4  [0, 0, 0, 1, 2, 3, 2, 4, 0, 3]  (10, 14)
1000_1___3__    10   4  [0, 0, 0, 4, 3, 2, 3, 1, 1, 1]  (13, 14)
1000_4___3__    10   4  [0, 0, 0, 4, 3, 2, 3, 1, 1, 1]  (9, 14)
400_2___3__    9   4  [0, 0, 0, 4, 3, 2, 5, 1, 1]  (11, 14)
400_3___3__    9   4  [0, 0, 0, 4, 3, 2, 5, 1, 1]  (10, 14)
400_5___3__    9   4  [0, 0, 0, 1, 2, 3, 2, 5, 3]  (8, 14)
600_2___3__    9   4  [0, 0, 0, 4, 3, 2, 5, 1, 1]  (13, 14)
1000_2___3__    9   4  [1, 0, 4, 3, 2, 3, 1, 1, 1]  (13, 14)
1000_5___3__    9   1  [2, 0, 0, 0, 8, 2, 5, 1, 1]  (8, 14)
600_4___3__    8   4  [0, 0, 0, 1, 6, 2, 5, 3]  (11, 14)
400_1___3__    7   4  [1, 0, 8, 2, 5, 1, 1]  (13, 14)
600_1___3__    6   4  [0, 0, 0, 8, 2, 9]  (14, 14)
part_in:(8, 12), all_in:(13, 14), all_out:(8, 14)
less10
400_4___4__    17   2  [0, 1, 0, 1, 0, 0, 0, 0, 0, 1, 0, 0, 1, 1, 3, 1, 1]  (4, 8)
400_3___4__    16   2  [0, 1, 2, 0, 0, 0, 0, 0, 1, 0, 0, 1, 1, 3, 1, 1]  (2, 8)
400_5___4__    16   2  [0, 1, 0, 1, 0, 0, 1, 0, 1, 0, 0, 1, 0, 0, 5, 1]  (3, 8)
600_4___4__    16   2  [0, 1, 0, 2, 0, 0, 0, 1, 0, 0, 0, 1, 5, 1, 0, 0]  (4, 8)
600_5___4__    16   2  [0, 1, 0, 2, 0, 0, 0, 0, 0, 0, 0, 0, 1, 5, 1, 1]  (3, 8)
1000_3___4__    16   2  [0, 1, 4, 0, 0, 0, 1, 0, 0, 1, 0, 0, 3, 0, 0, 1]  (5, 8)
600_2___4__    15   2  [0, 1, 3, 0, 0, 0, 0, 0, 0, 0, 0, 1, 5, 1, 1]  (3, 8)
600_3___4__    15   2  [0, 1, 0, 2, 0, 0, 0, 1, 0, 0, 0, 1, 5, 1, 1]  (3, 8)
1000_4___4__    15   2  [0, 1, 4, 0, 0, 2, 0, 0, 1, 0, 0, 3, 1, 0, 0]  (4, 8)
600_1___4__    13   2  [0, 1, 3, 0, 0, 0, 0, 0, 1, 0, 1, 7, 1]  (5, 8)
1000_2___4__    13   2  [0, 1, 4, 0, 1, 1, 0, 0, 1, 0, 2, 3, 1]  (5, 8)
1000_5___4__    13   2  [0, 1, 0, 3, 0, 0, 0, 1, 0, 0, 1, 1, 7]  (3, 8)
400_1___4__    12   2  [0, 1, 4, 1, 0, 0, 1, 0, 1, 6, 0, 1]  (4, 8)
400_2___4__    12   2  [0, 1, 4, 1, 0, 1, 0, 0, 1, 5, 1, 1]  (4, 8)
1000_1___4__    11   2  [0, 1, 4, 0, 0, 0, 2, 0, 1, 7, 1]  (6, 8)
part_in:(2, 4), all_in:(5, 8), all_out:(2, 8)
row1
400_5___5__    17   0  [0, 0, 0, 1, 0, 0, 0, 3, 0, 1, 1, 4, 1, 0, 0, 0, 1]  (1, 3)
400_4___5__    15   0  [0, 1, 1, 0, 0, 0, 3, 0, 1, 6, 1, 0, 0, 0, 1]  (1, 3)
600_5___5__    14   0  [0, 1, 1, 0, 0, 0, 0, 5, 6, 1, 0, 1, 0, 0]  (0, 1)
1000_2___5__    14   0  [0, 1, 1, 0, 0, 0, 6, 6, 0, 0, 0, 1, 0, 0]  (1, 1)
400_2___5__    13   0  [0, 1, 1, 0, 0, 0, 3, 2, 6, 1, 0, 1, 1]  (1, 1)
400_3___5__    13   0  [0, 1, 1, 0, 0, 0, 3, 2, 6, 1, 0, 1, 1]  (1, 1)
600_2___5__    13   1  [1, 1, 0, 0, 0, 6, 3, 2, 0, 0, 0, 1, 1]  (0, 1)
600_4___5__    13   0  [0, 1, 1, 0, 0, 0, 0, 12, 1, 0, 1, 0, 0]  (0, 1)
1000_3___5__    13   0  [0, 1, 1, 0, 0, 0, 6, 6, 1, 0, 1, 0, 0]  (1, 2)
1000_5___5__    13   0  [0, 1, 1, 0, 0, 0, 6, 6, 1, 0, 1, 0, 0]  (1, 3)
400_1___5__    12   0  [0, 1, 1, 0, 0, 0, 6, 6, 1, 0, 1, 1]  (1, 1)
600_1___5__    12   1  [1, 1, 0, 0, 0, 6, 6, 0, 0, 0, 1, 1]  (0, 1)
600_3___5__    12   1  [1, 1, 0, 0, 0, 0, 5, 6, 1, 0, 1, 1]  (0, 1)
1000_4___5__    12   0  [0, 1, 1, 0, 0, 0, 13, 1, 0, 1, 0, 0]  (1, 2)
1000_1___5__    11   1  [1, 1, 0, 0, 0, 6, 6, 1, 0, 1, 1]  (1, 1)
part_in:(0, 3), all_in:(1, 1), all_out:(0, 3)
row2
400_4___6__    11   3  [1, 0, 1, 5, 0, 3, 0, 0, 4, 0, 1]  (15, 25)
600_1___6__    11   3  [0, 0, 2, 5, 0, 3, 0, 0, 1, 2, 2]  (15, 23)
600_3___6__    11   3  [1, 2, 5, 0, 3, 0, 0, 1, 1, 0, 2]  (15, 31)
600_5___6__    11   3  [1, 0, 1, 10, 0, 0, 1, 1, 0, 0, 1]  (15, 29)
1000_5___6__    11   2  [1, 1, 1, 2, 3, 3, 0, 0, 4, 0, 1]  (15, 28)
400_2___6__    10   3  [3, 0, 5, 0, 3, 0, 0, 4, 0, 1]  (15, 22)
400_3___6__    10   3  [1, 2, 3, 2, 3, 0, 0, 4, 0, 1]  (15, 25)
400_5___6__    10   2  [0, 1, 2, 6, 3, 0, 0, 4, 0, 1]  (15, 27)
600_2___6__    10   3  [4, 5, 0, 3, 0, 0, 1, 2, 0, 1]  (15, 32)
600_4___6__    10   3  [1, 0, 1, 11, 0, 1, 1, 0, 0, 1]  (15, 27)
1000_2___6__    9   7  [0, 6, 3, 0, 0, 1, 2, 0, 1]  (15, 22)
1000_3___6__    9   5  [2, 6, 3, 0, 0, 1, 2, 0, 1]  (15, 22)
1000_4___6__    8   2  [1, 3, 6, 4, 0, 4, 0, 1]  (15, 25)
400_1___6__    6   3  [10, 0, 3, 0, 0, 7]  (15, 21)
1000_1___6__    6   15  [3, 0, 0, 1, 3, 1]  (15, 19)
part_in:(22, 32), all_in:(15, 21), all_out:(15, 32)
row3
600_5___7__    14   0  [1, 0, 1, 0, 1, 0, 6, 2, 2, 0, 1, 0, 0, 1]  (18, 31)
1000_3___7__    13   0  [1, 0, 0, 0, 2, 0, 6, 2, 2, 0, 2, 0, 1]  (23, 31)
600_3___7__    11   0  [2, 1, 2, 0, 5, 0, 2, 3, 1, 0, 2]  (16, 31)
600_4___7__    11   0  [2, 1, 0, 1, 0, 6, 6, 1, 0, 0, 1]  (20, 31)
1000_4___7__    11   0  [1, 0, 0, 0, 2, 0, 5, 0, 9, 0, 1]  (20, 31)
400_3___7__    10   0  [2, 1, 2, 0, 2, 6, 3, 2, 0, 1]  (21, 31)
400_5___7__    10   0  [1, 0, 0, 0, 2, 0, 9, 6, 0, 1]  (18, 31)
600_2___7__    10   0  [2, 1, 2, 7, 2, 3, 1, 0, 0, 1]  (15, 31)
1000_2___7__    10   0  [2, 1, 2, 7, 2, 2, 0, 2, 0, 1]  (24, 31)
1000_5___7__    10   0  [1, 0, 0, 3, 0, 5, 0, 9, 0, 1]  (17, 31)
400_1___7__    9   0  [1, 0, 5, 5, 3, 2, 3, 0, 1]  (25, 31)
400_4___7__    9   0  [2, 1, 0, 1, 0, 6, 9, 0, 1]  (20, 31)
1000_1___7__    9   0  [2, 5, 5, 0, 3, 2, 2, 0, 1]  (26, 31)
400_2___7__    8   0  [2, 1, 3, 9, 3, 2, 0, 1]  (24, 31)
600_1___7__    8   0  [2, 0, 0, 3, 9, 3, 2, 2]  (23, 31)
part_in:(15, 25), all_in:(26, 31), all_out:(15, 31)
row4
600_5___8__    18   0  [1, 1, 0, 1, 1, 1, 1, 0, 0, 0, 1, 1, 0, 0, 0, 1, 1, 1]  (1, 3)
600_4___8__    17   0  [2, 0, 0, 1, 1, 1, 1, 0, 0, 0, 1, 1, 1, 0, 1, 1, 1]  (2, 3)
400_4___8__    15   0  [1, 0, 1, 1, 1, 1, 2, 0, 0, 1, 1, 1, 0, 3, 1]  (0, 3)
600_3___8__    15   0  [2, 0, 0, 1, 3, 2, 0, 0, 1, 1, 1, 0, 1, 1, 1]  (1, 3)
600_1___8__    14   0  [3, 0, 5, 1, 0, 0, 0, 1, 0, 0, 2, 1, 1, 1]  (3, 3)
600_2___8__    14   0  [2, 0, 0, 1, 3, 1, 0, 0, 0, 3, 2, 1, 1, 1]  (2, 3)
1000_3___8__    14   0  [4, 1, 1, 1, 1, 0, 0, 0, 1, 1, 1, 0, 3, 1]  (1, 3)
400_3___8__    13   0  [1, 2, 1, 1, 1, 2, 0, 0, 1, 1, 1, 4, 1]  (1, 3)
400_5___8__    12   0  [4, 1, 1, 1, 3, 0, 1, 1, 0, 1, 3, 1]  (0, 3)
1000_4___8__    12   0  [6, 1, 1, 2, 0, 0, 1, 1, 1, 2, 1, 1]  (1, 3)
1000_1___8__    11   0  [6, 3, 1, 0, 0, 2, 1, 0, 1, 3, 1]  (1, 3)
1000_2___8__    11   0  [6, 3, 1, 0, 0, 2, 1, 1, 0, 3, 1]  (1, 3)
400_1___8__    10   0  [4, 1, 3, 2, 0, 4, 0, 3, 1, 1]  (1, 3)
400_2___8__    10   0  [4, 1, 3, 2, 0, 4, 0, 0, 4, 1]  (1, 3)
1000_5___8__    10   0  [0, 7, 1, 2, 0, 0, 1, 1, 6, 1]  (0, 3)
part_in:(0, 1), all_in:(2, 3), all_out:(0, 3)
sum16
1000_3___9__    15   1  [0, 2, 1, 0, 1, 0, 1, 0, 1, 2, 0, 0, 5, 0, 0]  (37, 40)
400_4___9__    14   0  [0, 0, 0, 1, 1, 0, 1, 5, 2, 1, 1, 3, 0, 0]  (37, 40)
600_5___9__    14   2  [0, 1, 1, 0, 1, 4, 0, 2, 1, 1, 1, 1, 0, 0]  (37, 40)
1000_4___9__    14   1  [0, 0, 1, 2, 1, 0, 2, 1, 2, 1, 1, 3, 0, 0]  (40, 42)
1000_5___9__    13   1  [0, 0, 4, 1, 0, 2, 1, 2, 1, 1, 3, 0, 0]  (40, 42)
600_3___9__    12   2  [0, 3, 0, 2, 2, 1, 2, 1, 1, 3, 0, 0]  (36, 40)
600_4___9__    12   2  [0, 1, 2, 1, 0, 4, 2, 1, 1, 3, 0, 0]  (37, 40)
400_5___9__    11   0  [1, 0, 1, 2, 1, 5, 2, 1, 5, 0, 0]  (36, 40)
400_3___9__    9   2  [0, 3, 0, 7, 2, 1, 5, 0, 0]  (32, 40)
1000_1___9__    8   3  [1, 2, 1, 0, 4, 2, 7, 1]  (38, 40)
1000_2___9__    8   1  [5, 0, 1, 0, 4, 2, 8, 0]  (38, 40)
400_2___9__    7   0  [6, 0, 7, 2, 1, 6, 0]  (34, 40)
600_2___9__    7   3  [4, 7, 2, 1, 1, 4, 0]  (36, 40)
600_1___9__    6   8  [1, 0, 4, 6, 2, 2]  (37, 40)
400_1___9__    5   8  [7, 2, 1, 5, 1]  (34, 40)
part_in:(32, 42), all_in:(40, 40), all_out:(32, 42)
gap16
400_5___10__    11   0  [0, 7, 0, 4, 0, 2, 0, 0, 4, 0, 1]  (22, 26)
600_4___10__    11   0  [0, 7, 0, 2, 2, 2, 1, 1, 2, 0, 1]  (22, 22)
400_4___10__    10   0  [0, 7, 0, 4, 0, 2, 0, 5, 0, 1]  (22, 27)
1000_3___10__    10   0  [0, 7, 0, 2, 1, 3, 1, 4, 0, 1]  (18, 22)
600_3___10__    9   0  [8, 0, 2, 2, 2, 3, 2, 0, 1]  (21, 22)
1000_4___10__    9   0  [0, 7, 0, 8, 1, 1, 2, 0, 1]  (22, 22)
400_1___10__    8   1  [7, 0, 5, 1, 0, 6, 0, 1]  (22, 25)
400_3___10__    8   1  [7, 0, 5, 2, 1, 4, 0, 1]  (22, 24)
600_2___10__    8   1  [8, 2, 2, 2, 1, 1, 3, 1]  (20, 22)
1000_1___10__    8   0  [0, 7, 0, 5, 2, 3, 3, 1]  (20, 22)
400_2___10__    7   0  [0, 7, 0, 5, 2, 7, 1]  (22, 25)
600_5___10__    7   1  [7, 0, 5, 2, 6, 0, 1]  (21, 22)
1000_2___10__    7   0  [0, 8, 5, 2, 0, 6, 1]  (19, 22)
1000_5___10__    7   0  [0, 7, 0, 5, 9, 0, 1]  (21, 22)
600_1___10__    6   1  [8, 2, 5, 3, 3, 1]  (22, 22)
part_in:(18, 27), all_in:(22, 22), all_out:(18, 27)
sum25
1000_3___11__    15   2  [1, 0, 1, 4, 0, 2, 0, 0, 3, 0, 0, 1, 0, 0, 0]  (36, 45)
1000_4___11__    13   1  [0, 1, 0, 6, 0, 2, 0, 4, 0, 2, 0, 0, 0]  (44, 45)
400_5___11__    12   2  [2, 1, 3, 1, 2, 0, 4, 0, 2, 0, 0, 0]  (33, 45)
400_4___11__    11   2  [2, 1, 5, 2, 0, 4, 0, 2, 0, 0, 0]  (34, 45)
1000_5___11__    11   2  [1, 0, 4, 1, 4, 4, 0, 2, 0, 0, 0]  (45, 45)
600_4___11__    10   2  [2, 1, 5, 2, 5, 0, 2, 0, 0, 0]  (37, 45)
600_5___11__    10   2  [2, 1, 5, 2, 5, 0, 2, 0, 0, 0]  (36, 45)
1000_2___11__    10   1  [0, 1, 0, 6, 0, 2, 5, 3, 1, 0]  (38, 45)
400_3___11__    9   2  [2, 7, 3, 4, 1, 1, 0, 0, 0]  (29, 45)
600_3___11__    9   2  [1, 0, 7, 8, 0, 2, 0, 0, 0]  (35, 45)
1000_1___11__    9   2  [2, 5, 0, 0, 2, 5, 4, 0, 0]  (39, 45)
600_2___11__    8   2  [1, 0, 7, 8, 0, 2, 1, 0]  (35, 45)
400_2___11__    7   2  [10, 8, 1, 1, 0, 0, 0]  (32, 45)
600_1___11__    7   2  [2, 7, 2, 5, 0, 4, 0]  (39, 45)
400_1___11__    6   5  [7, 8, 3, 0, 0, 0]  (33, 45)
part_in:(29, 43), all_in:(44, 45), all_out:(29, 45)
gap25
1000_1___12__    11   0  [0, 3, 6, 1, 0, 3, 0, 2, 0, 2, 1]  (13, 13)
1000_2___12__    9   1  [10, 2, 1, 1, 0, 2, 0, 2, 1]  (12, 13)
600_3___12__    8   0  [4, 3, 2, 2, 6, 0, 3, 1]  (13, 15)
1000_4___12__    8   1  [3, 3, 2, 2, 4, 3, 2, 1]  (13, 14)
400_1___12__    7   0  [0, 7, 2, 5, 3, 4, 1]  (13, 18)
400_2___12__    7   0  [0, 10, 7, 1, 1, 2, 1]  (13, 16)
400_5___12__    7   0  [8, 2, 5, 1, 0, 5, 1]  (13, 17)
600_4___12__    7   5  [3, 2, 2, 6, 0, 3, 1]  (13, 15)
600_5___12__    7   0  [0, 7, 2, 2, 4, 6, 1]  (13, 15)
1000_3___12__    7   1  [7, 2, 2, 4, 3, 2, 1]  (11, 13)
400_3___12__    6   8  [0, 10, 1, 1, 2, 1]  (13, 20)
400_4___12__    6   1  [7, 2, 5, 1, 6, 1]  (13, 20)
600_1___12__    6   1  [3, 6, 1, 0, 7, 5]  (13, 15)
1000_5___12__    6   9  [2, 2, 4, 3, 2, 1]  (13, 13)
600_2___12__    5   12  [1, 0, 7, 0, 4]  (13, 13)
part_in:(11, 20), all_in:(13, 13), all_out:(11, 20)
sum34
1000_3___13__    14   1  [0, 1, 2, 0, 2, 0, 3, 3, 1, 0, 0, 1, 0, 1]  (34, 41)
1000_4___13__    12   1  [0, 1, 3, 2, 0, 3, 3, 1, 0, 2, 0, 1]  (41, 42)
400_3___13__    11   1  [0, 1, 2, 0, 7, 3, 1, 0, 2, 0, 1]  (27, 41)
400_5___13__    11   0  [0, 0, 4, 0, 7, 3, 1, 0, 2, 0, 1]  (33, 41)
400_4___13__    10   1  [0, 4, 0, 7, 3, 1, 0, 2, 0, 1]  (33, 41)
600_3___13__    10   2  [1, 2, 0, 7, 3, 1, 0, 2, 0, 1]  (30, 41)
600_5___13__    10   0  [1, 4, 0, 7, 5, 0, 1, 0, 0, 1]  (31, 41)
1000_5___13__    10   1  [0, 5, 2, 4, 3, 1, 0, 2, 0, 1]  (41, 43)
600_4___13__    9   2  [4, 0, 7, 3, 1, 0, 2, 0, 1]  (32, 41)
1000_2___13__    9   1  [2, 2, 0, 2, 0, 3, 3, 2, 5]  (34, 41)
600_2___13__    8   2  [1, 2, 0, 7, 3, 2, 2, 2]  (31, 41)
1000_1___13__    8   4  [3, 2, 4, 3, 2, 1, 1, 1]  (35, 41)
400_1___13__    6   8  [7, 3, 2, 0, 2, 1]  (31, 41)
400_2___13__    5   7  [0, 7, 3, 5, 2]  (31, 41)
600_1___13__    4   2  [5, 7, 6, 5]  (35, 41)
part_in:(27, 43), all_in:(41, 41), all_out:(27, 43)
gap12
400_4___14__    13   1  [0, 2, 0, 4, 0, 3, 0, 1, 4, 0, 1, 0, 0]  (2, 7)
400_3___14__    12   1  [0, 2, 0, 4, 0, 3, 0, 6, 0, 1, 0, 0]  (1, 7)
400_5___14__    12   1  [0, 2, 0, 4, 0, 3, 0, 6, 0, 1, 0, 0]  (2, 7)
600_5___14__    12   1  [0, 2, 0, 5, 0, 2, 0, 1, 5, 1, 0, 0]  (2, 7)
400_1___14__    11   5  [0, 4, 0, 3, 0, 1, 4, 0, 1, 0, 0]  (3, 7)
400_2___14__    11   2  [2, 0, 4, 0, 3, 0, 6, 0, 1, 0, 0]  (3, 7)
600_3___14__    11   2  [3, 5, 0, 2, 0, 1, 2, 2, 1, 0, 0]  (2, 7)
600_4___14__    11   1  [0, 2, 0, 5, 3, 0, 1, 5, 1, 0, 0]  (3, 7)
1000_1___14__    11   0  [1, 2, 0, 4, 0, 3, 0, 6, 0, 2, 0]  (3, 7)
1000_3___14__    11   1  [0, 2, 0, 5, 3, 2, 4, 0, 1, 0, 0]  (3, 7)
1000_4___14__    11   1  [0, 2, 0, 5, 3, 4, 2, 0, 1, 0, 0]  (4, 7)
1000_5___14__    11   1  [0, 2, 0, 5, 3, 2, 4, 0, 1, 0, 0]  (5, 7)
600_2___14__    9   2  [3, 5, 3, 0, 1, 4, 0, 2, 0]  (2, 7)
1000_2___14__    9   1  [0, 3, 5, 3, 2, 4, 0, 2, 0]  (3, 7)
600_1___14__    8   2  [3, 5, 3, 0, 1, 5, 2, 0]  (4, 7)
part_in:(1, 4), all_in:(5, 7), all_out:(1, 7)
gap23
1000_4___15__    14   3  [0, 0, 2, 1, 0, 0, 2, 0, 3, 1, 1, 0, 2, 0]  (1, 2)
400_5___15__    13   3  [0, 0, 2, 1, 1, 2, 0, 2, 0, 3, 0, 2, 0]  (1, 3)
1000_5___15__    13   3  [0, 0, 2, 1, 0, 3, 0, 3, 1, 1, 0, 2, 0]  (1, 2)
400_3___15__    11   0  [2, 0, 0, 2, 3, 2, 0, 3, 3, 0, 3]  (1, 4)
400_4___15__    11   3  [0, 0, 2, 1, 1, 2, 0, 3, 3, 0, 3]  (1, 4)
1000_1___15__    11   1  [2, 0, 4, 0, 3, 0, 3, 3, 0, 1, 1]  (1, 1)
1000_3___15__    11   3  [0, 3, 1, 0, 0, 2, 0, 3, 3, 0, 3]  (1, 2)
600_4___15__    10   4  [0, 4, 0, 3, 0, 2, 0, 1, 2, 3]  (1, 2)
1000_2___15__    10   4  [0, 4, 0, 0, 2, 0, 3, 3, 0, 3]  (0, 1)
600_3___15__    9   4  [0, 6, 2, 0, 2, 0, 1, 2, 3]  (1, 2)
400_1___15__    8   4  [0, 9, 0, 3, 3, 0, 1, 1]  (1, 2)
400_2___15__    8   5  [2, 3, 2, 0, 3, 3, 0, 3]  (1, 3)
600_5___15__    8   3  [0, 0, 4, 5, 3, 1, 2, 3]  (1, 1)
600_1___15__    7   4  [0, 6, 3, 3, 4, 1, 1]  (1, 2)
600_2___15__    5   4  [0, 10, 3, 4, 3]  (1, 2)
part_in:(0, 4), all_in:(1, 1), all_out:(0, 4)
gap34
600_5___16__    15   0  [0, 0, 0, 0, 5, 2, 0, 0, 5, 0, 0, 0, 1, 0, 1]  (7, 7)
1000_2___16__    15   0  [1, 0, 0, 3, 1, 2, 0, 0, 1, 3, 0, 1, 1, 0, 1]  (6, 7)
1000_5___16__    15   1  [0, 0, 0, 3, 1, 2, 0, 2, 3, 0, 0, 0, 1, 0, 1]  (5, 7)
400_4___16__    14   1  [0, 0, 0, 4, 0, 1, 0, 0, 6, 0, 2, 0, 0, 1]  (7, 9)
600_4___16__    14   0  [0, 0, 0, 0, 3, 1, 3, 0, 5, 0, 1, 1, 0, 1]  (7, 7)
400_3___16__    13   0  [0, 0, 0, 0, 7, 0, 0, 6, 0, 2, 0, 0, 1]  (7, 9)
400_5___16__    13   1  [0, 0, 0, 5, 1, 0, 0, 6, 0, 1, 1, 0, 1]  (7, 9)
600_2___16__    13   0  [0, 0, 0, 0, 5, 4, 2, 2, 0, 1, 1, 0, 1]  (4, 7)
600_3___16__    13   0  [0, 0, 0, 0, 5, 3, 0, 5, 0, 1, 1, 0, 1]  (5, 7)
400_2___16__    12   1  [0, 0, 0, 3, 4, 0, 6, 0, 2, 0, 0, 1]  (7, 9)
600_1___16__    12   1  [0, 0, 0, 3, 1, 4, 2, 2, 0, 1, 2, 1]  (7, 7)
1000_3___16__    12   0  [1, 0, 0, 3, 1, 3, 6, 0, 1, 1, 0, 1]  (4, 7)
1000_4___16__    12   0  [1, 0, 0, 3, 1, 3, 6, 0, 1, 1, 0, 1]  (6, 7)
400_1___16__    11   2  [0, 0, 3, 1, 2, 0, 6, 0, 3, 0, 1]  (7, 10)
1000_1___16__    11   2  [0, 0, 3, 1, 3, 6, 0, 1, 0, 1, 1]  (6, 7)
part_in:(4, 9), all_in:(7, 7), all_out:(4, 9)
gap45
400_1___17__    15   0  [0, 1, 0, 1, 1, 2, 0, 0, 1, 2, 3, 1, 1, 1, 0]  (5, 5)
600_1___17__    15   0  [0, 2, 1, 1, 2, 0, 0, 1, 2, 3, 0, 0, 1, 1, 0]  (5, 6)
1000_1___17__    15   0  [0, 1, 0, 0, 0, 1, 3, 0, 1, 2, 3, 0, 0, 3, 0]  (5, 5)
1000_2___17__    15   0  [0, 1, 0, 1, 1, 3, 0, 0, 0, 2, 3, 0, 0, 3, 0]  (5, 5)
400_3___17__    14   0  [2, 0, 1, 1, 2, 1, 1, 2, 3, 0, 0, 2, 0, 0]  (5, 6)
600_2___17__    14   0  [0, 2, 1, 1, 2, 0, 0, 1, 2, 3, 0, 0, 3, 0]  (5, 6)
600_4___17__    14   0  [3, 1, 1, 2, 0, 0, 1, 2, 3, 0, 0, 2, 0, 0]  (5, 6)
400_2___17__    13   0  [2, 0, 1, 1, 2, 0, 0, 1, 2, 3, 1, 3, 0]  (4, 5)
400_4___17__    13   0  [2, 0, 1, 1, 3, 0, 1, 2, 3, 1, 2, 0, 0]  (5, 5)
600_5___17__    13   0  [3, 1, 1, 2, 0, 0, 1, 2, 3, 0, 0, 3, 0]  (5, 6)
1000_3___17__    13   0  [3, 1, 1, 3, 0, 0, 0, 2, 3, 1, 2, 0, 0]  (4, 5)
600_3___17__    12   0  [3, 1, 1, 2, 1, 1, 2, 3, 0, 0, 3, 0]  (5, 7)
1000_4___17__    12   4  [1, 1, 0, 2, 2, 2, 3, 1, 1, 0, 0, 0]  (5, 5)
400_5___17__    11   0  [3, 1, 1, 3, 0, 1, 2, 3, 4, 0, 0]  (4, 5)
1000_5___17__    11   4  [1, 1, 3, 0, 1, 2, 3, 3, 0, 0, 0]  (5, 5)
part_in:(4, 7), all_in:(5, 5), all_out:(4, 7)
gap56
600_5___18__    16   2  [0, 0, 1, 1, 0, 0, 0, 0, 0, 0, 0, 0, 6, 1, 0, 2]  (2, 3)
400_4___18__    15   0  [1, 0, 0, 3, 0, 1, 0, 0, 0, 0, 0, 6, 1, 2, 0]  (2, 5)
400_5___18__    15   2  [0, 0, 3, 0, 1, 0, 0, 0, 0, 0, 6, 1, 0, 1, 0]  (2, 6)
1000_5___18__    15   0  [1, 1, 1, 2, 1, 0, 0, 0, 0, 0, 2, 3, 1, 0, 2]  (2, 2)
400_3___18__    14   2  [1, 1, 1, 0, 1, 0, 0, 0, 0, 0, 6, 1, 2, 0]  (2, 3)
600_4___18__    14   0  [1, 0, 0, 3, 0, 1, 0, 0, 0, 0, 0, 6, 1, 3]  (2, 3)
1000_3___18__    14   0  [1, 1, 4, 1, 0, 0, 0, 0, 0, 3, 2, 1, 2, 0]  (2, 3)
1000_4___18__    14   0  [1, 1, 1, 2, 1, 0, 0, 0, 0, 0, 2, 3, 1, 3]  (2, 2)
600_3___18__    13   2  [1, 1, 2, 2, 0, 0, 0, 0, 5, 0, 1, 0, 2]  (2, 3)
1000_2___18__    13   0  [1, 1, 2, 1, 1, 0, 0, 0, 0, 0, 6, 1, 3]  (2, 3)
400_2___18__    11   2  [4, 1, 1, 0, 0, 0, 0, 0, 6, 1, 3]  (2, 5)
400_1___18__    10   2  [6, 1, 0, 0, 0, 0, 0, 6, 1, 3]  (2, 3)
600_1___18__    10   2  [6, 1, 0, 0, 0, 0, 0, 6, 1, 3]  (2, 2)
1000_1___18__    10   2  [6, 1, 0, 0, 0, 0, 0, 6, 1, 3]  (2, 3)
600_2___18__    9   2  [6, 2, 0, 0, 0, 0, 6, 1, 3]  (2, 4)
part_in:(4, 6), all_in:(2, 3), all_out:(2, 6)
ball
1000_3___19__    14   0  [4, 1, 0, 0, 2, 3, 1, 1, 2, 1, 0, 0, 0, 0]  (3, 3)
600_4___19__    13   0  [1, 2, 0, 1, 0, 2, 3, 1, 1, 4, 1, 0, 0]  (2, 3)
400_4___19__    12   0  [1, 3, 0, 0, 0, 2, 3, 1, 6, 1, 0, 0]  (3, 3)
600_5___19__    12   0  [1, 2, 0, 1, 0, 2, 3, 1, 1, 6, 0, 0]  (2, 3)
1000_4___19__    12   0  [1, 5, 0, 2, 2, 2, 1, 4, 0, 0, 0, 0]  (2, 3)
400_3___19__    11   0  [4, 2, 0, 2, 0, 2, 1, 6, 1, 0, 0]  (3, 3)
400_5___19__    11   0  [1, 3, 1, 0, 2, 0, 4, 0, 7, 0, 0]  (3, 3)
1000_2___19__    11   0  [8, 2, 3, 1, 1, 2, 1, 0, 0, 0, 0]  (3, 3)
1000_5___19__    11   0  [1, 5, 0, 2, 2, 2, 1, 5, 0, 0, 0]  (2, 3)
600_2___19__    10   0  [5, 2, 2, 5, 1, 3, 1, 0, 0, 0]  (3, 3)
600_3___19__    10   0  [5, 2, 2, 5, 1, 4, 0, 0, 0, 0]  (3, 3)
600_1___19__    9   0  [4, 0, 2, 2, 5, 1, 6, 0, 0]  (3, 3)
1000_1___19__    9   0  [5, 2, 2, 5, 1, 2, 3, 0, 0]  (3, 3)
400_1___19__    8   0  [8, 2, 2, 0, 1, 8, 0, 0]  (3, 4)
400_2___19__    8   0  [8, 2, 0, 4, 6, 1, 0, 0]  (3, 4)
part_in:(2, 1), all_in:(2, 3), all_out:(2, 3)
ball_column
1000_5___20__    10   0  [3, 2, 0, 4, 1, 0, 1, 3, 2, 3]  (8, 12)
1000_2___20__    9   0  [3, 1, 0, 0, 7, 1, 0, 5, 3]  (9, 12)
400_1___20__    8   0  [6, 0, 2, 3, 0, 1, 6, 3]  (12, 12)
600_5___20__    8   0  [3, 2, 5, 2, 1, 0, 5, 3]  (8, 12)
1000_3___20__    8   0  [3, 1, 1, 1, 4, 0, 8, 3]  (7, 12)
400_2___20__    7   0  [3, 3, 2, 4, 1, 6, 3]  (12, 13)
400_5___20__    7   0  [1, 1, 6, 1, 2, 8, 3]  (11, 12)
1000_1___20__    7   0  [7, 4, 1, 0, 1, 6, 3]  (9, 12)
600_2___20__    6   0  [3, 2, 10, 0, 5, 3]  (8, 12)
1000_4___20__    6   0  [3, 3, 7, 1, 6, 3]  (10, 12)
400_3___20__    5   0  [3, 3, 7, 8, 3]  (12, 12)
400_4___20__    5   0  [3, 6, 4, 8, 3]  (12, 13)
600_4___20__    5   0  [3, 11, 1, 6, 3]  (9, 12)
600_1___20__    4   0  [6, 10, 0, 9]  (10, 12)
600_3___20__    4   0  [3, 14, 5, 3]  (9, 12)
part_in:(7, 13), all_in:(12, 12), all_out:(7, 13)
blue_sort
400_4___21__    10   1  [1, 0, 4, 0, 3, 0, 2, 4, 4, 0]  (1, 4)
600_5___21__    10   1  [2, 4, 0, 3, 0, 7, 0, 1, 1, 0]  (0, 1)
600_4___21__    9   1  [2, 4, 0, 3, 0, 7, 2, 1, 0]  (0, 1)
400_5___21__    8   1  [2, 4, 0, 3, 0, 7, 4, 0]  (1, 4)
600_3___21__    8   1  [2, 4, 0, 3, 0, 10, 1, 0]  (1, 9)
1000_2___21__    8   1  [2, 5, 4, 2, 4, 2, 0, 1]  (1, 5)
1000_5___21__    8   1  [2, 4, 0, 4, 7, 2, 1, 0]  (1, 2)
600_2___21__    7   1  [2, 5, 3, 11, 0, 0, 0]  (1, 8)
1000_3___21__    7   1  [2, 4, 0, 4, 2, 4, 5]  (1, 9)
1000_4___21__    7   1  [2, 4, 0, 4, 7, 4, 0]  (1, 1)
600_1___21__    6   1  [2, 5, 3, 11, 1, 0]  (1, 4)
1000_1___21__    6   1  [2, 10, 2, 7, 0, 1]  (1, 5)
400_3___21__    5   1  [1, 0, 9, 8, 5]  (1, 10)
400_2___21__    4   1  [2, 9, 8, 5]  (1, 6)
400_1___21__    3   1  [2, 18, 5]  (1, 8)
part_in:(0, 10), all_in:(1, 1), all_out:(0, 10)
