
predict number: 1
('15_8&0%5_6&0%6_7&0%6_10&0%6_8&0%11_6&0%12_8&0%7_9&0%11_10&0', 5)
len:17 predict: [5, 6, 7, 8, 9, 10, 11, 13, 14, 15, 16, 17, 18, 19, 20, 21, 22]:

predict number: 2
('15_8&0%5_6&0%6_7&0%6_10&0%6_8&0%11_6&0%12_8&0%9_6&0%11_10&0', 5)
len:17 predict: [5, 6, 7, 8, 9, 10, 11, 12, 13, 15, 16, 17, 18, 19, 20, 21, 22]:

predict number: 3
('15_8&0%5_6&0%6_10&0%6_8&0%11_6&0%12_8&0%15_2&0%9_6&0%11_10&0', 5)
len:18 predict: [5, 6, 7, 8, 9, 10, 11, 12, 13, 14, 15, 16, 17, 19, 20, 21, 22, 23]:

predict number: 4
('15_8&0%5_6&0%6_10&0%6_8&0%11_6&0%12_8&0%18_8&1%9_6&0%11_10&0', 5)
len:16 predict: [5, 6, 7, 8, 9, 10, 11, 12, 13, 15, 16, 17, 19, 20, 21, 22]:

predict number: 5
('15_8&0%5_6&0%6_10&0%6_8&0%11_6&0%12_8&0%7_9&0%9_6&0%11_10&0', 5)
len:17 predict: [5, 6, 7, 8, 9, 10, 11, 12, 13, 14, 15, 16, 17, 19, 20, 21, 22]:

len:4 all-inter:[18, 12, 14, 23]
len:15 intersection:[5, 6, 7, 8, 9, 10, 11, 13, 15, 16, 17, 19, 20, 21, 22]

