30
red1
more
('2_2___1__', 15, 1, [0, 0, 1, 0, 1, 2, 1, 3, 1, 0, 1, 1, 2, 0, 0]) (4, 7)
('18_9___1__', 15, 2, [0, 1, 0, 4, 0, 1, 0, 1, 1, 0, 1, 1, 1, 1, 0]) (2, 7)
('21_1___1__', 15, 1, [0, 0, 0, 0, 0, 2, 0, 6, 1, 0, 1, 0, 0, 3, 0]) (6, 7)
('37_1___1__', 15, 1, [1, 0, 0, 0, 1, 0, 0, 0, 3, 3, 0, 3, 0, 2, 0]) (2, 7)
('48_1___1__', 15, 1, [0, 0, 0, 0, 0, 1, 2, 7, 0, 1, 1, 0, 1, 0, 0]) (4, 7)
('4_2___1__', 14, 1, [0, 0, 1, 0, 1, 2, 1, 1, 3, 0, 1, 1, 3, 0]) (4, 7)
('5_8___1__', 14, 2, [0, 1, 0, 2, 5, 1, 1, 0, 1, 0, 0, 2, 0, 0]) (5, 7)
('6_6___1__', 14, 2, [0, 1, 0, 1, 0, 1, 0, 1, 0, 4, 2, 0, 3, 0]) (2, 7)
('10_9___1__', 14, 2, [0, 1, 0, 0, 3, 3, 1, 1, 0, 1, 1, 1, 1, 0]) (4, 7)
('17_2___1__', 14, 1, [0, 0, 1, 0, 1, 2, 3, 3, 0, 1, 1, 2, 0, 0]) (4, 7)
less
('30_3___1__', 6, 3, [1, 0, 13, 3, 3, 0]) (3, 7)
('1_8___1__', 7, 2, [0, 1, 0, 5, 7, 3, 4]) (3, 7)
('20_3___1__', 7, 3, [1, 0, 13, 1, 1, 3, 0]) (2, 7)
('32_3___1__', 7, 3, [1, 0, 13, 1, 1, 3, 0]) (3, 7)
('38_3___1__', 7, 3, [1, 0, 6, 6, 3, 3, 0]) (3, 7)
('1_3___1__', 8, 3, [1, 0, 4, 8, 1, 1, 3, 0]) (4, 7)
('1_5___1__', 8, 2, [0, 1, 0, 13, 1, 1, 3, 0]) (4, 7)
('1_6___1__', 8, 2, [0, 1, 0, 0, 12, 1, 1, 4]) (5, 7)
('1_7___1__', 8, 2, [0, 1, 0, 8, 4, 1, 1, 4]) (1, 7)
('1_10___1__', 8, 3, [1, 0, 4, 3, 4, 1, 1, 4]) (3, 7)
part_in:(1, 5), all_in:(6, 7), all_out:(1, 7)
red2
more
('6_6___2__', 18, 0, [0, 0, 0, 1, 0, 1, 1, 0, 0, 0, 1, 0, 3, 2, 1, 1, 0, 0]) (4, 8)
('6_7___2__', 18, 0, [0, 0, 0, 1, 0, 1, 1, 0, 0, 0, 1, 0, 3, 2, 1, 1, 0, 0]) (4, 8)
('17_6___2__', 18, 0, [0, 0, 0, 1, 0, 1, 2, 0, 0, 1, 3, 0, 1, 1, 0, 1, 0, 0]) (6, 8)
('24_6___2__', 18, 0, [0, 0, 0, 2, 1, 1, 0, 0, 0, 1, 0, 3, 1, 1, 0, 1, 0, 0]) (6, 8)
('9_7___2__', 17, 0, [0, 0, 0, 2, 0, 3, 1, 1, 0, 3, 0, 0, 0, 0, 0, 2, 0]) (4, 8)
('17_8___2__', 17, 0, [0, 0, 0, 1, 0, 0, 0, 2, 1, 1, 4, 1, 1, 1, 0, 0, 0]) (7, 8)
('22_6___2__', 17, 0, [0, 0, 0, 2, 0, 0, 1, 0, 0, 0, 1, 0, 3, 1, 0, 4, 0]) (8, 8)
('25_8___2__', 17, 0, [1, 0, 1, 0, 0, 0, 2, 0, 3, 0, 2, 0, 1, 0, 0, 2, 0]) (6, 8)
('27_7___2__', 17, 0, [0, 0, 0, 1, 0, 1, 2, 1, 1, 3, 0, 0, 2, 1, 0, 0, 0]) (5, 8)
('32_6___2__', 17, 0, [0, 0, 0, 2, 0, 0, 2, 1, 2, 0, 2, 2, 0, 0, 1, 0, 0]) (6, 8)
less
('1_9___2__', 7, 0, [2, 2, 4, 1, 6, 4, 3]) (6, 8)
('28_7___2__', 7, 0, [1, 0, 7, 3, 8, 3, 0]) (3, 8)
('31_1___2__', 7, 3, [6, 0, 3, 7, 1, 2, 0]) (8, 10)
('1_8___2__', 8, 0, [1, 0, 7, 1, 6, 2, 1, 3]) (6, 8)
('19_3___2__', 8, 0, [1, 0, 2, 4, 8, 6, 0, 0]) (6, 8)
('30_3___2__', 8, 0, [1, 0, 7, 8, 2, 3, 0, 0]) (7, 8)
('32_5___2__', 8, 2, [0, 2, 1, 2, 1, 6, 7, 0]) (8, 9)
('38_1___2__', 8, 0, [2, 4, 1, 0, 12, 0, 2, 0]) (8, 8)
('45_3___2__', 8, 0, [1, 0, 2, 4, 1, 6, 6, 1]) (7, 8)
('1_6___2__', 9, 0, [2, 3, 0, 2, 0, 6, 4, 0, 3]) (8, 8)
part_in:(3, 10), all_in:(8, 8), all_out:(3, 10)
red3
more
('5_1___3__', 18, 0, [0, 0, 2, 0, 2, 0, 2, 1, 0, 2, 0, 0, 0, 0, 0, 0, 2, 0]) (14, 14)
('18_1___3__', 17, 0, [1, 2, 0, 2, 0, 2, 1, 0, 2, 0, 1, 0, 0, 0, 1, 0, 0]) (9, 14)
('26_6___3__', 17, 0, [0, 0, 2, 1, 0, 0, 1, 1, 2, 2, 0, 1, 0, 1, 1, 0, 0]) (8, 14)
('36_6___3__', 17, 0, [0, 0, 2, 2, 0, 0, 0, 1, 1, 0, 2, 0, 2, 0, 0, 2, 0]) (8, 14)
('39_1___3__', 17, 0, [1, 2, 0, 1, 0, 0, 2, 1, 0, 2, 0, 0, 0, 0, 1, 1, 1]) (14, 15)
('43_6___3__', 17, 0, [0, 0, 1, 0, 0, 2, 0, 0, 1, 2, 2, 0, 1, 0, 1, 1, 1]) (8, 14)
('47_1___3__', 17, 0, [1, 2, 0, 0, 1, 0, 2, 1, 0, 2, 0, 1, 0, 0, 0, 2, 0]) (10, 14)
('11_9___3__', 16, 0, [1, 2, 0, 1, 0, 0, 2, 2, 2, 0, 1, 0, 0, 0, 2, 0]) (8, 14)
('13_1___3__', 16, 0, [1, 2, 0, 2, 0, 2, 1, 0, 2, 0, 1, 0, 0, 0, 2, 0]) (9, 14)
('17_1___3__', 16, 0, [1, 2, 0, 2, 0, 2, 1, 0, 2, 0, 2, 0, 0, 1, 0, 0]) (10, 14)
less
('1_8___3__', 8, 0, [0, 3, 3, 3, 5, 0, 2, 5]) (7, 14)
('12_10___3__', 8, 0, [4, 3, 3, 2, 2, 0, 2, 5]) (7, 14)
('1_10___3__', 9, 0, [4, 3, 3, 2, 2, 0, 3, 2, 1]) (11, 14)
('14_3___3__', 9, 0, [1, 2, 3, 3, 2, 2, 0, 2, 5]) (13, 14)
('23_7___3__', 9, 0, [1, 2, 3, 3, 2, 2, 0, 7, 0]) (8, 14)
('31_9___3__', 9, 0, [4, 3, 3, 2, 2, 0, 2, 1, 3]) (11, 14)
('43_2___3__', 9, 2, [6, 0, 5, 2, 0, 2, 1, 2, 0]) (9, 14)
('47_3___3__', 9, 0, [4, 3, 1, 1, 2, 2, 0, 2, 5]) (12, 14)
('1_2___3__', 10, 0, [1, 2, 2, 0, 3, 2, 3, 2, 1, 3]) (7, 14)
('1_3___3__', 10, 0, [1, 2, 3, 3, 2, 2, 0, 2, 1, 3]) (12, 14)
part_in:(7, 15), all_in:(14, 14), all_out:(7, 15)
red4
more
('9_9___4__', 16, 0, [2, 0, 0, 1, 0, 0, 1, 1, 2, 2, 1, 1, 1, 1, 0, 0]) (14, 18)
('37_8___4__', 16, 0, [2, 0, 0, 1, 1, 1, 1, 2, 1, 0, 1, 1, 1, 1, 0, 0]) (15, 18)
('3_7___4__', 15, 0, [2, 0, 0, 1, 0, 0, 1, 1, 5, 1, 1, 1, 1, 0, 0]) (14, 18)
('9_7___4__', 15, 0, [1, 0, 0, 0, 1, 1, 1, 1, 2, 4, 1, 1, 1, 0, 0]) (14, 18)
('17_1___4__', 15, 0, [2, 0, 0, 0, 1, 0, 3, 2, 4, 1, 0, 0, 1, 0, 0]) (16, 18)
('27_7___4__', 15, 0, [1, 0, 0, 0, 1, 1, 1, 1, 2, 4, 1, 1, 1, 0, 0]) (14, 18)
('35_10___4__', 15, 0, [2, 0, 0, 3, 0, 0, 1, 2, 2, 1, 1, 1, 1, 0, 0]) (13, 18)
('49_6___4__', 15, 0, [0, 1, 0, 0, 2, 0, 1, 1, 2, 2, 1, 1, 1, 2, 0]) (14, 18)
('2_1___4__', 14, 0, [2, 0, 0, 2, 0, 0, 2, 2, 4, 1, 1, 1, 0, 0]) (17, 18)
('3_6___4__', 14, 0, [2, 0, 0, 1, 0, 0, 1, 1, 7, 1, 1, 1, 0, 0]) (14, 18)
less
('35_1___4__', 7, 0, [2, 0, 11, 4, 3, 1, 1]) (16, 18)
('1_6___4__', 8, 0, [2, 1, 5, 1, 4, 2, 1, 5]) (18, 19)
('10_5___4__', 8, 3, [1, 3, 3, 2, 4, 3, 1, 1]) (18, 18)
('13_4___4__', 8, 0, [2, 1, 7, 2, 4, 1, 3, 1]) (18, 19)
('16_4___4__', 8, 0, [2, 0, 0, 3, 3, 7, 3, 3]) (18, 18)
('23_5___4__', 8, 3, [0, 0, 7, 2, 4, 3, 1, 1]) (18, 18)
('28_5___4__', 8, 3, [0, 0, 7, 2, 4, 3, 1, 1]) (18, 18)
('30_7___4__', 8, 0, [2, 1, 5, 1, 7, 1, 1, 3]) (12, 18)
('30_8___4__', 8, 0, [2, 1, 3, 3, 7, 1, 1, 3]) (12, 18)
('32_4___4__', 8, 3, [0, 0, 3, 3, 2, 4, 3, 3]) (18, 18)
part_in:(12, 19), all_in:(18, 18), all_out:(12, 19)
red5
more
('19_9___5__', 17, 0, [3, 1, 0, 1, 0, 0, 0, 1, 1, 0, 1, 0, 1, 0, 1, 1, 1]) (18, 20)
('16_9___5__', 16, 0, [1, 1, 1, 0, 1, 0, 0, 2, 2, 1, 0, 1, 0, 1, 1, 1]) (17, 20)
('33_9___5__', 15, 0, [3, 1, 0, 1, 0, 1, 1, 1, 0, 1, 0, 2, 1, 1, 1]) (18, 20)
('37_6___5__', 15, 0, [1, 0, 0, 2, 1, 0, 3, 2, 2, 1, 0, 0, 0, 1, 1]) (20, 22)
('37_7___5__', 15, 0, [1, 1, 2, 1, 0, 3, 2, 1, 0, 1, 0, 0, 0, 1, 1]) (20, 23)
('42_8___5__', 15, 0, [3, 1, 0, 1, 0, 3, 1, 0, 1, 0, 1, 0, 1, 1, 1]) (17, 20)
('47_6___5__', 15, 0, [1, 1, 2, 1, 0, 0, 2, 2, 0, 0, 0, 3, 0, 1, 1]) (20, 21)
('6_8___5__', 14, 0, [3, 2, 1, 0, 5, 0, 0, 0, 0, 1, 1, 0, 1, 1]) (16, 20)
('9_9___5__', 14, 0, [3, 1, 0, 1, 0, 3, 1, 0, 1, 0, 1, 2, 1, 1]) (20, 20)
('10_9___5__', 14, 0, [1, 1, 2, 1, 0, 3, 1, 0, 1, 0, 1, 2, 1, 1]) (16, 20)
less
('2_5___5__', 4, 6, [10, 2, 4, 3]) (20, 23)
('4_5___5__', 4, 6, [10, 2, 4, 3]) (20, 23)
('5_5___5__', 4, 6, [10, 2, 4, 3]) (20, 23)
('11_5___5__', 4, 6, [10, 2, 4, 3]) (20, 23)
('20_5___5__', 4, 6, [10, 2, 4, 3]) (20, 23)
('32_2___5__', 4, 2, [14, 2, 4, 3]) (20, 22)
('1_5___5__', 5, 6, [3, 6, 2, 4, 3]) (20, 23)
('3_5___5__', 5, 6, [3, 6, 2, 4, 3]) (20, 23)
('7_5___5__', 5, 6, [10, 2, 1, 2, 3]) (20, 23)
('8_5___5__', 5, 6, [3, 6, 2, 4, 3]) (20, 23)
part_in:(16, 23), all_in:(20, 20), all_out:(16, 23)
red6
more
('2_1___6__', 20, 0, [0, 0, 1, 0, 0, 0, 1, 0, 0, 1, 0, 3, 0, 0, 0, 0, 1, 0, 2, 0]) (26, 30)
('24_2___6__', 20, 0, [0, 0, 0, 0, 0, 0, 0, 1, 0, 0, 1, 0, 3, 0, 0, 0, 2, 0, 2, 0]) (30, 30)
('46_2___6__', 20, 0, [0, 0, 0, 0, 0, 0, 0, 1, 0, 0, 1, 4, 0, 0, 0, 2, 0, 1, 0, 0]) (29, 30)
('18_2___6__', 19, 0, [0, 0, 1, 0, 0, 0, 1, 0, 0, 1, 4, 0, 0, 0, 2, 0, 0, 1, 0]) (30, 30)
('20_1___6__', 19, 0, [0, 0, 1, 0, 0, 0, 0, 0, 0, 0, 1, 4, 1, 0, 2, 0, 1, 0, 0]) (27, 30)
('20_6___6__', 19, 0, [0, 0, 0, 0, 0, 0, 0, 0, 0, 0, 0, 2, 4, 0, 0, 3, 1, 0, 0]) (26, 30)
('1_1___6__', 18, 0, [0, 0, 1, 0, 0, 0, 1, 0, 0, 1, 4, 0, 0, 0, 2, 0, 2, 0]) (30, 31)
('2_2___6__', 18, 0, [0, 0, 1, 0, 0, 0, 1, 0, 0, 6, 0, 0, 0, 2, 0, 1, 0, 0]) (29, 30)
('11_2___6__', 18, 0, [0, 0, 1, 0, 0, 0, 1, 0, 0, 1, 0, 3, 0, 0, 3, 0, 2, 0]) (30, 30)
('14_1___6__', 18, 0, [2, 0, 0, 0, 0, 2, 0, 0, 0, 0, 4, 0, 0, 2, 0, 1, 0, 0]) (29, 30)
less
('4_7___6__', 8, 0, [4, 0, 0, 2, 0, 6, 9, 0]) (25, 30)
('7_8___6__', 9, 0, [1, 1, 0, 0, 0, 2, 0, 16, 0]) (22, 30)
('1_7___6__', 10, 0, [1, 0, 1, 0, 0, 3, 9, 5, 0, 0]) (27, 30)
('1_8___6__', 10, 0, [1, 0, 2, 0, 3, 2, 6, 3, 2, 0]) (23, 30)
('2_7___6__', 10, 0, [2, 1, 0, 0, 2, 0, 9, 3, 2, 0]) (26, 30)
('4_8___6__', 10, 0, [1, 2, 0, 0, 2, 0, 2, 1, 11, 0]) (25, 30)
('13_7___6__', 10, 0, [4, 0, 0, 2, 0, 5, 3, 3, 2, 0]) (23, 30)
('13_9___6__', 10, 0, [5, 0, 1, 0, 0, 7, 1, 3, 2, 0]) (24, 30)
('15_9___6__', 10, 0, [1, 1, 0, 0, 4, 2, 5, 4, 2, 0]) (26, 30)
('22_9___6__', 10, 0, [4, 0, 4, 7, 1, 0, 1, 0, 2, 0]) (26, 30)
part_in:(22, 31), all_in:(30, 30), all_out:(22, 31)
