29
red1
more
33_1___1__    16   0  [2, 0, 1, 4, 0, 2, 0, 0, 1, 0, 1, 1, 1, 0, 0]  (1, 3)
13_1___1__    15   0  [2, 0, 1, 3, 0, 0, 3, 0, 1, 0, 1, 1, 2, 0]  (1, 4)
24_8___1__    15   0  [3, 1, 5, 3, 0, 0, 0, 0, 0, 0, 1, 1, 0, 0]  (1, 6)
25_2___1__    15   0  [2, 0, 1, 4, 0, 2, 0, 0, 1, 0, 1, 1, 2, 0]  (1, 5)
27_8___1__    15   0  [1, 1, 1, 4, 0, 2, 0, 0, 1, 0, 0, 0, 1, 2, 0]  (1, 5)
30_2___1__    15   0  [3, 1, 4, 0, 2, 0, 0, 1, 0, 1, 1, 0, 1, 0]  (1, 7)
35_1___1__    15   0  [0, 1, 0, 1, 1, 2, 0, 3, 0, 1, 0, 1, 1, 2, 0]  (1, 5)
41_6___1__    15   0  [2, 0, 1, 3, 1, 3, 0, 1, 0, 0, 0, 1, 1, 1]  (1, 9)
42_1___1__    15   0  [2, 0, 1, 4, 0, 3, 0, 0, 0, 0, 1, 1, 2, 0]  (1, 3)
44_6___1__    15   0  [3, 1, 3, 0, 0, 3, 0, 1, 0, 0, 0, 1, 1, 1]  (1, 8)
46_2___1__    15   0  [2, 0, 1, 3, 1, 2, 0, 0, 1, 0, 1, 1, 2, 0]  (1, 5)
less
14_10___1__    7   0  [10, 0, 4, 1, 0, 3, 3]  (1, 7)
15_10___1__    7   0  [3, 7, 4, 1, 0, 3, 3]  (1, 5)
23_8___1__    7   0  [3, 7, 4, 2, 1, 1, 3]  (1, 6)
23_9___1__    7   0  [3, 7, 4, 1, 0, 3, 3]  (1, 6)
23_10___1__    7   0  [3, 7, 4, 1, 0, 3, 3]  (1, 6)
26_10___1__    7   0  [11, 4, 1, 0, 3, 3]  (1, 7)
28_10___1__    7   0  [1, 1, 7, 4, 2, 3, 3]  (1, 6)
31_9___1__    7   0  [11, 4, 1, 0, 3, 3]  (1, 7)
31_10___1__    7   0  [11, 4, 1, 0, 3, 3]  (1, 6)
32_3___1__    7   0  [3, 7, 3, 0, 2, 3, 3]  (1, 5)
34_6___1__    7   0  [3, 5, 1, 4, 2, 3, 3]  (1, 7)
part_in:(4, 9), all_in:(1, 3), all_out:(1, 9)
red2
more
5_2___2__    15   0  [0, 1, 0, 1, 2, 1, 0, 2, 1, 2, 0, 2, 2, 0]  (9, 14)
2_9___2__    14   0  [0, 0, 1, 1, 2, 1, 0, 2, 4, 0, 2, 1, 0, 0]  (9, 10)
3_10___2__    14   0  [1, 0, 0, 1, 2, 1, 0, 2, 1, 2, 0, 1, 0, 3]  (9, 11)
7_1___2__    14   1  [1, 0, 1, 2, 1, 0, 2, 1, 2, 0, 2, 1, 0, 0]  (9, 9)
8_2___2__    14   0  [0, 2, 1, 2, 1, 0, 4, 2, 0, 2, 1, 0, 0]  (9, 13)
10_7___2__    14   0  [0, 0, 0, 0, 1, 2, 1, 0, 3, 0, 3, 2, 2, 0]  (9, 11)
13_2___2__    14   0  [0, 1, 0, 1, 2, 1, 0, 2, 1, 2, 0, 2, 2, 0]  (9, 12)
14_2___2__    14   0  [0, 1, 0, 1, 2, 1, 0, 4, 2, 0, 2, 1, 0, 0]  (9, 13)
18_1___2__    14   1  [1, 0, 1, 2, 1, 2, 0, 1, 2, 0, 2, 0, 0, 1]  (6, 9)
21_1___2__    14   0  [0, 1, 0, 1, 2, 1, 0, 2, 1, 2, 3, 1, 0, 0]  (9, 12)
21_2___2__    14   0  [0, 1, 0, 1, 2, 1, 0, 2, 1, 2, 3, 1, 0, 0]  (9, 11)
less
18_7___2__    7   4  [1, 2, 1, 5, 5, 0, 3]  (9, 9)
48_10___2__    7   1  [2, 1, 2, 1, 9, 2, 3]  (7, 9)
1_1___2__    8   0  [0, 2, 1, 2, 1, 3, 8, 3]  (9, 10)
1_3___2__    8   0  [3, 1, 2, 1, 0, 7, 3, 3]  (9, 10)
2_10___2__    8   4  [1, 2, 1, 0, 2, 4, 3, 3]  (8, 9)
8_10___2__    8   4  [1, 2, 1, 0, 7, 2, 0, 3]  (8, 9)
9_10___2__    8   1  [2, 1, 2, 1, 3, 5, 2, 3]  (9, 9)
11_6___2__    8   0  [2, 0, 1, 2, 1, 0, 11, 3]  (9, 10)
12_5___2__    8   1  [2, 1, 2, 1, 3, 5, 2, 3]  (9, 9)
13_9___2__    8   6  [2, 1, 0, 2, 4, 0, 2, 3]  (8, 9)
16_6___2__    8   1  [2, 1, 2, 1, 0, 8, 2, 3]  (8, 9)
part_in:(6, 14), all_in:(9, 9), all_out:(6, 14)
red3
more
24_6___3__    14   1  [2, 0, 2, 0, 0, 0, 0, 2, 1, 2, 1, 3, 0, 0]  (14, 14)
26_1___3__    14   0  [0, 2, 0, 3, 4, 0, 1, 2, 0, 0, 2, 0, 0, 0]  (8, 14)
27_1___3__    14   0  [0, 2, 0, 3, 2, 2, 0, 0, 2, 0, 0, 2, 1, 0]  (10, 14)
32_8___3__    14   1  [1, 0, 0, 2, 0, 1, 3, 1, 2, 0, 0, 2, 1, 0]  (14, 15)
32_9___3__    14   1  [2, 0, 2, 0, 1, 0, 2, 1, 2, 0, 0, 2, 1, 0]  (14, 14)
2_1___3__    13   0  [0, 1, 0, 0, 3, 2, 2, 1, 2, 0, 0, 2, 2]  (11, 14)
7_7___3__    13   1  [2, 0, 2, 0, 1, 2, 0, 0, 0, 2, 4, 1, 0]  (14, 14)
7_9___3__    13   1  [1, 0, 0, 2, 0, 5, 0, 0, 2, 1, 2, 1, 0]  (12, 14)
10_3___3__    13   1  [1, 0, 0, 3, 5, 1, 2, 0, 0, 2, 0, 0, 0]  (13, 14)
17_1___3__    13   0  [0, 1, 0, 0, 2, 5, 0, 0, 0, 2, 0, 0, 5]  (11, 14)
24_1___3__    13   1  [1, 0, 0, 2, 0, 5, 0, 0, 2, 0, 0, 4, 0]  (12, 14)
less
6_6___3__    5   4  [0, 3, 7, 2, 7]  (13, 14)
1_6___3__    6   3  [1, 3, 10, 0, 3, 2]  (13, 14)
18_8___3__    6   4  [0, 3, 7, 2, 1, 5]  (14, 17)
31_7___3__    6   5  [3, 10, 0, 0, 2, 2]  (14, 17)
36_9___3__    6   5  [3, 5, 4, 4, 1, 0]  (12, 14)
49_8___3__    6   1  [3, 3, 10, 5, 0, 0]  (12, 14)
1_3___3__    7   1  [3, 3, 10, 0, 0, 4, 0]  (13, 14)
1_8___3__    7   5  [3, 5, 1, 2, 0, 0, 5]  (14, 14)
3_2___3__    7   1  [3, 3, 7, 2, 0, 0, 5]  (13, 14)
7_2___3__    7   1  [3, 3, 4, 2, 2, 1, 5]  (14, 16)
8_7___3__    7   1  [2, 0, 3, 2, 4, 2, 7]  (14, 14)
part_in:(8, 17), all_in:(14, 14), all_out:(8, 17)
red4
more
3_6___4__    16   1  [1, 0, 0, 0, 0, 0, 3, 0, 0, 0, 1, 2, 0, 2, 2, 0]  (19, 22)
14_9___4__    16   1  [1, 1, 0, 0, 0, 3, 1, 0, 0, 0, 2, 0, 0, 1, 2, 0]  (19, 20)
18_1___4__    16   0  [0, 1, 1, 0, 0, 0, 2, 0, 1, 0, 1, 2, 1, 1, 2, 0]  (14, 19)
18_6___4__    16   1  [1, 0, 0, 0, 0, 0, 2, 0, 2, 1, 2, 0, 0, 1, 2, 0]  (19, 22)
19_1___4__    16   0  [0, 1, 1, 0, 0, 0, 2, 0, 1, 0, 1, 2, 0, 2, 2, 0]  (13, 19)
27_1___4__    16   0  [0, 1, 1, 0, 0, 0, 2, 0, 1, 1, 0, 2, 1, 1, 2, 0]  (14, 19)
30_1___4__    16   1  [1, 1, 0, 0, 0, 2, 0, 1, 0, 1, 2, 1, 1, 0, 1, 0]  (17, 19)
30_9___4__    16   1  [1, 1, 0, 0, 0, 2, 0, 1, 0, 0, 0, 2, 1, 1, 2, 0]  (19, 20)
40_2___4__    16   1  [1, 1, 0, 0, 0, 2, 0, 1, 0, 1, 2, 1, 1, 0, 1, 0]  (19, 20)
46_1___4__    16   1  [1, 0, 0, 0, 0, 0, 2, 0, 1, 0, 1, 2, 1, 1, 2, 0]  (16, 19)
3_8___4__    15   1  [1, 0, 0, 0, 0, 0, 2, 0, 2, 1, 2, 0, 2, 2, 0]  (19, 23)
less
1_6___4__    8   5  [0, 0, 0, 3, 4, 2, 3, 3]  (19, 19)
8_6___4__    8   1  [3, 0, 0, 0, 3, 4, 3, 6]  (19, 23)
46_10___4__    8   5  [0, 0, 0, 3, 4, 6, 2, 0]  (19, 22)
12_4___4__    9   1  [3, 0, 0, 0, 3, 1, 2, 6, 3]  (19, 20)
15_7___4__    9   5  [0, 0, 0, 2, 0, 1, 2, 6, 3]  (17, 19)
15_8___4__    9   3  [1, 0, 0, 0, 2, 0, 4, 6, 3]  (17, 19)
21_6___4__    9   1  [3, 0, 0, 0, 2, 0, 1, 9, 3]  (19, 21)
28_7___4__    9   5  [0, 0, 0, 3, 0, 0, 2, 6, 3]  (19, 21)
31_7___4__    9   5  [0, 0, 0, 3, 7, 0, 0, 1, 3]  (19, 20)
31_8___4__    9   3  [1, 0, 0, 0, 8, 2, 1, 1, 3]  (19, 20)
34_7___4__    9   4  [0, 0, 0, 0, 3, 4, 6, 2, 0]  (19, 19)
part_in:(13, 23), all_in:(19, 19), all_out:(13, 23)
red5
more
5_7___5__    14   1  [1, 1, 1, 1, 2, 1, 2, 0, 0, 0, 0, 3, 1, 0]  (28, 29)
14_1___5__    14   0  [0, 1, 1, 1, 1, 2, 1, 0, 0, 0, 1, 5, 0, 1]  (19, 29)
19_1___5__    14   0  [0, 1, 1, 1, 1, 2, 1, 2, 1, 1, 3, 0, 0, 0]  (17, 29)
28_8___5__    14   0  [0, 1, 1, 1, 1, 2, 1, 0, 2, 0, 1, 3, 1, 0]  (20, 29)
28_9___5__    14   0  [0, 1, 1, 1, 1, 2, 1, 0, 2, 2, 3, 0, 0, 0]  (21, 29)
3_1___5__    13   0  [0, 3, 1, 1, 2, 1, 3, 0, 2, 2, 0, 0, 0]  (17, 29)
3_6___5__    13   1  [1, 1, 1, 1, 2, 1, 2, 0, 2, 3, 0, 0, 0]  (26, 29)
3_7___5__    13   1  [1, 1, 1, 1, 4, 0, 1, 1, 1, 3, 0, 0, 0]  (26, 29)
4_7___5__    13   1  [1, 1, 1, 1, 2, 1, 3, 0, 1, 1, 1, 0, 1]  (27, 29)
5_1___5__    13   0  [0, 1, 1, 1, 1, 4, 0, 0, 1, 0, 5, 0, 1]  (15, 29)
5_6___5__    13   1  [1, 1, 1, 1, 2, 1, 2, 0, 2, 3, 0, 0, 0]  (25, 29)
less
42_2___5__    6   1  [3, 1, 1, 4, 10, 2]  (23, 29)
17_3___5__    7   1  [3, 1, 1, 2, 1, 10, 2]  (22, 29)
31_2___5__    7   1  [3, 1, 1, 2, 1, 10, 2]  (24, 29)
32_2___5__    7   1  [3, 1, 1, 4, 10, 1, 0]  (22, 29)
37_2___5__    7   0  [0, 3, 1, 1, 4, 10, 2]  (21, 29)
43_2___5__    7   0  [0, 3, 1, 1, 4, 10, 2]  (21, 29)
47_3___5__    7   1  [3, 1, 1, 2, 1, 10, 2]  (22, 29)
50_3___5__    7   1  [3, 1, 1, 2, 1, 10, 2]  (22, 29)
1_4___5__    8   1  [3, 1, 1, 2, 1, 10, 1, 0]  (24, 29)
1_5___5__    8   1  [3, 1, 1, 2, 1, 10, 1, 0]  (24, 29)
2_1___5__    8   1  [3, 1, 1, 4, 4, 5, 0, 1]  (23, 29)
part_in:(15, 27), all_in:(28, 29), all_out:(15, 29)
red6
more
47_1___6__    19   0  [0, 1, 0, 0, 1, 0, 0, 0, 1, 2, 0, 0, 0, 0, 1, 1, 1, 1, 0]  (26, 30)
7_1___6__    18   0  [0, 0, 1, 0, 1, 0, 0, 0, 1, 2, 0, 0, 1, 1, 1, 1, 1, 0]  (24, 30)
19_1___6__    18   0  [0, 1, 0, 0, 2, 0, 0, 1, 2, 0, 0, 1, 0, 0, 1, 1, 1, 0]  (23, 30)
31_7___6__    18   1  [1, 0, 0, 2, 0, 0, 1, 0, 0, 0, 0, 0, 0, 1, 0, 1, 1, 2]  (29, 30)
3_1___6__    17   0  [0, 2, 0, 1, 0, 0, 0, 1, 2, 0, 0, 0, 0, 1, 1, 1, 2]  (22, 30)
6_6___6__    17   0  [2, 0, 0, 2, 0, 0, 1, 1, 0, 0, 0, 0, 1, 0, 1, 1, 2]  (27, 30)
6_10___6__    17   0  [0, 1, 0, 0, 2, 0, 0, 1, 1, 0, 0, 0, 3, 1, 1, 1, 0]  (27, 30)
13_1___6__    17   0  [0, 1, 0, 0, 2, 0, 0, 1, 2, 0, 0, 1, 1, 1, 1, 1, 0]  (26, 30)
23_1___6__    17   0  [0, 0, 0, 0, 0, 1, 0, 0, 0, 1, 2, 0, 0, 1, 1, 3, 2]  (25, 30)
25_1___6__    17   0  [0, 1, 0, 0, 1, 0, 0, 0, 1, 2, 0, 0, 1, 1, 1, 1, 2]  (25, 30)
25_7___6__    17   1  [1, 0, 0, 2, 0, 0, 1, 2, 0, 0, 0, 1, 0, 1, 1, 1, 0]  (30, 30)
less
2_7___6__    11   1  [2, 0, 2, 0, 0, 1, 2, 1, 3, 3, 2]  (30, 30)
16_9___6__    11   1  [2, 0, 2, 0, 0, 1, 2, 1, 3, 3, 2]  (30, 30)
16_10___6__    11   1  [2, 0, 2, 0, 0, 1, 2, 1, 3, 3, 2]  (30, 31)
27_9___6__    11   1  [2, 0, 2, 0, 0, 1, 2, 1, 3, 3, 2]  (29, 30)
27_10___6__    11   1  [2, 0, 2, 0, 0, 1, 2, 1, 3, 3, 2]  (30, 30)
28_9___6__    11   4  [0, 2, 0, 0, 1, 2, 1, 0, 2, 3, 2]  (28, 30)
34_9___6__    11   1  [2, 0, 2, 0, 0, 1, 2, 1, 3, 3, 2]  (30, 30)
34_10___6__    11   1  [2, 0, 2, 0, 0, 1, 2, 1, 3, 3, 2]  (29, 30)
35_8___6__    11   1  [3, 2, 0, 0, 1, 2, 0, 0, 3, 3, 2]  (30, 30)
36_9___6__    11   1  [2, 0, 2, 0, 0, 1, 2, 1, 3, 3, 2]  (30, 32)
38_9___6__    11   3  [0, 0, 2, 0, 0, 1, 2, 1, 3, 3, 2]  (30, 31)
part_in:(22, 31), all_in:(30, 30), all_out:(22, 31)
