30
gap25
100_5___13__    11   0  [1, 0, 1, 1, 0, 1, 2, 3, 2, 2, 5]  (14, 18)
200_5___13__    10   0  [1, 0, 1, 1, 0, 1, 2, 9, 4, 0]  (14, 15)
100_2___13__    9   0  [1, 0, 3, 0, 4, 6, 2, 1, 3]  (14, 16)
100_4___13__    9   0  [1, 0, 3, 0, 4, 1, 4, 2, 5]  (14, 18)
200_3___13__    9   0  [1, 0, 3, 0, 4, 6, 2, 4, 0]  (14, 17)
300_3___13__    9   0  [2, 3, 0, 4, 1, 4, 2, 4, 0]  (14, 15)
300_2___13__    8   0  [2, 3, 0, 4, 1, 4, 2, 5]  (14, 14)
100_1___13__    7   0  [2, 3, 0, 4, 1, 7, 5]  (13, 14)
100_3___13__    7   0  [1, 0, 3, 0, 4, 9, 5]  (14, 19)
200_1___13__    7   0  [2, 3, 0, 4, 5, 3, 5]  (14, 14)
200_2___13__    7   3  [0, 2, 0, 4, 1, 7, 5]  (14, 14)
200_4___13__    7   0  [1, 0, 3, 0, 4, 9, 5]  (14, 17)
300_4___13__    7   0  [2, 3, 0, 4, 1, 7, 5]  (14, 17)
300_5___13__    6   0  [2, 3, 0, 4, 3, 11]  (14, 16)
300_1___13__    5   3  [3, 5, 1, 7, 5]  (14, 14)
part_in:(13, 19), all_in:(14, 14), all_out:(13, 19)
gap45
100_1___18__    10   3  [3, 2, 2, 1, 1, 0, 1, 6, 0, 0]  (6, 8)
100_2___18__    10   3  [3, 2, 2, 1, 1, 0, 6, 1, 0, 0]  (7, 8)
100_3___18__    10   2  [0, 3, 2, 4, 1, 0, 2, 5, 0, 0]  (7, 8)
100_5___18__    10   3  [3, 0, 1, 4, 1, 0, 2, 5, 0, 0]  (6, 8)
200_1___18__    10   0  [2, 3, 2, 2, 3, 0, 0, 7, 0, 0]  (6, 8)
200_3___18__    10   3  [3, 1, 0, 2, 3, 0, 2, 5, 0, 0]  (6, 8)
200_4___18__    10   3  [3, 2, 2, 3, 0, 2, 2, 1, 0, 1]  (5, 8)
200_5___18__    10   3  [3, 0, 1, 2, 3, 0, 2, 5, 0, 0]  (4, 8)
300_4___18__    10   3  [3, 0, 1, 1, 4, 0, 2, 4, 0, 1]  (4, 8)
300_5___18__    10   3  [3, 0, 1, 2, 3, 0, 6, 0, 0, 1]  (4, 8)
200_2___18__    9   3  [3, 1, 0, 2, 3, 0, 8, 0, 0]  (6, 8)
300_3___18__    9   0  [2, 3, 2, 1, 4, 0, 2, 5, 1]  (5, 8)
100_4___18__    8   3  [3, 2, 4, 1, 0, 2, 5, 1]  (6, 8)
300_2___18__    7   0  [2, 3, 2, 2, 3, 0, 10]  (5, 8)
300_1___18__    5   3  [3, 2, 6, 0, 10]  (6, 8)
part_in:(4, 6), all_in:(7, 8), all_out:(4, 8)
blue
200_4___22__    12   2  [1, 0, 0, 1, 3, 1, 2, 0, 0, 3, 0, 4]  (5, 5)
100_1___22__    11   2  [1, 1, 1, 3, 1, 2, 0, 0, 3, 0, 4]  (5, 5)
100_3___22__    11   2  [3, 1, 3, 1, 2, 0, 0, 3, 0, 2, 1]  (5, 7)
100_5___22__    11   2  [1, 1, 3, 1, 1, 2, 0, 0, 3, 0, 4]  (5, 7)
300_5___22__    11   0  [1, 3, 1, 3, 1, 2, 0, 0, 3, 0, 4]  (5, 8)
100_4___22__    10   2  [3, 1, 3, 1, 2, 0, 0, 3, 0, 4]  (5, 5)
200_3___22__    10   2  [1, 1, 1, 4, 0, 3, 0, 3, 0, 4]  (5, 6)
200_5___22__    10   2  [3, 1, 1, 1, 1, 3, 0, 3, 0, 4]  (5, 6)
300_4___22__    10   0  [1, 3, 1, 3, 1, 3, 0, 3, 0, 4]  (5, 6)
100_2___22__    9   2  [3, 1, 5, 2, 0, 0, 3, 0, 4]  (5, 6)
200_1___22__    9   2  [1, 1, 1, 3, 1, 2, 0, 5, 4]  (5, 6)
300_3___22__    9   2  [3, 1, 5, 2, 0, 0, 3, 0, 4]  (4, 5)
200_2___22__    6   2  [1, 1, 1, 9, 5, 4]  (5, 6)
300_1___22__    5   2  [3, 7, 3, 4, 5]  (5, 6)
300_2___22__    5   2  [3, 11, 4, 0, 4]  (5, 5)
part_in:(4, 8), all_in:(5, 5), all_out:(4, 8)
blue_sort
200_2___23__    11   2  [4, 0, 6, 1, 2, 0, 0, 0, 0, 2, 1]  (6, 7)
200_3___23__    11   7  [0, 0, 0, 4, 1, 2, 1, 0, 0, 2, 1]  (6, 7)
100_3___23__    10   2  [5, 0, 0, 3, 0, 1, 4, 1, 2, 1]  (6, 11)
200_4___23__    10   7  [0, 0, 0, 4, 1, 2, 1, 1, 2, 1]  (6, 6)
100_4___23__    9   2  [5, 0, 0, 6, 2, 1, 1, 2, 1]  (6, 10)
100_2___23__    8   2  [5, 0, 0, 4, 1, 4, 1, 4]  (6, 9)
100_5___23__    8   2  [6, 0, 6, 2, 1, 1, 2, 1]  (6, 10)
200_5___23__    8   7  [0, 0, 0, 6, 2, 1, 1, 4]  (6, 7)
300_3___23__    8   10  [4, 1, 0, 1, 1, 1, 1, 2]  (6, 11)
300_4___23__    8   9  [0, 4, 1, 2, 1, 1, 1, 2]  (6, 7)
200_1___23__    6   7  [7, 1, 2, 1, 1, 4]  (6, 6)
300_2___23__    6   10  [6, 2, 1, 1, 1, 2]  (6, 10)
100_1___23__    5   8  [0, 7, 4, 1, 4]  (6, 11)
300_1___23__    5   9  [5, 1, 4, 1, 4]  (6, 8)
300_5___23__    5   10  [6, 4, 1, 1, 2]  (6, 8)
part_in:(8, 11), all_in:(6, 7), all_out:(6, 11)
less8
100_2___2__    12   0  [2, 2, 2, 1, 0, 1, 2, 1, 4, 0, 1, 1]  (3, 5)
300_4___2__    12   0  [0, 1, 2, 1, 2, 0, 1, 2, 6, 0, 1, 1]  (3, 3)
100_3___2__    11   0  [2, 2, 4, 0, 1, 2, 5, 0, 0, 1, 1]  (3, 3)
100_4___2__    11   0  [2, 2, 4, 2, 2, 1, 3, 0, 0, 1, 1]  (3, 4)
100_5___2__    11   0  [2, 2, 3, 0, 2, 2, 1, 4, 0, 1, 1]  (3, 3)
200_5___2__    11   0  [2, 0, 1, 1, 1, 0, 2, 2, 7, 1, 1]  (3, 3)
300_5___2__    11   0  [2, 2, 1, 1, 0, 2, 4, 4, 0, 1, 1]  (3, 4)
200_4___2__    10   0  [2, 2, 7, 2, 3, 2, 0, 0, 0, 1]  (1, 3)
300_1___2__    10   0  [2, 2, 4, 2, 2, 1, 4, 0, 1, 1]  (3, 3)
300_2___2__    10   0  [2, 2, 4, 2, 2, 1, 4, 0, 1, 1]  (3, 3)
300_3___2__    9   0  [2, 4, 2, 0, 1, 9, 0, 1, 1]  (3, 3)
100_1___2__    8   0  [2, 2, 2, 4, 2, 6, 0, 3]  (3, 6)
200_1___2__    8   3  [2, 2, 4, 2, 6, 0, 1, 1]  (3, 3)
200_3___2__    7   3  [2, 7, 2, 6, 0, 1, 1]  (2, 3)
200_2___2__    6   3  [2, 7, 2, 7, 1, 1]  (2, 3)
part_in:(1, 6), all_in:(3, 3), all_out:(1, 6)
sum_all
300_4___9__    12   2  [4, 2, 1, 0, 0, 1, 2, 0, 2, 2, 0, 1]  (83, 88)
200_5___9__    11   2  [4, 2, 2, 0, 1, 2, 0, 1, 0, 3, 1]  (83, 96)
300_5___9__    11   2  [4, 2, 3, 1, 2, 0, 2, 0, 1, 0, 1]  (83, 89)
100_1___9__    10   2  [7, 3, 1, 1, 1, 1, 0, 3, 0, 0]  (83, 88)
300_3___9__    10   2  [7, 2, 0, 1, 2, 0, 2, 3, 0, 0]  (83, 88)
200_1___9__    9   2  [7, 3, 1, 2, 1, 0, 0, 3, 1]  (83, 92)
200_2___9__    9   2  [7, 2, 2, 2, 1, 1, 3, 0, 0]  (83, 91)
200_4___9__    9   2  [7, 2, 0, 1, 2, 0, 2, 3, 1]  (83, 101)
100_3___9__    8   2  [7, 3, 1, 2, 0, 6, 0, 0]  (83, 112)
100_5___9__    8   2  [7, 3, 1, 2, 0, 3, 2, 1]  (83, 115)
200_3___9__    8   2  [7, 2, 2, 2, 0, 2, 3, 1]  (83, 103)
100_2___9__    7   2  [7, 5, 3, 2, 3, 0, 0]  (83, 89)
300_2___9__    7   2  [7, 1, 3, 3, 2, 4, 0]  (81, 83)
100_4___9__    6   2  [7, 5, 2, 0, 6, 1]  (83, 114)
300_1___9__    6   2  [7, 5, 3, 2, 4, 0]  (83, 85)
part_in:(81, 115), all_in:(83, 83), all_out:(81, 115)
sum16
300_5___10__    12   1  [1, 3, 2, 1, 0, 0, 1, 1, 0, 4, 3, 0]  (33, 33)
100_1___10__    11   1  [1, 6, 1, 1, 1, 2, 0, 0, 0, 1, 4]  (32, 33)
200_1___10__    11   1  [1, 6, 1, 1, 1, 2, 0, 0, 2, 3, 0]  (33, 35)
200_2___10__    11   3  [6, 1, 0, 2, 1, 0, 0, 0, 2, 3, 0]  (33, 35)
200_5___10__    11   3  [6, 1, 0, 0, 1, 1, 0, 0, 3, 3, 0]  (33, 35)
300_4___10__    11   3  [6, 1, 0, 0, 1, 2, 1, 2, 1, 1, 0]  (33, 33)
100_3___10__    10   1  [8, 1, 0, 2, 1, 0, 1, 2, 3, 0]  (33, 40)
100_4___10__    10   1  [1, 6, 1, 0, 2, 1, 0, 4, 3, 0]  (33, 38)
100_5___10__    10   3  [6, 1, 0, 0, 1, 1, 0, 4, 3, 0]  (33, 39)
300_3___10__    10   10  [1, 0, 0, 1, 1, 0, 1, 2, 3, 0]  (33, 33)
200_3___10__    9   3  [6, 1, 0, 2, 2, 0, 3, 3, 0]  (33, 37)
200_4___10__    9   3  [6, 1, 0, 0, 1, 1, 5, 3, 0]  (33, 37)
100_2___10__    7   3  [6, 1, 3, 1, 2, 2, 4]  (33, 34)
300_2___10__    7   10  [1, 3, 1, 0, 1, 2, 4]  (31, 33)
300_1___10__    6   10  [1, 1, 1, 4, 2, 4]  (32, 33)
part_in:(31, 40), all_in:(33, 33), all_out:(31, 40)
gap16
100_3___11__    14   1  [0, 0, 1, 0, 1, 2, 3, 1, 0, 2, 2, 0, 2, 0]  (21, 25)
100_4___11__    13   1  [0, 0, 2, 1, 2, 3, 1, 0, 2, 2, 0, 2, 0]  (21, 27)
100_5___11__    13   1  [0, 0, 2, 1, 1, 0, 3, 2, 2, 2, 0, 2, 0]  (21, 28)
200_1___11__    12   2  [3, 0, 0, 2, 3, 1, 1, 1, 1, 1, 2, 0]  (21, 22)
200_2___11__    12   1  [0, 3, 1, 2, 3, 1, 0, 2, 1, 1, 2, 0]  (21, 23)
200_4___11__    12   1  [0, 0, 2, 1, 2, 3, 1, 0, 2, 3, 2, 0]  (21, 24)
200_5___11__    12   1  [0, 0, 2, 1, 2, 3, 1, 0, 2, 3, 2, 0]  (21, 25)
300_5___11__    12   1  [0, 0, 2, 1, 1, 0, 3, 2, 2, 3, 2, 0]  (21, 28)
100_2___11__    11   1  [0, 0, 1, 2, 2, 3, 1, 0, 6, 2, 0]  (21, 23)
300_4___11__    11   2  [0, 1, 0, 1, 2, 3, 1, 0, 6, 2, 0]  (21, 28)
300_1___11__    10   2  [2, 0, 1, 2, 3, 1, 0, 1, 7, 0]  (21, 22)
300_2___11__    10   1  [3, 0, 1, 2, 3, 1, 0, 1, 7, 0]  (21, 22)
300_3___11__    10   2  [2, 2, 2, 3, 1, 0, 1, 0, 6, 0]  (21, 25)
200_3___11__    9   1  [0, 3, 1, 6, 2, 1, 4, 2, 0]  (21, 23)
100_1___11__    7   3  [4, 6, 1, 3, 3, 2, 0]  (21, 22)
part_in:(23, 28), all_in:(21, 22), all_out:(21, 28)
sum34
100_3___14__    10   2  [1, 5, 2, 2, 0, 2, 1, 4, 0, 0]  (22, 36)
200_3___14__    10   2  [1, 2, 2, 2, 2, 0, 4, 0, 3, 1]  (22, 32)
300_4___14__    10   2  [1, 5, 2, 2, 0, 2, 2, 2, 0, 1]  (22, 30)
300_5___14__    10   2  [1, 1, 3, 1, 0, 3, 2, 5, 0, 1]  (22, 30)
100_1___14__    9   2  [1, 2, 2, 1, 0, 3, 9, 0, 0]  (22, 24)
100_4___14__    9   2  [1, 1, 3, 2, 2, 0, 2, 6, 1]  (22, 39)
200_2___14__    9   4  [1, 3, 2, 3, 4, 0, 3, 0, 0]  (22, 28)
200_5___14__    9   4  [5, 1, 0, 2, 0, 2, 2, 3, 1]  (22, 31)
300_2___14__    9   4  [5, 2, 2, 0, 1, 0, 2, 4, 0]  (22, 25)
300_3___14__    9   4  [5, 2, 2, 0, 4, 0, 3, 0, 0]  (22, 29)
100_2___14__    8   2  [1, 5, 2, 3, 2, 6, 0, 0]  (22, 25)
100_5___14__    8   2  [1, 5, 2, 0, 2, 2, 6, 1]  (22, 39)
200_4___14__    8   4  [5, 1, 0, 2, 0, 2, 6, 1]  (22, 34)
200_1___14__    7   4  [5, 1, 0, 2, 0, 5, 5]  (22, 28)
300_1___14__    7   4  [5, 2, 2, 0, 1, 3, 5]  (22, 26)
part_in:(25, 39), all_in:(22, 24), all_out:(22, 39)
gap23
100_2___16__    11   0  [0, 1, 7, 2, 0, 0, 2, 2, 3, 0, 1]  (2, 3)
300_2___16__    11   0  [0, 9, 2, 0, 0, 1, 0, 2, 3, 0, 1]  (2, 4)
300_3___16__    11   0  [0, 9, 2, 0, 0, 2, 2, 1, 1, 0, 1]  (2, 7)
300_4___16__    11   0  [0, 1, 7, 2, 0, 0, 2, 6, 0, 0, 0]  (2, 7)
100_1___16__    10   0  [0, 1, 7, 2, 0, 0, 2, 4, 1, 2]  (1, 2)
100_3___16__    10   0  [0, 1, 7, 2, 0, 0, 2, 4, 1, 2]  (2, 7)
100_5___16__    10   0  [0, 1, 7, 2, 0, 0, 2, 4, 1, 2]  (2, 8)
200_1___16__    10   0  [0, 0, 8, 0, 1, 0, 0, 5, 3, 2]  (2, 4)
200_4___16__    10   0  [0, 1, 7, 0, 1, 0, 0, 9, 1, 0]  (2, 8)
200_5___16__    10   0  [0, 1, 7, 0, 1, 0, 0, 6, 2, 2]  (2, 6)
300_5___16__    10   0  [0, 1, 7, 2, 0, 0, 2, 4, 1, 2]  (2, 6)
100_4___16__    9   0  [0, 1, 7, 2, 0, 0, 2, 6, 2]  (2, 9)
200_2___16__    8   0  [0, 9, 2, 0, 0, 5, 3, 2]  (2, 5)
200_3___16__    8   0  [0, 9, 2, 0, 0, 5, 3, 2]  (2, 7)
300_1___16__    7   0  [0, 9, 2, 0, 6, 3, 2]  (2, 4)
part_in:(1, 9), all_in:(2, 2), all_out:(1, 9)
ball_column
100_4___21__    12   0  [2, 2, 2, 0, 1, 3, 0, 2, 1, 0, 3, 1]  (3, 4)
100_3___21__    11   0  [2, 2, 3, 1, 3, 0, 2, 1, 0, 3, 1]  (3, 4)
200_2___21__    11   0  [2, 1, 3, 0, 1, 2, 1, 5, 0, 2, 1]  (4, 4)
200_4___21__    11   0  [2, 5, 0, 1, 3, 0, 4, 0, 0, 1, 2]  (4, 4)
200_5___21__    11   0  [2, 5, 0, 1, 3, 0, 5, 0, 1, 0, 1]  (4, 5)
300_3___21__    11   0  [9, 1, 4, 0, 1, 1, 0, 0, 1, 0, 1]  (4, 4)
100_2___21__    10   0  [2, 5, 0, 1, 3, 0, 4, 0, 0, 4]  (4, 4)
100_5___21__    9   6  [2, 0, 1, 3, 0, 2, 2, 3, 1]  (3, 4)
200_3___21__    9   0  [2, 5, 0, 1, 3, 0, 2, 6, 1]  (4, 4)
300_1___21__    9   0  [8, 0, 4, 1, 3, 0, 1, 2, 1]  (2, 4)
300_4___21__    9   0  [8, 0, 1, 2, 0, 0, 5, 3, 1]  (4, 4)
300_5___21__    9   0  [8, 0, 1, 2, 1, 5, 0, 2, 1]  (4, 4)
100_1___21__    8   0  [2, 5, 0, 1, 4, 0, 4, 5]  (4, 4)
200_1___21__    8   0  [2, 1, 3, 6, 0, 6, 2, 1]  (4, 4)
300_2___21__    7   0  [9, 1, 4, 0, 2, 2, 4]  (3, 4)
part_in:(2, 5), all_in:(4, 4), all_out:(2, 5)
row2
100_2___6__    11   0  [2, 0, 4, 0, 1, 3, 1, 2, 0, 2, 3]  (9, 9)
100_3___6__    11   0  [2, 0, 4, 0, 1, 3, 1, 2, 0, 4, 1]  (9, 11)
200_1___6__    11   0  [1, 0, 0, 0, 3, 6, 1, 2, 0, 1, 4]  (9, 10)
200_2___6__    11   0  [1, 0, 0, 0, 3, 0, 1, 3, 4, 0, 6]  (9, 11)
200_3___6__    11   0  [1, 0, 0, 0, 3, 0, 1, 2, 5, 0, 6]  (9, 15)
300_2___6__    11   0  [2, 0, 4, 0, 1, 3, 1, 1, 0, 0, 6]  (9, 10)
300_3___6__    11   0  [3, 4, 0, 1, 2, 0, 1, 1, 0, 0, 6]  (9, 11)
300_4___6__    11   0  [2, 0, 4, 0, 1, 2, 0, 1, 2, 0, 6]  (9, 12)
100_1___6__    10   0  [2, 0, 1, 2, 0, 5, 1, 2, 0, 6]  (9, 9)
300_5___6__    10   0  [2, 0, 4, 0, 1, 3, 1, 2, 0, 6]  (9, 13)
100_4___6__    9   0  [2, 0, 4, 0, 5, 1, 2, 0, 6]  (9, 12)
100_5___6__    9   0  [2, 0, 4, 0, 5, 1, 2, 0, 6]  (9, 13)
200_4___6__    9   0  [2, 0, 4, 0, 5, 1, 2, 0, 6]  (9, 16)
200_5___6__    9   0  [2, 0, 4, 0, 5, 1, 2, 0, 6]  (9, 15)
300_1___6__    8   0  [3, 4, 0, 4, 0, 4, 0, 6]  (9, 9)
part_in:(11, 16), all_in:(9, 10), all_out:(9, 16)
row3
100_5___7__    11   0  [1, 0, 0, 1, 3, 8, 1, 0, 0, 3, 1]  (4, 8)
100_2___7__    10   0  [1, 0, 0, 1, 5, 0, 4, 3, 0, 5]  (8, 8)
100_3___7__    10   0  [1, 0, 0, 1, 11, 2, 0, 0, 3, 1]  (5, 8)
100_4___7__    10   0  [1, 0, 0, 1, 3, 7, 2, 0, 0, 5]  (4, 8)
200_5___7__    10   0  [1, 0, 0, 1, 3, 7, 2, 0, 0, 5]  (2, 8)
300_2___7__    10   0  [1, 0, 0, 5, 1, 6, 0, 1, 0, 5]  (6, 8)
100_1___7__    9   0  [1, 0, 0, 1, 12, 1, 0, 0, 5]  (8, 8)
200_1___7__    9   0  [1, 0, 0, 0, 12, 0, 2, 0, 5]  (6, 8)
200_2___7__    9   0  [1, 0, 0, 0, 12, 0, 2, 0, 5]  (5, 8)
200_3___7__    9   0  [1, 0, 0, 10, 2, 2, 0, 0, 5]  (2, 8)
200_4___7__    9   0  [1, 0, 0, 5, 7, 2, 0, 0, 5]  (1, 8)
300_1___7__    9   0  [1, 0, 0, 5, 7, 0, 2, 0, 5]  (6, 8)
300_3___7__    9   0  [1, 0, 0, 5, 1, 7, 1, 0, 5]  (4, 8)
300_4___7__    8   0  [1, 0, 0, 5, 1, 9, 0, 5]  (3, 8)
300_5___7__    8   0  [1, 0, 0, 5, 1, 9, 0, 5]  (3, 8)
part_in:(1, 5), all_in:(6, 8), all_out:(1, 8)
sum25
100_1___12__    13   1  [2, 2, 2, 3, 1, 1, 0, 1, 0, 0, 3, 0, 0]  (28, 28)
100_3___12__    12   1  [2, 2, 2, 3, 0, 0, 1, 0, 1, 2, 3, 0]  (28, 35)
300_4___12__    12   1  [5, 2, 1, 1, 1, 2, 1, 1, 0, 1, 1, 0]  (27, 28)
100_2___12__    11   1  [2, 2, 2, 4, 0, 1, 2, 1, 2, 1, 0]  (27, 28)
300_3___12__    11   1  [5, 2, 1, 1, 1, 1, 0, 1, 1, 4, 0]  (28, 28)
100_4___12__    10   1  [2, 2, 2, 3, 1, 1, 0, 4, 1, 2]  (28, 35)
200_1___12__    10   1  [8, 3, 1, 1, 0, 1, 1, 2, 0, 1]  (28, 29)
300_2___12__    10   1  [8, 1, 1, 1, 1, 2, 1, 3, 0, 0]  (26, 28)
300_5___12__    10   1  [5, 2, 3, 1, 1, 0, 3, 0, 1, 2]  (27, 28)
100_5___12__    9   1  [2, 2, 2, 3, 1, 1, 0, 4, 4]  (28, 34)
200_2___12__    8   1  [14, 1, 0, 1, 1, 2, 1, 0]  (28, 28)
200_3___12__    8   1  [5, 2, 3, 1, 1, 0, 3, 5]  (28, 32)
200_4___12__    8   1  [5, 2, 3, 1, 1, 0, 3, 5]  (28, 30)
200_5___12__    8   1  [5, 2, 3, 1, 1, 0, 3, 5]  (28, 28)
300_1___12__    8   1  [8, 3, 1, 1, 4, 3, 0, 0]  (28, 28)
part_in:(26, 35), all_in:(28, 28), all_out:(26, 35)
gap12
100_5___15__    15   2  [1, 0, 1, 0, 1, 1, 4, 1, 0, 1, 0, 1, 1, 0, 0]  (1, 2)
100_3___15__    13   2  [1, 3, 3, 3, 0, 1, 0, 1, 0, 1, 1, 0, 0]  (1, 1)
100_4___15__    13   2  [1, 3, 1, 1, 4, 1, 0, 1, 0, 1, 1, 0, 0]  (1, 3)
200_4___15__    13   2  [1, 3, 1, 1, 1, 2, 1, 0, 2, 1, 1, 0, 0]  (0, 1)
300_5___15__    13   0  [1, 1, 3, 1, 1, 4, 1, 2, 0, 1, 1, 0, 0]  (1, 3)
100_1___15__    12   2  [1, 3, 3, 1, 4, 0, 1, 0, 1, 1, 0, 0]  (1, 3)
100_2___15__    12   2  [1, 3, 3, 4, 1, 0, 1, 0, 1, 1, 0, 0]  (1, 1)
200_5___15__    12   2  [1, 3, 1, 1, 1, 2, 1, 3, 1, 1, 0, 0]  (1, 1)
300_4___15__    12   0  [1, 1, 3, 1, 1, 6, 2, 0, 1, 1, 0, 0]  (1, 3)
300_3___15__    11   4  [3, 3, 1, 2, 1, 2, 0, 1, 1, 0, 0]  (1, 2)
200_1___15__    10   0  [3, 3, 1, 1, 6, 3, 1, 1, 0, 0]  (1, 1)
200_2___15__    10   2  [1, 3, 3, 6, 2, 0, 1, 1, 0, 0]  (1, 1)
200_3___15__    10   2  [1, 3, 1, 1, 6, 3, 1, 1, 0, 0]  (0, 1)
300_2___15__    9   4  [3, 3, 6, 2, 0, 1, 1, 0, 0]  (1, 1)
300_1___15__    8   4  [3, 3, 6, 3, 1, 1, 0, 0]  (1, 1)
part_in:(0, 3), all_in:(1, 1), all_out:(0, 3)
less9
100_5___3__    15   0  [1, 2, 0, 1, 1, 1, 1, 3, 1, 0, 1, 0, 0, 1, 1]  (0, 4)
100_3___3__    14   0  [1, 2, 0, 3, 1, 1, 3, 1, 0, 1, 0, 0, 1, 1]  (0, 4)
100_4___3__    13   0  [1, 2, 0, 3, 1, 1, 3, 1, 0, 0, 0, 0, 4]  (0, 4)
200_4___3__    12   0  [4, 0, 1, 1, 1, 1, 0, 2, 1, 0, 1, 5]  (2, 4)
200_5___3__    12   0  [4, 0, 1, 1, 1, 1, 3, 1, 0, 1, 3, 1]  (3, 4)
300_3___3__    12   0  [4, 0, 1, 3, 1, 0, 2, 1, 0, 1, 0, 4]  (1, 4)
300_4___3__    12   0  [4, 0, 1, 3, 1, 0, 2, 2, 1, 0, 0, 3]  (1, 4)
300_5___3__    12   0  [4, 0, 1, 1, 1, 1, 0, 2, 2, 1, 0, 4]  (1, 4)
100_2___3__    11   0  [4, 0, 5, 0, 0, 3, 1, 0, 1, 0, 4]  (2, 4)
200_2___3__    11   0  [4, 0, 5, 1, 3, 1, 0, 2, 0, 1, 1]  (4, 4)
200_3___3__    11   0  [4, 0, 1, 3, 1, 0, 2, 1, 0, 2, 4]  (3, 4)
300_1___3__    11   0  [4, 0, 1, 4, 0, 0, 2, 4, 0, 2, 1]  (2, 4)
300_2___3__    10   0  [4, 0, 1, 3, 0, 0, 3, 5, 2, 1]  (1, 4)
100_1___3__    9   0  [4, 0, 7, 3, 1, 0, 1, 1, 3]  (3, 4)
200_1___3__    9   0  [4, 0, 7, 3, 1, 0, 2, 2, 1]  (4, 4)
part_in:(0, 2), all_in:(3, 4), all_out:(0, 4)
gap34
200_5___17__    14   0  [0, 0, 0, 1, 2, 2, 0, 1, 0, 0, 3, 2, 0, 4]  (3, 4)
100_3___17__    13   2  [0, 1, 2, 2, 0, 0, 0, 0, 0, 3, 2, 0, 4]  (3, 4)
100_4___17__    13   2  [0, 1, 2, 2, 0, 1, 0, 0, 3, 0, 1, 0, 4]  (2, 4)
100_5___17__    13   2  [0, 1, 4, 0, 0, 1, 0, 0, 3, 0, 1, 0, 4]  (3, 4)
200_2___17__    13   0  [0, 0, 0, 1, 6, 0, 0, 0, 0, 3, 2, 0, 4]  (2, 4)
300_3___17__    13   0  [1, 0, 1, 3, 2, 0, 1, 0, 3, 0, 1, 0, 4]  (2, 4)
200_3___17__    12   1  [0, 0, 1, 2, 3, 0, 1, 0, 3, 2, 0, 4]  (1, 4)
300_5___17__    12   0  [1, 0, 1, 5, 0, 2, 0, 3, 0, 1, 0, 4]  (4, 5)
200_1___17__    11   0  [1, 0, 1, 3, 2, 2, 0, 3, 2, 0, 4]  (3, 4)
200_4___17__    11   1  [0, 0, 1, 2, 3, 2, 0, 3, 2, 0, 4]  (1, 4)
300_4___17__    11   0  [1, 0, 1, 2, 3, 2, 0, 3, 2, 0, 4]  (4, 4)
100_1___17__    9   2  [0, 1, 6, 2, 0, 3, 2, 0, 4]  (4, 5)
100_2___17__    9   2  [0, 1, 8, 0, 0, 3, 2, 0, 4]  (4, 4)
300_1___17__    9   0  [1, 2, 3, 5, 0, 3, 2, 0, 4]  (3, 4)
300_2___17__    9   0  [1, 2, 3, 5, 0, 3, 2, 0, 4]  (3, 4)
part_in:(1, 5), all_in:(4, 4), all_out:(1, 5)
less5
300_4___1__    14   0  [3, 1, 1, 1, 0, 0, 1, 0, 0, 0, 1, 1, 3, 3]  (2, 5)
100_3___1__    13   0  [3, 1, 1, 1, 0, 0, 3, 0, 1, 1, 3, 0, 2]  (2, 6)
100_4___1__    13   0  [3, 1, 1, 1, 0, 0, 1, 2, 1, 1, 3, 0, 2]  (2, 6)
100_5___1__    13   0  [3, 1, 1, 1, 0, 0, 1, 2, 1, 1, 3, 0, 2]  (2, 6)
200_5___1__    13   0  [3, 1, 1, 1, 1, 3, 0, 1, 1, 2, 0, 0, 2]  (2, 4)
300_2___1__    13   0  [3, 1, 1, 2, 0, 1, 0, 0, 0, 1, 1, 3, 3]  (2, 4)
300_3___1__    13   0  [2, 0, 3, 1, 0, 0, 2, 0, 0, 1, 1, 3, 3]  (2, 4)
200_2___1__    12   0  [3, 1, 1, 3, 2, 1, 1, 1, 1, 0, 0, 3]  (2, 2)
200_4___1__    12   0  [3, 1, 1, 1, 1, 2, 0, 0, 1, 1, 2, 4]  (2, 5)
300_1___1__    12   0  [2, 0, 1, 1, 1, 0, 3, 1, 1, 1, 3, 3]  (2, 4)
100_1___1__    11   0  [3, 1, 1, 2, 2, 1, 0, 1, 1, 3, 3]  (2, 3)
200_3___1__    11   0  [3, 1, 1, 3, 3, 0, 1, 1, 2, 0, 3]  (2, 4)
300_5___1__    11   0  [3, 1, 1, 1, 0, 0, 4, 1, 1, 3, 3]  (2, 5)
100_2___1__    10   0  [3, 1, 1, 2, 0, 4, 1, 1, 3, 3]  (2, 3)
200_1___1__    10   0  [3, 1, 2, 4, 2, 1, 1, 1, 1, 3]  (2, 2)
part_in:(4, 6), all_in:(2, 3), all_out:(2, 6)
gap56
300_4___19__    16   0  [0, 1, 0, 3, 0, 0, 1, 2, 0, 2, 0, 1, 1, 2, 0, 0]  (6, 8)
300_5___19__    16   0  [2, 0, 3, 0, 0, 1, 1, 1, 2, 0, 1, 1, 1, 0, 0, 0]  (6, 9)
100_2___19__    15   0  [1, 0, 0, 3, 2, 0, 1, 1, 0, 2, 1, 1, 2, 0, 0]  (6, 7)
200_4___19__    15   0  [0, 1, 0, 3, 2, 0, 1, 0, 0, 2, 0, 1, 4, 0, 0]  (6, 7)
300_2___19__    15   0  [0, 2, 1, 1, 0, 1, 0, 4, 2, 1, 2, 0, 0, 0, 0]  (6, 7)
300_3___19__    15   0  [0, 2, 3, 0, 0, 0, 0, 2, 3, 0, 1, 1, 2, 0, 0]  (6, 8)
100_4___19__    14   0  [2, 0, 3, 2, 0, 2, 0, 2, 0, 1, 1, 2, 0, 0]  (6, 6)
100_5___19__    14   0  [2, 0, 3, 2, 0, 3, 2, 0, 1, 1, 1, 0, 0, 0]  (6, 8)
200_2___19__    14   0  [0, 1, 0, 3, 2, 0, 1, 1, 2, 0, 1, 4, 0, 0]  (6, 7)
300_1___19__    14   0  [0, 2, 1, 1, 0, 4, 0, 1, 2, 1, 0, 3, 0, 0]  (6, 7)
200_3___19__    13   0  [0, 1, 0, 3, 2, 0, 6, 0, 1, 1, 2, 0, 0]  (6, 6)
200_5___19__    13   0  [2, 0, 3, 2, 0, 1, 1, 2, 0, 1, 4, 0, 0]  (6, 8)
100_1___19__    12   0  [1, 0, 0, 3, 2, 2, 5, 1, 1, 2, 0, 0]  (6, 7)
200_1___19__    12   0  [1, 1, 3, 2, 2, 4, 0, 1, 1, 2, 0, 0]  (6, 7)
100_3___19__    11   0  [3, 3, 2, 0, 6, 0, 1, 1, 2, 0, 0]  (6, 6)
part_in:(8, 9), all_in:(6, 7), all_out:(6, 9)
ball
200_4___20__    18   1  [1, 0, 1, 1, 0, 0, 1, 1, 0, 0, 1, 2, 0, 1, 0, 0, 0, 1]  (2, 4)
200_5___20__    18   1  [2, 1, 1, 0, 0, 1, 1, 0, 0, 0, 0, 2, 0, 1, 0, 0, 0, 1]  (2, 4)
100_2___20__    16   3  [0, 1, 1, 0, 0, 1, 1, 0, 0, 1, 0, 1, 2, 0, 1, 1]  (2, 4)
100_3___20__    16   3  [0, 1, 1, 0, 0, 1, 1, 0, 0, 0, 0, 2, 2, 0, 1, 1]  (2, 4)
100_4___20__    16   3  [0, 1, 1, 0, 0, 1, 1, 0, 0, 1, 2, 0, 1, 0, 1, 1]  (1, 4)
100_5___20__    16   3  [0, 1, 1, 0, 0, 1, 1, 0, 0, 0, 0, 2, 2, 0, 1, 1]  (2, 4)
200_2___20__    16   1  [1, 0, 1, 1, 0, 0, 1, 1, 0, 0, 1, 2, 3, 0, 0, 1]  (3, 4)
200_3___20__    16   4  [1, 1, 0, 0, 1, 1, 0, 0, 1, 2, 0, 1, 0, 0, 0, 1]  (2, 4)
100_1___20__    15   3  [0, 1, 1, 0, 0, 1, 1, 0, 0, 1, 0, 1, 2, 0, 3]  (2, 4)
300_5___20__    15   3  [0, 1, 1, 0, 0, 1, 1, 0, 0, 1, 2, 2, 0, 1, 1]  (2, 4)
300_2___20__    14   4  [1, 1, 0, 0, 1, 1, 0, 0, 1, 2, 3, 0, 0, 1]  (2, 4)
300_3___20__    14   4  [1, 1, 0, 0, 1, 1, 0, 0, 1, 2, 3, 0, 0, 1]  (2, 4)
300_4___20__    14   4  [1, 1, 0, 0, 1, 1, 0, 0, 1, 2, 2, 0, 1, 1]  (2, 4)
300_1___20__    13   4  [1, 1, 0, 0, 3, 0, 0, 1, 2, 3, 0, 0, 1]  (2, 4)
200_1___20__    11   4  [1, 1, 0, 0, 3, 0, 0, 1, 2, 3, 3]  (3, 4)
part_in:(1, 2), all_in:(3, 4), all_out:(1, 4)
less10
200_3___4__    19   0  [1, 1, 1, 3, 1, 0, 0, 0, 0, 0, 0, 0, 1, 0, 0, 1, 1, 0, 0]  (0, 0)
200_5___4__    18   0  [1, 1, 1, 3, 2, 0, 0, 0, 0, 0, 0, 1, 0, 1, 0, 1, 0, 0]  (0, 0)
200_4___4__    17   0  [1, 1, 1, 3, 1, 0, 3, 0, 0, 0, 0, 0, 1, 0, 1, 0, 0]  (0, 0)
200_2___4__    16   0  [3, 0, 6, 0, 0, 2, 0, 0, 1, 0, 0, 0, 0, 1, 0, 0]  (0, 0)
100_2___4__    15   0  [1, 1, 1, 3, 2, 1, 1, 0, 0, 1, 0, 2, 1, 0, 0]  (0, 0)
300_2___4__    15   0  [1, 1, 1, 3, 3, 2, 0, 0, 1, 0, 0, 1, 1, 0, 0]  (0, 0)
300_3___4__    15   0  [1, 1, 1, 3, 3, 2, 0, 0, 1, 0, 1, 0, 1, 0, 0]  (0, 0)
300_4___4__    15   0  [1, 1, 1, 3, 2, 0, 2, 0, 0, 1, 0, 2, 1, 0, 0]  (0, 0)
100_1___4__    14   0  [1, 1, 1, 3, 3, 2, 0, 0, 1, 0, 2, 1, 0, 0]  (0, 0)
100_5___4__    14   0  [1, 1, 1, 3, 3, 2, 0, 0, 1, 0, 2, 1, 0, 0]  (0, 0)
300_5___4__    14   2  [1, 1, 3, 2, 0, 2, 0, 0, 1, 0, 2, 1, 0, 0]  (0, 0)
100_3___4__    13   0  [1, 1, 1, 3, 6, 0, 0, 1, 0, 2, 1, 0, 0]  (0, 0)
100_4___4__    13   0  [1, 1, 1, 3, 6, 0, 0, 1, 0, 2, 1, 0, 0]  (0, 0)
200_1___4__    13   0  [3, 0, 5, 2, 1, 0, 1, 2, 0, 1, 1, 0, 0]  (0, 0)
300_1___4__    12   0  [3, 1, 3, 3, 2, 1, 2, 0, 1, 1, 0, 0]  (0, 0)
part_in:(1, 0), all_in:(0, 0), all_out:(0, 0)
row1
100_2___5__    18   0  [0, 0, 1, 0, 0, 3, 5, 0, 0, 1, 1, 0, 0, 0, 0, 0, 0, 0]  (0, 1)
100_3___5__    18   0  [0, 0, 0, 0, 0, 0, 3, 1, 5, 1, 1, 0, 0, 0, 0, 0, 0, 0]  (1, 2)
100_4___5__    18   0  [0, 0, 1, 1, 0, 2, 1, 1, 1, 0, 0, 1, 1, 0, 1, 0, 0, 1]  (1, 2)
100_5___5__    18   0  [1, 0, 0, 1, 0, 2, 1, 1, 1, 0, 0, 1, 1, 0, 1, 0, 0, 1]  (1, 1)
300_1___5__    18   0  [2, 0, 1, 2, 0, 4, 0, 0, 0, 1, 1, 0, 0, 0, 0, 0, 0, 0]  (1, 1)
300_2___5__    18   0  [2, 0, 1, 2, 0, 1, 3, 0, 0, 1, 1, 0, 0, 0, 0, 0, 0, 0]  (1, 1)
100_1___5__    17   0  [0, 1, 0, 0, 0, 3, 3, 3, 1, 1, 0, 0, 0, 0, 0, 0, 0]  (0, 1)
200_1___5__    17   0  [0, 1, 0, 0, 0, 2, 0, 6, 0, 1, 1, 0, 0, 1, 0, 0, 0]  (1, 1)
300_3___5__    16   0  [2, 0, 1, 2, 0, 6, 0, 1, 1, 0, 0, 0, 0, 0, 0, 0]  (1, 2)
300_5___5__    16   0  [0, 2, 1, 3, 0, 2, 1, 1, 1, 1, 0, 1, 0, 0, 0, 0]  (1, 2)
200_2___5__    15   0  [2, 0, 0, 0, 2, 0, 6, 0, 1, 1, 0, 2, 0, 0, 0]  (1, 1)
200_3___5__    15   0  [2, 0, 1, 2, 0, 1, 5, 1, 1, 0, 0, 1, 0, 0, 0]  (1, 1)
200_5___5__    15   0  [3, 1, 2, 0, 3, 1, 1, 1, 1, 0, 1, 0, 0, 0, 0]  (1, 1)
300_4___5__    15   0  [0, 2, 5, 5, 0, 0, 1, 1, 0, 0, 0, 0, 0, 0, 0]  (1, 2)
200_4___5__    14   0  [3, 1, 2, 0, 3, 2, 0, 1, 1, 0, 2, 0, 0, 0]  (1, 1)
part_in:(0, 2), all_in:(1, 1), all_out:(0, 2)
row4
100_5___8__    22   1  [0, 0, 0, 1, 0, 0, 0, 1, 1, 1, 0, 0, 0, 1, 0, 0, 1, 0, 0, 0, 0, 0]  (0, 2)
100_4___8__    21   1  [0, 0, 0, 1, 0, 0, 0, 1, 3, 0, 0, 0, 1, 0, 0, 1, 0, 0, 0, 0, 0]  (1, 2)
200_5___8__    20   1  [0, 0, 0, 1, 0, 0, 0, 1, 3, 0, 0, 0, 1, 0, 0, 1, 0, 0, 1, 0]  (0, 2)
100_2___8__    19   1  [0, 0, 0, 1, 0, 0, 0, 1, 0, 2, 0, 0, 0, 2, 0, 2, 0, 1, 0]  (1, 2)
200_2___8__    19   1  [0, 0, 0, 1, 0, 0, 0, 1, 1, 1, 1, 0, 2, 0, 1, 0, 0, 1, 0]  (1, 2)
200_3___8__    19   1  [0, 0, 0, 1, 0, 0, 0, 1, 3, 1, 0, 0, 1, 0, 1, 0, 0, 1, 0]  (0, 2)
200_4___8__    19   1  [0, 0, 0, 1, 0, 0, 0, 1, 3, 1, 0, 0, 0, 0, 0, 2, 0, 1, 0]  (0, 2)
300_2___8__    19   1  [0, 0, 0, 1, 0, 0, 0, 1, 1, 1, 1, 0, 2, 0, 1, 0, 0, 1, 0]  (1, 2)
300_4___8__    19   1  [0, 0, 0, 1, 0, 0, 0, 1, 1, 1, 1, 0, 1, 0, 0, 2, 0, 1, 0]  (1, 2)
300_5___8__    19   1  [0, 0, 0, 1, 0, 0, 0, 1, 1, 1, 1, 0, 2, 0, 1, 0, 0, 1, 0]  (0, 2)
100_1___8__    18   1  [0, 0, 0, 1, 0, 0, 0, 1, 3, 1, 0, 2, 0, 1, 0, 0, 1, 0]  (2, 2)
100_3___8__    18   1  [0, 0, 0, 1, 0, 0, 0, 1, 3, 1, 0, 2, 0, 1, 0, 0, 1, 0]  (0, 2)
300_1___8__    18   1  [0, 0, 0, 1, 0, 0, 0, 1, 1, 1, 1, 0, 2, 2, 0, 0, 1, 0]  (1, 2)
300_3___8__    18   1  [0, 0, 0, 1, 0, 0, 0, 1, 1, 1, 1, 0, 2, 0, 2, 0, 1, 0]  (1, 2)
200_1___8__    17   1  [0, 0, 0, 1, 0, 0, 0, 1, 3, 1, 0, 2, 0, 2, 0, 1, 0]  (1, 2)
part_in:(0, 0), all_in:(1, 2), all_out:(0, 2)
