30
red1
more
('18_9___1__', 15, 0, [0, 1, 2, 0, 1, 3, 0, 1, 0, 4, 0, 1, 0, 1, 0]) (4, 8)
('23_8___1__', 15, 0, [0, 1, 2, 0, 5, 0, 1, 0, 1, 2, 0, 0, 1, 1, 0]) (3, 4)
('37_1___1__', 15, 0, [0, 1, 3, 1, 2, 1, 0, 0, 0, 1, 0, 0, 0, 3, 2]) (4, 4)
('4_2___1__', 14, 0, [0, 1, 3, 1, 2, 0, 0, 1, 0, 1, 2, 1, 1, 2]) (4, 6)
('6_6___1__', 14, 1, [1, 2, 0, 5, 0, 1, 0, 1, 0, 1, 0, 1, 0, 2]) (4, 6)
('10_8___1__', 14, 0, [0, 1, 2, 0, 1, 3, 0, 1, 0, 4, 0, 1, 0, 2]) (4, 5)
('10_9___1__', 14, 0, [0, 1, 2, 0, 1, 3, 0, 1, 0, 0, 3, 3, 1, 0]) (4, 8)
('14_6___1__', 14, 1, [1, 2, 0, 1, 3, 0, 1, 0, 4, 0, 1, 0, 1, 0]) (4, 6)
('23_9___1__', 14, 0, [0, 1, 2, 0, 5, 0, 1, 0, 1, 0, 1, 3, 1, 0]) (4, 5)
('24_2___1__', 14, 0, [0, 1, 2, 0, 1, 2, 0, 0, 1, 0, 1, 2, 4, 1]) (4, 6)
less
('30_3___1__', 5, 3, [3, 6, 1, 0, 11]) (4, 6)
('3_5___1__', 6, 0, [6, 5, 0, 1, 0, 11]) (4, 4)
('4_5___1__', 6, 0, [6, 5, 0, 1, 0, 11]) (4, 4)
('5_4___1__', 6, 0, [2, 3, 6, 1, 0, 11]) (4, 4)
('5_5___1__', 6, 0, [6, 5, 0, 1, 0, 11]) (4, 4)
('7_5___1__', 6, 0, [6, 5, 0, 1, 0, 11]) (4, 4)
('8_5___1__', 6, 0, [6, 5, 0, 1, 0, 11]) (4, 4)
('9_5___1__', 6, 0, [6, 5, 0, 1, 0, 11]) (4, 4)
('10_4___1__', 6, 0, [2, 3, 6, 1, 0, 11]) (4, 4)
('10_5___1__', 6, 0, [6, 5, 0, 1, 0, 11]) (4, 4)
part_in:(3, 8), all_in:(4, 4), all_out:(3, 8)
red2
more
('22_6___2__', 18, 0, [1, 1, 1, 2, 1, 0, 0, 0, 2, 0, 0, 1, 0, 0, 0, 1, 0, 1]) (5, 9)
('6_6___2__', 17, 0, [1, 1, 1, 4, 0, 0, 0, 1, 0, 1, 1, 0, 0, 0, 1, 0, 1]) (5, 13)
('6_7___2__', 17, 0, [1, 1, 1, 4, 0, 0, 0, 1, 0, 1, 1, 0, 0, 0, 1, 0, 1]) (5, 12)
('24_6___2__', 16, 0, [1, 1, 1, 4, 0, 0, 0, 2, 1, 1, 0, 0, 0, 1, 0, 1]) (5, 13)
('27_6___2__', 16, 0, [1, 0, 0, 1, 4, 0, 0, 0, 1, 0, 1, 2, 1, 1, 0, 1]) (5, 7)
('29_6___2__', 16, 0, [0, 0, 0, 0, 1, 4, 0, 0, 0, 2, 0, 3, 1, 1, 0, 1]) (5, 7)
('36_6___2__', 16, 0, [1, 1, 1, 2, 1, 0, 0, 0, 2, 0, 0, 2, 0, 0, 2, 1]) (5, 7)
('44_6___2__', 16, 0, [0, 0, 1, 1, 2, 1, 0, 0, 0, 2, 1, 2, 0, 0, 2, 1]) (5, 10)
('17_6___2__', 15, 0, [1, 1, 1, 4, 0, 0, 0, 1, 0, 1, 2, 0, 0, 1, 2]) (5, 9)
('17_8___2__', 15, 0, [1, 1, 1, 4, 0, 0, 0, 1, 0, 0, 0, 2, 1, 1, 2]) (5, 11)
less
('19_1___2__', 6, 2, [1, 9, 4, 1, 0, 6]) (5, 8)
('28_1___2__', 6, 0, [3, 9, 4, 1, 0, 6]) (5, 8)
('35_1___2__', 6, 2, [1, 6, 2, 4, 2, 6]) (5, 15)
('1_10___2__', 7, 2, [1, 6, 2, 2, 4, 1, 4]) (5, 13)
('5_10___2__', 7, 4, [6, 1, 0, 7, 1, 1, 2]) (5, 13)
('7_1___2__', 7, 2, [1, 4, 1, 2, 4, 2, 6]) (5, 9)
('13_1___2__', 7, 2, [1, 9, 1, 2, 2, 4, 1]) (5, 13)
('28_7___2__', 7, 4, [1, 4, 1, 0, 7, 3, 2]) (5, 5)
('31_1___2__', 7, 2, [0, 0, 9, 6, 0, 3, 2]) (5, 7)
('34_1___2__', 7, 2, [1, 7, 1, 4, 1, 0, 6]) (5, 10)
part_in:(8, 15), all_in:(5, 7), all_out:(5, 15)
red3
more
('43_6___3__', 17, 0, [0, 0, 1, 1, 1, 2, 0, 0, 1, 0, 0, 2, 0, 0, 1, 2, 1]) (10, 15)
('6_1___3__', 16, 0, [0, 0, 0, 0, 1, 1, 2, 1, 2, 0, 2, 0, 0, 1, 2, 1]) (10, 17)
('7_7___3__', 16, 0, [0, 0, 1, 1, 1, 2, 0, 0, 2, 1, 0, 0, 1, 1, 2, 1]) (10, 19)
('17_6___3__', 16, 0, [0, 0, 1, 1, 1, 2, 0, 0, 2, 2, 0, 0, 0, 1, 2, 1]) (10, 15)
('26_6___3__', 16, 0, [0, 0, 1, 1, 1, 2, 0, 0, 2, 1, 0, 0, 1, 1, 2, 1]) (10, 19)
('36_6___3__', 16, 0, [1, 1, 1, 1, 2, 0, 0, 2, 2, 0, 0, 0, 1, 1, 0, 1]) (10, 11)
('3_1___3__', 15, 2, [0, 0, 1, 1, 2, 1, 2, 0, 0, 1, 0, 2, 1, 0, 1]) (10, 22)
('5_1___3__', 15, 2, [0, 0, 1, 1, 2, 0, 0, 2, 0, 2, 0, 2, 1, 0, 1]) (10, 19)
('6_7___3__', 15, 1, [0, 1, 1, 1, 2, 0, 0, 2, 1, 0, 0, 0, 2, 2, 1]) (10, 21)
('14_1___3__', 15, 1, [0, 0, 0, 1, 1, 2, 1, 2, 0, 2, 0, 2, 1, 0, 1]) (10, 16)
less
('20_2___3__', 7, 2, [3, 4, 1, 6, 3, 2, 1]) (10, 16)
('43_2___3__', 7, 2, [1, 1, 6, 6, 0, 5, 1]) (10, 15)
('21_2___3__', 8, 2, [1, 1, 4, 1, 6, 0, 5, 1]) (10, 16)
('1_4___3__', 9, 2, [3, 1, 2, 1, 2, 3, 3, 2, 1]) (10, 15)
('1_8___3__', 9, 2, [1, 1, 1, 2, 0, 3, 3, 3, 4]) (10, 18)
('1_10___3__', 9, 2, [1, 1, 1, 2, 4, 3, 3, 2, 1]) (10, 19)
('3_9___3__', 9, 2, [1, 1, 1, 2, 4, 3, 3, 2, 1]) (10, 19)
('5_4___3__', 9, 2, [3, 1, 2, 4, 3, 0, 2, 2, 1]) (10, 15)
('12_10___3__', 9, 2, [1, 1, 1, 2, 4, 3, 3, 2, 1]) (10, 17)
('14_4___3__', 9, 2, [3, 1, 2, 1, 2, 3, 3, 2, 1]) (10, 15)
part_in:(12, 22), all_in:(10, 11), all_out:(10, 22)
red4
more
('33_7___4__', 17, 1, [0, 1, 0, 0, 2, 1, 1, 0, 0, 0, 1, 0, 0, 1, 1, 2, 1]) (14, 22)
('6_1___4__', 16, 1, [0, 0, 0, 0, 0, 2, 1, 2, 0, 0, 0, 1, 0, 3, 2, 1]) (14, 26)
('7_7___4__', 16, 1, [0, 1, 0, 0, 2, 1, 1, 0, 0, 0, 1, 1, 1, 1, 2, 1]) (14, 23)
('12_6___4__', 16, 1, [0, 1, 0, 0, 2, 1, 0, 1, 0, 0, 1, 0, 0, 1, 1, 4]) (14, 20)
('17_1___4__', 16, 1, [0, 0, 0, 0, 0, 2, 1, 2, 0, 0, 0, 1, 0, 3, 2, 1]) (14, 28)
('26_7___4__', 16, 1, [0, 1, 0, 0, 2, 1, 1, 0, 0, 0, 1, 1, 1, 1, 2, 1]) (14, 20)
('33_6___4__', 16, 1, [0, 1, 0, 0, 2, 1, 2, 0, 0, 1, 0, 0, 1, 1, 2, 1]) (14, 20)
('2_1___4__', 15, 2, [0, 0, 0, 0, 2, 1, 2, 0, 0, 2, 0, 0, 2, 2, 1]) (14, 19)
('3_6___4__', 15, 1, [0, 1, 0, 0, 2, 1, 2, 0, 0, 1, 0, 0, 1, 1, 4]) (14, 20)
('3_7___4__', 15, 1, [0, 1, 0, 0, 2, 1, 2, 0, 0, 1, 0, 0, 1, 1, 4]) (14, 24)
less
('23_5___4__', 8, 2, [2, 0, 7, 0, 0, 7, 2, 1]) (14, 18)
('42_2___4__', 8, 2, [2, 0, 7, 1, 3, 3, 2, 1]) (14, 23)
('2_5___4__', 9, 2, [2, 0, 7, 0, 0, 3, 3, 2, 1]) (14, 19)
('3_5___4__', 9, 2, [2, 0, 7, 0, 0, 3, 3, 2, 1]) (14, 19)
('5_6___4__', 9, 2, [1, 0, 0, 2, 1, 2, 0, 0, 12]) (14, 20)
('15_2___4__', 9, 2, [2, 0, 7, 0, 0, 3, 3, 2, 1]) (14, 24)
('18_5___4__', 9, 2, [2, 0, 7, 0, 0, 3, 3, 2, 1]) (14, 18)
('19_5___4__', 9, 2, [2, 0, 7, 0, 0, 3, 3, 2, 1]) (14, 18)
('24_5___4__', 9, 2, [2, 0, 7, 0, 0, 3, 3, 2, 1]) (14, 18)
('28_5___4__', 9, 2, [1, 0, 0, 7, 0, 0, 7, 2, 1]) (14, 18)
part_in:(19, 28), all_in:(14, 18), all_out:(14, 28)
red5
more
('11_6___5__', 16, 0, [0, 1, 2, 0, 1, 1, 2, 0, 2, 1, 0, 1, 1, 1, 0, 0]) (22, 29)
('19_9___5__', 16, 1, [1, 2, 0, 1, 1, 3, 1, 0, 1, 0, 0, 0, 1, 1, 0, 0]) (22, 27)
('11_8___5__', 15, 0, [0, 1, 2, 0, 1, 1, 1, 1, 1, 0, 1, 0, 2, 3, 0]) (22, 28)
('11_9___5__', 15, 0, [0, 1, 2, 0, 1, 1, 3, 1, 0, 1, 0, 0, 2, 2, 0]) (22, 29)
('16_9___5__', 15, 1, [1, 2, 0, 1, 1, 1, 1, 1, 0, 1, 0, 0, 2, 2, 0]) (22, 28)
('21_6___5__', 15, 0, [0, 1, 2, 0, 1, 1, 2, 0, 2, 1, 0, 0, 2, 2, 0]) (22, 26)
('22_6___5__', 15, 0, [0, 1, 2, 0, 1, 1, 3, 2, 1, 0, 0, 0, 1, 2, 0]) (22, 26)
('24_9___5__', 15, 0, [0, 1, 2, 0, 1, 1, 3, 1, 0, 1, 0, 3, 1, 0, 0]) (22, 28)
('33_9___5__', 15, 1, [1, 2, 0, 1, 1, 3, 1, 0, 1, 0, 1, 1, 1, 0, 0]) (22, 27)
('36_6___5__', 15, 0, [0, 1, 2, 0, 1, 1, 0, 2, 2, 1, 0, 0, 0, 4, 0]) (22, 25)
less
('2_4___5__', 5, 6, [0, 1, 7, 10, 0]) (22, 26)
('16_2___5__', 5, 3, [2, 0, 7, 12, 0]) (22, 29)
('1_1___5__', 6, 1, [4, 0, 4, 2, 12, 0]) (22, 31)
('1_4___5__', 6, 3, [2, 0, 1, 3, 14, 0]) (22, 25)
('2_5___5__', 6, 1, [4, 0, 1, 7, 10, 0]) (22, 24)
('5_5___5__', 6, 1, [4, 0, 1, 7, 10, 0]) (22, 23)
('7_5___5__', 6, 1, [4, 0, 1, 7, 10, 0]) (22, 23)
('9_1___5__', 6, 1, [4, 0, 7, 1, 10, 0]) (22, 30)
('9_4___5__', 6, 6, [0, 1, 7, 3, 6, 0]) (22, 25)
('11_5___5__', 6, 1, [4, 0, 1, 7, 10, 0]) (22, 23)
part_in:(24, 31), all_in:(22, 23), all_out:(22, 31)
red6
more
('20_6___6__', 19, 1, [0, 0, 0, 2, 1, 1, 0, 0, 0, 0, 0, 0, 0, 0, 0, 0, 0, 2, 3]) (25, 31)
('24_2___6__', 19, 1, [0, 0, 0, 2, 1, 1, 0, 0, 0, 0, 0, 0, 0, 1, 0, 0, 1, 0, 3]) (25, 32)
('45_6___6__', 19, 0, [0, 0, 0, 0, 2, 1, 1, 0, 0, 0, 0, 0, 0, 0, 2, 0, 1, 0, 3]) (25, 27)
('48_6___6__', 19, 0, [0, 0, 0, 0, 2, 1, 1, 0, 0, 0, 0, 0, 0, 0, 2, 0, 0, 1, 3]) (25, 30)
('15_6___6__', 18, 1, [0, 0, 0, 2, 1, 1, 1, 0, 0, 0, 0, 2, 0, 0, 0, 0, 0, 3]) (25, 28)
('16_9___6__', 18, 1, [0, 0, 0, 2, 1, 1, 0, 0, 0, 0, 0, 0, 0, 2, 0, 1, 0, 3]) (25, 30)
('19_6___6__', 18, 0, [1, 0, 0, 2, 1, 1, 1, 0, 0, 0, 0, 0, 0, 0, 0, 0, 2, 3]) (25, 31)
('19_7___6__', 18, 0, [0, 0, 0, 0, 2, 1, 1, 1, 0, 0, 0, 0, 0, 1, 0, 0, 4, 1]) (25, 30)
('20_1___6__', 18, 1, [0, 0, 0, 2, 1, 1, 0, 0, 1, 0, 0, 0, 0, 0, 0, 0, 1, 4]) (25, 32)
('22_6___6__', 18, 0, [0, 0, 0, 0, 2, 1, 1, 0, 0, 0, 0, 0, 0, 0, 2, 0, 2, 3]) (25, 32)
less
('22_9___6__', 9, 2, [0, 0, 2, 1, 1, 4, 0, 4, 6]) (25, 32)
('4_7___6__', 11, 2, [0, 0, 2, 1, 1, 4, 0, 0, 2, 0, 6]) (25, 30)
('15_8___6__', 11, 2, [0, 0, 2, 1, 1, 1, 1, 1, 0, 3, 6]) (25, 30)
('42_2___6__', 11, 2, [0, 0, 2, 1, 5, 0, 0, 3, 0, 1, 4]) (25, 31)
('50_10___6__', 11, 2, [0, 0, 2, 1, 1, 3, 0, 0, 3, 0, 6]) (25, 30)
('1_8___6__', 12, 2, [0, 0, 2, 1, 1, 1, 0, 2, 0, 3, 2, 3]) (25, 29)
('5_5___6__', 12, 2, [0, 0, 2, 1, 1, 4, 0, 0, 2, 0, 1, 4]) (25, 29)
('8_3___6__', 12, 2, [0, 0, 2, 1, 1, 3, 0, 0, 0, 2, 0, 6]) (25, 32)
('8_5___6__', 12, 2, [0, 0, 2, 1, 1, 4, 0, 0, 2, 0, 1, 4]) (25, 29)
('13_1___6__', 12, 2, [1, 2, 1, 1, 3, 0, 0, 0, 1, 0, 0, 6]) (25, 32)
part_in:(28, 32), all_in:(25, 27), all_out:(25, 32)
