bravo1.D3_11    50_[6, 0, 0, 1, 3, 11, 3, 2, 1, 0, 0, 0, 1, 0, 0, 3, 4, 1, 6, 0, 1, 2, 0, 27, 1, 4, 8, 0, 4, 3, 0, 0, 14, 0, 2, 0, 15, 0, 8, 2, 3, 2, 1, 6, 0, 1, 1, 0, 2, 1]    (14)
bravo1.A3_13    50_[0, 0, 0, 1, 2, 0, 17, 0, 5, 1, 4, 0, 6, 0, 8, 0, 1, 9, 2, 0, 0, 0, 1, 12, 4, 2, 3, 1, 1, 1, 3, 2, 8, 2, 3, 0, 6, 1, 10, 1, 0, 8, 3, 6, 5, 2, 2, 3, 2, 2]    (15)
bravo3.D1_4    50_[0, 1, 0, 3, 2, 4, 2, 0, 0, 0, 4, 1, 0, 6, 2, 2, 2, 8, 0, 0, 11, 1, 0, 1, 0, 6, 1, 6, 7, 8, 3, 0, 0, 8, 1, 0, 0, 0, 20, 2, 2, 1, 5, 5, 4, 2, 2, 1, 2, 15]    (8)
bravo1.D4_1    49_[3, 0, 11, 0, 2, 4, 0, 2, 3, 2, 1, 5, 5, 2, 5, 2, 3, 0, 2, 5, 6, 0, 2, 0, 3, 2, 1, 13, 0, 6, 1, 1, 0, 0, 3, 16, 3, 4, 1, 1, 5, 0, 3, 10, 1, 0, 1, 4, 10]    (5)
bravo1.A1_2    47_[11, 3, 1, 1, 0, 1, 2, 1, 1, 1, 0, 3, 2, 0, 3, 0, 12, 0, 7, 12, 2, 3, 3, 10, 4, 6, 1, 0, 0, 1, 0, 4, 0, 7, 3, 8, 0, 14, 6, 17, 2, 1, 0, 0, 0, 0, 6]    (2)
bravo1.D3_15    47_[2, 1, 0, 7, 7, 3, 1, 6, 1, 1, 4, 5, 9, 1, 3, 8, 1, 1, 2, 6, 4, 0, 2, 12, 2, 1, 8, 9, 2, 3, 1, 2, 4, 0, 1, 1, 3, 4, 0, 2, 0, 5, 0, 8, 3, 1, 8]    (12)
bravo2.A1_4    47_[0, 10, 0, 12, 2, 4, 1, 0, 11, 3, 1, 4, 13, 1, 3, 3, 2, 1, 0, 14, 6, 1, 0, 1, 0, 3, 0, 1, 1, 4, 1, 1, 4, 1, 0, 3, 0, 7, 5, 3, 1, 3, 0, 5, 0, 3, 14]    (6)
bravo2.D3_6    47_[0, 1, 5, 0, 1, 3, 0, 2, 9, 5, 0, 1, 1, 14, 2, 16, 2, 2, 2, 6, 2, 0, 3, 1, 0, 6, 0, 4, 2, 1, 2, 1, 0, 1, 2, 0, 4, 12, 1, 1, 0, 9, 5, 7, 6, 7, 4]    (20)
bravo2.D2_3    46_[1, 3, 5, 2, 0, 1, 2, 2, 2, 6, 2, 6, 14, 0, 4, 1, 9, 5, 0, 5, 1, 2, 3, 0, 7, 1, 1, 1, 1, 0, 4, 12, 2, 0, 3, 7, 13, 5, 4, 0, 3, 5, 1, 5, 0, 4]    (26)
bravo2.D4_10    46_[0, 7, 7, 2, 2, 3, 1, 0, 10, 2, 4, 0, 2, 0, 7, 2, 4, 5, 2, 4, 3, 15, 2, 5, 1, 8, 1, 6, 0, 4, 0, 1, 0, 4, 0, 6, 0, 4, 8, 3, 4, 1, 4, 0, 5, 5]    (27)
bravo3.D2_1    46_[0, 1, 0, 0, 0, 0, 7, 4, 1, 1, 5, 3, 3, 1, 2, 4, 14, 4, 8, 0, 0, 9, 2, 9, 0, 0, 3, 1, 1, 0, 0, 8, 6, 14, 1, 1, 2, 5, 1, 0, 1, 0, 4, 1, 20, 8]    (22)
bravo1.A2_2    45_[11, 3, 4, 2, 5, 2, 0, 1, 0, 2, 0, 3, 0, 0, 1, 3, 14, 1, 1, 3, 6, 2, 1, 1, 12, 4, 4, 3, 8, 1, 1, 0, 1, 1, 5, 16, 6, 0, 0, 0, 13, 1, 4, 1, 13]    (3)
bravo3.D3_5    45_[6, 3, 3, 2, 4, 0, 0, 1, 0, 13, 9, 1, 1, 0, 2, 2, 4, 14, 0, 2, 7, 8, 3, 0, 1, 3, 3, 4, 1, 6, 0, 3, 1, 6, 2, 0, 5, 2, 1, 1, 7, 4, 4, 7, 15]    (15)
bravo2.A5_2    45_[3, 2, 1, 7, 1, 4, 6, 5, 3, 6, 2, 4, 1, 4, 10, 0, 3, 1, 2, 8, 1, 4, 0, 0, 0, 1, 1, 2, 8, 2, 7, 4, 5, 5, 8, 1, 10, 5, 0, 0, 6, 9, 2, 1, 11]    (31)
bravo3.A3_6    45_[3, 6, 2, 0, 1, 8, 0, 9, 8, 3, 0, 7, 1, 2, 11, 2, 1, 7, 1, 3, 1, 8, 2, 4, 3, 3, 4, 3, 0, 0, 1, 3, 4, 0, 2, 3, 2, 1, 0, 5, 7, 17, 5, 1, 4]    (7)
bravo1.A4_9    45_[1, 0, 4, 5, 1, 4, 1, 1, 4, 3, 4, 14, 6, 4, 1, 0, 3, 0, 7, 0, 1, 1, 4, 0, 5, 1, 5, 3, 0, 6, 13, 2, 3, 4, 2, 4, 3, 5, 6, 8, 1, 0, 3, 7, 6]    (30)
bravo2.D1_5    45_[1, 0, 0, 3, 0, 1, 10, 1, 1, 2, 0, 5, 0, 9, 4, 4, 13, 0, 0, 1, 6, 0, 2, 0, 4, 4, 1, 10, 2, 12, 1, 0, 0, 1, 4, 1, 9, 14, 13, 1, 3, 2, 4, 1, 11]    (22)
bravo2.A2_4    45_[0, 1, 3, 4, 3, 5, 3, 1, 0, 0, 16, 7, 1, 4, 4, 1, 2, 1, 1, 0, 2, 4, 4, 5, 15, 0, 3, 0, 6, 2, 0, 21, 1, 3, 0, 4, 3, 1, 3, 6, 0, 0, 0, 3, 13]    (7)
bravo3.A2_4    45_[0, 1, 3, 14, 0, 2, 2, 0, 16, 9, 4, 4, 1, 4, 1, 3, 4, 4, 15, 2, 2, 0, 3, 0, 6, 1, 0, 0, 0, 1, 0, 9, 2, 4, 1, 3, 0, 4, 3, 1, 10, 0, 3, 0, 14]    (7)
bravo3.A2_5    45_[0, 11, 1, 0, 6, 5, 0, 6, 9, 6, 0, 3, 11, 0, 0, 3, 5, 1, 1, 7, 0, 2, 14, 3, 6, 0, 5, 1, 4, 2, 2, 2, 0, 1, 2, 4, 0, 9, 2, 1, 11, 0, 3, 6, 5]    (3)
bravo3.A5_1    44_[13, 0, 1, 15, 8, 0, 3, 0, 1, 0, 2, 3, 2, 2, 9, 1, 2, 8, 1, 4, 5, 3, 1, 2, 4, 4, 8, 0, 6, 10, 7, 1, 0, 0, 0, 1, 4, 7, 9, 2, 0, 1, 6, 19]    (32)
bravo1.A2_9    44_[6, 3, 3, 1, 3, 2, 1, 3, 5, 5, 1, 4, 8, 10, 4, 4, 1, 1, 1, 0, 9, 1, 7, 13, 5, 8, 1, 6, 4, 2, 6, 1, 4, 1, 1, 3, 1, 0, 3, 4, 0, 3, 4, 11]    (17)
bravo2.A1_2    44_[6, 7, 0, 0, 0, 1, 0, 1, 6, 2, 0, 2, 2, 4, 0, 12, 8, 16, 4, 2, 2, 6, 0, 11, 1, 0, 0, 7, 0, 7, 2, 1, 7, 4, 10, 0, 5, 0, 4, 11, 3, 0, 0, 2]    (2)
bravo3.A1_1    44_[6, 7, 3, 3, 7, 0, 1, 1, 2, 3, 0, 3, 4, 3, 13, 7, 0, 1, 0, 3, 4, 3, 5, 1, 0, 8, 12, 4, 0, 0, 3, 2, 8, 0, 0, 8, 2, 5, 3, 8, 10, 1, 0, 4]    (1)
bravo1.D2_2    44_[5, 4, 1, 1, 2, 9, 5, 8, 4, 4, 2, 5, 3, 6, 3, 2, 6, 0, 0, 3, 3, 8, 9, 11, 0, 3, 0, 0, 4, 4, 10, 0, 1, 1, 8, 1, 0, 13, 2, 0, 3, 0, 2, 35]    (23)
bravo1.D2_6    44_[3, 3, 5, 6, 1, 6, 3, 1, 0, 0, 1, 8, 9, 2, 0, 2, 1, 2, 4, 2, 8, 9, 2, 0, 7, 12, 5, 0, 4, 5, 5, 0, 3, 0, 4, 12, 5, 3, 0, 7, 2, 4, 0, 16]    (18)
bravo1.A3_14    44_[2, 2, 7, 0, 6, 3, 8, 1, 1, 7, 2, 3, 7, 3, 8, 3, 2, 6, 4, 0, 0, 14, 2, 1, 4, 3, 8, 0, 2, 4, 3, 5, 1, 5, 4, 0, 2, 6, 0, 6, 4, 0, 1, 8]    (12)
bravo1.D4_3    44_[2, 2, 6, 10, 2, 0, 2, 12, 12, 8, 3, 1, 10, 6, 4, 2, 2, 1, 2, 4, 15, 0, 1, 0, 3, 2, 0, 5, 0, 1, 3, 3, 0, 0, 2, 4, 2, 4, 4, 3, 10, 3, 0, 1]    (6)
bravo1.D4_5    44_[2, 2, 2, 0, 0, 11, 10, 1, 4, 0, 0, 1, 11, 0, 7, 2, 4, 1, 3, 8, 2, 4, 6, 10, 0, 1, 9, 0, 2, 2, 1, 5, 0, 0, 1, 2, 7, 3, 16, 1, 0, 11, 3, 2]    (9)
bravo2.D2_10    44_[1, 4, 3, 4, 3, 2, 0, 12, 2, 3, 3, 8, 1, 1, 4, 12, 1, 5, 6, 1, 9, 6, 4, 1, 1, 8, 0, 0, 5, 0, 1, 5, 6, 7, 0, 3, 9, 1, 4, 2, 3, 2, 3, 2]    (21)
bravo1.A2_3    44_[0, 1, 11, 0, 0, 8, 7, 2, 14, 1, 1, 0, 5, 3, 1, 1, 0, 1, 4, 0, 3, 1, 7, 0, 1, 15, 3, 4, 1, 0, 6, 2, 7, 0, 0, 5, 4, 0, 4, 4, 10, 0, 19, 3]    (8)
bravo3.A1_4    44_[0, 10, 0, 12, 1, 0, 1, 5, 11, 0, 2, 1, 4, 15, 7, 2, 1, 0, 18, 2, 1, 0, 1, 0, 4, 1, 8, 1, 4, 2, 3, 0, 7, 5, 3, 1, 3, 0, 5, 0, 2, 3, 4, 6]    (6)
bravo2.A6_2    43_[8, 4, 3, 14, 1, 1, 4, 4, 0, 1, 10, 12, 1, 4, 6, 1, 4, 2, 1, 9, 4, 4, 1, 6, 1, 1, 3, 3, 5, 0, 9, 0, 1, 1, 4, 0, 6, 7, 0, 0, 1, 3, 17]    (32)
bravo2.A1_1    43_[6, 11, 3, 7, 0, 1, 1, 2, 3, 0, 3, 4, 3, 13, 7, 0, 1, 0, 3, 4, 3, 5, 1, 0, 8, 12, 4, 0, 0, 3, 2, 8, 0, 0, 8, 2, 5, 3, 8, 10, 1, 0, 4]    (1)
bravo3.A1_2    43_[6, 4, 3, 0, 0, 1, 0, 1, 6, 2, 3, 2, 4, 0, 12, 8, 16, 4, 2, 2, 6, 0, 11, 1, 0, 0, 7, 0, 7, 2, 1, 7, 4, 10, 0, 5, 5, 3, 7, 3, 0, 0, 2]    (2)
bravo2.A4_6    43_[3, 9, 5, 8, 1, 9, 8, 0, 2, 1, 4, 1, 2, 2, 2, 5, 9, 1, 2, 0, 2, 10, 0, 7, 0, 3, 0, 4, 6, 2, 9, 2, 13, 4, 1, 4, 1, 1, 2, 1, 0, 10, 7]    (25)
bravo2.A5_6    43_[2, 3, 1, 5, 4, 5, 5, 3, 11, 2, 1, 0, 2, 8, 3, 2, 2, 0, 0, 0, 9, 5, 7, 3, 0, 8, 0, 0, 3, 1, 8, 2, 0, 10, 0, 5, 8, 2, 2, 4, 2, 18, 3]    (25)
bravo2.A2_1    42_[16, 0, 1, 0, 1, 7, 8, 4, 0, 2, 3, 5, 8, 6, 14, 2, 6, 3, 4, 4, 1, 1, 0, 3, 4, 0, 1, 5, 3, 0, 7, 4, 10, 0, 0, 0, 3, 0, 4, 17, 0, 1]    (2)
bravo3.A5_6    42_[8, 5, 2, 7, 5, 3, 4, 3, 2, 2, 1, 0, 2, 11, 0, 2, 0, 1, 0, 1, 9, 5, 2, 8, 0, 8, 5, 1, 5, 2, 2, 0, 4, 5, 0, 2, 2, 3, 4, 5, 26, 3]    (25)
bravo2.A4_2    42_[5, 2, 5, 1, 4, 3, 25, 0, 0, 3, 3, 2, 1, 0, 4, 0, 9, 3, 0, 3, 0, 2, 0, 2, 0, 2, 4, 14, 7, 16, 2, 0, 2, 2, 2, 5, 6, 13, 3, 1, 2, 19]    (22)
bravo1.A2_15    42_[2, 7, 2, 0, 3, 3, 5, 0, 2, 0, 13, 13, 4, 3, 5, 3, 3, 7, 4, 8, 2, 0, 5, 3, 3, 5, 0, 1, 8, 0, 3, 1, 6, 1, 1, 4, 1, 13, 7, 1, 5, 3]    (12)
bravo1.A4_6    42_[2, 4, 2, 2, 0, 2, 0, 4, 0, 0, 2, 6, 0, 0, 1, 1, 15, 1, 9, 2, 4, 21, 0, 14, 2, 7, 0, 1, 5, 4, 9, 1, 5, 1, 6, 4, 0, 11, 0, 9, 1, 0]    (31)
bravo1.D3_8    42_[2, 9, 0, 0, 8, 1, 5, 7, 37, 3, 1, 0, 1, 5, 0, 3, 5, 1, 3, 1, 2, 0, 9, 2, 7, 3, 3, 1, 0, 9, 7, 4, 0, 2, 2, 2, 6, 1, 0, 2, 1, 6]    (19)
bravo2.A1_9    42_[2, 0, 1, 0, 3, 10, 0, 4, 0, 14, 26, 0, 0, 0, 1, 6, 1, 6, 4, 1, 12, 0, 1, 4, 3, 6, 5, 1, 4, 3, 4, 0, 0, 8, 0, 3, 2, 5, 6, 8, 1, 3]    (22)
bravo1.D5_5    42_[1, 2, 6, 0, 2, 5, 0, 8, 0, 10, 6, 2, 4, 0, 4, 1, 1, 3, 3, 1, 11, 2, 4, 7, 6, 10, 9, 9, 0, 8, 1, 3, 6, 1, 0, 1, 3, 2, 5, 5, 0, 16]    (18)
bravo2.D1_4    42_[1, 0, 0, 2, 10, 2, 6, 0, 14, 2, 1, 3, 1, 0, 4, 21, 11, 6, 6, 2, 3, 5, 2, 7, 2, 5, 1, 1, 7, 2, 1, 8, 2, 6, 0, 2, 7, 0, 0, 0, 1, 13]    (4)
bravo2.D2_6    42_[1, 0, 0, 8, 4, 14, 2, 1, 2, 2, 5, 0, 17, 4, 10, 2, 0, 4, 0, 2, 17, 5, 0, 10, 1, 1, 2, 0, 5, 6, 1, 11, 2, 7, 1, 0, 0, 0, 4, 1, 0, 10]    (11)
bravo2.A3_2    42_[0, 1, 2, 0, 9, 8, 17, 2, 4, 0, 3, 3, 3, 0, 4, 0, 0, 13, 6, 2, 9, 2, 3, 2, 0, 6, 3, 3, 5, 1, 3, 2, 0, 7, 5, 7, 2, 5, 1, 1, 0, 30]    (8)
bravo2.A3_9    42_[0, 6, 3, 7, 0, 1, 3, 3, 6, 17, 21, 5, 3, 8, 3, 0, 1, 5, 3, 0, 0, 0, 13, 1, 5, 1, 3, 3, 3, 0, 6, 1, 0, 3, 6, 0, 0, 4, 0, 6, 8, 6]    (13)
bravo2.D3_1    42_[0, 0, 1, 0, 0, 15, 15, 3, 11, 0, 4, 11, 0, 1, 3, 6, 4, 0, 6, 5, 0, 0, 0, 4, 17, 2, 3, 1, 1, 6, 4, 1, 2, 1, 5, 3, 2, 7, 0, 9, 1, 4]    (27)
bravo2.D3_11    42_[0, 0, 0, 1, 0, 4, 2, 0, 4, 2, 3, 5, 29, 5, 0, 3, 2, 3, 1, 4, 3, 4, 0, 24, 0, 7, 0, 1, 5, 1, 2, 3, 6, 0, 1, 2, 5, 2, 2, 1, 7, 23]    (7)
bravo2.D6_7    42_[0, 2, 1, 3, 4, 1, 0, 1, 1, 6, 2, 4, 1, 0, 17, 9, 1, 2, 10, 6, 7, 5, 2, 9, 0, 14, 6, 5, 8, 1, 0, 0, 4, 0, 4, 1, 1, 6, 2, 2, 9, 11]    (30)
bravo3.A3_13    42_[0, 0, 0, 8, 3, 0, 0, 1, 1, 1, 6, 9, 3, 5, 8, 6, 0, 8, 2, 2, 11, 3, 2, 4, 0, 3, 4, 18, 3, 1, 2, 1, 3, 5, 4, 0, 0, 6, 10, 4, 2, 9]    (15)
bravo2.A5_1    41_[13, 0, 2, 14, 1, 6, 0, 3, 0, 1, 3, 6, 2, 9, 1, 11, 1, 4, 5, 8, 4, 4, 8, 1, 1, 3, 10, 7, 1, 0, 0, 0, 1, 4, 7, 8, 0, 1, 0, 2, 17]    (32)
bravo3.A6_2    41_[13, 3, 14, 1, 1, 9, 0, 1, 10, 12, 1, 4, 6, 1, 4, 2, 1, 9, 4, 4, 1, 6, 1, 1, 3, 3, 5, 0, 9, 0, 1, 1, 4, 0, 6, 7, 0, 0, 1, 3, 17]    (32)
bravo3.D5_7    41_[12, 1, 1, 2, 1, 1, 1, 6, 4, 1, 0, 7, 1, 2, 1, 21, 0, 4, 3, 1, 3, 2, 6, 4, 0, 4, 13, 1, 1, 0, 1, 14, 0, 1, 14, 7, 4, 7, 1, 2, 5]    (26)
bravo1.A6_2    41_[8, 3, 0, 3, 14, 1, 1, 7, 1, 0, 1, 10, 12, 1, 3, 6, 1, 4, 14, 4, 4, 1, 6, 1, 1, 3, 3, 5, 0, 7, 1, 2, 1, 4, 0, 14, 0, 0, 1, 3, 17]    (32)
bravo1.D4_16    41_[7, 2, 1, 3, 7, 0, 3, 1, 11, 0, 3, 1, 0, 13, 1, 13, 7, 0, 0, 0, 1, 0, 3, 5, 1, 11, 2, 5, 0, 1, 5, 0, 2, 28, 3, 0, 0, 6, 10, 3, 1]    (11)
bravo1.A3_6    41_[6, 3, 1, 7, 4, 2, 0, 2, 30, 4, 0, 0, 4, 6, 5, 3, 14, 0, 1, 0, 4, 8, 1, 0, 7, 0, 4, 2, 0, 5, 2, 2, 2, 1, 3, 4, 5, 6, 5, 6, 2]    (22)
bravo2.D5_7    41_[6, 1, 2, 1, 2, 6, 1, 2, 3, 1, 5, 3, 3, 2, 0, 3, 5, 11, 2, 5, 3, 1, 1, 8, 0, 6, 0, 4, 17, 0, 17, 1, 1, 7, 13, 1, 3, 5, 1, 2, 6]    (25)
bravo3.A1_5    41_[6, 1, 6, 5, 4, 3, 2, 11, 0, 8, 0, 1, 9, 1, 0, 1, 7, 7, 5, 0, 11, 3, 0, 7, 2, 0, 0, 0, 3, 16, 2, 4, 0, 0, 3, 3, 12, 4, 3, 9, 2]    (7)
bravo2.A3_10    41_[5, 2, 0, 7, 3, 2, 15, 0, 1, 1, 0, 2, 2, 2, 2, 2, 0, 5, 0, 6, 2, 1, 2, 5, 4, 14, 8, 3, 15, 4, 0, 0, 8, 9, 1, 5, 17, 0, 0, 4, 7]    (25)
bravo3.A4_1    41_[5, 0, 3, 0, 2, 3, 4, 15, 7, 4, 2, 3, 1, 1, 2, 1, 0, 3, 2, 2, 1, 0, 5, 5, 1, 1, 3, 4, 1, 22, 1, 20, 1, 1, 2, 0, 20, 4, 0, 3, 7]    (26)
bravo2.A3_5    41_[4, 5, 2, 1, 2, 13, 6, 1, 6, 3, 3, 4, 6, 1, 2, 5, 3, 5, 4, 3, 3, 2, 2, 16, 2, 1, 6, 5, 1, 3, 3, 3, 1, 2, 4, 0, 11, 2, 1, 1, 16]    (17)
bravo2.A3_6    41_[3, 2, 1, 1, 3, 0, 0, 2, 6, 2, 19, 0, 7, 1, 5, 8, 2, 0, 3, 0, 3, 0, 0, 1, 3, 2, 11, 0, 13, 3, 3, 2, 9, 9, 13, 5, 0, 5, 3, 6, 8]    (6)
bravo1.A3_8    41_[2, 0, 3, 1, 2, 1, 1, 0, 1, 2, 6, 0, 15, 14, 1, 2, 6, 2, 9, 0, 1, 13, 1, 3, 0, 6, 9, 0, 3, 11, 3, 2, 15, 7, 2, 2, 4, 4, 3, 0, 5]    (13)
bravo1.D1_6    41_[2, 8, 6, 1, 7, 3, 1, 15, 1, 3, 0, 9, 1, 0, 5, 3, 11, 2, 8, 4, 0, 5, 2, 4, 0, 0, 0, 1, 5, 4, 2, 0, 1, 14, 5, 5, 10, 2, 3, 2, 17]    (3)
bravo2.D6_4    41_[2, 5, 3, 5, 0, 5, 0, 7, 2, 9, 4, 2, 5, 1, 4, 2, 0, 3, 1, 4, 1, 3, 5, 0, 9, 1, 26, 5, 7, 0, 0, 1, 5, 2, 5, 5, 13, 4, 0, 0, 9]    (26)
bravo3.A4_4    41_[2, 9, 1, 2, 0, 6, 0, 3, 1, 2, 5, 5, 2, 0, 17, 1, 14, 2, 16, 0, 1, 5, 0, 0, 12, 4, 1, 3, 5, 4, 0, 1, 11, 6, 4, 1, 0, 0, 1, 2, 11]    (30)
bravo3.D5_3    41_[2, 1, 5, 0, 4, 4, 2, 5, 5, 4, 5, 3, 1, 3, 5, 2, 4, 9, 1, 7, 3, 19, 0, 2, 8, 2, 5, 0, 0, 2, 2, 6, 0, 9, 6, 6, 0, 3, 7, 2, 8]    (20)
bravo3.D1_1    41_[1, 0, 2, 0, 3, 1, 6, 1, 1, 19, 2, 9, 3, 1, 7, 1, 9, 5, 8, 13, 9, 5, 1, 0, 1, 8, 0, 0, 5, 3, 0, 4, 11, 1, 1, 7, 2, 4, 1, 3, 3]    (11)
bravo3.D3_8    41_[1, 6, 2, 2, 0, 7, 0, 1, 1, 7, 1, 3, 8, 23, 6, 4, 5, 2, 0, 1, 0, 0, 8, 4, 0, 3, 0, 4, 0, 0, 8, 10, 4, 4, 1, 5, 1, 6, 10, 7, 4]    (16)
bravo1.A5_4    41_[0, 10, 1, 4, 5, 0, 0, 4, 5, 6, 4, 0, 4, 7, 1, 30, 4, 5, 6, 0, 6, 1, 8, 5, 0, 4, 5, 2, 6, 0, 6, 0, 2, 0, 2, 13, 0, 0, 0, 2, 2]    (30)
bravo2.D4_5    41_[0, 6, 2, 2, 9, 1, 1, 0, 3, 3, 2, 8, 7, 1, 8, 2, 3, 2, 4, 18, 3, 8, 1, 1, 2, 6, 1, 4, 1, 2, 0, 0, 1, 1, 14, 1, 18, 5, 2, 4, 4]    (11)
bravo2.D5_4    41_[0, 0, 2, 0, 6, 3, 8, 0, 3, 12, 7, 11, 0, 3, 0, 2, 4, 4, 8, 0, 0, 3, 8, 3, 5, 0, 4, 0, 1, 5, 3, 1, 0, 1, 11, 0, 27, 1, 1, 0, 19]    (20)
bravo3.A3_2    41_[0, 1, 2, 0, 4, 0, 3, 8, 1, 0, 6, 10, 0, 3, 8, 5, 3, 0, 0, 13, 6, 3, 5, 2, 6, 2, 0, 6, 2, 0, 9, 1, 3, 0, 2, 5, 1, 13, 2, 5, 28]    (8)
bravo2.D5_2    40_[10, 6, 6, 4, 2, 0, 1, 0, 9, 9, 0, 0, 6, 1, 3, 6, 6, 8, 6, 5, 3, 1, 0, 1, 2, 1, 1, 0, 10, 11, 2, 19, 1, 4, 0, 3, 0, 0, 4, 9]    (17)
bravo1.A5_1    40_[8, 3, 0, 0, 1, 0, 14, 14, 1, 7, 2, 3, 8, 0, 0, 3, 8, 4, 11, 2, 4, 4, 8, 3, 1, 1, 3, 6, 9, 0, 1, 1, 4, 13, 2, 0, 2, 0, 1, 17]    (32)
bravo2.A5_8    40_[7, 0, 0, 1, 1, 7, 2, 0, 2, 1, 8, 4, 15, 3, 4, 2, 0, 1, 7, 1, 3, 6, 0, 2, 2, 10, 6, 2, 5, 6, 0, 14, 1, 1, 5, 4, 0, 14, 1, 13]    (22)
bravo2.A6_4    40_[7, 0, 1, 5, 1, 0, 1, 4, 1, 2, 8, 18, 16, 0, 12, 2, 0, 3, 1, 8, 22, 0, 7, 6, 2, 3, 0, 5, 0, 6, 1, 2, 0, 0, 9, 1, 0, 2, 4, 10]    (30)
bravo2.D4_1    40_[7, 1, 3, 9, 0, 15, 6, 11, 1, 14, 5, 2, 2, 1, 2, 1, 1, 4, 0, 1, 6, 3, 3, 4, 8, 1, 2, 1, 0, 1, 0, 0, 6, 4, 8, 2, 1, 2, 4, 18]    (6)
bravo3.A6_4    40_[7, 0, 5, 1, 2, 6, 4, 6, 1, 18, 5, 9, 0, 13, 0, 2, 3, 10, 8, 8, 4, 0, 14, 2, 3, 6, 7, 1, 2, 0, 0, 3, 5, 1, 0, 2, 2, 0, 0, 0]    (30)
bravo1.A1_1    40_[6, 11, 3, 7, 2, 1, 2, 3, 0, 3, 4, 2, 0, 13, 6, 0, 2, 3, 4, 3, 5, 0, 0, 0, 8, 12, 4, 1, 6, 8, 0, 0, 2, 5, 2, 9, 8, 12, 0, 4]    (1)
bravo1.D3_14    40_[6, 1, 5, 3, 5, 1, 6, 12, 12, 1, 3, 14, 3, 2, 0, 1, 4, 14, 6, 2, 2, 2, 2, 1, 1, 0, 1, 4, 0, 2, 1, 1, 4, 3, 1, 8, 9, 11, 4, 8]    (9)
bravo3.D2_8    40_[6, 3, 4, 0, 2, 1, 0, 5, 13, 2, 0, 2, 6, 9, 3, 0, 0, 0, 1, 0, 7, 8, 4, 4, 10, 1, 7, 2, 7, 12, 0, 7, 0, 0, 8, 13, 1, 0, 11, 4]    (13)
bravo1.D5_3    40_[5, 0, 0, 0, 6, 0, 4, 16, 0, 2, 4, 1, 1, 1, 8, 4, 0, 3, 3, 2, 1, 12, 0, 14, 7, 1, 1, 4, 9, 13, 4, 1, 1, 1, 11, 18, 1, 0, 1, 0]    (14)
bravo2.A4_1    40_[5, 0, 3, 0, 2, 3, 4, 2, 3, 8, 7, 7, 3, 1, 1, 2, 1, 0, 3, 2, 2, 1, 0, 11, 3, 3, 3, 0, 1, 19, 4, 20, 1, 1, 2, 0, 25, 0, 3, 7]    (26)
bravo1.A3_16    40_[4, 18, 10, 4, 8, 0, 0, 2, 4, 1, 2, 3, 9, 1, 9, 0, 3, 2, 3, 4, 3, 2, 3, 3, 3, 1, 10, 2, 2, 4, 5, 10, 3, 3, 2, 2, 8, 6, 0, 2]    (10)
bravo1.A4_3    40_[4, 1, 9, 0, 1, 1, 4, 1, 1, 6, 3, 15, 13, 0, 8, 3, 0, 0, 0, 4, 3, 2, 0, 4, 0, 15, 12, 15, 5, 1, 1, 6, 1, 2, 2, 14, 0, 0, 0, 5]    (28)
bravo2.D5_3    40_[4, 5, 3, 0, 4, 3, 2, 8, 1, 3, 6, 3, 25, 1, 0, 0, 27, 0, 3, 2, 4, 2, 3, 4, 1, 0, 2, 2, 0, 1, 1, 19, 7, 1, 1, 7, 2, 2, 0, 14]    (21)
bravo2.A2_9    40_[2, 7, 3, 0, 0, 3, 12, 2, 3, 8, 0, 1, 3, 2, 2, 7, 1, 0, 1, 6, 1, 20, 0, 10, 2, 9, 1, 4, 0, 8, 4, 3, 3, 10, 1, 10, 4, 1, 6, 0]    (17)
bravo2.D2_1    40_[2, 0, 0, 0, 1, 1, 4, 2, 1, 1, 1, 14, 0, 1, 0, 24, 7, 1, 0, 0, 5, 4, 0, 6, 2, 0, 4, 1, 2, 9, 9, 0, 14, 2, 7, 0, 1, 0, 26, 13]    (15)
bravo3.D3_2    40_[2, 7, 9, 3, 5, 11, 11, 17, 4, 6, 5, 0, 0, 0, 4, 4, 5, 6, 2, 4, 3, 1, 2, 1, 1, 2, 4, 2, 12, 1, 0, 1, 9, 0, 0, 1, 1, 7, 1, 7]    (27)
bravo3.D4_5    40_[2, 4, 4, 12, 1, 0, 3, 23, 1, 0, 2, 0, 4, 1, 3, 0, 1, 4, 8, 2, 4, 5, 5, 2, 1, 8, 11, 4, 1, 1, 1, 14, 7, 5, 2, 1, 5, 2, 1, 7]    (8)
bravo2.D4_8    40_[1, 2, 6, 0, 2, 5, 3, 7, 2, 1, 10, 1, 3, 6, 3, 5, 1, 3, 2, 0, 0, 0, 5, 3, 1, 3, 8, 1, 3, 0, 0, 1, 5, 11, 2, 22, 1, 17, 12, 34]    (20)
bravo3.D1_2    40_[1, 0, 2, 7, 7, 5, 4, 3, 6, 2, 3, 0, 5, 3, 4, 2, 1, 0, 6, 4, 2, 5, 0, 1, 1, 2, 3, 8, 2, 20, 5, 0, 11, 0, 11, 6, 2, 10, 2, 5]    (4)
bravo1.D3_12    40_[0, 0, 2, 8, 0, 23, 1, 0, 3, 4, 3, 7, 4, 6, 4, 4, 1, 7, 2, 1, 6, 12, 2, 4, 9, 0, 5, 2, 12, 0, 0, 2, 3, 0, 2, 5, 0, 8, 2, 11]    (16)
bravo1.D3_16    40_[0, 0, 0, 4, 5, 12, 6, 1, 6, 5, 0, 8, 0, 11, 2, 0, 0, 0, 14, 7, 3, 1, 1, 1, 3, 5, 0, 4, 2, 3, 6, 10, 5, 8, 10, 2, 2, 7, 1, 5]    (15)
bravo1.D5_1    40_[0, 0, 3, 4, 2, 2, 2, 0, 3, 4, 6, 19, 1, 0, 1, 1, 6, 0, 5, 0, 13, 3, 0, 1, 5, 1, 0, 4, 2, 6, 7, 5, 2, 8, 2, 4, 1, 18, 11, 12]    (16)
bravo2.D3_7    40_[0, 0, 1, 5, 4, 4, 0, 0, 1, 0, 8, 9, 8, 3, 2, 6, 22, 2, 6, 0, 6, 6, 1, 5, 0, 3, 3, 7, 2, 1, 3, 9, 1, 5, 8, 8, 2, 4, 1, 9]    (16)
bravo3.D3_1    40_[0, 0, 1, 0, 0, 2, 7, 4, 3, 5, 5, 14, 0, 5, 11, 2, 1, 1, 4, 1, 4, 10, 4, 0, 2, 1, 27, 0, 6, 4, 1, 2, 1, 9, 5, 3, 0, 6, 5, 10]    (28)
bravo3.D6_3    40_[0, 0, 3, 4, 2, 4, 4, 1, 0, 14, 2, 7, 0, 6, 0, 17, 5, 3, 4, 1, 3, 1, 3, 2, 5, 2, 8, 6, 1, 3, 9, 1, 0, 5, 11, 5, 10, 5, 1, 13]    (26)
bravo3.D3_10    39_[15, 0, 0, 1, 1, 4, 5, 2, 12, 0, 2, 3, 1, 4, 4, 13, 1, 6, 4, 2, 3, 4, 22, 2, 3, 5, 0, 1, 6, 8, 3, 5, 8, 2, 1, 1, 0, 7, 1]    (11)
bravo3.A3_8    39_[9, 5, 5, 2, 1, 10, 4, 2, 9, 9, 3, 12, 4, 1, 6, 1, 0, 0, 11, 1, 0, 6, 7, 0, 5, 7, 2, 11, 1, 1, 2, 0, 6, 0, 3, 6, 1, 8, 3]    (11)
bravo1.A2_12    39_[6, 4, 3, 7, 2, 7, 10, 0, 10, 7, 4, 2, 11, 1, 12, 3, 0, 1, 3, 1, 1, 3, 0, 8, 10, 5, 11, 1, 5, 0, 2, 2, 0, 7, 1, 0, 4, 0, 7]    (9)
bravo1.D2_12    39_[6, 8, 1, 1, 3, 2, 1, 3, 1, 2, 7, 0, 10, 8, 0, 0, 0, 3, 5, 3, 1, 3, 24, 3, 0, 0, 2, 4, 7, 0, 5, 8, 20, 9, 1, 2, 1, 4, 3]    (9)
bravo3.D2_7    39_[6, 3, 3, 7, 4, 8, 4, 1, 1, 0, 2, 1, 1, 3, 1, 2, 11, 6, 0, 8, 3, 0, 20, 8, 5, 2, 0, 2, 3, 9, 0, 7, 4, 5, 4, 2, 3, 3, 15]    (21)
bravo1.D3_20    39_[5, 5, 0, 2, 3, 4, 4, 11, 4, 9, 4, 1, 12, 2, 0, 0, 10, 1, 5, 7, 0, 1, 0, 9, 3, 5, 4, 6, 3, 3, 2, 15, 5, 0, 2, 1, 2, 10, 1]    (25)
bravo3.D5_2    39_[4, 9, 9, 2, 4, 0, 1, 0, 0, 0, 10, 8, 6, 12, 6, 2, 12, 1, 3, 5, 0, 1, 4, 2, 22, 0, 1, 2, 2, 12, 2, 2, 1, 2, 1, 0, 0, 3, 10]    (21)
bravo2.A2_6    39_[3, 6, 8, 8, 0, 5, 0, 8, 10, 3, 1, 5, 0, 0, 0, 0, 8, 0, 3, 4, 3, 7, 22, 3, 1, 2, 2, 5, 0, 4, 3, 3, 3, 4, 0, 14, 6, 7, 6]    (21)
bravo3.A5_2    39_[3, 2, 1, 8, 0, 4, 6, 3, 5, 6, 7, 6, 10, 0, 5, 2, 8, 6, 1, 0, 6, 8, 2, 8, 1, 1, 5, 5, 5, 2, 1, 16, 0, 0, 7, 2, 5, 2, 12]    (31)
bravo3.D4_3    39_[3, 3, 7, 7, 0, 14, 1, 1, 3, 3, 1, 2, 18, 5, 6, 0, 12, 0, 3, 3, 0, 0, 0, 5, 1, 5, 4, 3, 2, 3, 0, 8, 9, 0, 6, 0, 1, 21, 1]    (16)
bravo1.A1_6    39_[2, 5, 7, 1, 1, 0, 6, 9, 10, 0, 1, 1, 12, 3, 11, 0, 0, 1, 9, 4, 4, 4, 3, 6, 0, 5, 0, 0, 3, 3, 3, 10, 1, 15, 1, 4, 2, 10, 11]    (4)
bravo2.D1_1    39_[2, 8, 9, 2, 11, 13, 1, 5, 1, 1, 5, 0, 0, 2, 4, 2, 5, 3, 5, 11, 9, 3, 8, 0, 3, 0, 1, 10, 1, 0, 8, 4, 2, 11, 0, 2, 1, 0, 8]    (17)
bravo3.A2_8    39_[2, 3, 0, 2, 5, 2, 3, 0, 7, 0, 2, 12, 0, 0, 12, 4, 7, 3, 0, 8, 13, 0, 2, 4, 4, 6, 0, 2, 5, 8, 6, 11, 2, 3, 1, 1, 0, 8, 16]    (11)
bravo1.D3_6    39_[1, 15, 8, 0, 6, 2, 12, 0, 2, 1, 19, 6, 0, 2, 5, 7, 2, 2, 1, 2, 6, 4, 3, 5, 4, 1, 0, 7, 0, 10, 1, 5, 2, 1, 1, 7, 1, 8, 2]    (23)
bravo2.A3_8    39_[1, 0, 5, 9, 5, 0, 26, 1, 4, 3, 4, 4, 0, 7, 4, 5, 0, 10, 9, 6, 7, 6, 0, 3, 8, 6, 4, 0, 1, 0, 0, 3, 2, 4, 4, 0, 2, 2, 9]    (11)
bravo1.A2_10    39_[0, 5, 1, 6, 3, 1, 1, 4, 3, 1, 1, 11, 3, 3, 9, 1, 0, 1, 11, 8, 4, 7, 1, 0, 9, 0, 0, 1, 6, 7, 12, 1, 11, 5, 6, 2, 2, 12, 4]    (13)
bravo1.A4_2    39_[0, 5, 3, 3, 4, 6, 8, 2, 16, 5, 1, 3, 4, 17, 1, 8, 1, 1, 8, 0, 5, 9, 0, 0, 4, 0, 5, 1, 0, 3, 2, 2, 2, 0, 11, 1, 11, 2, 20]    (22)
bravo2.D4_2    39_[0, 0, 1, 1, 18, 3, 10, 8, 3, 3, 2, 0, 2, 4, 5, 4, 1, 4, 5, 13, 0, 3, 3, 1, 4, 12, 4, 3, 1, 4, 9, 3, 4, 0, 3, 1, 7, 5, 8]    (15)
bravo3.A1_6    39_[0, 11, 5, 1, 4, 2, 0, 6, 9, 2, 12, 3, 1, 1, 0, 2, 0, 8, 1, 1, 5, 3, 4, 2, 6, 3, 8, 17, 0, 4, 1, 1, 1, 10, 5, 2, 2, 1, 21]    (8)
bravo3.A4_9    39_[0, 14, 0, 1, 19, 10, 1, 6, 3, 2, 0, 2, 13, 6, 0, 5, 7, 7, 0, 4, 3, 3, 1, 2, 4, 2, 3, 0, 0, 0, 0, 1, 21, 5, 7, 0, 5, 2, 3]    (20)
bravo3.D4_4    39_[0, 1, 6, 4, 10, 3, 1, 0, 15, 0, 13, 6, 0, 10, 0, 9, 0, 1, 0, 7, 4, 10, 1, 0, 0, 6, 2, 4, 2, 1, 3, 5, 3, 2, 3, 8, 10, 0, 14]    (11)
bravo3.D4_9    39_[0, 0, 1, 11, 0, 0, 2, 4, 0, 1, 9, 1, 0, 0, 3, 1, 0, 7, 15, 0, 3, 2, 1, 8, 13, 2, 2, 0, 1, 3, 18, 1, 9, 1, 2, 1, 26, 11, 2]    (27)
bravo2.D1_8    38_[14, 3, 1, 19, 15, 0, 0, 9, 2, 4, 4, 2, 0, 0, 0, 2, 4, 2, 6, 0, 9, 1, 0, 4, 2, 1, 0, 14, 5, 2, 7, 2, 1, 11, 4, 2, 3, 7]    (8)
bravo2.D3_3    38_[13, 9, 7, 7, 1, 0, 1, 5, 5, 2, 0, 2, 1, 12, 3, 3, 3, 2, 6, 0, 8, 7, 0, 4, 3, 4, 0, 0, 3, 6, 9, 0, 12, 4, 0, 0, 0, 21]    (15)
bravo2.D1_3    38_[12, 0, 2, 2, 1, 0, 0, 3, 4, 17, 0, 1, 8, 3, 1, 0, 18, 3, 9, 0, 0, 1, 7, 0, 1, 2, 13, 11, 2, 4, 2, 11, 1, 9, 9, 3, 2, 0]    (11)
bravo1.D4_18    38_[9, 2, 2, 4, 3, 14, 3, 0, 1, 2, 0, 1, 0, 4, 15, 6, 4, 2, 0, 2, 12, 1, 0, 3, 0, 0, 2, 21, 2, 3, 9, 11, 5, 2, 6, 7, 2, 14]    (29)
bravo2.A4_10    38_[9, 2, 2, 12, 3, 4, 0, 5, 3, 6, 1, 0, 4, 7, 10, 13, 13, 1, 1, 1, 2, 0, 4, 2, 1, 0, 1, 2, 3, 3, 4, 6, 4, 3, 12, 12, 4, 2]    (17)
bravo2.D4_6    38_[9, 14, 7, 2, 7, 9, 3, 9, 7, 18, 15, 0, 0, 0, 10, 4, 1, 1, 1, 0, 0, 0, 3, 6, 0, 5, 3, 1, 6, 2, 3, 3, 1, 1, 3, 0, 7, 4]    (8)
bravo3.A4_7    38_[9, 1, 10, 1, 0, 2, 0, 7, 2, 0, 2, 7, 4, 10, 2, 0, 16, 1, 0, 3, 0, 5, 4, 5, 3, 2, 1, 13, 6, 6, 2, 2, 12, 5, 3, 0, 9, 18]    (27)
bravo3.A5_8    38_[8, 0, 1, 1, 0, 4, 4, 0, 3, 0, 5, 2, 0, 3, 15, 8, 13, 1, 3, 1, 3, 4, 2, 7, 2, 6, 2, 5, 6, 0, 7, 6, 1, 7, 12, 7, 1, 13]    (22)
bravo1.D2_15    38_[7, 4, 3, 0, 0, 0, 9, 0, 12, 5, 2, 4, 20, 2, 0, 1, 0, 14, 7, 1, 5, 2, 5, 0, 0, 8, 20, 7, 4, 1, 0, 2, 5, 2, 4, 2, 0, 16]    (17)
bravo3.A4_15    38_[7, 1, 18, 0, 9, 0, 2, 9, 5, 7, 6, 0, 0, 11, 0, 0, 1, 0, 5, 0, 0, 3, 5, 1, 1, 15, 4, 3, 1, 15, 4, 6, 0, 5, 7, 2, 8, 1]    (13)
bravo2.A4_5    38_[6, 1, 1, 6, 1, 8, 4, 1, 1, 0, 2, 4, 0, 8, 12, 2, 2, 2, 5, 17, 6, 8, 5, 2, 11, 5, 1, 5, 1, 11, 6, 0, 1, 3, 0, 0, 8, 7]    (30)
bravo2.D3_10    38_[6, 0, 0, 2, 3, 1, 3, 2, 1, 3, 1, 9, 2, 0, 11, 0, 24, 1, 3, 2, 4, 4, 4, 2, 1, 6, 12, 3, 0, 5, 2, 3, 30, 2, 3, 0, 0, 11]    (11)
bravo2.D2_4    38_[4, 3, 1, 7, 10, 2, 6, 8, 2, 9, 11, 4, 2, 5, 1, 6, 0, 4, 1, 5, 0, 4, 2, 0, 1, 0, 3, 9, 4, 2, 0, 0, 5, 1, 6, 7, 0, 31]    (4)
bravo3.A3_5    38_[4, 3, 1, 2, 4, 0, 3, 5, 3, 3, 14, 3, 2, 1, 4, 3, 12, 1, 0, 2, 12, 4, 3, 8, 1, 2, 3, 0, 6, 4, 6, 7, 19, 5, 3, 3, 4, 7]    (6)
bravo3.D4_7    38_[4, 0, 1, 3, 1, 2, 7, 10, 3, 2, 9, 14, 6, 2, 12, 5, 8, 5, 4, 1, 9, 1, 0, 1, 1, 11, 2, 0, 10, 0, 1, 8, 0, 7, 2, 3, 6, 7]    (20)
bravo1.A5_3    38_[3, 1, 0, 3, 7, 4, 6, 3, 1, 1, 0, 0, 1, 1, 6, 1, 5, 1, 5, 8, 1, 12, 0, 3, 0, 1, 1, 18, 10, 0, 5, 9, 2, 0, 5, 8, 7, 25]    (26)
bravo1.D3_1    38_[3, 3, 0, 0, 6, 1, 0, 8, 9, 0, 1, 17, 3, 1, 0, 4, 10, 8, 3, 2, 16, 14, 2, 9, 3, 2, 2, 0, 2, 5, 9, 1, 2, 0, 2, 1, 10, 20]    (29)
bravo3.A5_5    38_[3, 1, 0, 10, 1, 7, 9, 25, 1, 11, 6, 5, 6, 4, 5, 7, 1, 4, 1, 2, 3, 0, 30, 0, 1, 4, 1, 0, 1, 0, 3, 0, 6, 1, 0, 0, 2, 4]    (26)
bravo3.D5_8    38_[3, 2, 10, 13, 4, 1, 5, 2, 4, 15, 0, 2, 0, 15, 0, 3, 12, 1, 1, 3, 5, 3, 1, 4, 0, 6, 8, 2, 6, 5, 1, 2, 3, 9, 2, 5, 3, 1]    (28)
bravo1.A3_5    38_[2, 3, 3, 4, 12, 17, 1, 7, 0, 0, 1, 5, 0, 3, 7, 0, 0, 2, 14, 0, 3, 1, 6, 17, 0, 8, 2, 0, 1, 7, 1, 1, 3, 2, 2, 22, 5, 8]    (11)
bravo2.A2_8    38_[2, 3, 3, 0, 7, 5, 6, 2, 9, 1, 1, 0, 0, 8, 3, 12, 0, 2, 4, 9, 8, 0, 7, 4, 7, 2, 4, 0, 14, 12, 2, 3, 3, 0, 7, 0, 0, 15]    (13)
bravo2.D1_7    38_[2, 3, 3, 4, 10, 1, 12, 5, 1, 6, 2, 9, 1, 0, 2, 4, 1, 0, 0, 11, 8, 1, 3, 2, 7, 1, 5, 4, 11, 6, 1, 3, 7, 7, 2, 4, 1, 15]    (13)
bravo3.D2_3    38_[2, 2, 5, 1, 0, 0, 2, 5, 0, 3, 21, 0, 3, 1, 5, 1, 1, 0, 3, 17, 7, 8, 11, 0, 8, 4, 1, 0, 1, 6, 2, 4, 8, 15, 14, 0, 0, 15]    (4)
bravo1.A4_5    38_[1, 14, 2, 7, 8, 3, 2, 4, 10, 9, 3, 3, 2, 1, 23, 1, 0, 3, 1, 0, 6, 13, 5, 1, 5, 2, 2, 5, 2, 1, 4, 7, 0, 3, 2, 0, 1, 6]    (25)
bravo1.D2_1    38_[1, 2, 1, 2, 3, 0, 3, 4, 0, 9, 2, 12, 11, 6, 6, 0, 3, 17, 2, 6, 0, 2, 5, 2, 1, 12, 2, 6, 4, 0, 1, 13, 2, 4, 5, 3, 8, 10]    (25)
bravo1.D4_9    38_[1, 3, 1, 4, 4, 15, 12, 2, 9, 1, 1, 6, 0, 4, 7, 0, 3, 8, 0, 4, 3, 0, 0, 1, 6, 13, 3, 0, 5, 11, 3, 2, 3, 14, 5, 1, 1, 8]    (12)
bravo2.A2_7    38_[1, 3, 9, 5, 1, 0, 14, 2, 0, 2, 11, 10, 3, 0, 6, 1, 0, 8, 2, 0, 14, 10, 9, 5, 3, 0, 4, 3, 4, 4, 13, 0, 0, 3, 7, 2, 2, 3]    (22)
bravo2.D3_2    38_[1, 0, 2, 1, 6, 9, 0, 2, 16, 20, 10, 1, 3, 3, 0, 1, 10, 1, 7, 0, 3, 2, 4, 10, 4, 1, 1, 0, 2, 4, 7, 11, 3, 2, 7, 0, 3, 6]    (4)
bravo2.A2_5    38_[0, 5, 5, 1, 5, 1, 5, 17, 6, 4, 13, 13, 7, 2, 0, 6, 2, 0, 3, 3, 6, 0, 3, 1, 6, 2, 3, 1, 0, 4, 5, 9, 4, 9, 0, 1, 3, 9]    (3)
bravo2.A4_8    38_[0, 3, 6, 5, 0, 1, 0, 0, 1, 0, 10, 0, 4, 6, 3, 7, 6, 4, 0, 2, 12, 0, 0, 7, 6, 2, 3, 3, 1, 2, 0, 12, 0, 15, 24, 1, 7, 10]    (21)
bravo2.D1_6    38_[0, 4, 4, 8, 9, 2, 6, 2, 3, 2, 5, 1, 3, 3, 4, 2, 10, 8, 4, 7, 0, 1, 11, 8, 7, 0, 5, 2, 3, 3, 5, 1, 8, 5, 5, 6, 4, 2]    (21)
bravo2.D4_3    38_[0, 1, 1, 10, 4, 8, 14, 25, 2, 14, 2, 1, 0, 2, 1, 13, 0, 5, 4, 5, 1, 6, 2, 0, 0, 8, 0, 2, 0, 0, 5, 3, 2, 1, 1, 10, 9, 6]    (13)
bravo3.A3_7    38_[0, 0, 0, 4, 10, 1, 11, 8, 6, 3, 3, 0, 10, 6, 3, 4, 4, 4, 15, 3, 1, 6, 6, 0, 1, 3, 0, 5, 13, 4, 4, 5, 3, 1, 4, 5, 0, 11]    (26)
bravo3.D2_10    38_[0, 4, 4, 9, 4, 0, 1, 0, 2, 3, 6, 12, 13, 0, 0, 6, 2, 1, 11, 8, 7, 5, 13, 4, 3, 1, 0, 1, 0, 3, 11, 3, 1, 1, 4, 1, 6, 16]    (7)
bravo3.D4_1    38_[0, 12, 5, 3, 0, 15, 7, 10, 1, 11, 2, 5, 2, 4, 4, 1, 1, 0, 2, 1, 6, 3, 0, 2, 4, 10, 2, 0, 0, 0, 1, 0, 0, 11, 8, 2, 9, 19]    (13)
bravo3.A2_1    37_[16, 0, 2, 1, 22, 2, 3, 12, 1, 6, 5, 3, 4, 2, 6, 3, 4, 4, 1, 1, 0, 3, 4, 0, 1, 5, 3, 8, 4, 11, 0, 0, 3, 0, 4, 17, 2]    (2)
bravo2.A3_7    37_[13, 0, 5, 0, 3, 0, 3, 1, 0, 1, 0, 0, 4, 2, 2, 8, 17, 10, 2, 17, 0, 1, 3, 2, 2, 0, 1, 5, 1, 6, 5, 9, 1, 6, 32, 0, 3]    (7)
bravo3.A2_3    37_[11, 4, 6, 1, 0, 5, 2, 0, 4, 13, 2, 0, 2, 7, 0, 3, 7, 0, 1, 1, 7, 6, 13, 7, 17, 0, 0, 2, 7, 13, 7, 0, 1, 0, 5, 4, 5]    (6)
bravo3.D4_6    37_[10, 25, 6, 5, 5, 1, 0, 5, 0, 1, 6, 19, 2, 3, 8, 0, 1, 3, 9, 1, 0, 0, 4, 4, 0, 13, 12, 0, 1, 4, 1, 2, 5, 0, 2, 3, 6]    (17)
bravo1.D1_3    37_[8, 1, 1, 6, 1, 4, 22, 16, 3, 0, 2, 3, 0, 0, 1, 1, 4, 7, 2, 0, 21, 1, 3, 13, 4, 6, 3, 9, 6, 1, 2, 6, 1, 0, 0, 0, 15]    (4)
bravo2.D3_8    37_[8, 5, 1, 7, 1, 0, 0, 3, 5, 2, 4, 4, 4, 4, 1, 3, 5, 1, 6, 13, 4, 9, 1, 7, 1, 11, 2, 5, 1, 21, 3, 1, 0, 12, 4, 4, 0]    (25)
bravo2.D3_4    37_[7, 2, 0, 7, 1, 1, 12, 3, 1, 8, 3, 13, 6, 6, 4, 4, 9, 2, 1, 2, 6, 3, 4, 7, 4, 4, 1, 2, 5, 4, 1, 0, 5, 5, 1, 12, 13]    (30)
bravo2.D5_10    37_[7, 0, 1, 5, 0, 0, 0, 1, 1, 6, 0, 3, 0, 1, 7, 3, 6, 1, 9, 2, 0, 1, 11, 0, 1, 5, 14, 3, 11, 18, 17, 0, 12, 8, 0, 6, 3]    (30)
bravo3.A3_9    37_[6, 7, 7, 1, 10, 4, 0, 0, 3, 2, 5, 2, 11, 2, 0, 2, 3, 0, 10, 1, 5, 1, 4, 11, 2, 9, 6, 3, 1, 19, 0, 5, 1, 5, 4, 3, 9]    (13)
bravo2.D4_7    37_[5, 1, 1, 6, 7, 14, 1, 2, 17, 8, 3, 1, 8, 9, 4, 3, 5, 4, 2, 2, 0, 4, 1, 0, 6, 6, 5, 5, 4, 0, 17, 1, 2, 3, 1, 0, 5]    (17)
bravo3.A4_6    37_[3, 6, 2, 5, 4, 17, 6, 0, 2, 1, 4, 1, 2, 11, 3, 11, 2, 3, 1, 4, 8, 0, 5, 0, 2, 5, 4, 11, 12, 5, 1, 3, 1, 14, 0, 2, 4]    (25)
bravo2.D5_1    37_[2, 1, 1, 0, 3, 27, 7, 0, 10, 3, 0, 9, 0, 5, 6, 5, 6, 1, 14, 6, 12, 3, 3, 1, 2, 0, 5, 0, 1, 4, 2, 0, 0, 3, 12, 2, 21]    (12)
bravo3.D2_2    37_[2, 4, 0, 0, 1, 8, 8, 6, 2, 8, 26, 2, 2, 1, 1, 0, 0, 6, 5, 4, 2, 0, 0, 10, 3, 5, 0, 4, 1, 2, 5, 16, 9, 8, 7, 1, 8]    (15)
bravo1.A3_11    37_[1, 3, 7, 0, 1, 0, 5, 17, 1, 0, 12, 1, 20, 2, 4, 1, 2, 3, 7, 8, 0, 3, 1, 0, 10, 0, 2, 6, 6, 9, 3, 13, 0, 1, 8, 0, 11]    (21)
bravo1.D2_3    37_[1, 13, 5, 19, 7, 7, 0, 8, 3, 8, 3, 0, 4, 1, 0, 10, 1, 1, 2, 0, 4, 8, 11, 2, 0, 6, 2, 7, 7, 1, 0, 4, 2, 2, 3, 10, 2]    (22)
bravo1.D3_2    37_[1, 7, 2, 9, 8, 14, 4, 3, 14, 4, 2, 7, 0, 1, 18, 7, 1, 0, 0, 9, 0, 0, 0, 1, 0, 1, 41, 0, 0, 0, 2, 0, 5, 0, 1, 0, 8]    (30)
bravo1.D4_19    37_[1, 16, 5, 3, 0, 1, 0, 35, 0, 3, 1, 6, 0, 0, 13, 12, 2, 8, 0, 1, 5, 0, 1, 3, 1, 8, 7, 3, 0, 3, 1, 2, 6, 0, 6, 7, 9]    (27)
bravo3.A4_10    37_[1, 3, 1, 7, 0, 2, 12, 2, 0, 5, 5, 4, 3, 0, 14, 4, 0, 16, 13, 5, 3, 1, 1, 0, 2, 1, 0, 1, 2, 5, 1, 10, 9, 9, 2, 12, 15]    (17)
bravo1.A4_19    37_[0, 0, 3, 7, 7, 2, 1, 6, 1, 2, 7, 2, 1, 4, 6, 8, 5, 5, 4, 0, 7, 5, 17, 5, 1, 0, 6, 7, 1, 9, 1, 11, 5, 3, 12, 0, 13]    (18)
bravo1.D2_11    37_[0, 1, 1, 0, 0, 4, 12, 1, 16, 25, 1, 6, 5, 2, 2, 9, 4, 1, 0, 1, 0, 1, 3, 1, 9, 4, 10, 4, 0, 7, 0, 5, 0, 6, 2, 13, 7]    (20)
bravo1.D4_17    37_[0, 0, 8, 5, 5, 1, 0, 4, 22, 9, 1, 9, 1, 4, 1, 0, 2, 1, 13, 0, 5, 5, 5, 8, 6, 9, 6, 2, 3, 0, 14, 0, 1, 13, 0, 0, 10]    (13)
bravo2.A3_13    37_[0, 1, 7, 0, 4, 2, 1, 2, 13, 3, 13, 6, 2, 24, 8, 0, 2, 1, 0, 0, 1, 17, 4, 1, 1, 3, 0, 3, 3, 11, 1, 5, 4, 5, 0, 11, 4]    (28)
bravo2.A4_4    37_[0, 0, 0, 9, 0, 0, 3, 4, 7, 0, 10, 6, 1, 7, 5, 2, 15, 29, 0, 0, 10, 1, 1, 2, 2, 2, 10, 0, 1, 11, 2, 8, 1, 0, 1, 8, 26]    (28)
bravo2.A5_3    37_[0, 0, 3, 2, 1, 7, 0, 1, 4, 1, 20, 1, 7, 1, 4, 10, 1, 10, 1, 0, 4, 8, 1, 22, 1, 6, 9, 0, 6, 2, 0, 6, 5, 10, 1, 0, 11]    (30)
bravo3.A5_3    37_[0, 7, 1, 7, 0, 1, 4, 1, 7, 12, 1, 7, 1, 1, 13, 1, 10, 1, 0, 0, 3, 1, 6, 1, 24, 6, 9, 4, 5, 0, 4, 1, 5, 6, 3, 2, 11]    (30)
bravo3.D3_7    37_[0, 1, 2, 5, 4, 0, 1, 9, 3, 6, 2, 4, 9, 6, 0, 0, 5, 7, 2, 6, 3, 2, 0, 7, 0, 5, 8, 9, 9, 0, 5, 15, 1, 6, 15, 1, 5]    (25)
bravo3.D3_13    37_[0, 9, 2, 0, 0, 7, 1, 23, 2, 3, 0, 1, 1, 7, 0, 0, 1, 1, 5, 6, 13, 10, 0, 1, 13, 10, 1, 11, 3, 6, 0, 2, 6, 1, 1, 5, 14]    (6)
bravo3.D4_2    37_[0, 0, 2, 4, 10, 7, 0, 14, 7, 6, 0, 7, 1, 8, 6, 1, 3, 0, 3, 3, 4, 8, 2, 6, 5, 2, 9, 1, 4, 4, 4, 8, 0, 13, 2, 2, 7]    (15)
bravo2.D2_9    36_[10, 16, 13, 9, 0, 2, 1, 8, 2, 1, 0, 0, 2, 4, 2, 0, 1, 10, 7, 1, 0, 4, 0, 11, 7, 7, 1, 2, 4, 4, 14, 5, 3, 1, 0, 12]    (22)
bravo1.D5_6    36_[9, 4, 21, 11, 0, 8, 5, 2, 6, 0, 4, 0, 0, 2, 6, 12, 4, 4, 1, 2, 1, 4, 4, 1, 0, 10, 0, 16, 1, 9, 0, 5, 6, 1, 3, 2]    (17)
bravo1.A2_8    36_[7, 4, 4, 2, 8, 11, 1, 1, 3, 2, 6, 0, 0, 0, 0, 17, 1, 16, 2, 6, 5, 2, 5, 0, 0, 3, 4, 7, 10, 3, 5, 6, 11, 8, 3, 4]    (5)
bravo1.A5_6    36_[7, 15, 0, 0, 2, 2, 9, 5, 11, 3, 13, 4, 0, 2, 0, 0, 0, 0, 14, 3, 3, 1, 4, 2, 31, 0, 1, 2, 0, 0, 5, 6, 6, 6, 7, 1]    (27)
bravo1.D5_2    36_[7, 16, 5, 4, 1, 2, 5, 12, 3, 2, 3, 14, 9, 0, 6, 4, 0, 1, 15, 0, 4, 1, 2, 12, 13, 0, 5, 1, 1, 5, 0, 1, 0, 7, 1, 14]    (15)
bravo1.A3_18    36_[6, 0, 2, 1, 0, 12, 3, 0, 1, 1, 0, 0, 0, 12, 14, 35, 4, 3, 0, 8, 0, 13, 1, 0, 17, 2, 8, 0, 5, 4, 6, 4, 0, 0, 1, 1]    (14)
bravo2.A1_6    36_[6, 5, 3, 3, 4, 4, 9, 5, 2, 3, 4, 3, 3, 1, 1, 0, 22, 8, 4, 8, 10, 21, 0, 0, 0, 8, 3, 0, 6, 1, 2, 1, 1, 2, 0, 13]    (8)
bravo3.A4_5    36_[6, 1, 1, 5, 2, 3, 4, 1, 2, 3, 0, 1, 5, 0, 16, 10, 2, 13, 9, 1, 4, 1, 6, 3, 15, 0, 15, 8, 5, 6, 0, 2, 0, 0, 13, 20]    (31)
bravo3.A6_3    36_[6, 1, 3, 5, 4, 4, 1, 11, 4, 2, 0, 1, 3, 4, 1, 8, 0, 3, 4, 8, 4, 2, 1, 1, 1, 2, 19, 4, 17, 2, 1, 6, 9, 1, 11, 21]    (31)
bravo3.D6_6    36_[5, 0, 0, 6, 16, 4, 0, 2, 1, 11, 2, 11, 3, 2, 13, 0, 0, 5, 8, 2, 8, 2, 9, 0, 0, 11, 5, 2, 2, 1, 1, 11, 2, 2, 2, 23]    (30)
bravo1.A4_16    36_[4, 15, 8, 8, 9, 0, 1, 11, 2, 9, 1, 0, 0, 0, 3, 7, 0, 0, 10, 9, 2, 7, 8, 8, 19, 1, 2, 3, 1, 1, 4, 2, 1, 4, 2, 2]    (8)
bravo1.A4_1    36_[3, 1, 5, 2, 3, 4, 1, 4, 8, 2, 4, 2, 1, 0, 7, 1, 4, 4, 4, 16, 0, 8, 2, 8, 4, 0, 4, 17, 4, 2, 20, 4, 2, 4, 0, 11]    (26)
bravo1.D6_1    36_[3, 4, 1, 0, 9, 6, 8, 9, 9, 5, 3, 10, 2, 0, 10, 0, 8, 1, 0, 1, 7, 7, 6, 3, 2, 7, 7, 14, 1, 5, 2, 4, 1, 0, 9, 4]    (25)
bravo1.A3_21    36_[2, 1, 15, 1, 0, 1, 13, 3, 33, 3, 1, 0, 1, 5, 0, 11, 3, 1, 2, 0, 9, 2, 6, 6, 3, 0, 8, 7, 0, 8, 2, 8, 0, 2, 2, 8]    (19)
bravo1.D2_5    36_[2, 8, 1, 5, 4, 2, 0, 0, 1, 10, 4, 8, 15, 1, 1, 13, 4, 7, 19, 5, 0, 11, 2, 1, 8, 1, 1, 1, 2, 0, 0, 6, 0, 4, 10, 7]    (19)
bravo1.A4_11    36_[1, 1, 2, 1, 1, 5, 4, 11, 9, 0, 1, 3, 2, 8, 0, 6, 10, 0, 1, 2, 2, 3, 14, 1, 2, 0, 1, 4, 1, 12, 1, 30, 21, 3, 1, 14]    (29)
bravo1.A5_12    36_[1, 7, 0, 1, 9, 14, 3, 5, 6, 3, 4, 3, 1, 23, 5, 0, 5, 2, 3, 2, 10, 1, 1, 9, 4, 0, 0, 14, 5, 8, 0, 5, 1, 9, 0, 11]    (24)
bravo1.D2_8    36_[1, 6, 0, 9, 1, 7, 5, 3, 6, 0, 6, 10, 2, 23, 2, 2, 2, 2, 0, 0, 2, 6, 1, 5, 5, 14, 3, 8, 1, 4, 1, 5, 4, 5, 6, 9]    (14)
bravo1.D4_7    36_[1, 2, 9, 9, 1, 2, 4, 12, 0, 2, 2, 2, 8, 3, 6, 0, 16, 2, 3, 14, 1, 2, 2, 16, 0, 4, 2, 6, 4, 0, 6, 5, 5, 3, 9, 17]    (16)
bravo1.D5_9    36_[1, 2, 1, 2, 10, 5, 4, 5, 2, 6, 0, 1, 1, 4, 5, 5, 2, 6, 1, 9, 8, 5, 8, 16, 8, 5, 0, 3, 3, 21, 5, 0, 1, 0, 7, 10]    (29)
bravo2.A4_11    36_[1, 3, 1, 1, 1, 3, 0, 0, 7, 5, 0, 2, 0, 4, 14, 1, 6, 0, 3, 1, 2, 2, 18, 7, 0, 10, 4, 0, 7, 10, 1, 0, 9, 24, 7, 13]    (8)
bravo3.A2_12    36_[1, 0, 5, 7, 12, 13, 5, 1, 0, 15, 7, 8, 0, 4, 9, 3, 1, 2, 0, 2, 0, 5, 0, 12, 1, 0, 0, 2, 4, 0, 10, 2, 7, 6, 8, 21]    (15)
bravo3.A4_11    36_[1, 5, 3, 1, 3, 1, 0, 3, 0, 2, 2, 0, 16, 6, 2, 6, 3, 1, 24, 7, 0, 5, 1, 15, 0, 10, 1, 0, 4, 8, 10, 5, 3, 7, 8, 10]    (8)
bravo3.D2_4    36_[1, 0, 5, 2, 4, 0, 5, 8, 0, 1, 12, 0, 0, 3, 7, 5, 1, 14, 8, 2, 0, 0, 11, 1, 0, 0, 3, 1, 6, 5, 2, 13, 19, 3, 10, 18]    (16)
bravo3.D2_6    36_[1, 11, 4, 0, 13, 6, 6, 4, 3, 1, 10, 2, 8, 0, 13, 4, 0, 2, 0, 4, 8, 9, 10, 2, 2, 4, 1, 1, 9, 4, 4, 2, 3, 0, 6, 7]    (11)
bravo3.D3_3    36_[1, 3, 8, 4, 3, 0, 0, 14, 0, 3, 19, 0, 8, 7, 3, 0, 1, 2, 11, 0, 5, 5, 0, 15, 3, 2, 1, 8, 2, 0, 12, 2, 3, 10, 0, 11]    (30)
bravo3.D5_1    36_[1, 0, 1, 1, 4, 17, 7, 1, 6, 1, 7, 2, 4, 4, 11, 18, 17, 0, 5, 12, 3, 3, 1, 2, 0, 5, 0, 1, 4, 1, 1, 0, 17, 1, 5, 15]    (17)
bravo1.A3_7    36_[0, 0, 0, 8, 3, 3, 5, 0, 6, 1, 11, 22, 0, 2, 14, 10, 1, 1, 11, 1, 16, 1, 1, 9, 9, 4, 6, 0, 7, 0, 2, 2, 0, 1, 7, 4]    (6)
bravo1.D1_2    36_[0, 5, 6, 5, 16, 1, 3, 1, 9, 0, 3, 21, 0, 9, 11, 3, 2, 3, 4, 2, 4, 12, 1, 5, 0, 4, 4, 9, 0, 6, 1, 4, 2, 1, 4, 3]    (5)
bravo1.D2_7    36_[0, 7, 1, 3, 3, 1, 0, 5, 0, 3, 5, 2, 2, 6, 1, 0, 1, 9, 7, 16, 15, 2, 3, 6, 3, 1, 5, 2, 5, 7, 15, 2, 11, 6, 0, 22]    (16)
bravo1.D4_10    36_[0, 3, 8, 1, 2, 12, 3, 2, 1, 5, 4, 2, 1, 2, 12, 5, 1, 6, 2, 4, 7, 7, 4, 3, 5, 9, 5, 11, 7, 2, 8, 2, 16, 0, 0, 13]    (18)
bravo3.A5_4    36_[0, 0, 3, 1, 2, 1, 13, 4, 6, 5, 7, 8, 3, 0, 0, 8, 0, 4, 0, 3, 3, 4, 5, 12, 0, 10, 4, 0, 19, 8, 14, 3, 0, 6, 5, 3]    (28)
bravo3.D3_4    36_[0, 6, 5, 7, 5, 2, 5, 1, 0, 4, 5, 4, 3, 0, 2, 5, 8, 0, 21, 9, 6, 3, 4, 9, 7, 1, 4, 2, 14, 2, 1, 2, 3, 3, 7, 5]    (4)
bravo3.D5_10    36_[0, 4, 2, 1, 8, 8, 2, 12, 1, 2, 9, 1, 4, 2, 5, 0, 5, 4, 2, 5, 0, 20, 10, 2, 1, 7, 3, 8, 4, 2, 3, 10, 9, 0, 5, 6]    (31)
bravo1.A3_4    35_[11, 2, 0, 0, 6, 3, 0, 10, 1, 0, 2, 5, 3, 6, 5, 1, 1, 8, 3, 2, 6, 2, 8, 17, 3, 0, 10, 8, 3, 11, 5, 9, 2, 4, 8]    (17)
bravo1.A3_12    35_[8, 12, 2, 2, 6, 0, 3, 0, 0, 5, 11, 5, 2, 3, 3, 13, 8, 1, 13, 3, 0, 2, 0, 11, 3, 8, 0, 3, 10, 3, 4, 4, 9, 3, 6]    (4)
bravo1.A3_26    35_[7, 4, 11, 21, 1, 5, 3, 0, 9, 1, 10, 2, 0, 2, 1, 0, 5, 3, 8, 3, 2, 1, 9, 1, 0, 1, 12, 5, 27, 3, 0, 5, 0, 0, 8]    (27)
bravo3.D4_8    35_[7, 13, 2, 8, 2, 7, 8, 8, 3, 1, 3, 2, 3, 3, 12, 7, 3, 0, 4, 1, 2, 2, 0, 0, 12, 0, 3, 18, 1, 12, 4, 1, 6, 2, 7]    (21)
bravo2.A6_3    35_[6, 5, 5, 4, 6, 11, 4, 2, 0, 1, 3, 4, 1, 8, 0, 3, 4, 8, 4, 4, 1, 1, 2, 8, 10, 4, 17, 2, 1, 6, 9, 1, 11, 7, 5]    (31)
bravo3.D1_8    35_[6, 5, 3, 0, 2, 1, 6, 3, 13, 0, 3, 3, 21, 9, 14, 0, 3, 2, 1, 1, 1, 0, 7, 3, 0, 1, 7, 7, 1, 13, 1, 0, 25, 0, 28]    (2)
bravo1.A2_4    35_[5, 2, 13, 5, 3, 9, 0, 6, 7, 7, 1, 1, 0, 10, 0, 4, 9, 5, 18, 3, 0, 6, 1, 2, 2, 0, 2, 3, 18, 1, 4, 0, 8, 4, 11]    (7)
bravo1.D2_9    35_[5, 20, 5, 27, 9, 1, 0, 2, 3, 3, 4, 3, 1, 1, 6, 1, 0, 5, 6, 1, 1, 1, 3, 0, 5, 3, 17, 0, 19, 1, 0, 2, 4, 1, 7]    (12)
bravo2.A3_3    35_[5, 0, 5, 1, 7, 2, 2, 1, 16, 18, 2, 1, 0, 3, 4, 0, 1, 0, 2, 2, 4, 0, 5, 10, 2, 7, 1, 1, 15, 4, 4, 1, 29, 2, 12]    (21)
bravo1.A6_1    35_[4, 6, 8, 9, 0, 5, 2, 1, 10, 0, 2, 0, 1, 18, 16, 6, 5, 2, 5, 2, 10, 0, 3, 4, 3, 12, 3, 0, 6, 3, 3, 4, 0, 2, 13]    (33)
bravo1.D2_4    35_[4, 0, 1, 3, 4, 7, 0, 0, 0, 6, 3, 2, 19, 1, 4, 8, 2, 3, 5, 2, 3, 12, 11, 9, 2, 9, 1, 0, 13, 2, 8, 10, 3, 4, 6]    (21)
bravo2.A6_1    35_[4, 6, 8, 9, 0, 5, 2, 1, 10, 0, 2, 0, 1, 3, 15, 23, 5, 2, 5, 2, 10, 0, 3, 4, 3, 12, 3, 0, 6, 3, 3, 4, 0, 2, 13]    (33)
bravo3.A3_15    35_[4, 5, 5, 0, 5, 0, 5, 7, 0, 2, 8, 1, 2, 10, 0, 9, 8, 2, 0, 1, 7, 5, 10, 6, 22, 4, 1, 0, 3, 5, 6, 2, 0, 11, 10]    (30)
bravo3.A6_1    35_[4, 6, 8, 9, 0, 5, 2, 1, 10, 0, 2, 0, 1, 3, 15, 23, 5, 2, 5, 2, 10, 0, 3, 4, 3, 12, 3, 0, 6, 3, 3, 4, 0, 2, 13]    (33)
bravo2.A5_5    35_[3, 1, 4, 6, 9, 9, 0, 1, 3, 7, 10, 2, 1, 13, 1, 5, 17, 7, 8, 2, 3, 0, 18, 11, 2, 4, 1, 2, 3, 0, 0, 6, 2, 0, 7]    (26)
bravo3.D6_5    35_[3, 4, 9, 11, 18, 0, 8, 4, 2, 5, 16, 6, 3, 2, 2, 10, 0, 1, 6, 0, 0, 2, 6, 14, 0, 0, 4, 1, 7, 2, 0, 10, 1, 7, 6]    (28)
bravo1.A4_24    35_[2, 6, 12, 0, 11, 5, 0, 1, 0, 3, 6, 0, 7, 8, 1, 2, 8, 2, 2, 6, 9, 2, 0, 10, 8, 6, 3, 0, 1, 0, 15, 6, 4, 14, 11]    (9)
bravo2.D2_7    35_[2, 3, 0, 6, 1, 3, 7, 0, 3, 3, 11, 0, 1, 0, 14, 0, 1, 9, 0, 4, 4, 3, 4, 0, 25, 16, 5, 0, 0, 2, 9, 17, 4, 8, 1]    (17)
bravo2.D2_12    35_[2, 2, 4, 1, 9, 5, 3, 13, 2, 8, 1, 7, 1, 1, 10, 1, 0, 9, 6, 10, 1, 7, 0, 11, 6, 7, 3, 5, 2, 1, 4, 5, 7, 3, 10]    (7)
bravo3.A2_9    35_[2, 7, 3, 5, 11, 6, 0, 6, 1, 2, 3, 5, 3, 3, 1, 0, 1, 6, 15, 7, 2, 7, 2, 7, 3, 11, 2, 5, 2, 3, 10, 11, 8, 5, 0]    (17)
bravo3.A3_3    35_[2, 3, 5, 9, 4, 0, 1, 1, 23, 5, 6, 2, 0, 0, 1, 4, 1, 4, 2, 13, 3, 4, 2, 11, 20, 2, 1, 1, 1, 2, 15, 6, 1, 5, 9]    (21)
bravo3.A3_12    35_[2, 5, 1, 0, 4, 7, 11, 6, 7, 9, 1, 1, 9, 8, 1, 0, 3, 10, 6, 16, 5, 0, 3, 5, 2, 0, 2, 4, 11, 3, 3, 6, 11, 3, 0]    (20)
bravo1.A3_23    35_[1, 15, 8, 7, 2, 3, 8, 0, 2, 1, 10, 8, 6, 0, 2, 5, 7, 2, 4, 2, 6, 3, 0, 14, 10, 5, 5, 8, 1, 1, 1, 6, 0, 1, 11]    (23)
bravo1.D4_2    35_[1, 0, 3, 1, 6, 6, 5, 5, 6, 1, 6, 10, 1, 4, 5, 6, 6, 4, 4, 17, 8, 0, 3, 0, 3, 0, 3, 3, 5, 4, 4, 4, 4, 14, 16]    (4)
bravo2.D3_5    35_[1, 0, 5, 1, 5, 0, 2, 1, 1, 2, 20, 4, 0, 0, 6, 4, 0, 13, 11, 19, 20, 1, 8, 2, 0, 8, 3, 2, 4, 4, 3, 0, 0, 11, 10]    (28)
bravo2.D5_5    35_[1, 6, 0, 0, 14, 0, 28, 2, 1, 5, 0, 16, 0, 1, 4, 2, 1, 16, 0, 8, 3, 1, 16, 7, 1, 1, 3, 7, 3, 4, 5, 3, 2, 3, 3]    (22)
bravo1.A1_4    35_[0, 7, 16, 7, 1, 0, 13, 0, 0, 1, 13, 4, 3, 5, 1, 0, 1, 4, 1, 6, 4, 4, 6, 5, 12, 1, 1, 7, 4, 10, 0, 4, 4, 0, 23]    (8)
bravo1.A3_17    35_[0, 0, 12, 23, 6, 0, 3, 3, 6, 5, 6, 9, 1, 7, 2, 0, 7, 12, 2, 4, 10, 3, 0, 3, 10, 1, 0, 0, 2, 3, 2, 0, 6, 7, 15]    (16)
bravo1.A4_7    35_[0, 7, 0, 1, 3, 7, 0, 0, 2, 2, 7, 7, 2, 0, 7, 6, 15, 1, 6, 0, 2, 6, 0, 8, 11, 8, 0, 6, 1, 6, 3, 3, 21, 17, 0]    (17)
bravo1.D2_21    35_[0, 10, 4, 2, 9, 0, 5, 11, 3, 5, 19, 4, 1, 1, 1, 12, 9, 3, 0, 0, 6, 1, 1, 1, 11, 0, 3, 12, 3, 0, 3, 17, 5, 3, 1]    (8)
bravo1.D3_22    35_[0, 0, 0, 8, 0, 2, 3, 0, 4, 0, 2, 3, 1, 11, 12, 9, 0, 2, 14, 10, 1, 1, 2, 8, 22, 2, 6, 22, 5, 0, 1, 5, 2, 7, 8]    (6)
bravo2.A1_7    35_[0, 1, 5, 1, 4, 2, 0, 1, 6, 3, 2, 10, 2, 21, 0, 1, 7, 0, 12, 0, 0, 30, 1, 3, 8, 5, 3, 1, 12, 3, 7, 3, 0, 10, 9]    (13)
bravo2.A6_6    35_[0, 0, 1, 4, 1, 6, 3, 4, 4, 5, 6, 4, 2, 2, 5, 4, 2, 13, 16, 1, 4, 0, 6, 12, 4, 0, 24, 2, 4, 6, 6, 1, 9, 0, 6]    (25)
bravo3.A6_6    35_[0, 2, 3, 0, 1, 6, 1, 1, 4, 4, 5, 2, 3, 4, 2, 7, 0, 7, 8, 3, 0, 23, 7, 2, 6, 7, 0, 17, 10, 0, 13, 4, 9, 0, 6]    (25)
bravo3.D1_6    35_[0, 27, 1, 2, 1, 0, 8, 9, 15, 9, 6, 6, 0, 1, 0, 4, 1, 7, 2, 8, 4, 3, 7, 6, 7, 7, 6, 5, 2, 1, 0, 4, 1, 5, 5]    (6)
bravo3.D2_11    35_[0, 5, 5, 9, 5, 0, 2, 25, 2, 3, 2, 0, 0, 0, 8, 5, 2, 0, 12, 13, 8, 2, 0, 0, 11, 12, 8, 12, 0, 5, 0, 0, 5, 1, 4]    (6)
bravo3.D6_2    35_[0, 7, 3, 0, 2, 2, 1, 3, 3, 8, 5, 2, 3, 3, 5, 1, 18, 0, 3, 1, 2, 2, 4, 1, 6, 7, 6, 30, 7, 11, 5, 1, 8, 0, 7]    (27)
bravo1.A5_8    34_[15, 0, 11, 0, 5, 0, 0, 0, 7, 6, 19, 8, 1, 1, 2, 1, 3, 10, 4, 2, 2, 0, 8, 1, 2, 6, 5, 6, 4, 2, 14, 0, 0, 26]    (25)
bravo1.A4_8    34_[8, 2, 0, 5, 5, 27, 3, 1, 7, 0, 7, 9, 2, 0, 11, 7, 10, 5, 1, 1, 0, 4, 1, 2, 2, 9, 0, 6, 16, 7, 2, 1, 4, 6]    (21)
bravo1.A4_13    34_[7, 23, 8, 2, 0, 3, 1, 0, 6, 6, 1, 0, 2, 1, 0, 15, 0, 0, 11, 1, 0, 9, 1, 2, 13, 3, 6, 22, 1, 3, 5, 7, 0, 11]    (11)
bravo1.D4_14    34_[6, 2, 11, 20, 3, 5, 27, 12, 5, 4, 1, 1, 7, 4, 0, 1, 0, 4, 2, 5, 7, 8, 4, 2, 1, 2, 0, 0, 2, 0, 0, 10, 4, 10]    (23)
bravo1.A4_23    34_[5, 0, 2, 0, 1, 6, 0, 2, 2, 41, 1, 0, 1, 1, 11, 0, 8, 2, 9, 4, 1, 1, 7, 1, 4, 7, 5, 0, 5, 0, 2, 1, 11, 25]    (10)
bravo1.A3_2    34_[4, 5, 7, 0, 1, 10, 0, 3, 14, 3, 5, 3, 1, 3, 7, 1, 0, 3, 3, 0, 12, 8, 1, 4, 2, 4, 6, 9, 4, 3, 6, 13, 9, 12]    (20)
bravo2.A5_13    34_[4, 0, 1, 2, 5, 0, 11, 21, 12, 4, 2, 1, 7, 8, 5, 14, 1, 2, 5, 18, 4, 2, 1, 5, 2, 0, 7, 0, 3, 2, 1, 0, 14, 3]    (-1)
bravo2.A1_8    34_[3, 6, 18, 12, 2, 4, 10, 0, 18, 2, 1, 1, 4, 12, 1, 4, 3, 6, 1, 0, 1, 0, 10, 2, 4, 3, 16, 4, 8, 0, 3, 1, 2, 8]    (21)
bravo3.D1_3    34_[3, 12, 8, 56, 1, 0, 10, 5, 2, 0, 1, 0, 3, 2, 9, 8, 0, 0, 1, 8, 3, 3, 5, 1, 4, 3, 3, 0, 0, 1, 7, 5, 2, 0]    (13)
bravo3.D6_4    34_[3, 3, 0, 1, 6, 1, 8, 2, 2, 0, 8, 7, 9, 0, 1, 3, 8, 3, 0, 3, 9, 10, 2, 13, 14, 7, 2, 5, 12, 7, 10, 1, 1, 5]    (25)
bravo1.D1_8    34_[2, 2, 0, 3, 3, 0, 7, 2, 1, 0, 15, 3, 0, 1, 4, 13, 3, 1, 26, 0, 1, 2, 4, 1, 19, 2, 2, 19, 3, 14, 6, 1, 1, 5]    (1)
bravo1.D5_10    34_[1, 7, 2, 5, 0, 1, 0, 3, 7, 0, 1, 3, 9, 15, 16, 1, 0, 1, 0, 3, 4, 0, 5, 6, 12, 4, 9, 3, 6, 5, 4, 15, 18, 1]    (21)
bravo2.A2_14    34_[1, 2, 3, 1, 4, 2, 4, 5, 3, 3, 0, 3, 0, 5, 7, 0, 10, 8, 3, 4, 0, 2, 10, 7, 0, 3, 16, 1, 7, 8, 10, 7, 23, 5]    (25)
bravo2.D6_1    34_[1, 7, 6, 3, 4, 2, 0, 2, 17, 0, 1, 6, 2, 3, 9, 13, 0, 10, 5, 4, 0, 8, 5, 1, 5, 6, 9, 20, 0, 3, 4, 3, 2, 10]    (22)
bravo3.D3_6    34_[1, 0, 0, 5, 1, 7, 0, 0, 10, 22, 5, 6, 9, 3, 8, 8, 0, 0, 8, 10, 0, 11, 10, 3, 3, 7, 2, 5, 0, 6, 12, 1, 3, 5]    (20)
bravo1.A3_24    34_[0, 8, 12, 6, 0, 3, 2, 0, 6, 3, 0, 1, 0, 0, 2, 2, 16, 12, 9, 7, 8, 1, 15, 2, 5, 7, 8, 1, 0, 8, 0, 1, 13, 9]    (24)
bravo2.D2_2    34_[0, 4, 0, 1, 2, 13, 1, 2, 20, 7, 2, 22, 2, 2, 7, 0, 7, 1, 3, 10, 4, 3, 0, 2, 0, 4, 3, 8, 4, 0, 1, 16, 13, 4]    (25)
bravo2.D2_13    34_[0, 14, 0, 9, 1, 7, 7, 0, 11, 3, 10, 2, 10, 7, 17, 11, 1, 0, 0, 1, 1, 2, 2, 4, 0, 0, 10, 6, 2, 1, 20, 3, 2, 3]    (6)
bravo1.D3_13    33_[23, 10, 4, 1, 6, 0, 0, 2, 4, 18, 11, 0, 3, 6, 4, 1, 1, 2, 11, 1, 4, 0, 4, 10, 4, 0, 0, 9, 7, 2, 4, 14, 2]    (10)
bravo3.A1_3    33_[22, 0, 9, 7, 3, 2, 2, 3, 9, 3, 4, 1, 2, 0, 9, 8, 3, 0, 3, 17, 3, 11, 0, 10, 12, 0, 2, 1, 4, 0, 4, 12, 8]    (3)
bravo2.A1_5    33_[21, 4, 3, 14, 0, 8, 0, 11, 1, 0, 3, 5, 7, 5, 0, 11, 3, 0, 10, 0, 0, 0, 14, 1, 0, 2, 7, 0, 0, 20, 8, 9, 1]    (7)
bravo3.D6_1    33_[21, 3, 0, 5, 4, 1, 10, 9, 8, 2, 12, 2, 2, 1, 8, 0, 3, 1, 4, 17, 5, 2, 3, 9, 7, 1, 1, 6, 1, 9, 3, 2, 6]    (22)
bravo2.A5_7    33_[14, 2, 0, 0, 3, 8, 0, 3, 1, 2, 17, 4, 3, 1, 0, 14, 1, 33, 6, 4, 2, 0, 2, 2, 4, 4, 0, 8, 2, 14, 7, 1, 22]    (27)
bravo1.A1_3    33_[11, 2, 7, 0, 21, 0, 1, 7, 1, 6, 0, 7, 0, 3, 2, 5, 0, 4, 8, 1, 1, 15, 1, 2, 0, 4, 26, 3, 0, 0, 15, 14, 1]    (3)
bravo1.D3_25    33_[11, 3, 0, 6, 4, 0, 2, 6, 3, 1, 5, 9, 6, 1, 1, 8, 3, 2, 32, 1, 1, 3, 0, 3, 2, 5, 6, 5, 9, 11, 6, 4, 8]    (17)
bravo1.A3_20    33_[9, 0, 1, 2, 0, 1, 13, 3, 16, 0, 1, 2, 0, 13, 3, 5, 6, 5, 0, 18, 22, 3, 0, 8, 0, 1, 7, 4, 2, 11, 10, 0, 9]    (18)
bravo1.D3_9    33_[9, 0, 4, 0, 1, 10, 1, 4, 4, 12, 1, 17, 1, 1, 0, 4, 6, 5, 20, 2, 18, 4, 5, 3, 2, 6, 6, 0, 11, 9, 0, 0, 7]    (18)
bravo1.A5_7    33_[7, 1, 0, 6, 1, 4, 0, 18, 7, 4, 1, 3, 13, 2, 0, 0, 2, 7, 1, 6, 3, 6, 16, 4, 1, 9, 1, 2, 11, 21, 0, 8, 9]    (22)
bravo1.D3_23    33_[6, 3, 11, 2, 2, 17, 20, 0, 0, 0, 4, 4, 1, 5, 3, 5, 11, 0, 4, 8, 1, 4, 11, 0, 0, 5, 1, 0, 5, 1, 21, 12, 2]    (22)
bravo2.D3_14    33_[6, 5, 6, 3, 13, 1, 8, 13, 3, 4, 3, 11, 1, 0, 3, 1, 15, 1, 0, 0, 0, 10, 18, 0, 3, 4, 6, 1, 0, 10, 4, 5, 18]    (26)
bravo1.A3_3    33_[5, 4, 11, 1, 4, 0, 11, 18, 4, 1, 0, 0, 2, 4, 6, 15, 0, 9, 9, 4, 2, 0, 2, 8, 12, 1, 1, 6, 6, 3, 1, 13, 6]    (7)
bravo3.A3_4    33_[5, 4, 4, 5, 3, 3, 2, 6, 7, 0, 3, 0, 14, 1, 0, 7, 1, 2, 7, 3, 8, 6, 12, 2, 6, 7, 23, 2, 8, 2, 1, 3, 13]    (17)
bravo3.A4_2    33_[5, 2, 5, 6, 4, 0, 25, 7, 4, 0, 4, 0, 9, 3, 5, 6, 0, 4, 21, 20, 2, 0, 2, 2, 2, 5, 6, 0, 10, 2, 4, 2, 14]    (22)
bravo1.D3_3    33_[4, 2, 13, 2, 23, 4, 0, 3, 1, 6, 1, 1, 10, 2, 0, 2, 1, 0, 9, 8, 3, 1, 2, 2, 17, 6, 8, 12, 9, 6, 5, 0, 9]    (27)
bravo1.D3_7    33_[4, 15, 2, 3, 4, 10, 0, 8, 3, 1, 0, 8, 2, 0, 9, 1, 3, 8, 5, 12, 7, 9, 2, 3, 7, 3, 1, 1, 5, 16, 4, 11, 9]    (5)
bravo1.A1_5    33_[2, 2, 0, 8, 5, 7, 38, 1, 0, 2, 1, 3, 2, 4, 22, 0, 2, 0, 6, 6, 3, 2, 8, 18, 1, 2, 2, 3, 0, 7, 2, 3, 8]    (7)
bravo2.A2_10    33_[2, 10, 14, 0, 2, 0, 5, 1, 5, 9, 8, 1, 7, 5, 2, 21, 0, 2, 14, 1, 6, 9, 7, 1, 0, 0, 5, 2, 4, 3, 9, 1, 11]    (11)
bravo2.D2_8    33_[2, 10, 1, 2, 0, 1, 0, 10, 8, 4, 14, 5, 1, 3, 0, 5, 0, 12, 0, 9, 4, 1, 6, 15, 12, 7, 0, 0, 16, 1, 8, 3, 7]    (13)
bravo1.A2_14    33_[1, 0, 1, 9, 1, 2, 6, 0, 11, 17, 7, 2, 11, 8, 3, 7, 4, 0, 5, 4, 3, 1, 1, 9, 10, 2, 10, 16, 2, 2, 1, 4, 9]    (10)
bravo1.D4_23    33_[1, 0, 3, 0, 5, 2, 0, 8, 1, 6, 0, 0, 3, 15, 11, 1, 0, 0, 8, 17, 12, 1, 0, 5, 5, 23, 1, 3, 7, 18, 0, 9, 2]    (31)
bravo1.D6_2    33_[1, 5, 9, 2, 9, 4, 2, 11, 1, 5, 1, 15, 6, 2, 7, 1, 2, 11, 1, 0, 17, 4, 4, 3, 2, 11, 11, 0, 7, 1, 1, 3, 17]    (27)
bravo2.A1_10    33_[1, 0, 13, 2, 4, 2, 0, 3, 14, 2, 0, 4, 3, 9, 11, 1, 13, 3, 3, 2, 15, 4, 3, 0, 2, 0, 18, 0, 7, 9, 0, 8, 23]    (4)
bravo2.D4_12    33_[1, 6, 4, 2, 0, 2, 5, 5, 2, 1, 4, 5, 3, 0, 35, 1, 4, 0, 8, 0, 1, 14, 0, 6, 1, 13, 1, 2, 20, 10, 3, 3, 6]    (30)
bravo3.A3_11    33_[1, 1, 5, 1, 2, 0, 4, 5, 1, 9, 7, 1, 4, 14, 13, 16, 6, 1, 2, 3, 3, 3, 13, 1, 2, 6, 0, 1, 6, 2, 8, 7, 23]    (25)
bravo3.D2_9    33_[1, 0, 4, 7, 7, 1, 13, 15, 4, 7, 14, 0, 1, 8, 1, 10, 3, 11, 3, 1, 10, 3, 7, 4, 3, 0, 3, 11, 3, 6, 3, 3, 2]    (3)
bravo1.A2_13    33_[0, 4, 26, 12, 21, 4, 1, 3, 0, 4, 2, 1, 0, 0, 5, 6, 4, 3, 0, 4, 8, 8, 3, 0, 0, 1, 3, 13, 10, 7, 0, 9, 21]    (20)
bravo1.A3_1    33_[0, 5, 9, 6, 11, 0, 6, 6, 0, 0, 0, 15, 1, 0, 0, 11, 7, 1, 17, 2, 6, 13, 1, 0, 2, 7, 0, 0, 8, 16, 3, 1, 40]    (8)
bravo1.D3_5    33_[0, 8, 4, 6, 0, 7, 3, 2, 0, 4, 1, 3, 0, 3, 2, 9, 8, 0, 12, 8, 0, 18, 18, 13, 3, 4, 1, 7, 1, 0, 1, 13, 9]    (24)
bravo2.A3_14    33_[0, 0, 0, 13, 2, 3, 7, 3, 0, 5, 1, 30, 6, 3, 6, 4, 12, 2, 1, 1, 8, 4, 1, 4, 8, 1, 5, 0, 0, 11, 7, 9, 32]    (30)
bravo2.D6_6    33_[0, 2, 3, 0, 1, 12, 6, 28, 5, 0, 6, 0, 4, 10, 1, 0, 6, 9, 11, 2, 1, 0, 3, 0, 0, 1, 15, 2, 1, 9, 15, 5, 10]    (28)
bravo2.D4_4    32_[14, 4, 5, 3, 1, 17, 5, 2, 0, 5, 2, 1, 12, 4, 0, 6, 2, 0, 0, 1, 1, 4, 7, 4, 3, 20, 15, 6, 14, 0, 9, 4]    (16)
bravo1.D1_11    32_[12, 4, 0, 0, 2, 6, 6, 3, 5, 5, 24, 5, 0, 2, 2, 3, 7, 0, 3, 4, 12, 2, 1, 4, 28, 1, 16, 1, 3, 4, 0, 8]    (-1)
bravo3.D3_14    32_[12, 17, 5, 8, 2, 13, 5, 1, 4, 9, 3, 15, 8, 0, 1, 6, 1, 1, 0, 0, 7, 5, 3, 3, 4, 4, 1, 2, 0, 16, 9, 22]    (17)
bravo1.A2_1    32_[11, 5, 1, 2, 7, 14, 12, 6, 8, 8, 4, 2, 10, 11, 1, 0, 0, 7, 3, 4, 3, 8, 0, 3, 17, 20, 1, 0, 0, 0, 0, 1]    (2)
bravo1.D1_1    32_[10, 9, 9, 14, 22, 0, 2, 1, 8, 1, 4, 18, 4, 11, 0, 3, 8, 1, 0, 0, 7, 0, 1, 1, 2, 1, 1, 15, 1, 1, 7, 7]    (6)
bravo2.A3_11    32_[8, 0, 5, 1, 5, 0, 13, 14, 1, 3, 10, 11, 8, 7, 13, 5, 0, 1, 0, 3, 3, 1, 9, 5, 9, 2, 8, 7, 6, 0, 6, 5]    (16)
bravo2.D6_8    32_[8, 1, 7, 11, 8, 0, 5, 0, 12, 8, 2, 5, 8, 3, 0, 7, 1, 4, 3, 1, 0, 15, 1, 5, 13, 3, 5, 0, 3, 9, 0, 44]    (31)
bravo3.D1_5    32_[8, 1, 0, 13, 4, 9, 8, 2, 12, 2, 1, 0, 3, 10, 16, 9, 5, 1, 2, 3, 18, 2, 3, 1, 10, 11, 2, 0, 3, 0, 8, 1]    (7)
bravo1.A4_20    32_[7, 8, 0, 4, 11, 5, 4, 0, 11, 12, 2, 2, 4, 5, 9, 11, 1, 0, 5, 2, 5, 1, 12, 2, 1, 8, 0, 4, 20, 3, 8, 2]    (12)
bravo1.D2_13    32_[6, 3, 3, 5, 2, 10, 10, 2, 3, 3, 2, 1, 6, 8, 2, 11, 10, 16, 1, 0, 5, 4, 1, 5, 5, 3, 14, 2, 2, 2, 20, 3]    (15)
bravo2.D3_13    32_[6, 3, 2, 11, 9, 0, 8, 3, 7, 3, 3, 2, 6, 5, 2, 4, 12, 4, 1, 5, 14, 6, 3, 11, 1, 6, 4, 2, 8, 5, 1, 14]    (17)
bravo2.D6_5    32_[6, 4, 1, 0, 8, 7, 3, 8, 4, 0, 1, 0, 7, 0, 0, 2, 8, 11, 12, 3, 6, 3, 5, 7, 3, 14, 22, 15, 1, 1, 5, 1]    (25)
bravo1.A2_18    32_[5, 3, 1, 12, 4, 6, 10, 8, 8, 2, 2, 2, 1, 1, 25, 0, 2, 1, 3, 14, 18, 7, 3, 1, 2, 0, 8, 13, 1, 2, 2, 1]    (18)
bravo1.A3_19    32_[5, 3, 15, 2, 0, 1, 5, 5, 25, 2, 2, 0, 20, 3, 1, 2, 6, 4, 7, 1, 0, 1, 8, 6, 1, 10, 10, 0, 3, 6, 11, 5]    (3)
bravo1.D1_5    32_[5, 2, 2, 1, 1, 0, 0, 8, 8, 3, 6, 1, 20, 3, 11, 7, 3, 12, 2, 0, 3, 0, 1, 1, 14, 2, 7, 5, 4, 16, 3, 37]    (8)
bravo1.D5_8    32_[4, 2, 1, 0, 2, 8, 16, 21, 7, 3, 8, 1, 3, 4, 7, 7, 4, 14, 8, 1, 0, 6, 0, 5, 1, 0, 3, 0, 5, 1, 21, 16]    (24)
bravo1.A2_6    32_[2, 0, 6, 1, 8, 17, 10, 3, 11, 5, 1, 0, 0, 9, 8, 3, 2, 5, 3, 2, 20, 1, 2, 13, 3, 1, 6, 5, 5, 3, 6, 7]    (4)
bravo1.A2_7    32_[2, 1, 7, 5, 0, 10, 11, 2, 3, 1, 15, 9, 3, 18, 9, 3, 6, 4, 11, 2, 0, 20, 3, 3, 0, 3, 4, 0, 2, 7, 0, 4]    (11)
bravo1.D5_4    32_[2, 0, 7, 3, 2, 5, 3, 10, 3, 2, 8, 4, 8, 2, 1, 5, 2, 0, 4, 4, 9, 7, 1, 0, 1, 11, 0, 16, 22, 9, 16, 1]    (19)
bravo2.A4_9    32_[2, 4, 2, 5, 24, 0, 26, 8, 4, 3, 3, 9, 3, 7, 0, 0, 3, 3, 5, 7, 3, 2, 0, 0, 1, 1, 6, 6, 7, 13, 0, 13]    (20)
bravo2.D3_15    32_[2, 12, 2, 10, 22, 3, 3, 9, 0, 1, 9, 2, 0, 0, 7, 8, 0, 19, 0, 2, 7, 4, 0, 5, 8, 3, 4, 1, 8, 7, 7, 7]    (21)
bravo1.A1_7    32_[1, 0, 7, 1, 12, 19, 11, 12, 0, 3, 5, 5, 6, 5, 9, 8, 0, 9, 4, 9, 9, 4, 0, 1, 6, 1, 3, 3, 1, 2, 2, 10]    (5)
bravo1.A2_21    32_[1, 4, 5, 4, 0, 4, 0, 22, 4, 4, 11, 14, 0, 0, 0, 0, 1, 1, 17, 1, 14, 0, 3, 4, 1, 15, 13, 1, 0, 10, 2, 20]    (22)
bravo1.D5_12    32_[1, 5, 5, 11, 12, 2, 9, 2, 11, 2, 13, 2, 1, 0, 1, 0, 5, 0, 6, 3, 0, 12, 6, 3, 24, 5, 0, 5, 4, 15, 2, 2]    (25)
bravo2.A2_11    32_[1, 0, 0, 0, 2, 0, 0, 2, 1, 3, 2, 5, 15, 8, 15, 12, 11, 2, 1, 1, 0, 0, 6, 4, 0, 31, 17, 2, 17, 5, 2, 8]    (16)
bravo2.A4_12    32_[1, 14, 2, 4, 0, 16, 0, 4, 0, 1, 0, 0, 5, 10, 15, 13, 4, 7, 11, 2, 1, 11, 3, 3, 0, 11, 9, 1, 0, 9, 1, 16]    (11)
bravo3.A2_7    32_[1, 3, 0, 14, 6, 14, 1, 0, 9, 15, 0, 0, 6, 11, 1, 0, 0, 14, 22, 3, 3, 5, 1, 1, 9, 13, 0, 0, 5, 8, 2, 11]    (21)
bravo3.D4_12    32_[1, 4, 1, 1, 2, 0, 1, 0, 1, 5, 4, 0, 9, 6, 4, 18, 12, 5, 0, 16, 4, 10, 3, 2, 14, 2, 2, 5, 1, 8, 7, 21]    (30)
bravo1.A5_2    32_[0, 27, 11, 5, 0, 2, 10, 2, 0, 7, 1, 10, 4, 8, 2, 4, 8, 8, 1, 0, 11, 3, 0, 7, 16, 1, 0, 0, 6, 3, 8, 5]    (31)
bravo1.D4_22    32_[0, 5, 3, 0, 2, 6, 3, 2, 7, 2, 7, 2, 0, 14, 10, 2, 4, 2, 2, 0, 9, 3, 5, 14, 3, 3, 20, 3, 12, 12, 11, 0]    (17)
bravo2.A6_5    32_[0, 2, 1, 8, 4, 18, 5, 18, 1, 0, 0, 5, 1, 3, 7, 2, 0, 0, 1, 6, 0, 22, 1, 5, 2, 15, 0, 21, 13, 5, 1, 1]    (28)
bravo3.A4_3    32_[0, 0, 4, 1, 4, 9, 7, 24, 3, 2, 5, 2, 11, 0, 1, 2, 0, 24, 7, 4, 3, 4, 14, 2, 2, 7, 0, 1, 15, 2, 3, 27]    (28)
bravo3.D1_9    31_[14, 3, 0, 2, 7, 17, 2, 18, 4, 3, 2, 6, 1, 0, 2, 7, 4, 16, 6, 2, 0, 2, 23, 2, 1, 0, 2, 5, 16, 0, 9]    (1)
bravo2.A2_3    31_[12, 3, 5, 2, 0, 5, 2, 0, 18, 3, 2, 7, 4, 7, 4, 7, 6, 13, 7, 3, 1, 10, 0, 4, 7, 13, 7, 0, 8, 4, 5]    (6)
bravo2.D3_16    31_[12, 2, 0, 13, 6, 10, 19, 1, 0, 7, 2, 0, 1, 6, 0, 9, 1, 1, 3, 0, 11, 0, 3, 0, 12, 12, 6, 15, 6, 1, 13]    (8)
bravo3.D3_15    31_[12, 6, 5, 11, 1, 16, 3, 5, 4, 1, 4, 0, 6, 0, 5, 0, 1, 10, 17, 4, 4, 7, 3, 2, 2, 5, 10, 7, 0, 7, 14]    (21)
bravo2.A1_3    31_[11, 10, 0, 3, 13, 3, 2, 2, 3, 9, 3, 4, 1, 2, 0, 9, 8, 3, 4, 21, 12, 10, 12, 0, 2, 6, 0, 2, 9, 4, 8]    (3)
bravo2.A5_9    31_[11, 12, 0, 3, 6, 0, 2, 0, 4, 8, 10, 0, 19, 4, 2, 14, 0, 3, 8, 11, 3, 5, 4, 11, 0, 6, 4, 4, 4, 2, 22]    (20)
bravo3.A2_2    31_[11, 0, 6, 7, 2, 1, 6, 4, 0, 2, 2, 18, 0, 7, 9, 0, 6, 16, 4, 6, 14, 0, 0, 10, 10, 7, 5, 10, 4, 1, 10]    (8)
bravo1.A4_10    31_[9, 2, 8, 2, 3, 10, 9, 19, 4, 0, 0, 0, 5, 5, 3, 1, 3, 4, 0, 2, 4, 0, 14, 33, 5, 5, 3, 3, 3, 7, 13]    (27)
bravo1.D6_3    31_[9, 21, 0, 1, 1, 2, 8, 1, 0, 1, 3, 2, 0, 28, 0, 0, 0, 0, 2, 4, 0, 5, 10, 0, 5, 5, 36, 7, 5, 10, 10]    (26)
bravo3.D5_6    31_[7, 0, 4, 9, 4, 5, 4, 2, 1, 7, 3, 5, 4, 9, 19, 2, 1, 6, 1, 2, 2, 15, 2, 3, 7, 6, 6, 0, 0, 18, 32]    (25)
bravo2.A2_13    31_[6, 6, 3, 8, 10, 11, 1, 4, 4, 23, 12, 0, 1, 1, 0, 4, 0, 5, 3, 1, 4, 6, 0, 6, 5, 18, 2, 5, 6, 11, 6]    (26)
bravo2.D4_13    31_[6, 1, 1, 3, 23, 2, 0, 7, 4, 4, 7, 18, 2, 0, 10, 12, 1, 0, 8, 0, 1, 22, 1, 3, 3, 0, 5, 6, 11, 7, 13]    (28)
bravo2.D5_11    31_[6, 1, 3, 24, 1, 0, 0, 7, 11, 3, 1, 1, 2, 3, 2, 12, 0, 3, 0, 12, 5, 0, 13, 3, 15, 0, 1, 1, 14, 3, 23]    (31)
bravo3.D4_10    31_[6, 1, 0, 0, 4, 2, 3, 6, 9, 21, 4, 2, 1, 12, 1, 5, 7, 2, 10, 8, 3, 5, 0, 4, 1, 6, 6, 14, 5, 4, 32]    (25)
bravo1.A3_9    31_[5, 2, 2, 3, 3, 0, 3, 2, 4, 9, 0, 12, 24, 10, 1, 5, 8, 1, 0, 9, 3, 13, 7, 3, 2, 21, 1, 1, 1, 13, 1]    (25)
bravo1.A4_4    31_[5, 7, 0, 16, 0, 4, 17, 6, 6, 6, 3, 2, 7, 9, 0, 7, 2, 8, 9, 4, 2, 0, 7, 4, 1, 4, 7, 7, 7, 1, 12]    (20)
bravo1.D3_10    31_[5, 2, 0, 2, 12, 1, 0, 8, 24, 0, 5, 2, 2, 22, 2, 4, 0, 5, 12, 2, 1, 15, 1, 10, 9, 5, 6, 0, 3, 0, 11]    (3)
bravo2.A3_15    31_[4, 2, 3, 1, 1, 1, 5, 5, 20, 2, 5, 7, 24, 0, 7, 1, 20, 0, 0, 17, 1, 1, 6, 0, 3, 0, 4, 9, 0, 0, 20]    (15)
bravo1.D2_18    31_[2, 2, 19, 2, 3, 0, 4, 6, 10, 1, 7, 0, 0, 1, 0, 1, 7, 1, 4, 3, 19, 1, 10, 11, 12, 10, 2, 2, 9, 0, 28]    (4)
bravo1.D3_21    31_[2, 4, 1, 6, 0, 1, 10, 1, 33, 6, 12, 0, 1, 15, 3, 0, 7, 8, 0, 6, 12, 9, 0, 4, 2, 4, 2, 5, 6, 3, 9]    (13)
bravo1.D3_24    31_[2, 3, 3, 4, 12, 19, 7, 0, 0, 7, 4, 9, 2, 15, 3, 1, 0, 5, 16, 0, 13, 1, 7, 7, 2, 0, 1, 2, 9, 15, 8]    (11)
bravo2.A3_4    31_[2, 7, 10, 1, 3, 1, 2, 14, 5, 8, 7, 9, 0, 23, 1, 4, 3, 5, 10, 1, 6, 0, 10, 15, 7, 0, 2, 6, 1, 1, 8]    (26)
bravo2.D2_5    31_[2, 5, 4, 2, 1, 2, 2, 23, 5, 7, 7, 8, 21, 1, 3, 2, 10, 6, 3, 4, 12, 16, 1, 0, 0, 3, 1, 14, 2, 1, 4]    (16)
bravo3.D2_5    31_[2, 0, 0, 7, 7, 0, 6, 3, 10, 2, 10, 10, 4, 7, 10, 8, 4, 0, 7, 21, 0, 6, 7, 2, 12, 1, 5, 5, 7, 6, 1]    (17)
bravo1.A2_16    31_[1, 11, 13, 10, 0, 6, 4, 4, 1, 15, 0, 1, 13, 9, 1, 17, 3, 1, 2, 3, 10, 0, 0, 18, 2, 3, 2, 11, 0, 8, 6]    (14)
bravo1.A5_16    31_[1, 4, 0, 1, 4, 0, 0, 4, 13, 7, 5, 3, 12, 0, 6, 0, 0, 17, 3, 11, 2, 3, 4, 1, 8, 4, 25, 1, 13, 17, 3]    (19)
bravo1.D3_18    31_[1, 3, 8, 1, 0, 4, 0, 8, 19, 4, 3, 1, 19, 4, 1, 2, 11, 8, 0, 3, 2, 7, 3, 1, 6, 14, 2, 3, 12, 9, 15]    (21)
bravo2.A3_12    31_[1, 1, 6, 3, 13, 11, 0, 1, 2, 1, 2, 2, 1, 8, 1, 7, 11, 1, 9, 2, 8, 11, 7, 5, 7, 1, 2, 20, 2, 19, 10]    (20)
bravo3.D4_13    31_[1, 6, 1, 1, 15, 1, 4, 2, 4, 0, 5, 1, 3, 3, 10, 18, 5, 4, 13, 1, 9, 2, 22, 1, 3, 25, 0, 1, 0, 7, 14]    (28)
bravo1.A4_12    31_[0, 9, 5, 12, 22, 0, 7, 3, 14, 5, 2, 0, 8, 24, 8, 4, 2, 2, 2, 1, 6, 2, 3, 0, 9, 0, 0, 17, 1, 1, 3]    (13)
bravo1.D4_4    31_[0, 8, 10, 2, 10, 6, 3, 3, 2, 2, 18, 0, 2, 0, 3, 15, 1, 5, 3, 12, 3, 0, 5, 6, 5, 17, 6, 10, 4, 0, 8]    (7)
bravo2.D1_9    31_[0, 4, 10, 5, 6, 6, 8, 22, 2, 2, 21, 2, 5, 6, 0, 3, 8, 2, 13, 0, 4, 2, 5, 4, 5, 1, 0, 0, 9, 14, 4]    (7)
bravo2.D4_14    31_[0, 1, 9, 0, 7, 3, 2, 8, 4, 14, 7, 3, 1, 0, 1, 3, 2, 16, 1, 0, 5, 19, 1, 19, 9, 10, 7, 0, 8, 6, 6]    (31)
bravo3.D2_12    30_[19, 10, 4, 0, 7, 0, 33, 3, 0, 3, 5, 13, 2, 0, 4, 4, 2, 1, 0, 2, 0, 2, 6, 0, 0, 11, 9, 7, 14, 9]    (8)
bravo3.A3_1    30_[14, 8, 19, 7, 9, 0, 1, 1, 1, 0, 1, 0, 0, 22, 0, 19, 23, 5, 4, 0, 2, 2, 8, 10, 1, 1, 0, 1, 3, 8]    (22)
bravo1.A3_10    30_[11, 1, 0, 9, 20, 1, 0, 3, 6, 1, 3, 2, 6, 1, 0, 3, 15, 9, 0, 1, 18, 3, 8, 1, 6, 5, 3, 15, 9, 13]    (26)
bravo2.D1_12    30_[11, 3, 9, 4, 12, 1, 5, 6, 8, 7, 5, 7, 5, 12, 2, 1, 0, 11, 9, 3, 1, 1, 5, 15, 1, 4, 4, 5, 0, 15]    (2)
bravo1.D2_16    30_[10, 1, 22, 3, 0, 10, 7, 6, 3, 1, 2, 5, 12, 5, 6, 7, 3, 1, 4, 4, 6, 1, 2, 0, 2, 7, 7, 8, 11, 14]    (5)
bravo2.A4_7    30_[10, 8, 4, 4, 10, 1, 19, 16, 1, 1, 2, 2, 6, 5, 0, 7, 21, 4, 3, 1, 3, 2, 11, 6, 6, 0, 12, 1, 2, 2]    (27)
bravo2.D5_6    30_[7, 1, 1, 0, 3, 4, 7, 12, 0, 0, 7, 7, 3, 12, 18, 0, 4, 6, 20, 2, 2, 0, 2, 14, 3, 2, 13, 4, 10, 7]    (27)
bravo2.D2_11    30_[6, 4, 8, 4, 1, 0, 0, 2, 16, 6, 2, 10, 0, 10, 1, 6, 13, 1, 0, 21, 2, 1, 12, 5, 9, 3, 10, 5, 11, 8]    (3)
bravo1.A4_15    30_[5, 24, 1, 0, 0, 5, 1, 2, 0, 2, 9, 10, 23, 3, 5, 0, 1, 3, 1, 7, 2, 2, 6, 9, 19, 4, 1, 7, 7, 14]    (23)
bravo1.A5_5    30_[5, 2, 5, 2, 1, 1, 1, 2, 5, 2, 16, 9, 5, 0, 6, 21, 2, 4, 15, 9, 4, 6, 18, 10, 0, 9, 1, 0, 3, 6]    (28)
bravo1.D3_4    30_[5, 1, 5, 3, 0, 7, 2, 15, 2, 0, 2, 29, 4, 16, 0, 0, 7, 7, 1, 10, 8, 3, 12, 1, 0, 6, 3, 0, 21, 6]    (28)
bravo1.A3_25    30_[4, 0, 1, 9, 0, 7, 4, 13, 2, 0, 13, 3, 14, 4, 16, 0, 0, 7, 5, 1, 1, 8, 14, 12, 1, 6, 4, 0, 21, 9]    (28)
bravo3.A1_8    30_[3, 6, 10, 13, 6, 13, 4, 13, 3, 5, 7, 2, 1, 12, 0, 1, 21, 1, 0, 9, 18, 6, 7, 1, 0, 2, 1, 2, 3, 6]    (4)
bravo3.A2_6    30_[3, 6, 4, 3, 0, 12, 1, 6, 2, 14, 1, 5, 0, 11, 1, 12, 6, 16, 9, 4, 22, 3, 4, 0, 14, 0, 1, 2, 1, 9]    (13)
bravo3.A4_12    30_[3, 6, 1, 1, 1, 8, 13, 4, 7, 17, 3, 0, 5, 0, 3, 10, 7, 7, 32, 2, 1, 9, 1, 7, 0, 0, 5, 6, 1, 13]    (11)
bravo1.A4_14    30_[2, 6, 5, 3, 17, 4, 13, 19, 9, 0, 4, 0, 15, 4, 1, 8, 7, 5, 4, 16, 2, 1, 2, 1, 2, 0, 0, 8, 1, 18]    (24)
bravo2.A6_7    30_[2, 2, 1, 6, 10, 14, 6, 2, 1, 3, 3, 0, 6, 3, 5, 3, 6, 10, 6, 9, 0, 5, 5, 18, 5, 8, 13, 13, 0, 22]    (26)
bravo3.A5_11    30_[2, 9, 1, 6, 15, 9, 0, 0, 1, 4, 1, 4, 0, 1, 5, 2, 2, 6, 16, 22, 14, 5, 0, 0, 3, 9, 1, 5, 10, 18]    (17)
bravo3.A2_10    30_[1, 0, 0, 0, 3, 0, 3, 11, 2, 10, 3, 14, 0, 8, 30, 0, 7, 2, 26, 12, 3, 0, 9, 4, 3, 7, 0, 6, 3, 4]    (16)
bravo1.A1_11    30_[0, 5, 12, 0, 5, 7, 14, 7, 11, 0, 0, 0, 17, 0, 12, 4, 4, 0, 9, 5, 8, 8, 0, 9, 4, 10, 4, 2, 6, 7]    (-1)
bravo1.A5_11    30_[0, 0, 2, 2, 13, 15, 6, 3, 2, 2, 10, 5, 0, 12, 0, 4, 22, 0, 10, 0, 5, 1, 2, 1, 0, 6, 7, 1, 36, 13]    (29)
bravo2.A4_15    30_[0, 0, 0, 25, 10, 0, 18, 15, 0, 11, 1, 1, 1, 10, 5, 1, 1, 11, 8, 3, 2, 4, 12, 0, 0, 6, 0, 4, 20, 15]    (15)
bravo2.A5_4    30_[0, 6, 4, 13, 4, 29, 1, 3, 5, 2, 0, 5, 3, 3, 4, 5, 12, 0, 10, 5, 19, 2, 5, 14, 4, 6, 2, 2, 1, 1]    (28)
bravo1.D3_17    29_[24, 9, 0, 3, 2, 0, 3, 11, 5, 2, 3, 17, 6, 0, 2, 13, 3, 4, 9, 9, 4, 0, 14, 3, 4, 7, 1, 8, 6]    (4)
bravo3.A3_10    29_[17, 1, 1, 1, 11, 7, 10, 0, 0, 5, 26, 9, 0, 9, 2, 5, 2, 0, 3, 0, 16, 7, 10, 0, 6, 9, 9, 1, 6]    (16)
bravo3.D4_11    29_[11, 4, 2, 6, 5, 7, 1, 8, 3, 9, 12, 8, 1, 3, 12, 16, 0, 13, 9, 3, 18, 2, 0, 2, 2, 5, 1, 3, 6]    (31)
bravo3.D5_5    29_[11, 2, 3, 6, 0, 2, 30, 3, 9, 0, 1, 4, 1, 0, 1, 3, 0, 37, 5, 0, 17, 7, 7, 9, 3, 0, 3, 2, 7]    (27)
bravo1.A4_22    29_[9, 15, 21, 0, 2, 0, 1, 2, 8, 8, 2, 5, 14, 2, 16, 4, 4, 1, 8, 16, 5, 0, 1, 4, 6, 8, 5, 3, 2]    (16)
bravo2.A2_12    29_[8, 27, 19, 11, 0, 14, 7, 1, 4, 8, 4, 2, 4, 6, 2, 1, 6, 4, 0, 1, 10, 2, 7, 6, 4, 4, 4, 3, 6]    (4)
bravo2.D6_2    29_[8, 3, 1, 2, 8, 10, 6, 3, 33, 0, 1, 3, 7, 9, 1, 13, 4, 11, 1, 12, 3, 3, 14, 4, 1, 0, 5, 0, 6]    (20)
bravo3.D5_4    29_[8, 0, 2, 0, 11, 0, 31, 1, 5, 0, 4, 19, 13, 3, 5, 5, 0, 0, 0, 12, 1, 5, 8, 1, 1, 23, 2, 5, 7]    (22)
bravo1.A2_19    29_[7, 3, 3, 9, 0, 0, 5, 1, 2, 10, 8, 2, 5, 8, 0, 12, 2, 17, 5, 4, 7, 14, 1, 17, 4, 5, 5, 12, 4]    (19)
bravo2.D4_15    29_[6, 7, 2, 0, 0, 3, 4, 21, 8, 0, 5, 1, 0, 6, 6, 8, 0, 8, 8, 5, 35, 3, 1, 7, 8, 0, 0, 15, 5]    (22)
bravo1.D4_12    29_[4, 2, 21, 5, 4, 8, 13, 5, 23, 0, 9, 4, 6, 10, 4, 0, 11, 6, 12, 6, 1, 1, 2, 6, 3, 0, 0, 2, 20]    (15)
bravo3.A4_8    29_[4, 5, 6, 3, 14, 0, 4, 0, 17, 15, 0, 4, 3, 4, 8, 8, 4, 3, 0, 13, 6, 0, 2, 2, 12, 2, 9, 14, 9]    (21)
bravo1.A2_20    29_[2, 2, 4, 2, 2, 17, 37, 11, 5, 1, 0, 12, 2, 5, 10, 6, 0, 3, 6, 3, 2, 2, 21, 7, 0, 2, 4, 3, 12]    (21)
bravo1.D1_7    29_[2, 4, 15, 1, 1, 6, 13, 7, 13, 0, 3, 5, 2, 9, 2, 10, 21, 3, 1, 8, 19, 1, 4, 0, 2, 5, 1, 12, 4]    (2)
bravo1.D4_20    29_[2, 4, 5, 1, 7, 0, 13, 1, 12, 11, 1, 4, 16, 1, 0, 6, 0, 0, 8, 18, 8, 1, 2, 6, 1, 1, 3, 3, 42]    (30)
bravo1.A2_5    29_[1, 8, 5, 4, 3, 12, 2, 4, 7, 1, 2, 10, 1, 2, 4, 0, 6, 3, 1, 0, 11, 3, 13, 20, 8, 6, 15, 0, 22]    (6)
bravo1.D1_4    29_[1, 14, 4, 10, 0, 0, 8, 1, 5, 2, 10, 2, 3, 5, 12, 8, 10, 14, 1, 2, 2, 13, 16, 4, 1, 13, 3, 5, 2]    (7)
bravo1.D2_10    29_[1, 0, 3, 8, 0, 6, 19, 13, 16, 12, 1, 1, 5, 7, 5, 1, 1, 12, 12, 1, 2, 2, 11, 1, 0, 17, 1, 11, 15]    (10)
bravo3.D3_12    29_[1, 0, 3, 3, 2, 31, 6, 0, 8, 1, 16, 4, 2, 0, 5, 4, 4, 5, 7, 10, 19, 4, 0, 6, 11, 6, 0, 4, 18]    (7)
bravo2.A3_16    28_[16, 2, 4, 11, 2, 8, 2, 16, 2, 10, 8, 2, 11, 7, 0, 2, 5, 3, 6, 3, 0, 12, 16, 5, 0, 11, 2, 7]    (4)
bravo2.A4_14    28_[16, 6, 5, 14, 11, 2, 14, 0, 9, 2, 0, 3, 1, 15, 0, 1, 8, 1, 5, 7, 16, 1, 1, 1, 7, 1, 15, 14]    (13)
bravo3.D5_12    28_[14, 2, 0, 0, 24, 2, 1, 0, 2, 11, 1, 5, 2, 1, 13, 8, 0, 4, 11, 27, 4, 4, 0, 5, 10, 1, 3, 27]    (-1)
bravo2.A2_2    28_[11, 11, 3, 4, 8, 3, 2, 2, 13, 4, 0, 7, 0, 3, 4, 0, 23, 4, 6, 15, 0, 0, 9, 18, 5, 10, 4, 12]    (8)
bravo2.A3_1    28_[11, 0, 10, 3, 0, 6, 15, 9, 0, 3, 1, 0, 1, 0, 0, 0, 22, 19, 23, 10, 0, 2, 2, 8, 10, 6, 3, 8]    (22)
bravo3.D1_7    28_[11, 3, 6, 9, 2, 2, 2, 3, 3, 8, 8, 6, 0, 0, 2, 0, 3, 1, 21, 3, 27, 2, 5, 10, 5, 4, 13, 15]    (3)
bravo2.A5_10    28_[10, 1, 0, 2, 6, 12, 2, 7, 3, 5, 6, 16, 9, 0, 0, 3, 2, 6, 3, 1, 0, 16, 6, 8, 4, 32, 2, 21]    (21)
bravo2.D3_12    28_[10, 14, 4, 19, 1, 0, 10, 9, 4, 1, 1, 5, 9, 1, 3, 2, 5, 1, 12, 0, 6, 19, 9, 9, 0, 2, 8, 10]    (6)
bravo3.A5_10    28_[10, 0, 1, 2, 6, 13, 0, 5, 1, 6, 12, 0, 13, 9, 0, 4, 9, 3, 7, 11, 6, 9, 7, 2, 1, 1, 25, 9]    (21)
bravo1.A5_13    28_[9, 1, 1, 5, 20, 8, 0, 3, 1, 1, 10, 2, 8, 8, 9, 8, 12, 18, 3, 6, 2, 2, 3, 2, 3, 1, 0, 34]    (23)
bravo3.D3_9    28_[9, 6, 7, 7, 9, 0, 2, 23, 8, 0, 8, 4, 2, 13, 1, 8, 0, 13, 0, 3, 1, 1, 15, 21, 6, 0, 4, 25]    (13)
bravo1.D4_6    28_[8, 0, 9, 1, 0, 9, 21, 0, 2, 1, 0, 9, 12, 15, 6, 2, 4, 3, 26, 2, 5, 2, 0, 6, 5, 6, 12, 6]    (10)
bravo1.A3_15    28_[6, 11, 5, 1, 6, 7, 21, 1, 18, 2, 0, 1, 19, 12, 2, 2, 1, 0, 12, 1, 1, 6, 1, 0, 0, 8, 12, 23]    (9)
bravo2.A6_8    28_[6, 1, 0, 1, 6, 6, 9, 1, 1, 0, 12, 13, 1, 2, 10, 3, 8, 41, 6, 4, 4, 9, 1, 2, 0, 5, 19, 24]    (27)
bravo2.D5_14    28_[5, 8, 2, 0, 0, 19, 0, 9, 0, 11, 2, 1, 4, 15, 12, 11, 19, 0, 11, 11, 0, 3, 2, 0, 8, 18, 0, 11]    (-1)
bravo3.D3_11    28_[4, 1, 0, 2, 11, 12, 10, 3, 23, 1, 5, 4, 1, 19, 1, 3, 15, 0, 4, 2, 8, 7, 4, 8, 2, 3, 17, 5]    (26)
bravo3.D5_11    28_[3, 1, 0, 11, 2, 29, 5, 2, 0, 1, 1, 26, 1, 2, 0, 1, 29, 3, 1, 18, 1, 6, 3, 1, 3, 1, 19, 26]    (32)
bravo1.D5_7    28_[2, 5, 3, 1, 1, 44, 9, 0, 9, 3, 0, 2, 1, 6, 9, 1, 21, 4, 15, 6, 2, 0, 3, 1, 2, 11, 11, 9]    (23)
bravo2.D5_9    28_[2, 0, 5, 3, 0, 22, 9, 21, 1, 0, 10, 13, 2, 27, 0, 2, 7, 0, 0, 5, 0, 2, 3, 11, 1, 3, 9, 25]    (28)
bravo3.A1_7    28_[2, 7, 5, 2, 1, 10, 2, 4, 9, 6, 13, 9, 0, 1, 12, 11, 19, 1, 3, 14, 2, 15, 11, 3, 5, 3, 1, 2]    (13)
bravo3.A2_11    28_[2, 9, 1, 0, 1, 0, 2, 11, 22, 0, 10, 12, 10, 6, 1, 0, 5, 4, 1, 14, 3, 0, 12, 8, 7, 23, 6, 10]    (4)
bravo3.D4_14    28_[2, 3, 7, 6, 1, 13, 27, 2, 9, 2, 7, 1, 6, 1, 1, 4, 10, 30, 3, 5, 3, 0, 5, 5, 0, 1, 15, 24]    (22)
bravo2.D5_8    28_[1, 12, 2, 13, 12, 8, 12, 1, 9, 10, 0, 12, 0, 1, 0, 1, 11, 1, 1, 7, 16, 12, 4, 12, 5, 1, 3, 6]    (26)
bravo1.A6_3    28_[0, 2, 6, 3, 13, 11, 3, 2, 2, 0, 5, 7, 7, 0, 0, 15, 7, 3, 1, 20, 46, 0, 0, 4, 6, 7, 1, 19]    (31)
bravo2.D2_14    28_[0, 11, 33, 9, 11, 0, 4, 0, 8, 5, 8, 5, 5, 5, 0, 6, 12, 3, 0, 1, 3, 0, 19, 7, 3, 2, 9, 6]    (8)
bravo1.D1_10    27_[16, 3, 4, 12, 18, 9, 0, 18, 12, 5, 0, 4, 3, 3, 4, 4, 5, 1, 22, 3, 0, 5, 11, 3, 5, 0, 8]    (-1)
bravo1.D2_17    27_[10, 1, 9, 22, 4, 19, 0, 0, 1, 0, 10, 15, 1, 6, 23, 2, 3, 3, 8, 0, 5, 8, 5, 0, 6, 5, 7]    (11)
bravo1.D3_27    27_[10, 7, 0, 13, 3, 14, 3, 9, 1, 3, 9, 0, 3, 3, 0, 12, 8, 1, 7, 4, 10, 2, 2, 8, 6, 13, 22]    (20)
bravo3.A5_7    27_[7, 13, 6, 3, 0, 5, 20, 3, 4, 2, 14, 1, 6, 39, 1, 0, 5, 4, 4, 7, 3, 0, 0, 13, 7, 1, 16]    (27)
bravo1.D4_13    27_[5, 9, 22, 6, 2, 0, 1, 6, 7, 3, 0, 6, 0, 6, 0, 10, 12, 1, 5, 7, 6, 10, 23, 15, 2, 7, 2]    (8)
bravo2.A2_17    27_[5, 1, 3, 4, 8, 3, 0, 17, 10, 18, 0, 7, 13, 0, 10, 1, 5, 8, 2, 1, 1, 0, 5, 5, 35, 3, 16]    (-1)
bravo1.A5_10    27_[2, 1, 1, 24, 9, 35, 3, 2, 3, 1, 3, 3, 0, 4, 5, 0, 4, 7, 13, 0, 22, 3, 0, 4, 10, 3, 23]    (21)
bravo1.D4_15    27_[2, 16, 1, 8, 6, 4, 13, 4, 6, 4, 0, 1, 9, 5, 16, 4, 2, 6, 11, 0, 3, 5, 16, 6, 4, 10, 24]    (24)
bravo2.D4_9    27_[2, 0, 3, 2, 4, 0, 0, 22, 0, 0, 3, 4, 11, 1, 26, 15, 4, 0, 8, 0, 25, 1, 2, 19, 0, 13, 14]    (21)
bravo3.A5_9    27_[2, 15, 4, 0, 0, 10, 20, 24, 4, 4, 17, 2, 0, 0, 1, 17, 4, 10, 1, 3, 13, 8, 0, 3, 0, 1, 33]    (20)
bravo1.A2_17    27_[0, 3, 2, 11, 4, 2, 0, 0, 1, 3, 1, 10, 12, 10, 14, 12, 21, 5, 0, 5, 4, 1, 9, 7, 1, 29, 19]    (16)
bravo1.D5_11    27_[0, 1, 12, 9, 2, 2, 12, 3, 3, 1, 10, 5, 0, 4, 20, 14, 0, 0, 0, 7, 7, 29, 17, 2, 3, 7, 5]    (20)
bravo3.A4_14    27_[0, 0, 0, 13, 42, 3, 1, 4, 3, 10, 2, 14, 7, 2, 3, 9, 6, 3, 0, 2, 4, 7, 5, 2, 9, 1, 21]    (15)
bravo3.D6_7    26_[30, 15, 0, 5, 6, 3, 13, 1, 2, 3, 6, 4, 0, 1, 1, 8, 0, 10, 7, 26, 4, 9, 5, 2, 2, 38]    (31)
bravo1.D3_19    26_[11, 8, 3, 20, 1, 0, 16, 2, 6, 1, 0, 3, 20, 5, 1, 5, 10, 8, 2, 4, 6, 6, 2, 4, 27, 6]    (26)
bravo1.A1_8    26_[10, 5, 0, 8, 1, 3, 12, 24, 2, 1, 21, 2, 5, 12, 0, 0, 3, 0, 0, 15, 11, 9, 3, 12, 1, 46]    (6)
bravo1.D4_26    26_[10, 3, 2, 0, 0, 3, 4, 8, 3, 15, 3, 1, 8, 27, 0, 20, 15, 0, 12, 8, 0, 8, 2, 1, 18, 5]    (28)
bravo1.D4_21    26_[9, 1, 6, 4, 15, 16, 9, 0, 8, 0, 2, 1, 1, 2, 9, 20, 4, 2, 7, 19, 0, 17, 11, 1, 10, 1]    (21)
bravo2.D1_10    26_[6, 15, 2, 1, 0, 9, 5, 11, 13, 12, 19, 4, 16, 2, 6, 5, 1, 0, 4, 16, 7, 12, 6, 0, 0, 2]    (6)
bravo1.A1_9    26_[5, 1, 4, 10, 7, 14, 9, 0, 20, 3, 6, 2, 11, 0, 2, 1, 2, 2, 1, 17, 1, 2, 39, 5, 3, 28]    (-1)
bravo1.A2_11    26_[5, 0, 1, 0, 7, 6, 1, 7, 2, 31, 6, 12, 20, 0, 5, 2, 2, 4, 5, 8, 8, 4, 2, 12, 14, 10]    (15)
bravo1.D1_12    26_[5, 10, 5, 2, 4, 1, 0, 13, 10, 16, 2, 4, 1, 0, 20, 4, 5, 7, 0, 2, 1, 11, 5, 14, 11, 22]    (-1)
bravo3.A3_14    26_[5, 1, 5, 5, 4, 4, 18, 10, 22, 10, 9, 6, 3, 0, 8, 2, 9, 10, 8, 0, 7, 3, 7, 13, 1, 8]    (4)
bravo1.D6_4    26_[1, 7, 2, 0, 0, 4, 21, 9, 2, 27, 1, 14, 12, 11, 1, 12, 5, 10, 1, 5, 1, 11, 8, 0, 9, 1]    (28)
bravo2.A1_13    26_[1, 0, 20, 32, 1, 0, 0, 7, 22, 0, 8, 1, 1, 0, 7, 0, 16, 2, 9, 5, 11, 19, 1, 0, 4, 29]    (17)
bravo2.D1_2    26_[1, 0, 12, 16, 2, 7, 3, 0, 19, 1, 1, 15, 7, 4, 11, 8, 4, 9, 9, 2, 2, 5, 15, 4, 16, 23]    (16)
bravo2.D4_11    26_[1, 4, 3, 0, 6, 11, 0, 12, 11, 14, 1, 5, 5, 3, 2, 0, 3, 6, 4, 4, 32, 4, 18, 6, 2, 36]    (25)
bravo3.A6_7    26_[1, 4, 3, 14, 3, 5, 8, 5, 1, 0, 7, 1, 36, 1, 4, 42, 4, 3, 5, 5, 3, 0, 0, 14, 0, 18]    (26)
bravo1.D2_14    26_[0, 7, 16, 3, 4, 1, 11, 0, 26, 6, 10, 15, 8, 0, 4, 14, 2, 11, 9, 3, 5, 5, 2, 1, 6, 18]    (13)
bravo1.D4_11    26_[0, 2, 3, 2, 9, 7, 4, 2, 2, 7, 11, 6, 5, 3, 4, 12, 11, 17, 9, 5, 0, 10, 17, 7, 14, 8]    (19)
bravo2.A4_16    26_[0, 4, 3, 5, 27, 21, 1, 5, 5, 13, 5, 1, 1, 7, 2, 3, 16, 4, 1, 10, 4, 6, 4, 14, 12, 0]    (6)
bravo3.A2_14    26_[0, 3, 0, 0, 4, 6, 10, 5, 1, 9, 0, 7, 21, 6, 2, 2, 21, 7, 7, 0, 0, 0, 4, 6, 49, 5]    (-1)
bravo3.A6_5    26_[0, 2, 1, 12, 2, 17, 1, 2, 10, 11, 11, 7, 2, 1, 0, 7, 6, 15, 8, 7, 11, 2, 5, 0, 25, 15]    (28)
bravo3.D5_9    26_[0, 0, 5, 0, 1, 5, 0, 12, 4, 4, 22, 5, 2, 6, 3, 4, 2, 12, 1, 34, 14, 15, 2, 11, 9, 14]    (30)
bravo1.A1_10    25_[19, 3, 8, 15, 7, 11, 0, 8, 3, 1, 12, 12, 0, 14, 1, 0, 0, 3, 8, 16, 11, 13, 6, 1, 5]    (-1)
bravo2.D3_9    25_[16, 0, 25, 4, 0, 2, 17, 20, 5, 12, 27, 4, 1, 7, 0, 7, 1, 8, 12, 2, 2, 3, 0, 0, 21]    (13)
bravo1.D4_8    25_[13, 2, 15, 4, 3, 3, 2, 13, 11, 7, 15, 5, 0, 4, 2, 8, 20, 0, 3, 0, 22, 5, 9, 0, 14]    (14)
bravo1.A5_15    25_[12, 2, 2, 9, 32, 9, 0, 5, 11, 1, 0, 5, 11, 2, 19, 12, 8, 0, 2, 0, 2, 4, 4, 2, 21]    (18)
bravo2.A6_10    25_[11, 1, 0, 8, 1, 2, 0, 2, 6, 31, 4, 10, 4, 2, 15, 3, 7, 38, 0, 0, 3, 2, 14, 10, 14]    (22)
bravo1.A3_22    25_[8, 4, 9, 33, 11, 2, 0, 2, 6, 1, 3, 14, 2, 17, 8, 3, 3, 7, 13, 5, 0, 7, 1, 16, 7]    (5)
bravo1.A4_17    25_[7, 2, 1, 2, 2, 13, 2, 0, 2, 29, 0, 0, 27, 26, 6, 0, 2, 5, 1, 6, 3, 15, 11, 10, 6]    (15)
bravo2.A4_3    25_[6, 1, 14, 2, 0, 19, 15, 7, 0, 17, 0, 5, 8, 9, 16, 22, 2, 8, 1, 3, 1, 10, 0, 1, 11]    (31)
bravo2.D6_9    25_[5, 1, 10, 2, 10, 4, 2, 8, 0, 6, 2, 3, 17, 6, 12, 16, 14, 8, 31, 0, 3, 8, 6, 1, 10]    (32)
bravo1.D3_26    25_[4, 0, 4, 13, 5, 21, 0, 12, 1, 0, 0, 2, 4, 6, 15, 0, 9, 9, 4, 3, 28, 13, 11, 7, 6]    (7)
bravo1.D4_25    25_[4, 8, 2, 20, 14, 8, 7, 13, 7, 1, 7, 0, 7, 36, 0, 0, 10, 1, 6, 4, 2, 2, 6, 6, 13]    (20)
bravo1.A5_14    25_[2, 1, 4, 1, 3, 4, 1, 16, 8, 12, 11, 5, 3, 0, 4, 2, 8, 32, 14, 2, 10, 7, 22, 1, 5]    (17)
bravo2.D6_10    25_[1, 2, 1, 24, 7, 2, 10, 4, 6, 1, 0, 0, 3, 2, 17, 24, 5, 7, 28, 1, 7, 2, 10, 10, 12]    (33)
bravo1.A4_18    25_[0, 3, 2, 20, 5, 12, 6, 6, 4, 5, 31, 6, 4, 25, 0, 8, 1, 2, 4, 2, 8, 2, 16, 2, 3]    (19)
bravo1.A4_25    25_[0, 4, 9, 10, 14, 19, 16, 0, 1, 0, 0, 5, 34, 1, 0, 1, 4, 3, 11, 9, 4, 4, 14, 12, 0]    (7)
bravo2.D5_12    25_[0, 2, 1, 4, 17, 26, 4, 0, 3, 0, 8, 2, 3, 9, 9, 4, 22, 24, 0, 0, 12, 3, 0, 5, 27]    (32)
bravo1.D2_20    24_[15, 6, 0, 1, 6, 6, 11, 4, 12, 5, 6, 10, 22, 4, 2, 9, 0, 8, 21, 16, 3, 7, 1, 6]    (7)
bravo2.D1_13    24_[12, 3, 6, 6, 2, 8, 39, 6, 1, 11, 4, 4, 3, 8, 3, 0, 1, 1, 15, 16, 17, 2, 3, 11]    (1)
bravo3.D6_8    24_[11, 4, 0, 22, 1, 4, 9, 2, 14, 4, 11, 39, 1, 3, 4, 3, 14, 1, 2, 4, 3, 12, 8, 23]    (32)
bravo2.D6_3    24_[10, 0, 1, 2, 8, 25, 4, 3, 26, 0, 7, 4, 0, 6, 20, 5, 3, 14, 0, 6, 4, 1, 0, 28]    (27)
bravo1.D5_16    24_[6, 11, 0, 1, 1, 17, 8, 18, 6, 9, 10, 0, 3, 10, 31, 0, 5, 8, 1, 5, 5, 11, 8, 2]    (30)
bravo1.D4_24    24_[5, 8, 4, 6, 16, 4, 20, 11, 4, 14, 4, 6, 1, 17, 11, 0, 7, 3, 2, 1, 5, 7, 15, 5]    (25)
bravo1.D5_15    24_[5, 3, 6, 0, 0, 25, 2, 1, 7, 5, 13, 36, 7, 15, 0, 9, 2, 2, 1, 0, 3, 1, 11, 35]    (28)
bravo1.D5_17    24_[5, 4, 2, 9, 4, 3, 4, 0, 24, 4, 9, 9, 2, 9, 22, 8, 12, 1, 13, 0, 10, 1, 0, 44]    (26)
bravo2.A1_12    24_[2, 2, 0, 6, 1, 1, 11, 21, 4, 0, 10, 3, 8, 5, 8, 8, 5, 3, 6, 23, 40, 2, 0, 13]    (16)
bravo3.A1_9    24_[2, 0, 3, 35, 16, 9, 0, 10, 13, 4, 0, 3, 1, 12, 10, 8, 1, 14, 5, 5, 0, 5, 0, 21]    (11)
bravo3.A4_13    24_[2, 1, 2, 1, 14, 4, 11, 6, 7, 6, 4, 2, 10, 0, 9, 1, 21, 5, 3, 13, 4, 16, 12, 25]    (16)
bravo3.D3_17    24_[2, 2, 5, 3, 7, 1, 2, 0, 18, 7, 4, 6, 3, 1, 28, 1, 5, 1, 3, 35, 2, 6, 9, 34]    (22)
bravo1.A3_27    24_[1, 7, 41, 18, 4, 2, 7, 0, 1, 26, 2, 10, 0, 6, 4, 34, 2, 0, 0, 3, 5, 0, 2, 12]    (30)
bravo1.A4_21    24_[1, 2, 8, 0, 7, 6, 7, 3, 6, 5, 6, 35, 0, 11, 6, 5, 1, 16, 6, 27, 1, 0, 7, 15]    (14)
bravo1.A4_26    24_[1, 0, 17, 22, 12, 6, 1, 2, 0, 4, 18, 4, 1, 1, 7, 5, 8, 9, 9, 9, 4, 4, 4, 31]    (6)
bravo1.A5_9    24_[1, 11, 4, 1, 18, 8, 1, 0, 14, 2, 10, 6, 4, 5, 3, 9, 2, 8, 53, 1, 4, 7, 4, 8]    (20)
bravo1.D2_19    24_[1, 0, 12, 0, 16, 12, 3, 14, 0, 1, 2, 11, 4, 18, 19, 0, 5, 20, 16, 5, 2, 10, 5, 3]    (6)
bravo2.A1_11    24_[1, 5, 15, 1, 3, 2, 3, 6, 8, 15, 0, 8, 6, 0, 14, 7, 10, 7, 0, 15, 25, 19, 6, 0]    (11)
bravo1.A6_4    24_[0, 4, 0, 0, 8, 6, 14, 0, 2, 18, 3, 1, 1, 12, 8, 8, 37, 22, 2, 4, 1, 16, 9, 1]    (30)
bravo1.D1_9    24_[0, 9, 1, 18, 13, 22, 1, 0, 1, 8, 6, 7, 4, 8, 4, 2, 0, 0, 9, 2, 15, 24, 10, 21]    (-1)
bravo1.D4_27    24_[0, 4, 8, 4, 15, 2, 0, 23, 3, 0, 3, 0, 16, 1, 21, 0, 1, 27, 6, 1, 0, 19, 12, 18]    (22)
bravo2.A4_13    24_[0, 2, 0, 2, 2, 2, 0, 9, 4, 21, 18, 10, 0, 0, 13, 5, 36, 0, 4, 12, 3, 7, 25, 4]    (16)
bravo2.A5_12    24_[0, 5, 2, 0, 3, 0, 5, 10, 5, 20, 6, 11, 2, 19, 0, 16, 20, 7, 1, 8, 10, 6, 1, 19]    (12)
bravo3.D4_15    24_[0, 4, 7, 0, 3, 9, 8, 12, 8, 3, 5, 5, 0, 6, 9, 8, 14, 10, 28, 10, 6, 1, 16, 16]    (26)
bravo2.D1_11    23_[11, 0, 6, 2, 9, 19, 22, 2, 7, 1, 6, 6, 14, 24, 7, 16, 4, 0, 4, 6, 9, 0, 6]    (3)
bravo2.A6_9    23_[10, 8, 40, 4, 3, 3, 11, 2, 0, 6, 17, 10, 4, 1, 7, 14, 0, 2, 3, 4, 7, 9, 13]    (20)
bravo2.A4_17    23_[7, 5, 6, 18, 8, 11, 0, 1, 3, 0, 5, 7, 5, 5, 4, 17, 0, 15, 0, 24, 5, 10, 32]    (-1)
bravo3.A6_8    23_[5, 19, 21, 12, 8, 12, 0, 3, 1, 4, 0, 0, 3, 1, 0, 10, 2, 20, 1, 4, 9, 18, 47]    (27)
bravo1.A5_17    23_[2, 2, 1, 4, 1, 7, 9, 5, 4, 2, 11, 9, 0, 2, 21, 52, 8, 3, 9, 5, 2, 16, 2]    (14)
bravo2.D3_17    23_[2, 20, 1, 2, 0, 13, 17, 4, 5, 5, 0, 14, 18, 14, 6, 17, 2, 5, 0, 3, 5, 9, 31]    (22)
bravo3.D3_16    23_[2, 13, 1, 9, 0, 40, 0, 11, 4, 5, 10, 6, 12, 1, 0, 0, 0, 25, 6, 15, 3, 2, 21]    (8)
bravo2.A3_17    23_[1, 0, 4, 8, 39, 2, 9, 8, 4, 4, 1, 3, 8, 14, 16, 1, 15, 7, 4, 6, 2, 17, 5]    (27)
bravo1.D6_6    23_[0, 4, 1, 1, 3, 2, 0, 19, 0, 0, 6, 2, 22, 45, 14, 27, 9, 5, 5, 1, 10, 0, 21]    (31)
bravo3.A3_16    23_[0, 0, 23, 5, 4, 15, 18, 11, 4, 1, 0, 19, 2, 3, 9, 6, 25, 0, 7, 2, 3, 0, 24]    (27)
bravo1.D1_13    22_[22, 12, 0, 8, 10, 1, 11, 10, 1, 7, 2, 7, 0, 12, 8, 3, 41, 0, 4, 3, 16, 6]    (-1)
bravo3.D2_13    22_[16, 28, 5, 4, 1, 8, 1, 4, 0, 13, 9, 3, 13, 0, 7, 8, 14, 17, 4, 4, 17, 22]    (2)
bravo3.D1_10    22_[12, 10, 9, 9, 0, 13, 0, 9, 11, 4, 2, 5, 5, 0, 0, 13, 22, 1, 35, 14, 2, 78]    (-1)
bravo1.D5_14    22_[11, 8, 4, 24, 12, 9, 3, 12, 11, 6, 1, 5, 4, 6, 3, 11, 1, 8, 12, 3, 13, 28]    (27)
bravo1.A1_12    22_[5, 7, 16, 2, 0, 0, 9, 2, 32, 15, 3, 9, 9, 6, 5, 6, 2, 19, 12, 6, 5, 22]    (-1)
bravo3.D4_16    22_[5, 10, 0, 1, 3, 27, 1, 6, 0, 7, 2, 9, 4, 0, 18, 3, 6, 48, 0, 9, 19, 1]    (-1)
bravo3.A5_12    22_[1, 4, 4, 4, 12, 2, 8, 0, 16, 7, 3, 2, 6, 19, 17, 30, 7, 13, 2, 0, 1, 46]    (-1)
bravo1.D3_28    22_[0, 5, 9, 6, 11, 0, 13, 0, 17, 1, 0, 0, 11, 7, 19, 2, 22, 12, 9, 20, 1, 40]    (8)
bravo2.A2_16    22_[0, 4, 5, 5, 5, 24, 26, 7, 3, 1, 1, 15, 2, 1, 8, 15, 0, 25, 17, 0, 5, 16]    (-1)
bravo1.D5_19    21_[17, 5, 15, 0, 1, 1, 1, 0, 13, 5, 25, 5, 1, 24, 12, 1, 14, 14, 3, 4, 27]    (32)
bravo2.D2_15    21_[11, 7, 3, 1, 3, 15, 0, 4, 15, 1, 19, 13, 9, 3, 11, 6, 5, 29, 10, 3, 11]    (2)
bravo3.A2_13    21_[11, 1, 5, 3, 5, 6, 5, 14, 0, 8, 1, 8, 4, 10, 8, 17, 15, 2, 5, 21, 36]    (22)
bravo2.A5_11    21_[9, 9, 28, 0, 3, 2, 1, 9, 10, 5, 33, 3, 3, 3, 14, 6, 5, 3, 16, 0, 18]    (17)
bravo2.D1_14    21_[6, 10, 0, 26, 6, 31, 7, 8, 1, 0, 10, 12, 10, 5, 20, 15, 3, 0, 0, 1, 21]    (-1)
bravo1.A6_6    21_[5, 7, 2, 0, 5, 11, 1, 23, 14, 4, 2, 7, 9, 3, 7, 18, 24, 16, 9, 1, 50]    (26)
bravo1.D2_22    21_[2, 8, 5, 18, 9, 27, 7, 2, 2, 2, 10, 9, 3, 9, 3, 8, 3, 5, 40, 1, 22]    (3)
bravo1.A3_28    20_[7, 1, 6, 1, 0, 8, 9, 0, 25, 0, 4, 10, 8, 23, 31, 2, 12, 9, 1, 40]    (29)
bravo2.A2_15    20_[2, 13, 1, 0, 31, 15, 21, 0, 0, 2, 16, 10, 2, 11, 1, 5, 4, 11, 26, 11]    (15)
bravo3.A3_17    20_[2, 16, 25, 13, 0, 5, 2, 5, 2, 11, 3, 6, 1, 1, 6, 5, 16, 17, 40, 5]    (28)
bravo3.D3_18    20_[0, 17, 16, 1, 5, 2, 0, 3, 14, 2, 2, 6, 3, 8, 21, 2, 22, 26, 20, 11]    (-1)
bravo2.D2_16    19_[25, 9, 0, 21, 24, 0, 23, 8, 9, 0, 21, 15, 1, 4, 0, 8, 2, 3, 17]    (-1)
bravo3.A6_9    19_[13, 9, 1, 37, 8, 12, 2, 0, 1, 0, 9, 8, 13, 6, 7, 26, 13, 4, 13]    (22)
bravo2.D6_12    19_[11, 7, 20, 6, 3, 1, 9, 9, 1, 21, 1, 47, 12, 1, 4, 7, 1, 7, 47]    (-1)
bravo3.D2_14    19_[11, 0, 4, 5, 28, 6, 15, 13, 23, 0, 10, 10, 12, 0, 16, 4, 0, 14, 10]    (-1)
bravo1.D5_13    19_[7, 2, 6, 10, 6, 1, 1, 6, 6, 0, 38, 22, 1, 8, 11, 37, 10, 9, 8]    (22)
bravo2.D3_18    19_[0, 4, 5, 6, 6, 20, 0, 3, 4, 12, 0, 1, 15, 25, 2, 7, 6, 7, 59]    (-1)
bravo2.D5_13    19_[0, 31, 4, 1, 7, 1, 3, 22, 10, 3, 2, 24, 14, 23, 4, 0, 2, 17, 24]    (-1)
bravo1.A6_7    18_[39, 4, 3, 1, 1, 0, 0, 8, 18, 0, 6, 20, 12, 8, 29, 12, 19, 42]    (27)
bravo1.A5_18    18_[21, 17, 7, 3, 1, 18, 1, 1, 20, 11, 7, 0, 39, 3, 2, 4, 5, 22]    (15)
bravo3.D5_13    18_[13, 18, 7, 6, 15, 9, 13, 6, 4, 0, 1, 15, 40, 2, 12, 1, 7, 23]    (-1)
bravo3.D4_17    18_[10, 0, 7, 17, 9, 13, 1, 2, 5, 0, 5, 7, 46, 0, 20, 7, 2, 40]    (-1)
bravo2.D1_15    18_[6, 22, 3, 1, 9, 2, 7, 12, 9, 6, 1, 0, 13, 4, 8, 4, 17, 60]    (-1)
bravo2.A5_14    18_[1, 0, 1, 6, 4, 18, 22, 12, 10, 14, 27, 14, 7, 21, 1, 3, 1, 34]    (-1)
bravo3.A1_10    18_[1, 0, 10, 5, 23, 7, 20, 14, 10, 18, 7, 4, 4, 1, 21, 17, 15, 14]    (-1)
bravo2.A1_15    17_[36, 10, 0, 7, 12, 34, 2, 1, 3, 17, 8, 4, 22, 15, 1, 3, 15]    (-1)
bravo1.A6_5    17_[19, 0, 0, 18, 3, 18, 14, 18, 1, 32, 23, 6, 6, 3, 0, 1, 29]    (28)
bravo2.D4_16    17_[5, 8, 4, 3, 6, 22, 7, 1, 8, 2, 12, 29, 45, 2, 0, 6, 26]    (26)
bravo2.D4_17    17_[5, 4, 8, 17, 9, 13, 4, 5, 0, 5, 2, 4, 46, 21, 11, 29, 10]    (-1)
bravo3.A5_13    17_[4, 30, 3, 18, 29, 11, 2, 10, 25, 1, 9, 6, 8, 1, 0, 25, 2]    (-1)
bravo1.A4_27    17_[2, 1, 11, 11, 0, 6, 4, 1, 6, 33, 26, 13, 29, 9, 0, 19, 15]    (4)
bravo1.D6_5    17_[1, 2, 35, 12, 7, 6, 0, 9, 8, 35, 4, 2, 22, 7, 3, 7, 39]    (30)
bravo1.D5_18    17_[0, 13, 4, 24, 4, 1, 1, 11, 10, 14, 0, 8, 56, 2, 8, 3, 32]    (31)
bravo3.A4_16    17_[0, 14, 7, 43, 0, 5, 4, 2, 8, 2, 8, 7, 2, 19, 31, 3, 37]    (-1)
bravo1.A2_22    16_[37, 12, 16, 13, 20, 10, 8, 1, 19, 7, 16, 0, 0, 0, 17, 66]    (23)
bravo2.D1_16    16_[31, 1, 2, 10, 0, 10, 19, 33, 7, 4, 4, 0, 0, 48, 0, 22]    (-1)
bravo2.D2_17    16_[11, 17, 22, 3, 2, 28, 0, 13, 22, 2, 1, 8, 3, 22, 5, 25]    (-1)
bravo1.D1_14    16_[6, 16, 21, 2, 36, 2, 12, 0, 2, 8, 19, 4, 9, 33, 14, 1]    (-1)
bravo1.D6_10    16_[6, 0, 5, 3, 2, 21, 4, 3, 11, 1, 7, 85, 3, 10, 0, 90]    (-1)
bravo1.A5_19    16_[5, 4, 26, 1, 2, 3, 16, 2, 0, 0, 3, 5, 31, 63, 20, 15]    (16)
bravo1.D6_8    16_[5, 5, 4, 31, 14, 3, 1, 21, 0, 65, 2, 1, 10, 0, 0, 55]    (33)
bravo3.D6_9    16_[4, 15, 2, 7, 0, 16, 1, 1, 4, 30, 4, 52, 20, 7, 9, 16]    (33)
bravo2.A3_18    16_[1, 23, 2, 16, 14, 5, 18, 4, 10, 9, 0, 22, 4, 23, 8, 36]    (-1)
bravo1.D5_20    16_[0, 12, 26, 6, 13, 3, 7, 1, 24, 16, 0, 33, 21, 12, 7, 14]    (-1)
bravo3.A4_17    16_[0, 12, 37, 8, 0, 13, 18, 7, 4, 4, 12, 9, 4, 21, 12, 35]    (-1)
bravo3.A4_18    15_[20, 2, 4, 14, 0, 3, 24, 20, 16, 5, 7, 30, 4, 13, 36]    (-1)
bravo2.D6_11    15_[17, 1, 44, 22, 6, 2, 3, 0, 15, 15, 12, 12, 7, 16, 29]    (-1)
bravo1.A1_14    15_[16, 17, 3, 33, 11, 23, 22, 11, 5, 32, 5, 1, 0, 0, 7]    (-1)
bravo1.A6_8    15_[7, 1, 1, 26, 2, 8, 21, 6, 44, 7, 16, 11, 13, 0, 22]    (25)
bravo1.A5_20    15_[1, 11, 2, 23, 22, 6, 6, 1, 12, 18, 54, 7, 3, 17, 35]    (-1)
bravo1.D1_15    14_[33, 4, 17, 26, 3, 0, 23, 7, 0, 17, 9, 12, 29, 15]    (-1)
bravo2.D5_15    14_[18, 0, 1, 1, 20, 18, 35, 0, 6, 10, 43, 14, 20, 11]    (-1)
bravo1.A4_28    14_[17, 20, 5, 5, 2, 12, 0, 15, 8, 19, 6, 35, 3, 50]    (5)
bravo2.A6_11    14_[16, 0, 5, 15, 7, 2, 21, 12, 16, 0, 31, 23, 25, 79]    (-1)
bravo2.A6_12    14_[13, 5, 22, 8, 1, 9, 10, 0, 15, 5, 9, 34, 38, 18]    (-1)
bravo2.A1_14    14_[11, 0, 39, 4, 27, 0, 18, 1, 0, 8, 3, 16, 53, 10]    (-1)
bravo1.A1_13    14_[10, 5, 9, 9, 31, 16, 6, 33, 0, 1, 13, 27, 18, 8]    (-1)
bravo1.A1_15    14_[10, 1, 0, 31, 23, 34, 9, 5, 13, 8, 8, 9, 25, 40]    (-1)
bravo2.A5_17    14_[1, 10, 29, 1, 3, 26, 18, 6, 9, 23, 39, 1, 19, 42]    (-1)
bravo2.A3_19    14_[0, 4, 66, 1, 8, 4, 1, 10, 3, 1, 4, 22, 27, 38]    (-1)
bravo2.D4_18    13_[11, 6, 4, 19, 19, 2, 2, 3, 17, 43, 20, 19, 69]    (-1)
bravo3.A2_15    13_[7, 3, 63, 11, 6, 16, 0, 12, 11, 12, 12, 0, 37]    (-1)
bravo1.A6_10    13_[1, 7, 3, 3, 33, 64, 16, 24, 4, 7, 5, 0, 31]    (-1)
bravo2.A4_18    12_[19, 3, 4, 15, 46, 9, 5, 53, 2, 10, 1, 22]    (-1)
bravo2.D5_16    12_[13, 28, 24, 5, 26, 1, 37, 18, 2, 12, 21, 42]    (-1)
bravo2.A5_15    12_[12, 31, 18, 3, 0, 19, 8, 5, 38, 23, 30, 14]    (-1)
bravo2.A2_18    12_[5, 11, 17, 23, 28, 18, 6, 7, 9, 4, 25, 41]    (-1)
bravo2.D3_19    12_[5, 22, 6, 11, 3, 8, 5, 5, 1, 16, 25, 93]    (-1)
bravo3.A3_18    12_[1, 3, 19, 46, 6, 3, 1, 25, 28, 22, 12, 36]    (-1)
bravo1.D6_11    11_[23, 16, 3, 2, 5, 21, 3, 79, 4, 33, 3]    (-1)
bravo2.D2_18    11_[17, 12, 4, 43, 9, 2, 21, 2, 4, 7, 89]    (-1)
bravo2.D5_18    11_[16, 2, 24, 2, 15, 10, 19, 67, 4, 8, 56]    (-1)
bravo2.D5_17    11_[12, 34, 25, 1, 4, 13, 6, 23, 49, 0, 112]    (-1)
bravo2.D6_14    11_[12, 3, 24, 2, 35, 44, 14, 23, 0, 10, 102]    (-1)
bravo1.A6_11    11_[9, 2, 27, 26, 24, 0, 30, 39, 9, 23, 39]    (-1)
bravo2.A5_18    11_[1, 18, 22, 3, 15, 3, 26, 6, 9, 13, 235]    (-1)
bravo1.D6_7    11_[0, 43, 5, 3, 45, 17, 14, 22, 18, 0, 22]    (32)
bravo3.A4_19    10_[39, 7, 20, 30, 1, 10, 5, 45, 2, 32]    (-1)
bravo2.A1_17    10_[35, 12, 20, 18, 33, 14, 25, 19, 5, 65]    (-1)
bravo2.D2_19    10_[16, 19, 8, 2, 7, 56, 1, 15, 56, 16]    (-1)
bravo1.D5_21    10_[12, 19, 40, 0, 0, 83, 1, 4, 8, 63]    (-1)
bravo2.A6_13    10_[12, 35, 14, 4, 32, 9, 13, 14, 37, 21]    (-1)
bravo3.D5_14    10_[12, 10, 17, 47, 24, 10, 36, 4, 30, 68]    (-1)
bravo3.D2_15    10_[11, 4, 18, 56, 22, 1, 9, 12, 25, 77]    (-1)
bravo3.A3_20    10_[5, 72, 4, 3, 3, 0, 8, 62, 1, 45]    (-1)
bravo1.A6_9    10_[1, 49, 1, 0, 13, 0, 21, 63, 22, 31]    (-1)
bravo2.D4_19    10_[1, 14, 30, 3, 50, 4, 54, 0, 11, 70]    (-1)
bravo3.A1_11    10_[1, 3, 4, 58, 2, 15, 16, 1, 3, 100]    (-1)
bravo1.A5_21    10_[0, 60, 8, 0, 27, 49, 9, 16, 19, 48]    (-1)
bravo1.D6_12    9_[44, 29, 0, 3, 13, 39, 37, 3, 106]    (-1)
bravo3.D4_18    9_[18, 4, 23, 18, 2, 3, 17, 64, 89]    (-1)
bravo2.A1_16    9_[16, 71, 32, 10, 0, 3, 12, 41, 27]    (-1)
bravo3.D6_10    9_[6, 6, 60, 0, 11, 45, 30, 20, 60]    (-1)
bravo3.A2_16    9_[5, 17, 24, 20, 31, 0, 4, 27, 69]    (-1)
bravo3.D3_19    9_[5, 45, 8, 5, 5, 18, 25, 44, 36]    (-1)
bravo2.A5_16    9_[4, 11, 26, 0, 20, 41, 10, 40, 51]    (-1)
bravo3.A3_19    9_[0, 73, 32, 4, 17, 9, 35, 11, 43]    (-1)
bravo3.D4_19    8_[101, 0, 4, 54, 0, 11, 0, 69]    (-1)
bravo2.A4_19    8_[68, 32, 0, 9, 12, 41, 7, 34]    (-1)
bravo1.D6_9    8_[44, 9, 10, 7, 17, 40, 46, 58]    (-1)
bravo2.A4_20    8_[39, 8, 25, 19, 16, 23, 39, 109]    (-1)
bravo2.D1_17    8_[16, 13, 73, 32, 12, 12, 28, 16]    (-1)
bravo2.D6_13    8_[13, 9, 20, 2, 25, 6, 13, 108]    (-1)
bravo1.D4_28    8_[11, 30, 4, 2, 2, 24, 109, 29]    (26)
bravo2.A3_20    8_[5, 72, 0, 31, 18, 32, 24, 10]    (-1)
bravo1.A6_12    8_[1, 5, 5, 33, 0, 5, 14, 168]    (-1)
bravo3.D5_15    7_[74, 0, 4, 21, 4, 32, 92]    (-1)
bravo2.A2_19    7_[36, 50, 20, 12, 41, 24, 32]    (-1)
bravo1.D2_23    7_[35, 9, 21, 62, 1, 38, 69]    (2)
bravo1.D1_16    7_[31, 3, 23, 28, 41, 3, 126]    (-1)
bravo3.A6_10    7_[13, 2, 15, 18, 35, 52, 239]    (-1)
bravo2.A6_14    7_[9, 34, 6, 15, 14, 57, 70]    (-1)
bravo3.A5_14    7_[4, 7, 52, 52, 47, 10, 126]    (-1)
bravo1.A1_16    6_[59, 23, 25, 75, 6, 61]    (-1)
bravo1.A5_22    6_[16, 2, 0, 95, 35, 402]    (-1)
bravo2.D3_20    6_[16, 51, 0, 47, 44, 36]    (-1)
bravo1.D5_22    6_[14, 1, 62, 59, 35, 445]    (-1)
bravo1.D6_13    6_[12, 10, 16, 1, 26, 175]    (-1)
bravo3.D1_11    6_[6, 35, 90, 16, 21, 36]    (-1)
bravo3.A1_12    6_[5, 0, 16, 81, 36, 68]    (-1)
bravo3.A5_15    6_[4, 64, 55, 16, 34, 61]    (-1)
bravo1.A2_23    6_[1, 32, 84, 12, 54, 32]    (25)
bravo3.A6_11    5_[69, 15, 21, 68, 277]    (-1)
bravo2.D2_20    5_[45, 2, 30, 28, 97]    (-1)
bravo2.D6_15    5_[40, 33, 0, 100, 130]    (-1)
bravo3.D6_11    5_[40, 99, 35, 8, 81]    (-1)
bravo2.D1_18    5_[35, 0, 42, 6, 119]    (-1)
bravo3.D3_20    5_[16, 30, 20, 0, 144]    (-1)
bravo1.D6_14    5_[13, 6, 142, 0, 113]    (-1)
bravo1.A1_17    5_[6, 78, 58, 39, 44]    (-1)
bravo3.D1_12    5_[6, 82, 41, 5, 95]    (-1)
bravo2.A6_15    5_[1, 10, 3, 160, 126]    (-1)
bravo3.A4_21    5_[1, 17, 28, 76, 84]    (-1)
bravo3.D4_20    5_[1, 65, 0, 93, 195]    (-1)
bravo2.A3_21    4_[87, 3, 74, 46]    (-1)
bravo2.D4_20    4_[67, 0, 93, 121]    (-1)
bravo1.A6_14    4_[63, 30, 103, 107]    (-1)
bravo1.D6_15    4_[40, 13, 116, 179]    (-1)
bravo2.D4_21    4_[39, 7, 53, 520]    (-1)
bravo3.D4_21    4_[39, 7, 46, 527]    (-1)
bravo2.A1_19    4_[36, 50, 99, 38]    (-1)
bravo2.A6_17    4_[16, 27, 131, 445]    (-1)
bravo2.D2_21    4_[16, 18, 90, 94]    (-1)
bravo3.A3_21    4_[16, 146, 24, 95]    (-1)
bravo2.A4_21    4_[1, 45, 77, 158]    (-1)
bravo3.D5_16    3_[162, 13, 203]    (-1)
bravo1.A6_15    3_[94, 76, 387]    (-1)
bravo1.D1_17    3_[85, 46, 128]    (-1)
bravo2.A2_20    3_[85, 21, 105]    (-1)
bravo2.A2_21    3_[79, 5, 127]    (-1)
bravo2.A5_19    3_[74, 60, 103]    (-1)
bravo2.D1_19    3_[56, 74, 386]    (-1)
bravo3.D2_16    3_[48, 81, 74]    (-1)
bravo1.D2_24    3_[45, 68, 126]    (-1)
bravo3.D5_17    3_[42, 133, 130]    (-1)
bravo2.A5_20    3_[39, 2, 196]    (-1)
bravo2.A3_22    3_[37, 40, 261]    (-1)
bravo2.A1_20    3_[35, 153, 361]    (-1)
bravo3.D1_13    3_[31, 3, 221]    (-1)
bravo1.A6_13    3_[20, 72, 184]    (-1)
bravo3.A5_16    3_[16, 90, 253]    (-1)
bravo2.D5_19    3_[1, 39, 256]    (-1)
bravo2.A1_21    2_[183, 78]    (-1)
bravo2.D6_17    2_[176, 445]    (-1)
bravo2.D6_16    2_[164, 81]    (-1)
bravo2.A5_21    2_[125, 496]    (-1)
bravo3.A4_20    2_[125, 159]    (-1)
bravo3.A5_18    2_[125, 496]    (-1)
bravo1.A6_16    2_[94, 382]    (-1)
bravo2.D4_22    2_[94, 209]    (-1)
bravo2.A6_16    2_[63, 182]    (-1)
bravo2.D6_18    2_[54, 567]    (-1)
bravo3.A5_17    2_[48, 573]    (-1)
bravo3.D2_17    2_[48, 251]    (-1)
bravo2.D5_22    2_[42, 579]    (-1)
bravo2.D6_19    2_[42, 579]    (-1)
bravo3.A3_22    2_[37, 369]    (-1)
bravo2.D1_21    2_[35, 226]    (-1)
bravo2.A6_20    2_[20, 601]    (-1)
bravo2.D6_20    2_[20, 601]    (-1)
bravo3.D5_18    2_[16, 605]    (-1)
bravo3.A1_13    2_[12, 440]    (-1)
bravo3.A6_13    2_[12, 440]    (-1)
bravo3.D6_12    2_[12, 609]    (-1)
bravo1.D1_18    2_[6, 586]    (-1)
bravo2.D6_21    0_[]    (-1)
