29
red1
more
34_7___1__    17   1  [1, 0, 1, 1, 1, 1, 1, 1, 0, 1, 0, 1, 1, 0, 0, 1]  (6, 11)
11_7___1__    16   2  [0, 0, 1, 1, 3, 1, 0, 0, 0, 4, 0, 0, 0, 0, 1]  (5, 11)
20_6___1__    16   3  [0, 0, 0, 1, 1, 1, 1, 0, 0, 0, 2, 0, 1, 0, 1, 1]  (6, 11)
34_8___1__    16   1  [1, 0, 1, 1, 1, 1, 3, 0, 2, 0, 0, 1, 0, 0, 1]  (5, 11)
40_7___1__    16   3  [0, 0, 0, 1, 1, 1, 1, 0, 0, 2, 2, 0, 0, 0, 0, 1]  (4, 11)
14_7___1__    14   3  [0, 1, 3, 1, 1, 1, 0, 1, 0, 1, 0, 0, 1, 1]  (3, 11)
14_10___1__    14   3  [0, 1, 1, 1, 1, 1, 1, 0, 1, 0, 1, 1, 1, 1]  (4, 11)
17_6___1__    14   3  [0, 1, 1, 1, 1, 1, 2, 1, 0, 1, 0, 0, 1, 1]  (5, 11)
20_7___1__    14   3  [0, 0, 0, 3, 1, 1, 0, 0, 0, 4, 0, 0, 1, 1]  (5, 11)
27_8___1__    14   3  [0, 1, 3, 1, 1, 1, 0, 1, 2, 0, 0, 1, 1]  (7, 11)
32_8___1__    14   3  [0, 1, 1, 1, 1, 1, 1, 0, 3, 1, 0, 0, 0, 1]  (2, 11)
less
21_2___1__    5   3  [0, 6, 10, 3, 1]  (8, 11)
29_3___1__    5   3  [0, 17, 1, 1, 1]  (4, 11)
1_4___1__    6   3  [0, 1, 15, 1, 1, 1]  (4, 11)
1_5___1__    6   3  [0, 1, 15, 1, 1, 1]  (4, 11)
5_3___1__    6   3  [0, 14, 2, 1, 1, 1]  (3, 11)
5_5___1__    6   3  [0, 1, 15, 1, 1, 1]  (4, 11)
6_3___1__    6   3  [0, 14, 2, 1, 1, 1]  (4, 11)
7_3___1__    6   3  [0, 14, 0, 1, 1, 3]  (2, 11)
7_4___1__    6   3  [0, 1, 15, 1, 1, 1]  (3, 11)
8_3___1__    6   3  [0, 1, 12, 2, 3, 1]  (3, 11)
8_4___1__    6   3  [0, 1, 15, 1, 1, 1]  (3, 11)
part_in:(2, 7), all_in:(8, 11), all_out:(2, 11)
red2
more
20_6___2__    13   3  [1, 0, 1, 1, 1, 3, 0, 1, 0, 2, 1, 0, 1]  (9, 12)
43_6___2__    13   0  [0, 3, 0, 3, 1, 3, 2, 0, 2, 1, 0, 1]  (12, 15)
2_6___2__    12   1  [1, 2, 2, 0, 1, 3, 2, 0, 2, 1, 0, 1]  (9, 12)
2_7___2__    12   1  [4, 2, 0, 1, 3, 2, 0, 2, 1, 0, 1]  (11, 12)
9_8___2__    12   3  [0, 1, 3, 1, 0, 2, 2, 0, 1, 2, 2]  (10, 12)
10_8___2__    12   0  [0, 2, 1, 3, 1, 3, 0, 1, 0, 1, 2, 2]  (12, 20)
16_7___2__    12   1  [3, 0, 3, 1, 3, 2, 0, 1, 0, 1, 0, 1]  (12, 12)
19_7___2__    12   1  [3, 0, 3, 5, 0, 1, 0, 1, 0, 1, 0, 1]  (5, 12)
20_8___2__    12   4  [0, 0, 1, 1, 1, 3, 2, 0, 1, 0, 1, 2]  (8, 12)
29_6___2__    12   3  [1, 0, 1, 1, 5, 2, 0, 2, 1, 0, 1]  (7, 12)
29_9___2__    12   0  [0, 1, 2, 3, 5, 0, 1, 0, 4, 0, 1]  (12, 14)
less
14_2___2__    3   19  [3, 1, 2]  (9, 12)
33_1___2__    3   19  [0, 4, 2]  (10, 12)
44_1___2__    3   19  [0, 4, 2]  (8, 12)
5_1___2__    4   19  [0, 2, 1, 2]  (12, 12)
9_1___2__    4   1  [17, 0, 4, 2]  (11, 12)
12_1___2__    4   19  [0, 2, 1, 2]  (12, 13)
12_2___2__    4   19  [0, 2, 1, 2]  (8, 12)
14_1___2__    4   1  [17, 0, 4, 2]  (8, 12)
14_3___2__    4   9  [6, 2, 5, 2]  (8, 12)
23_3___2__    4   10  [8, 0, 4, 2]  (7, 12)
25_1___2__    4   19  [0, 2, 1, 2]  (9, 12)
part_in:(5, 20), all_in:(12, 12), all_out:(5, 20)
red3
more
33_6___3__    14   1  [0, 2, 0, 3, 2, 2, 2, 2, 0, 1, 0, 0, 0]  (10, 15)
4_7___3__    13   0  [0, 0, 2, 0, 3, 2, 2, 2, 2, 1, 0, 0, 1]  (15, 18)
6_2___3__    13   0  [1, 2, 0, 3, 2, 5, 0, 1, 0, 0, 0, 1, 0]  (15, 17)
45_8___3__    13   1  [0, 1, 0, 0, 3, 2, 5, 1, 0, 0, 1, 0, 1]  (14, 15)
1_9___3__    12   1  [0, 1, 1, 3, 2, 2, 3, 0, 0, 1, 1, 1]  (15, 15)
1_10___3__    12   1  [0, 1, 0, 0, 3, 2, 2, 3, 0, 0, 3, 1]  (14, 15)
2_8___3__    12   2  [3, 2, 0, 1, 0, 2, 4, 0, 1, 1, 1]  (14, 15)
10_8___3__    12   0  [0, 0, 1, 0, 0, 3, 1, 0, 7, 0, 2, 2]  (15, 21)
11_6___3__    12   2  [2, 0, 3, 1, 0, 5, 1, 0, 0, 1, 2]  (11, 15)
14_6___3__    12   2  [1, 0, 0, 3, 2, 2, 2, 3, 1, 0, 1]  (13, 15)
14_7___3__    12   2  [2, 0, 3, 2, 2, 2, 0, 2, 1, 0, 1]  (13, 15)
less
21_9___3__    4   2  [3, 6, 12, 1]  (12, 15)
26_8___3__    4   1  [0, 3, 3, 17]  (14, 15)
32_1___3__    4   1  [0, 3, 13, 7]  (15, 15)
47_4___3__    4   2  [3, 6, 8, 5]  (14, 15)
49_6___3__    4   6  [3, 14, 1, 0]  (10, 15)
2_4___3__    5   2  [3, 6, 6, 1, 5]  (14, 15)
4_5___3__    5   2  [3, 6, 6, 1, 5]  (14, 15)
5_1___3__    5   2  [3, 6, 6, 4, 2]  (14, 15)
5_8___3__    5   2  [3, 3, 1, 3, 11]  (12, 15)
5_9___3__    5   2  [3, 3, 5, 5, 5]  (13, 15)
5_10___3__    5   2  [3, 3, 5, 3, 7]  (13, 15)
part_in:(10, 21), all_in:(15, 15), all_out:(10, 21)
red4
more
8_6___4__    16   0  [0, 0, 1, 1, 2, 0, 2, 2, 2, 0, 1, 1, 0, 0, 0, 0]  (18, 21)
12_7___4__    15   0  [1, 1, 1, 2, 0, 1, 0, 5, 0, 1, 1, 0, 0, 0, 0]  (18, 23)
20_8___4__    15   0  [0, 0, 3, 1, 0, 0, 1, 0, 5, 0, 1, 1, 0, 0, 1]  (18, 21)
39_6___4__    15   1  [0, 1, 1, 0, 1, 0, 1, 0, 6, 1, 1, 0, 0, 0, 0]  (18, 19)
3_6___4__    14   0  [1, 1, 1, 2, 0, 1, 0, 2, 2, 0, 1, 1, 1, 1]  (18, 21)
3_8___4__    14   0  [1, 1, 1, 2, 0, 1, 0, 5, 0, 1, 1, 1, 0, 0]  (18, 21)
4_7___4__    14   0  [1, 1, 1, 0, 1, 0, 1, 0, 5, 0, 1, 1, 1, 1]  (18, 25)
4_8___4__    14   0  [1, 1, 1, 2, 0, 1, 0, 0, 4, 0, 1, 1, 2, 0]  (18, 26)
5_6___4__    14   0  [1, 3, 2, 0, 1, 0, 2, 2, 0, 1, 1, 1, 0, 0]  (18, 22)
7_6___4__    14   0  [1, 1, 1, 2, 0, 1, 0, 5, 0, 1, 0, 1, 1, 0]  (18, 21)
8_7___4__    14   0  [1, 3, 2, 0, 1, 0, 2, 2, 0, 1, 1, 0, 1, 0]  (18, 24)
less
14_1___4__    4   1  [0, 7, 9, 7]  (14, 18)
22_1___4__    5   2  [6, 10, 1, 2, 2]  (16, 18)
25_1___4__    5   1  [0, 6, 0, 9, 7]  (14, 18)
33_1___4__    5   2  [6, 0, 8, 0, 7]  (16, 18)
37_1___4__    5   2  [6, 0, 11, 2, 2]  (18, 18)
38_1___4__    5   1  [7, 3, 6, 1, 5]  (17, 18)
44_1___4__    5   2  [6, 0, 9, 1, 5]  (14, 18)
1_1___4__    6   2  [3, 2, 10, 1, 1, 3]  (16, 18)
19_1___4__    6   2  [6, 0, 2, 8, 1, 3]  (16, 18)
21_1___4__    6   2  [7, 2, 6, 1, 1, 3]  (18, 18)
26_10___4__    6   2  [6, 0, 9, 1, 3, 1]  (18, 19)
part_in:(14, 26), all_in:(18, 18), all_out:(14, 26)
red5
more
10_7___5__    16   1  [0, 0, 0, 2, 2, 1, 0, 5, 0, 0, 1, 0, 0, 0, 0, 0]  (26, 29)
38_9___5__    16   3  [0, 1, 0, 2, 1, 0, 0, 2, 1, 0, 0, 1, 1, 0, 0, 0]  (26, 29)
12_9___5__    15   1  [0, 0, 0, 5, 1, 0, 0, 4, 0, 0, 1, 1, 0, 0, 0]  (28, 29)
26_9___5__    15   3  [0, 1, 3, 1, 0, 3, 1, 0, 0, 1, 0, 0, 0, 0, 0]  (28, 29)
28_8___5__    15   2  [0, 0, 2, 2, 1, 0, 0, 4, 0, 0, 1, 1, 0, 0, 0]  (26, 29)
31_9___5__    15   3  [0, 1, 0, 2, 1, 0, 0, 4, 0, 0, 1, 0, 0, 0, 1]  (27, 29)
38_7___5__    15   2  [0, 0, 2, 2, 2, 0, 2, 1, 0, 0, 1, 1, 0, 0, 0]  (24, 29)
38_10___5__    15   0  [2, 0, 1, 0, 2, 1, 0, 5, 0, 0, 1, 1, 0, 0, 0]  (21, 29)
41_8___5__    15   2  [0, 0, 2, 2, 1, 0, 3, 1, 0, 0, 1, 1, 0, 0, 0]  (26, 29)
50_8___5__    15   1  [1, 0, 2, 2, 0, 0, 1, 2, 1, 0, 0, 1, 1, 1, 0]  (29, 29)
50_9___5__    15   1  [1, 0, 2, 2, 0, 0, 4, 1, 0, 0, 1, 1, 0, 0, 0]  (28, 29)
less
37_1___5__    5   3  [15, 1, 1, 1, 2]  (22, 29)
8_2___5__    6   3  [6, 9, 0, 1, 1, 2]  (25, 29)
31_2___5__    6   3  [6, 10, 1, 1, 1, 0]  (22, 29)
32_1___5__    6   0  [2, 6, 10, 1, 1, 2]  (20, 29)
35_1___5__    6   0  [2, 16, 0, 3, 1, 0]  (19, 29)
38_2___5__    6   3  [6, 1, 7, 0, 3, 2]  (23, 29)
40_8___5__    6   3  [6, 8, 0, 0, 3, 2]  (25, 29)
1_1___5__    7   0  [2, 6, 9, 2, 1, 1, 0]  (20, 29)
1_8___5__    7   3  [6, 8, 0, 0, 3, 0, 1]  (26, 29)
3_1___5__    7   3  [8, 0, 6, 3, 0, 1, 0]  (25, 29)
5_1___5__    7   0  [2, 6, 1, 8, 1, 1, 2]  (21, 29)
part_in:(19, 27), all_in:(28, 29), all_out:(19, 29)
red6
more
19_2___6__    12   0  [2, 5, 0, 1, 2, 4, 0, 1, 0, 1, 0, 0]  (26, 33)
20_6___6__    12   2  [0, 2, 1, 0, 0, 1, 7, 0, 1, 0, 2, 0]  (31, 33)
21_7___6__    12   2  [0, 5, 0, 1, 2, 0, 3, 0, 1, 0, 2, 0]  (29, 33)
32_7___6__    12   2  [0, 2, 2, 0, 1, 2, 4, 0, 1, 0, 2, 0]  (28, 33)
43_2___6__    12   3  [5, 0, 1, 2, 3, 0, 0, 1, 0, 1, 0, 0]  (28, 33)
1_2___6__    11   0  [2, 5, 0, 1, 6, 0, 0, 1, 0, 2, 0]  (25, 33)
3_7___6__    11   3  [5, 0, 1, 3, 4, 0, 0, 0, 0, 1, 0]  (29, 33)
4_2___6__    11   0  [2, 5, 0, 1, 2, 4, 0, 1, 0, 2, 0]  (24, 33)
5_7___6__    11   2  [0, 0, 4, 0, 1, 8, 0, 0, 0, 2, 0]  (27, 33)
6_8___6__    11   2  [0, 5, 0, 1, 1, 5, 0, 1, 0, 2, 0]  (32, 33)
6_9___6__    11   3  [5, 0, 1, 2, 4, 0, 1, 0, 1, 0, 0]  (33, 33)
less
24_10___6__    5   3  [5, 0, 1, 10, 4]  (28, 33)
27_8___6__    5   3  [6, 1, 10, 0, 3]  (31, 33)
1_8___6__    6   3  [5, 0, 1, 10, 0, 3]  (30, 33)
20_7___6__    6   9  [0, 1, 10, 0, 2, 0]  (32, 33)
27_7___6__    6   9  [0, 1, 10, 0, 2, 0]  (28, 33)
1_4___6__    7   3  [5, 0, 1, 8, 1, 0, 3]  (28, 33)
2_5___6__    7   3  [5, 0, 1, 8, 1, 0, 3]  (29, 33)
2_9___6__    7   3  [5, 0, 1, 10, 0, 1, 1]  (31, 33)
3_1___6__    7   3  [5, 0, 1, 10, 0, 2, 0]  (30, 33)
3_4___6__    7   3  [5, 0, 1, 8, 1, 0, 3]  (28, 33)
3_5___6__    7   3  [5, 0, 1, 8, 1, 0, 3]  (28, 33)
part_in:(24, 31), all_in:(32, 33), all_out:(24, 33)
