30
less5
200_3___1__    12   3  [1, 0, 0, 0, 0, 2, 2, 4, 0, 4, 0, 1]  (3, 13)
200_4___1__    12   1  [1, 1, 0, 1, 0, 2, 2, 4, 0, 1, 2, 2]  (3, 7)
200_5___1__    12   1  [0, 2, 0, 1, 0, 2, 2, 4, 0, 1, 2, 2]  (3, 5)
100_1___1__    11   5  [0, 0, 0, 0, 2, 7, 0, 1, 2, 1, 0]  (3, 7)
200_1___1__    10   5  [0, 1, 0, 2, 7, 0, 1, 2, 1, 0]  (2, 3)
200_2___1__    10   3  [1, 0, 1, 0, 2, 7, 0, 1, 2, 2]  (3, 5)
100_3___1__    9   5  [0, 1, 0, 2, 8, 0, 0, 3, 1]  (3, 11)
100_4___1__    9   5  [0, 1, 0, 2, 8, 1, 2, 0, 1]  (3, 13)
300_1___1__    9   5  [0, 1, 0, 2, 7, 0, 4, 1, 0]  (3, 3)
300_3___1__    9   5  [2, 0, 2, 2, 4, 0, 4, 0, 1]  (3, 9)
300_5___1__    9   3  [1, 2, 0, 2, 2, 5, 3, 0, 2]  (3, 5)
100_2___1__    8   5  [0, 1, 0, 2, 7, 0, 1, 5]  (3, 8)
100_5___1__    7   5  [0, 1, 0, 2, 8, 1, 5]  (3, 12)
300_2___1__    7   5  [2, 0, 2, 7, 0, 4, 2]  (3, 7)
300_4___1__    7   5  [2, 0, 2, 8, 4, 0, 1]  (3, 8)
part_in:(2, 13), all_in:(3, 3), all_out:(2, 13)
less8
200_4___2__    13   1  [0, 0, 0, 1, 1, 4, 6, 0, 0, 0, 2, 1, 0]  (14, 14)
200_5___2__    10   1  [1, 0, 1, 1, 4, 7, 1, 2, 1, 0]  (14, 15)
200_3___2__    9   1  [0, 0, 0, 8, 7, 0, 3, 1, 0]  (8, 14)
100_2___2__    8   3  [0, 0, 0, 15, 0, 3, 0, 0]  (10, 14)
100_3___2__    8   3  [0, 0, 0, 14, 0, 4, 0, 0]  (8, 14)
100_4___2__    8   3  [0, 1, 14, 1, 2, 0, 0, 0]  (8, 14)
300_1___2__    8   3  [0, 0, 0, 1, 4, 7, 4, 2]  (13, 14)
300_5___2__    8   3  [0, 0, 2, 12, 1, 2, 1, 0]  (12, 14)
100_1___2__    7   3  [0, 0, 0, 0, 15, 2, 2]  (12, 14)
200_1___2__    7   3  [0, 1, 0, 13, 1, 2, 2]  (13, 14)
200_2___2__    7   3  [0, 1, 14, 1, 2, 1, 0]  (12, 14)
300_3___2__    7   3  [0, 16, 1, 2, 0, 0, 0]  (6, 14)
100_5___2__    6   3  [0, 1, 14, 1, 4, 0]  (8, 14)
300_4___2__    6   3  [0, 16, 4, 0, 0, 0]  (10, 14)
300_2___2__    5   3  [0, 3, 12, 4, 2]  (5, 14)
part_in:(6, 15), all_in:(14, 14), all_out:(6, 15)
less9
100_4___3__    10   1  [3, 1, 1, 2, 3, 4, 1, 2, 0, 1]  (3, 15)
200_4___3__    10   1  [3, 0, 0, 1, 2, 2, 0, 4, 4, 2]  (7, 15)
200_5___3__    10   1  [3, 0, 0, 1, 2, 2, 0, 4, 4, 2]  (8, 15)
100_1___3__    9   1  [3, 0, 2, 2, 3, 4, 1, 2, 2]  (7, 15)
100_2___3__    9   1  [3, 0, 0, 1, 6, 4, 1, 2, 2]  (7, 15)
100_3___3__    9   1  [3, 1, 1, 6, 4, 1, 2, 0, 1]  (5, 15)
200_1___3__    9   1  [3, 0, 0, 1, 2, 3, 4, 4, 2]  (11, 15)
200_2___3__    9   1  [3, 0, 0, 1, 5, 0, 4, 4, 2]  (10, 15)
200_3___3__    9   1  [3, 0, 0, 1, 2, 2, 5, 4, 2]  (4, 15)
300_3___3__    9   1  [3, 1, 1, 2, 2, 0, 4, 4, 2]  (7, 15)
300_4___3__    9   1  [3, 1, 1, 2, 3, 4, 4, 0, 1]  (9, 15)
300_5___3__    9   1  [3, 1, 1, 5, 0, 4, 4, 0, 1]  (9, 15)
300_1___3__    8   1  [3, 0, 0, 1, 6, 4, 4, 2]  (14, 15)
100_5___3__    7   1  [3, 1, 1, 2, 8, 4, 2]  (3, 15)
300_2___3__    7   1  [3, 1, 1, 6, 4, 4, 2]  (9, 15)
part_in:(3, 13), all_in:(14, 15), all_out:(3, 15)
less10
100_5___4__    12   1  [3, 2, 0, 1, 0, 3, 0, 0, 2, 3, 0, 2]  (1, 5)
300_5___4__    12   5  [0, 0, 0, 2, 2, 1, 0, 1, 1, 3, 0, 2]  (3, 5)
100_1___4__    11   5  [0, 0, 0, 0, 2, 1, 1, 0, 3, 4, 2]  (3, 5)
200_2___4__    11   5  [0, 1, 0, 6, 0, 1, 0, 0, 4, 0, 1]  (5, 5)
200_4___4__    11   1  [3, 0, 1, 0, 6, 0, 1, 1, 4, 0, 1]  (2, 5)
200_5___4__    11   1  [0, 2, 0, 1, 0, 2, 3, 0, 1, 1, 7]  (0, 5)
200_1___4__    10   5  [0, 1, 0, 4, 1, 0, 2, 0, 2, 4]  (3, 5)
200_3___4__    10   1  [3, 0, 1, 0, 4, 1, 0, 3, 5, 1]  (1, 5)
300_3___4__    10   0  [4, 0, 0, 0, 0, 6, 0, 1, 1, 7]  (3, 5)
100_3___4__    9   5  [1, 0, 0, 2, 3, 0, 3, 4, 2]  (2, 5)
100_4___4__    9   2  [2, 2, 0, 2, 3, 0, 3, 4, 2]  (0, 5)
300_1___4__    9   5  [0, 1, 0, 4, 1, 0, 3, 4, 2]  (4, 5)
300_4___4__    9   5  [0, 1, 3, 3, 0, 1, 1, 4, 2]  (3, 5)
100_2___4__    8   5  [0, 1, 0, 6, 0, 3, 4, 2]  (4, 5)
300_2___4__    8   5  [0, 1, 0, 6, 0, 3, 4, 2]  (5, 5)
part_in:(0, 3), all_in:(4, 5), all_out:(0, 5)
row1
300_5___5__    15   2  [0, 1, 0, 1, 0, 0, 1, 2, 1, 1, 0, 0, 1, 4, 0]  (0, 2)
200_3___5__    14   1  [0, 0, 2, 1, 1, 1, 2, 1, 2, 0, 1, 0, 3, 0]  (0, 4)
200_5___5__    14   2  [0, 2, 1, 0, 0, 1, 2, 1, 1, 0, 0, 1, 4, 0]  (0, 3)
300_1___5__    14   2  [0, 0, 1, 1, 0, 0, 1, 4, 2, 0, 1, 0, 3, 0]  (0, 1)
100_5___5__    13   2  [0, 1, 0, 1, 0, 0, 1, 2, 1, 3, 1, 4, 0]  (0, 2)
200_2___5__    13   2  [0, 2, 1, 1, 1, 2, 1, 1, 0, 0, 1, 4, 0]  (0, 2)
200_4___5__    13   2  [0, 2, 1, 1, 1, 0, 1, 1, 1, 0, 0, 6, 0]  (0, 5)
300_2___5__    13   2  [0, 2, 1, 0, 0, 1, 4, 2, 0, 1, 0, 3, 0]  (0, 3)
300_3___5__    13   2  [0, 2, 1, 0, 0, 1, 2, 1, 2, 0, 1, 4, 0]  (0, 4)
300_4___5__    13   2  [0, 1, 0, 1, 0, 0, 1, 4, 2, 0, 1, 4, 0]  (0, 4)
100_1___5__    12   2  [0, 2, 1, 0, 0, 1, 4, 2, 0, 1, 4, 0]  (0, 0)
100_2___5__    12   2  [0, 2, 1, 1, 1, 4, 2, 0, 0, 0, 4, 0]  (0, 1)
100_3___5__    12   2  [0, 2, 1, 1, 1, 4, 2, 0, 0, 0, 4, 0]  (0, 2)
100_4___5__    12   2  [0, 2, 1, 0, 0, 1, 4, 2, 0, 1, 4, 0]  (0, 4)
200_1___5__    12   3  [2, 1, 0, 0, 1, 4, 2, 0, 1, 0, 3, 0]  (0, 1)
part_in:(2, 5), all_in:(0, 1), all_out:(0, 5)
row2
200_3___6__    11   2  [0, 2, 2, 1, 1, 0, 3, 1, 1, 4, 1]  (26, 29)
200_4___6__    11   2  [0, 2, 2, 1, 1, 0, 3, 1, 1, 4, 1]  (29, 30)
200_5___6__    11   0  [1, 0, 2, 2, 3, 0, 3, 1, 1, 4, 1]  (26, 29)
200_1___6__    10   3  [2, 1, 0, 1, 1, 0, 3, 1, 6, 1]  (25, 29)
200_2___6__    10   2  [0, 2, 2, 1, 1, 0, 3, 1, 6, 1]  (26, 29)
100_1___6__    9   2  [0, 2, 2, 7, 0, 1, 1, 4, 1]  (25, 29)
300_5___6__    9   3  [2, 2, 3, 0, 3, 1, 1, 4, 1]  (29, 30)
100_4___6__    8   0  [1, 0, 2, 2, 10, 1, 4, 1]  (25, 29)
100_5___6__    8   0  [2, 2, 2, 4, 5, 1, 4, 1]  (25, 29)
300_2___6__    8   2  [0, 2, 2, 8, 1, 1, 4, 1]  (25, 29)
300_3___6__    8   3  [2, 2, 3, 4, 1, 1, 4, 1]  (25, 29)
300_4___6__    8   3  [2, 2, 3, 4, 1, 1, 4, 1]  (29, 30)
100_2___6__    7   0  [2, 2, 2, 0, 7, 1, 8]  (29, 31)
100_3___6__    7   0  [2, 2, 2, 4, 5, 6, 1]  (26, 29)
300_1___6__    6   3  [2, 2, 8, 1, 6, 1]  (25, 29)
part_in:(25, 31), all_in:(29, 29), all_out:(25, 31)
row3
100_2___7__    11   2  [0, 2, 2, 0, 5, 0, 0, 1, 2, 4, 0]  (16, 20)
100_4___7__    11   2  [0, 2, 1, 0, 0, 6, 2, 1, 0, 4, 0]  (17, 20)
100_1___7__    10   2  [0, 2, 3, 5, 0, 0, 1, 1, 0, 5]  (20, 21)
100_3___7__    10   2  [0, 2, 2, 0, 5, 1, 1, 2, 4, 0]  (17, 20)
100_5___7__    10   3  [2, 1, 0, 6, 0, 2, 1, 0, 4, 0]  (20, 20)
200_3___7__    10   2  [0, 2, 2, 1, 4, 1, 1, 1, 0, 5]  (17, 20)
200_4___7__    10   3  [1, 0, 2, 1, 4, 1, 1, 1, 0, 5]  (12, 20)
300_1___7__    10   2  [0, 2, 2, 6, 1, 1, 1, 0, 0, 4]  (20, 20)
200_1___7__    9   3  [4, 0, 1, 5, 0, 1, 2, 3, 1]  (19, 20)
200_2___7__    9   2  [0, 2, 1, 0, 6, 1, 1, 2, 5]  (18, 20)
200_5___7__    9   2  [0, 2, 2, 6, 1, 1, 1, 0, 5]  (17, 20)
300_2___7__    9   2  [0, 2, 2, 6, 1, 1, 1, 0, 5]  (18, 20)
300_3___7__    8   3  [2, 2, 6, 1, 1, 1, 0, 5]  (16, 20)
300_5___7__    8   3  [2, 2, 6, 1, 1, 1, 0, 5]  (15, 20)
300_4___7__    7   3  [2, 2, 8, 1, 1, 0, 5]  (13, 20)
part_in:(12, 21), all_in:(20, 20), all_out:(12, 21)
row4
100_1___8__    19   0  [0, 4, 1, 0, 1, 1, 0, 0, 0, 0, 0, 0, 1, 0, 1, 1, 0, 0, 0]  (1, 1)
200_5___8__    18   0  [1, 0, 2, 1, 0, 1, 1, 0, 0, 0, 0, 1, 1, 0, 1, 1, 1, 0]  (1, 3)
100_2___8__    17   0  [0, 4, 1, 0, 0, 1, 0, 0, 0, 0, 1, 0, 1, 2, 1, 1, 0]  (1, 1)
100_3___8__    17   0  [0, 4, 1, 0, 1, 0, 0, 0, 0, 2, 0, 1, 2, 1, 0, 0, 0]  (1, 1)
100_5___8__    17   0  [0, 1, 2, 1, 0, 1, 1, 0, 0, 2, 0, 1, 0, 1, 1, 1, 0]  (0, 1)
200_4___8__    17   0  [2, 0, 1, 1, 0, 0, 0, 1, 0, 0, 0, 4, 0, 1, 1, 1, 0]  (1, 1)
100_4___8__    16   0  [0, 4, 1, 0, 1, 1, 0, 0, 2, 0, 1, 0, 1, 1, 1, 0]  (1, 1)
200_2___8__    16   0  [2, 2, 0, 1, 1, 1, 0, 0, 0, 2, 1, 0, 1, 1, 1, 0]  (1, 2)
200_3___8__    16   0  [2, 2, 2, 0, 0, 1, 0, 0, 0, 2, 1, 0, 1, 1, 1, 0]  (1, 2)
300_3___8__    16   0  [2, 0, 1, 0, 1, 1, 1, 0, 0, 3, 1, 0, 1, 1, 1, 0]  (1, 2)
300_5___8__    16   0  [2, 0, 1, 0, 0, 0, 1, 1, 0, 0, 3, 1, 0, 3, 1, 0]  (1, 1)
300_4___8__    15   0  [2, 0, 1, 1, 0, 1, 1, 0, 0, 3, 1, 0, 3, 1, 0]  (1, 1)
200_1___8__    14   0  [2, 2, 2, 1, 1, 0, 0, 0, 4, 0, 1, 1, 1, 0]  (1, 3)
300_1___8__    14   0  [2, 0, 1, 0, 1, 1, 1, 0, 0, 3, 1, 4, 1, 0]  (1, 1)
300_2___8__    13   0  [2, 2, 0, 1, 3, 0, 0, 3, 1, 0, 3, 1, 0]  (1, 1)
part_in:(0, 3), all_in:(1, 1), all_out:(0, 3)
sum_all
300_5___9__    13   0  [1, 0, 2, 0, 4, 0, 0, 4, 1, 1, 0, 3, 0]  (101, 117)
200_5___9__    12   0  [1, 0, 2, 0, 1, 2, 0, 0, 1, 2, 1, 7]  (95, 117)
100_1___9__    11   0  [1, 0, 2, 0, 5, 0, 1, 4, 1, 1, 3]  (105, 117)
200_1___9__    11   0  [1, 0, 2, 0, 1, 2, 0, 2, 2, 1, 7]  (88, 117)
200_3___9__    11   2  [0, 2, 0, 1, 2, 0, 0, 4, 1, 2, 4]  (92, 117)
200_4___9__    11   0  [1, 0, 2, 0, 1, 2, 0, 0, 4, 1, 7]  (74, 117)
300_1___9__    11   0  [1, 0, 2, 0, 5, 0, 1, 4, 1, 0, 4]  (108, 117)
300_2___9__    11   0  [1, 0, 2, 0, 5, 0, 1, 4, 1, 0, 4]  (117, 120)
300_4___9__    11   0  [0, 0, 0, 2, 6, 0, 6, 1, 0, 3, 0]  (91, 117)
100_2___9__    10   0  [1, 0, 2, 6, 0, 1, 4, 1, 1, 3]  (117, 129)
300_3___9__    10   0  [1, 0, 2, 0, 5, 0, 6, 1, 0, 4]  (110, 117)
100_4___9__    9   0  [0, 0, 0, 2, 6, 0, 6, 1, 5]  (98, 117)
100_5___9__    9   0  [1, 0, 2, 6, 0, 4, 1, 1, 5]  (111, 117)
200_2___9__    9   0  [1, 0, 2, 0, 5, 2, 2, 1, 7]  (107, 117)
100_3___9__    6   2  [0, 2, 6, 0, 6, 7]  (112, 117)
part_in:(74, 129), all_in:(117, 117), all_out:(74, 129)
sum16
200_4___10__    11   0  [1, 0, 3, 1, 9, 1, 0, 2, 0, 1, 0]  (28, 36)
300_4___10__    11   0  [0, 0, 0, 3, 1, 3, 0, 8, 0, 0, 3]  (35, 36)
300_5___10__    10   0  [1, 0, 3, 1, 3, 8, 0, 0, 0, 3]  (36, 36)
100_2___10__    9   0  [1, 0, 3, 4, 0, 0, 7, 2, 3]  (36, 40)
100_5___10__    9   0  [0, 0, 0, 9, 0, 7, 1, 0, 3]  (36, 36)
200_1___10__    9   0  [1, 0, 3, 4, 3, 2, 1, 3, 3]  (28, 36)
200_5___10__    9   0  [1, 0, 3, 11, 1, 0, 2, 2, 0]  (32, 36)
300_2___10__    9   0  [1, 0, 3, 1, 3, 9, 0, 0, 3]  (36, 39)
300_3___10__    9   2  [0, 3, 1, 3, 0, 8, 0, 0, 3]  (36, 38)
100_1___10__    8   0  [1, 0, 3, 6, 1, 5, 2, 3]  (36, 37)
100_4___10__    8   0  [0, 0, 0, 9, 0, 7, 2, 3]  (36, 37)
300_1___10__    8   0  [1, 0, 3, 5, 0, 8, 1, 3]  (36, 38)
200_2___10__    7   0  [1, 0, 3, 11, 1, 3, 3]  (36, 37)
100_3___10__    6   2  [0, 9, 0, 7, 2, 3]  (36, 38)
200_3___10__    6   2  [0, 3, 13, 3, 2, 0]  (35, 36)
part_in:(28, 40), all_in:(36, 36), all_out:(28, 40)
gap16
300_2___11__    12   1  [1, 0, 0, 0, 1, 2, 4, 0, 3, 1, 1, 3]  (23, 28)
100_1___11__    11   1  [1, 0, 1, 1, 0, 1, 6, 2, 1, 3, 1]  (27, 28)
100_2___11__    11   1  [1, 0, 1, 1, 0, 1, 2, 3, 2, 1, 5]  (27, 28)
100_4___11__    11   1  [1, 0, 1, 1, 0, 1, 4, 4, 1, 1, 3]  (27, 28)
100_5___11__    11   1  [1, 0, 1, 1, 0, 2, 3, 4, 1, 1, 3]  (24, 28)
200_3___11__    11   1  [1, 0, 1, 1, 0, 1, 4, 0, 3, 1, 5]  (21, 28)
300_1___11__    11   1  [1, 0, 1, 1, 0, 7, 3, 1, 1, 1, 1]  (23, 28)
200_2___11__    10   1  [1, 0, 1, 1, 0, 1, 5, 3, 1, 5]  (21, 28)
200_4___11__    10   1  [1, 0, 1, 1, 0, 6, 0, 3, 1, 5]  (22, 28)
300_3___11__    10   1  [1, 0, 1, 1, 7, 0, 3, 1, 1, 3]  (23, 28)
300_4___11__    10   0  [0, 1, 0, 1, 1, 7, 0, 3, 1, 5]  (23, 28)
300_5___11__    10   1  [1, 0, 1, 1, 7, 0, 3, 1, 1, 3]  (20, 28)
100_3___11__    9   1  [1, 0, 1, 1, 0, 1, 9, 1, 5]  (27, 28)
200_1___11__    9   1  [1, 0, 1, 1, 0, 11, 1, 3, 1]  (23, 28)
200_5___11__    9   1  [1, 0, 1, 1, 0, 6, 4, 1, 5]  (21, 28)
part_in:(20, 26), all_in:(27, 28), all_out:(20, 28)
sum25
300_4___12__    13   0  [0, 0, 1, 1, 5, 1, 4, 1, 1, 0, 2, 0, 0]  (27, 42)
100_1___12__    11   0  [1, 1, 1, 0, 2, 3, 2, 3, 1, 1, 3]  (32, 42)
100_4___12__    11   0  [0, 0, 1, 1, 7, 1, 2, 1, 5, 0, 0]  (26, 42)
300_3___12__    11   0  [1, 1, 1, 0, 11, 1, 1, 0, 2, 0, 0]  (34, 42)
300_5___12__    11   0  [1, 1, 1, 7, 2, 1, 1, 1, 0, 3, 0]  (32, 42)
100_5___12__    9   0  [1, 1, 1, 7, 4, 1, 1, 4, 0]  (35, 42)
300_1___12__    9   0  [1, 1, 1, 0, 13, 1, 0, 0, 3]  (35, 42)
300_2___12__    9   0  [1, 1, 1, 0, 13, 1, 0, 3, 0]  (39, 42)
100_2___12__    8   0  [1, 1, 1, 3, 3, 6, 3, 3]  (40, 42)
100_3___12__    8   0  [1, 1, 1, 7, 4, 1, 5, 1]  (34, 42)
200_3___12__    8   2  [1, 1, 0, 11, 1, 5, 0, 0]  (28, 42)
200_1___12__    7   0  [1, 1, 1, 10, 1, 1, 7]  (29, 42)
200_2___12__    7   0  [1, 1, 1, 0, 11, 1, 7]  (33, 42)
200_4___12__    7   0  [1, 1, 1, 12, 1, 6, 0]  (22, 42)
200_5___12__    7   0  [1, 1, 1, 12, 1, 6, 0]  (30, 42)
part_in:(22, 39), all_in:(40, 42), all_out:(22, 42)
gap25
100_1___13__    11   2  [1, 2, 0, 1, 7, 1, 0, 1, 1, 1, 1]  (8, 10)
100_2___13__    11   4  [0, 2, 1, 7, 1, 0, 1, 0, 0, 1, 1]  (8, 9)
200_5___13__    11   2  [1, 3, 1, 1, 3, 4, 1, 0, 0, 1, 1]  (8, 8)
100_5___13__    10   4  [3, 1, 1, 3, 3, 0, 2, 0, 1, 1]  (8, 8)
200_3___13__    10   2  [1, 1, 1, 1, 10, 1, 0, 0, 1, 1]  (8, 8)
300_1___13__    10   2  [1, 1, 1, 1, 9, 0, 0, 2, 1, 1]  (8, 8)
100_4___13__    9   4  [3, 1, 5, 3, 0, 2, 0, 1, 1]  (8, 11)
200_1___13__    9   2  [1, 1, 1, 1, 11, 0, 1, 1, 1]  (8, 11)
200_2___13__    9   2  [1, 3, 1, 10, 1, 0, 0, 1, 1]  (7, 8)
300_2___13__    9   2  [1, 3, 1, 7, 1, 0, 2, 0, 3]  (8, 10)
100_3___13__    8   4  [1, 3, 5, 3, 0, 3, 1, 1]  (8, 11)
200_4___13__    8   2  [1, 3, 1, 5, 4, 3, 1, 1]  (8, 10)
300_5___13__    8   2  [1, 5, 5, 3, 0, 2, 0, 3]  (7, 8)
300_4___13__    6   4  [5, 5, 3, 3, 0, 3]  (7, 8)
300_3___13__    5   4  [5, 9, 0, 3, 3]  (8, 9)
part_in:(7, 11), all_in:(8, 8), all_out:(7, 11)
sum34
200_1___14__    13   0  [1, 0, 2, 0, 1, 1, 1, 2, 0, 1, 1, 2, 4]  (29, 39)
200_2___14__    13   0  [1, 0, 2, 0, 1, 1, 1, 0, 0, 0, 4, 2, 4]  (32, 39)
200_4___14__    13   0  [1, 0, 2, 2, 1, 0, 0, 1, 3, 1, 1, 0, 4]  (21, 39)
200_5___14__    12   0  [1, 0, 2, 0, 1, 1, 0, 0, 3, 3, 2, 4]  (32, 39)
300_5___14__    12   0  [1, 0, 2, 4, 0, 0, 1, 1, 1, 1, 2, 4]  (32, 39)
100_1___14__    11   0  [1, 0, 2, 0, 1, 1, 1, 1, 1, 3, 7]  (30, 39)
200_3___14__    10   2  [0, 2, 0, 1, 1, 1, 1, 5, 2, 4]  (25, 39)
100_2___14__    9   0  [1, 0, 2, 0, 3, 1, 1, 5, 7]  (39, 40)
100_4___14__    9   0  [0, 0, 0, 2, 4, 1, 1, 5, 7]  (27, 39)
100_5___14__    9   0  [1, 0, 2, 4, 1, 1, 3, 1, 7]  (33, 39)
300_1___14__    9   0  [1, 0, 2, 4, 1, 2, 4, 2, 4]  (36, 39)
300_2___14__    9   0  [1, 0, 2, 0, 5, 2, 4, 2, 4]  (39, 41)
300_3___14__    9   0  [1, 0, 2, 0, 5, 1, 5, 2, 4]  (38, 39)
100_3___14__    8   2  [0, 2, 0, 3, 1, 1, 5, 7]  (31, 39)
300_4___14__    8   0  [0, 0, 0, 2, 6, 7, 2, 4]  (29, 39)
part_in:(21, 41), all_in:(39, 39), all_out:(21, 41)
gap12
100_4___15__    14   1  [0, 1, 0, 4, 2, 1, 2, 0, 0, 0, 2, 1, 1, 0]  (4, 13)
100_1___15__    13   1  [0, 4, 2, 1, 0, 2, 1, 1, 0, 1, 0, 1, 2]  (8, 13)
100_2___15__    13   1  [0, 2, 1, 2, 2, 4, 1, 0, 1, 0, 1, 1, 0]  (9, 13)
100_5___15__    12   1  [0, 1, 3, 4, 5, 0, 0, 1, 0, 1, 1, 0]  (8, 13)
200_1___15__    12   1  [3, 0, 1, 4, 0, 0, 2, 1, 0, 2, 1, 2]  (6, 13)
200_5___15__    12   1  [0, 2, 0, 1, 4, 0, 0, 4, 0, 2, 1, 2]  (4, 13)
300_1___15__    12   1  [4, 0, 0, 4, 0, 0, 2, 1, 0, 2, 1, 2]  (6, 13)
300_3___15__    12   1  [4, 0, 5, 0, 0, 1, 1, 0, 0, 2, 1, 2]  (5, 13)
300_4___15__    12   1  [0, 3, 0, 4, 0, 1, 3, 0, 0, 2, 1, 2]  (3, 13)
100_3___15__    11   1  [0, 2, 4, 2, 4, 0, 0, 0, 2, 1, 2]  (8, 13)
300_2___15__    11   1  [4, 0, 0, 4, 0, 0, 4, 0, 2, 1, 2]  (6, 13)
300_5___15__    11   1  [0, 3, 0, 5, 1, 3, 0, 0, 2, 3, 0]  (4, 13)
200_2___15__    10   1  [0, 2, 2, 4, 0, 5, 0, 2, 1, 2]  (5, 13)
200_3___15__    10   1  [0, 3, 3, 2, 0, 5, 0, 2, 1, 2]  (3, 13)
200_4___15__    9   1  [0, 2, 4, 2, 6, 0, 2, 1, 2]  (2, 13)
part_in:(3, 8), all_in:(9, 13), all_out:(3, 13)
gap23
100_5___16__    16   1  [0, 0, 1, 0, 0, 0, 0, 3, 0, 0, 1, 0, 3, 1, 2, 1]  (2, 2)
100_2___16__    14   1  [0, 2, 0, 0, 0, 0, 3, 0, 3, 2, 0, 1, 2, 1]  (2, 2)
100_3___16__    14   1  [0, 0, 1, 0, 0, 0, 0, 1, 2, 0, 2, 3, 4, 1]  (1, 2)
200_1___16__    13   0  [0, 3, 0, 0, 0, 0, 4, 0, 0, 1, 1, 6, 1]  (2, 2)
100_4___16__    12   1  [3, 0, 0, 0, 0, 3, 1, 2, 1, 1, 4, 1]  (2, 4)
100_1___16__    11   1  [3, 0, 1, 0, 1, 1, 0, 3, 2, 5, 1]  (1, 2)
300_5___16__    11   1  [1, 1, 0, 1, 0, 3, 1, 1, 0, 3, 6]  (1, 2)
200_2___16__    10   0  [0, 3, 0, 0, 0, 0, 5, 2, 1, 8]  (2, 2)
200_3___16__    10   1  [3, 0, 0, 0, 0, 5, 2, 1, 1, 6]  (1, 2)
200_4___16__    10   1  [3, 0, 0, 0, 0, 5, 2, 1, 1, 6]  (2, 3)
200_5___16__    10   1  [1, 1, 0, 0, 0, 0, 5, 2, 3, 6]  (2, 3)
300_1___16__    10   1  [1, 0, 0, 0, 1, 0, 4, 3, 3, 6]  (1, 2)
300_4___16__    9   1  [1, 0, 0, 0, 1, 0, 8, 3, 6]  (2, 2)
300_2___16__    8   1  [3, 0, 1, 0, 3, 4, 3, 6]  (2, 3)
300_3___16__    8   1  [1, 1, 0, 1, 0, 4, 3, 10]  (2, 4)
part_in:(1, 4), all_in:(2, 2), all_out:(1, 4)
gap34
200_5___17__    15   2  [1, 1, 0, 0, 0, 0, 1, 3, 2, 0, 3, 0, 0, 1, 0]  (1, 3)
300_5___17__    14   4  [3, 0, 0, 1, 2, 0, 0, 2, 1, 1, 0, 0, 1, 0]  (1, 3)
100_4___17__    13   4  [1, 1, 0, 0, 1, 4, 1, 0, 1, 1, 1, 1, 0]  (1, 1)
100_5___17__    13   4  [1, 1, 0, 0, 1, 4, 1, 0, 1, 1, 1, 1, 0]  (0, 1)
200_3___17__    13   4  [1, 0, 0, 0, 0, 4, 0, 2, 0, 3, 1, 1, 0]  (1, 4)
300_1___17__    13   4  [1, 1, 0, 0, 0, 0, 2, 4, 1, 1, 1, 1, 0]  (1, 4)
300_2___17__    13   4  [3, 0, 0, 0, 0, 2, 1, 2, 1, 1, 1, 1, 0]  (1, 3)
300_3___17__    13   1  [2, 3, 0, 0, 1, 2, 1, 2, 1, 1, 1, 1, 0]  (1, 4)
300_4___17__    13   4  [3, 0, 0, 1, 2, 0, 0, 2, 1, 1, 0, 0, 2]  (1, 4)
100_3___17__    12   4  [1, 1, 0, 0, 1, 4, 1, 0, 1, 3, 1, 0]  (1, 1)
200_2___17__    12   6  [0, 0, 0, 0, 6, 1, 0, 1, 1, 1, 1, 0]  (1, 3)
200_4___17__    12   4  [1, 1, 0, 0, 5, 2, 0, 3, 0, 0, 1, 0]  (1, 4)
100_2___17__    11   2  [1, 1, 1, 0, 0, 8, 0, 0, 4, 1, 0]  (1, 1)
200_1___17__    11   6  [0, 0, 0, 0, 1, 7, 1, 1, 1, 1, 0]  (1, 5)
100_1___17__    8   4  [1, 1, 0, 0, 1, 7, 5, 2]  (1, 2)
part_in:(0, 4), all_in:(1, 1), all_out:(0, 4)
gap45
100_5___18__    16   0  [1, 0, 1, 1, 1, 1, 1, 1, 1, 0, 0, 1, 2, 1, 0, 1]  (3, 5)
200_5___18__    15   0  [1, 0, 1, 3, 1, 1, 1, 1, 0, 0, 1, 2, 1, 0, 1]  (2, 5)
100_3___18__    14   0  [1, 0, 3, 1, 1, 0, 0, 1, 2, 2, 2, 1, 0, 1]  (5, 5)
100_4___18__    14   0  [1, 0, 3, 1, 1, 1, 1, 2, 0, 1, 2, 1, 0, 1]  (3, 5)
200_1___18__    14   2  [0, 3, 1, 2, 2, 0, 0, 0, 0, 1, 2, 1, 0, 1]  (3, 5)
200_2___18__    13   0  [1, 0, 3, 1, 3, 1, 2, 0, 1, 2, 1, 0, 1]  (3, 5)
200_3___18__    13   0  [1, 0, 3, 1, 2, 0, 1, 3, 1, 2, 1, 0, 1]  (3, 5)
200_4___18__    13   0  [1, 0, 5, 1, 1, 1, 1, 1, 1, 2, 1, 0, 1]  (3, 5)
300_2___18__    13   0  [1, 0, 1, 1, 1, 2, 2, 1, 3, 2, 1, 0, 1]  (2, 5)
300_5___18__    13   0  [1, 0, 3, 1, 2, 2, 1, 3, 1, 0, 1, 0, 1]  (2, 5)
100_1___18__    12   0  [1, 0, 3, 1, 3, 1, 2, 2, 2, 1, 0, 1]  (4, 5)
100_2___18__    12   0  [1, 0, 3, 1, 3, 1, 2, 2, 2, 1, 0, 1]  (5, 5)
300_3___18__    12   0  [1, 0, 3, 1, 2, 2, 1, 3, 2, 1, 0, 1]  (0, 5)
300_4___18__    12   0  [1, 0, 3, 1, 2, 2, 5, 1, 0, 1, 0, 1]  (0, 5)
300_1___18__    10   2  [6, 2, 2, 1, 0, 2, 2, 1, 0, 1]  (1, 5)
part_in:(0, 3), all_in:(4, 5), all_out:(0, 5)
gap56
100_4___19__    13   4  [0, 0, 1, 0, 1, 2, 2, 0, 1, 4, 0, 0, 1]  (7, 14)
100_5___19__    12   4  [0, 0, 1, 0, 1, 2, 2, 0, 1, 5, 0, 1]  (7, 9)
100_3___19__    11   4  [1, 2, 1, 2, 2, 0, 1, 4, 0, 0, 1]  (7, 10)
200_4___19__    10   4  [0, 0, 1, 2, 2, 2, 0, 7, 0, 1]  (7, 9)
200_5___19__    10   4  [0, 0, 1, 0, 1, 2, 2, 0, 8, 1]  (7, 7)
300_4___19__    10   0  [5, 1, 0, 1, 2, 2, 0, 1, 6, 1]  (7, 12)
100_2___19__    9   4  [1, 2, 1, 2, 2, 7, 0, 0, 1]  (7, 7)
300_3___19__    9   6  [1, 0, 1, 2, 2, 0, 7, 0, 1]  (7, 8)
300_5___19__    9   0  [5, 1, 0, 1, 2, 3, 1, 6, 1]  (7, 8)
100_1___19__    8   4  [4, 1, 2, 2, 7, 0, 0, 1]  (7, 10)
200_1___19__    8   4  [1, 4, 2, 1, 0, 0, 8, 1]  (5, 7)
200_3___19__    8   4  [1, 4, 2, 2, 0, 7, 0, 1]  (7, 9)
300_1___19__    8   6  [1, 0, 1, 2, 2, 0, 8, 1]  (7, 8)
300_2___19__    8   4  [1, 1, 0, 1, 2, 3, 8, 1]  (7, 7)
200_2___19__    7   4  [0, 0, 4, 2, 3, 8, 1]  (7, 8)
part_in:(5, 14), all_in:(7, 7), all_out:(5, 14)
ball
200_3___20__    16   0  [0, 0, 2, 1, 0, 0, 1, 1, 0, 3, 0, 2, 3, 0, 0, 0]  (2, 3)
300_3___20__    16   0  [1, 2, 0, 0, 1, 1, 1, 0, 3, 0, 2, 1, 1, 0, 0, 0]  (2, 2)
300_5___20__    15   0  [0, 0, 2, 0, 0, 1, 1, 2, 1, 1, 0, 2, 4, 0, 0]  (2, 2)
100_2___20__    14   0  [1, 2, 1, 1, 1, 2, 1, 1, 0, 2, 0, 3, 0, 0]  (2, 3)
200_1___20__    14   0  [1, 2, 1, 3, 1, 0, 1, 1, 0, 2, 1, 2, 0, 0]  (2, 2)
200_4___20__    14   0  [0, 0, 2, 1, 0, 2, 2, 3, 0, 2, 3, 0, 0, 0]  (2, 2)
200_5___20__    14   0  [0, 0, 2, 1, 0, 2, 2, 3, 0, 2, 3, 0, 0, 0]  (2, 2)
100_1___20__    13   0  [1, 2, 1, 1, 1, 2, 1, 1, 0, 2, 4, 0, 0]  (2, 4)
100_3___20__    13   0  [1, 2, 1, 1, 1, 2, 1, 1, 0, 2, 4, 0, 0]  (2, 3)
100_4___20__    13   0  [1, 2, 1, 1, 1, 2, 3, 0, 2, 0, 3, 0, 0]  (2, 2)
100_5___20__    13   0  [1, 2, 1, 1, 1, 2, 2, 0, 0, 2, 4, 0, 0]  (2, 2)
200_2___20__    13   0  [1, 2, 1, 1, 1, 2, 1, 1, 0, 2, 4, 0, 0]  (2, 3)
300_1___20__    13   0  [1, 2, 1, 1, 1, 2, 3, 0, 2, 1, 2, 0, 0]  (2, 3)
300_2___20__    13   0  [1, 2, 1, 0, 0, 1, 2, 3, 0, 2, 4, 0, 0]  (2, 2)
300_4___20__    13   0  [1, 2, 1, 1, 1, 2, 1, 1, 0, 2, 4, 0, 0]  (2, 2)
part_in:(4, 4), all_in:(2, 3), all_out:(2, 4)
ball_column
100_1___21__    9   1  [4, 7, 1, 1, 0, 1, 1, 3, 1]  (7, 16)
300_1___21__    8   1  [0, 3, 9, 2, 2, 0, 3, 1]  (8, 16)
300_2___21__    8   1  [4, 0, 8, 2, 1, 0, 0, 5]  (7, 16)
300_4___21__    8   1  [4, 0, 8, 1, 0, 2, 0, 5]  (4, 16)
300_5___21__    8   1  [4, 0, 8, 1, 2, 0, 0, 5]  (4, 16)
100_2___21__    7   1  [0, 3, 9, 2, 1, 1, 5]  (8, 16)
100_3___21__    7   1  [4, 9, 1, 0, 1, 1, 5]  (6, 16)
100_4___21__    7   1  [0, 3, 9, 1, 2, 1, 5]  (5, 16)
100_5___21__    7   1  [0, 2, 0, 11, 2, 1, 5]  (5, 16)
200_2___21__    7   1  [0, 3, 9, 4, 1, 3, 1]  (8, 16)
300_3___21__    7   1  [4, 0, 8, 2, 2, 0, 5]  (5, 16)
200_1___21__    6   1  [0, 3, 9, 6, 3, 1]  (8, 16)
200_3___21__    6   1  [0, 3, 12, 1, 1, 5]  (4, 16)
200_4___21__    6   1  [0, 2, 0, 14, 1, 5]  (5, 16)
200_5___21__    5   1  [0, 3, 15, 0, 5]  (7, 16)
part_in:(4, 7), all_in:(8, 16), all_out:(4, 16)
blue
200_3___22__    15   0  [3, 1, 0, 1, 1, 1, 0, 0, 1, 2, 0, 0, 0, 0, 4]  (4, 10)
100_5___22__    14   0  [3, 1, 2, 1, 1, 0, 0, 1, 0, 1, 1, 0, 0, 4]  (4, 13)
100_2___22__    13   0  [3, 1, 0, 1, 2, 0, 0, 0, 1, 2, 1, 1, 4]  (4, 12)
100_4___22__    13   0  [3, 1, 2, 1, 1, 0, 0, 1, 2, 1, 0, 0, 4]  (4, 15)
200_2___22__    13   0  [3, 1, 2, 1, 0, 0, 0, 0, 1, 3, 0, 1, 4]  (4, 8)
100_3___22__    12   0  [3, 1, 0, 1, 3, 0, 0, 1, 2, 1, 1, 4]  (4, 14)
200_1___22__    11   0  [0, 2, 1, 2, 3, 1, 1, 3, 0, 1, 4]  (4, 9)
200_4___22__    11   0  [3, 1, 2, 1, 1, 0, 0, 1, 3, 1, 5]  (4, 14)
200_5___22__    11   0  [3, 1, 2, 1, 1, 0, 0, 1, 3, 3, 3]  (4, 12)
300_2___22__    11   0  [3, 1, 2, 2, 0, 0, 0, 1, 2, 3, 4]  (4, 9)
300_5___22__    11   0  [3, 1, 2, 1, 1, 0, 0, 1, 0, 1, 8]  (4, 12)
100_1___22__    10   0  [3, 1, 2, 3, 3, 2, 1, 0, 0, 4]  (4, 12)
300_1___22__    9   0  [3, 1, 2, 2, 4, 2, 1, 1, 4]  (4, 11)
300_3___22__    9   0  [3, 1, 2, 2, 1, 0, 1, 2, 8]  (4, 13)
300_4___22__    8   0  [3, 4, 1, 2, 0, 1, 2, 8]  (4, 14)
part_in:(9, 15), all_in:(4, 8), all_out:(4, 15)
blue_sort
200_4___23__    10   1  [1, 0, 2, 0, 0, 12, 0, 2, 1, 0]  (4, 8)
300_4___23__    10   1  [3, 2, 0, 1, 0, 1, 6, 0, 3, 2]  (4, 13)
100_5___23__    9   3  [1, 1, 1, 1, 0, 4, 3, 1, 5]  (4, 8)
100_4___23__    8   1  [5, 1, 2, 4, 4, 0, 4, 0]  (4, 10)
200_5___23__    8   1  [1, 0, 2, 1, 7, 3, 4, 2]  (4, 9)
300_1___23__    7   1  [4, 2, 4, 6, 0, 3, 2]  (4, 10)
300_2___23__    7   1  [1, 2, 2, 4, 7, 3, 2]  (4, 6)
100_1___23__    6   1  [7, 1, 1, 7, 0, 6]  (4, 8)
100_3___23__    6   6  [0, 1, 1, 5, 5, 5]  (4, 9)
300_5___23__    6   5  [3, 1, 9, 0, 3, 2]  (4, 15)
200_3___23__    5   1  [5, 1, 12, 3, 2]  (4, 9)
100_2___23__    4   6  [0, 1, 7, 11]  (4, 5)
200_1___23__    4   7  [1, 13, 2, 2]  (4, 5)
200_2___23__    4   7  [1, 10, 5, 2]  (4, 8)
300_3___23__    4   9  [1, 10, 3, 2]  (4, 10)
part_in:(6, 15), all_in:(4, 5), all_out:(4, 15)
