30
red1
more
('6_6___1__', 14, 0, [1, 2, 0, 5, 0, 1, 0, 1, 0, 1, 0, 1, 0, 3]) (2, 3)
('14_6___1__', 14, 0, [1, 2, 0, 1, 3, 0, 1, 0, 4, 0, 1, 0, 1, 1]) (0, 3)
('18_9___1__', 14, 0, [1, 2, 0, 1, 3, 0, 1, 0, 4, 0, 1, 0, 1, 1]) (3, 4)
('23_8___1__', 14, 0, [1, 2, 0, 5, 0, 1, 0, 1, 2, 0, 0, 1, 1, 1]) (3, 5)
('37_1___1__', 14, 0, [1, 3, 1, 2, 1, 0, 0, 0, 1, 0, 0, 0, 3, 3]) (3, 6)
('40_6___1__', 14, 0, [1, 2, 0, 1, 3, 0, 1, 0, 2, 1, 0, 1, 0, 3]) (2, 3)
('3_6___1__', 13, 0, [1, 2, 0, 1, 2, 0, 0, 1, 0, 6, 0, 0, 3]) (2, 3)
('4_2___1__', 13, 0, [1, 3, 1, 2, 0, 0, 1, 0, 1, 2, 1, 1, 3]) (3, 5)
('6_8___1__', 13, 0, [1, 2, 0, 5, 0, 1, 0, 1, 3, 0, 1, 1, 1]) (3, 3)
('10_8___1__', 13, 0, [1, 2, 0, 1, 3, 0, 1, 0, 4, 0, 1, 0, 3]) (3, 4)
less
('3_5___1__', 5, 6, [5, 0, 1, 0, 12]) (3, 4)
('4_5___1__', 5, 6, [5, 0, 1, 0, 12]) (3, 4)
('5_4___1__', 5, 2, [3, 6, 1, 0, 12]) (3, 4)
('5_5___1__', 5, 6, [5, 0, 1, 0, 12]) (3, 4)
('7_5___1__', 5, 6, [5, 0, 1, 0, 12]) (3, 5)
('8_5___1__', 5, 6, [5, 0, 1, 0, 12]) (3, 5)
('9_5___1__', 5, 6, [5, 0, 1, 0, 12]) (3, 4)
('10_4___1__', 5, 2, [3, 6, 1, 0, 12]) (3, 4)
('10_5___1__', 5, 6, [5, 0, 1, 0, 12]) (3, 4)
('11_4___1__', 5, 2, [3, 6, 1, 0, 12]) (3, 5)
part_in:(0, 6), all_in:(3, 3), all_out:(0, 6)
red2
more
('22_6___2__', 17, 1, [1, 1, 2, 1, 0, 0, 0, 2, 0, 0, 1, 0, 0, 0, 1, 0, 2]) (4, 9)
('6_6___2__', 16, 1, [1, 1, 4, 0, 0, 0, 1, 0, 1, 1, 0, 0, 0, 1, 0, 2]) (3, 9)
('6_7___2__', 16, 1, [1, 1, 4, 0, 0, 0, 1, 0, 1, 1, 0, 0, 0, 1, 0, 2]) (5, 9)
('24_6___2__', 15, 1, [1, 1, 4, 0, 0, 0, 2, 1, 1, 0, 0, 0, 1, 0, 2]) (4, 9)
('27_6___2__', 15, 1, [0, 0, 1, 4, 0, 0, 0, 1, 0, 1, 2, 1, 1, 0, 2]) (4, 9)
('29_6___2__', 15, 0, [0, 0, 0, 1, 4, 0, 0, 0, 2, 0, 3, 1, 1, 0, 2]) (4, 9)
('36_6___2__', 15, 1, [1, 1, 2, 1, 0, 0, 0, 2, 0, 0, 2, 0, 0, 2, 2]) (4, 9)
('44_6___2__', 15, 0, [0, 1, 1, 2, 1, 0, 0, 0, 2, 1, 2, 0, 0, 2, 2]) (5, 9)
('47_2___2__', 15, 0, [0, 1, 1, 2, 1, 1, 0, 2, 0, 0, 2, 1, 1, 0, 2]) (9, 10)
('10_7___2__', 14, 1, [1, 1, 4, 1, 0, 1, 0, 0, 0, 1, 0, 2, 0, 3]) (8, 9)
less
('28_1___2__', 5, 3, [9, 4, 1, 0, 7]) (5, 9)
('19_1___2__', 6, 1, [1, 9, 4, 1, 0, 7]) (9, 11)
('35_1___2__', 6, 1, [1, 6, 2, 4, 2, 7]) (8, 9)
('1_10___2__', 7, 1, [1, 6, 2, 2, 4, 1, 5]) (9, 10)
('3_6___2__', 7, 3, [1, 4, 1, 0, 7, 1, 5]) (5, 9)
('5_10___2__', 7, 3, [6, 1, 0, 7, 1, 1, 3]) (9, 10)
('7_1___2__', 7, 1, [1, 4, 1, 2, 4, 2, 7]) (9, 12)
('13_1___2__', 7, 1, [1, 9, 1, 2, 2, 4, 2]) (6, 9)
('28_7___2__', 7, 3, [1, 4, 1, 0, 7, 3, 3]) (9, 9)
('31_1___2__', 7, 1, [0, 0, 9, 6, 0, 3, 3]) (9, 12)
part_in:(3, 12), all_in:(9, 9), all_out:(3, 12)
red3
more
('43_6___3__', 16, 0, [0, 1, 1, 1, 2, 0, 0, 1, 0, 0, 2, 0, 0, 1, 2, 2]) (9, 11)
('3_1___3__', 15, 1, [0, 0, 1, 1, 2, 1, 2, 0, 0, 1, 0, 2, 1, 0, 2]) (11, 13)
('5_1___3__', 15, 1, [0, 0, 1, 1, 2, 0, 0, 2, 0, 2, 0, 2, 1, 0, 2]) (11, 14)
('6_1___3__', 15, 0, [0, 0, 0, 1, 1, 2, 1, 2, 0, 2, 0, 0, 1, 2, 2]) (10, 11)
('6_7___3__', 15, 0, [0, 1, 1, 1, 2, 0, 0, 2, 1, 0, 0, 0, 2, 2, 2]) (11, 12)
('7_7___3__', 15, 0, [0, 1, 1, 1, 2, 0, 0, 2, 1, 0, 0, 1, 1, 2, 2]) (10, 11)
('14_1___3__', 15, 0, [0, 0, 0, 1, 1, 2, 1, 2, 0, 2, 0, 2, 1, 0, 2]) (11, 12)
('14_7___3__', 15, 0, [0, 1, 1, 1, 2, 0, 0, 2, 0, 0, 1, 0, 2, 2, 2]) (11, 16)
('17_6___3__', 15, 0, [0, 1, 1, 1, 2, 0, 0, 2, 2, 0, 0, 0, 1, 2, 2]) (9, 11)
('19_1___3__', 15, 1, [0, 0, 1, 1, 2, 1, 2, 0, 2, 0, 0, 1, 1, 0, 2]) (11, 15)
less
('20_2___3__', 7, 1, [3, 4, 1, 6, 3, 2, 2]) (11, 19)
('43_2___3__', 7, 1, [1, 1, 6, 6, 0, 5, 2]) (11, 19)
('21_2___3__', 8, 1, [1, 1, 4, 1, 6, 0, 5, 2]) (11, 16)
('1_4___3__', 9, 1, [3, 1, 2, 1, 2, 3, 3, 2, 2]) (11, 16)
('1_8___3__', 9, 1, [1, 1, 1, 2, 0, 3, 3, 3, 5]) (11, 16)
('1_10___3__', 9, 1, [1, 1, 1, 2, 4, 3, 3, 2, 2]) (11, 16)
('3_9___3__', 9, 1, [1, 1, 1, 2, 4, 3, 3, 2, 2]) (11, 17)
('5_4___3__', 9, 1, [3, 1, 2, 4, 3, 0, 2, 2, 2]) (11, 15)
('12_10___3__', 9, 1, [1, 1, 1, 2, 4, 3, 3, 2, 2]) (11, 16)
('14_4___3__', 9, 1, [3, 1, 2, 1, 2, 3, 3, 2, 2]) (11, 15)
part_in:(9, 19), all_in:(11, 11), all_out:(9, 19)
red4
more
('33_6___4__', 17, 0, [0, 1, 0, 0, 2, 1, 2, 0, 0, 1, 0, 0, 1, 1, 2, 1, 0]) (15, 16)
('33_7___4__', 17, 0, [0, 1, 0, 0, 2, 1, 1, 0, 0, 0, 1, 0, 0, 1, 1, 2, 2]) (15, 19)
('6_1___4__', 16, 0, [0, 0, 0, 0, 0, 2, 1, 2, 0, 0, 0, 1, 0, 3, 2, 2]) (15, 15)
('7_7___4__', 16, 0, [0, 1, 0, 0, 2, 1, 1, 0, 0, 0, 1, 1, 1, 1, 2, 2]) (15, 19)
('12_6___4__', 16, 0, [0, 1, 0, 0, 2, 1, 0, 1, 0, 0, 1, 0, 0, 1, 1, 5]) (15, 15)
('17_1___4__', 16, 0, [0, 0, 0, 0, 0, 2, 1, 2, 0, 0, 0, 1, 0, 3, 2, 2]) (15, 22)
('17_7___4__', 16, 0, [0, 1, 0, 0, 2, 1, 0, 1, 0, 0, 3, 1, 1, 2, 1, 0]) (15, 17)
('26_7___4__', 16, 0, [0, 1, 0, 0, 2, 1, 1, 0, 0, 0, 1, 1, 1, 1, 2, 2]) (15, 18)
('2_1___4__', 15, 1, [0, 0, 0, 0, 2, 1, 2, 0, 0, 2, 0, 0, 2, 2, 2]) (15, 23)
('3_6___4__', 15, 0, [0, 1, 0, 0, 2, 1, 2, 0, 0, 1, 0, 0, 1, 1, 5]) (15, 18)
less
('23_5___4__', 8, 1, [2, 0, 7, 0, 0, 7, 2, 2]) (15, 19)
('42_2___4__', 8, 1, [2, 0, 7, 1, 3, 3, 2, 2]) (15, 27)
('2_5___4__', 9, 1, [2, 0, 7, 0, 0, 3, 3, 2, 2]) (15, 19)
('3_5___4__', 9, 1, [2, 0, 7, 0, 0, 3, 3, 2, 2]) (15, 19)
('5_6___4__', 9, 1, [1, 0, 0, 2, 1, 2, 0, 0, 13]) (15, 17)
('15_2___4__', 9, 1, [2, 0, 7, 0, 0, 3, 3, 2, 2]) (15, 25)
('18_5___4__', 9, 1, [2, 0, 7, 0, 0, 3, 3, 2, 2]) (15, 19)
('19_5___4__', 9, 1, [2, 0, 7, 0, 0, 3, 3, 2, 2]) (15, 19)
('24_5___4__', 9, 1, [2, 0, 7, 0, 0, 3, 3, 2, 2]) (15, 19)
('28_5___4__', 9, 1, [1, 0, 0, 7, 0, 0, 7, 2, 2]) (15, 19)
part_in:(17, 27), all_in:(15, 16), all_out:(15, 27)
red5
more
('19_9___5__', 16, 0, [1, 2, 0, 1, 1, 3, 1, 0, 1, 0, 0, 0, 1, 1, 0, 1]) (25, 26)
('11_6___5__', 15, 0, [1, 2, 0, 1, 1, 2, 0, 2, 1, 0, 1, 1, 1, 0, 1]) (15, 25)
('16_9___5__', 15, 0, [1, 2, 0, 1, 1, 1, 1, 1, 0, 1, 0, 0, 2, 2, 1]) (25, 25)
('33_9___5__', 15, 0, [1, 2, 0, 1, 1, 3, 1, 0, 1, 0, 1, 1, 1, 0, 1]) (25, 26)
('47_6___5__', 15, 0, [1, 2, 0, 1, 1, 1, 1, 2, 1, 0, 0, 2, 2, 0, 0]) (20, 25)
('3_10___5__', 14, 0, [1, 2, 0, 1, 1, 1, 1, 1, 0, 1, 0, 3, 2, 1]) (25, 25)
('4_9___5__', 14, 0, [1, 2, 0, 1, 1, 3, 2, 1, 0, 0, 2, 1, 0, 1]) (23, 25)
('9_9___5__', 14, 0, [1, 2, 0, 1, 1, 3, 1, 0, 1, 0, 3, 1, 0, 1]) (24, 25)
('10_9___5__', 14, 0, [1, 2, 0, 1, 1, 1, 1, 2, 1, 0, 3, 1, 0, 1]) (24, 25)
('11_8___5__', 14, 0, [1, 2, 0, 1, 1, 1, 1, 1, 0, 1, 0, 2, 3, 1]) (20, 25)
less
('2_4___5__', 5, 5, [0, 1, 7, 10, 1]) (25, 26)
('16_2___5__', 5, 2, [2, 0, 7, 12, 1]) (25, 30)
('1_1___5__', 6, 0, [4, 0, 4, 2, 12, 1]) (25, 28)
('1_4___5__', 6, 2, [2, 0, 1, 3, 14, 1]) (25, 26)
('2_5___5__', 6, 0, [4, 0, 1, 7, 10, 1]) (24, 25)
('5_5___5__', 6, 0, [4, 0, 1, 7, 10, 1]) (24, 25)
('7_5___5__', 6, 0, [4, 0, 1, 7, 10, 1]) (24, 25)
('9_1___5__', 6, 0, [4, 0, 7, 1, 10, 1]) (25, 25)
('9_4___5__', 6, 5, [0, 1, 7, 3, 6, 1]) (25, 25)
('11_5___5__', 6, 0, [4, 0, 1, 7, 10, 1]) (24, 25)
part_in:(15, 30), all_in:(25, 25), all_out:(15, 30)
red6
more
('24_2___6__', 20, 0, [0, 0, 0, 2, 1, 1, 0, 0, 0, 0, 0, 0, 0, 1, 0, 0, 1, 0, 3, 0]) (27, 31)
('20_1___6__', 19, 0, [0, 0, 0, 2, 1, 1, 0, 0, 1, 0, 0, 0, 0, 0, 0, 0, 1, 4, 0]) (27, 32)
('20_6___6__', 19, 0, [0, 0, 0, 2, 1, 1, 0, 0, 0, 0, 0, 0, 0, 0, 0, 0, 0, 2, 4]) (27, 29)
('45_2___6__', 19, 0, [0, 0, 0, 2, 1, 1, 1, 0, 0, 0, 0, 0, 1, 0, 0, 1, 0, 3, 0]) (27, 31)
('2_1___6__', 18, 1, [0, 0, 2, 1, 1, 0, 0, 1, 0, 0, 0, 1, 0, 0, 1, 0, 3, 0]) (27, 32)
('2_2___6__', 18, 0, [0, 0, 0, 1, 0, 1, 1, 0, 0, 1, 0, 0, 0, 1, 0, 0, 6, 0]) (27, 32)
('5_2___6__', 18, 0, [0, 0, 0, 2, 1, 1, 1, 1, 0, 0, 0, 1, 0, 0, 1, 0, 3, 0]) (27, 31)
('11_2___6__', 18, 1, [0, 0, 2, 1, 1, 0, 0, 1, 0, 0, 0, 1, 0, 0, 1, 0, 3, 0]) (27, 32)
('15_6___6__', 18, 0, [0, 0, 0, 2, 1, 1, 1, 0, 0, 0, 0, 2, 0, 0, 0, 0, 0, 4]) (27, 28)
('16_9___6__', 18, 0, [0, 0, 0, 2, 1, 1, 0, 0, 0, 0, 0, 0, 0, 2, 0, 1, 0, 4]) (26, 27)
less
('22_9___6__', 9, 1, [0, 0, 2, 1, 1, 4, 0, 4, 7]) (27, 27)
('15_8___6__', 11, 1, [0, 0, 2, 1, 1, 1, 1, 1, 0, 3, 7]) (27, 31)
('42_2___6__', 11, 1, [0, 0, 2, 1, 5, 0, 0, 3, 0, 1, 5]) (27, 33)
('50_10___6__', 11, 1, [0, 0, 2, 1, 1, 3, 0, 0, 3, 0, 7]) (26, 27)
('1_7___6__', 12, 1, [0, 0, 2, 1, 1, 1, 0, 1, 0, 0, 3, 7]) (25, 27)
('1_8___6__', 12, 1, [0, 0, 2, 1, 1, 1, 0, 2, 0, 3, 2, 4]) (27, 28)
('4_7___6__', 12, 1, [0, 0, 2, 1, 1, 4, 0, 0, 2, 0, 6, 0]) (27, 28)
('5_5___6__', 12, 1, [0, 0, 2, 1, 1, 4, 0, 0, 2, 0, 1, 5]) (27, 29)
('8_3___6__', 12, 1, [0, 0, 2, 1, 1, 3, 0, 0, 0, 2, 0, 7]) (27, 32)
('8_5___6__', 12, 1, [0, 0, 2, 1, 1, 4, 0, 0, 2, 0, 1, 5]) (27, 29)
part_in:(25, 33), all_in:(27, 27), all_out:(25, 33)
