continues1
8_2: 21: [2, 6, 11, 14, 23, 27]: [1, 1, 3, 1, 1, 2, 1, 2, 1, 1, 1, 3, 1, 1, 1, 1, 2, 3, 2, 2, 2]: 2
15_3: 13: [6, 8, 12, 17, 25, 27]: [1, 3, 2, 1, 2, 1, 1, 2, 2, 1, 1, 2, 1]: 1
14_9: 11: [7, 10, 13, 19, 22, 28]: [2, 3, 2, 2, 1, 1, 1, 1, 3, 1, 1]: 3
20_8: 11: [5, 8, 8, 20, 25, 29]: [1, 2, 1, 2, 1, 2, 1, 2, 2, 1, 1]: 0
10_7: 9: [2, 8, 15, 20, 25, 30]: [2, 1, 1, 1, 1, 2, 2, 3, 1]: 0
18_7: 9: [11, 15, 15, 19, 28, 30]: [1, 2, 1, 1, 1, 1, 1, 2, 2]: 3
7_9: 8: [2, 6, 12, 18, 21, 27]: [1, 1, 1, 1, 1, 1, 1, 1]: 1
10_8: 8: [4, 10, 17, 21, 24, 30]: [2, 1, 1, 1, 1, 1, 2, 1]: 1
11_2: 8: [3, 5, 11, 16, 22, 28]: [1, 1, 3, 1, 2, 1, 1, 1]: 3
18_9: 8: [8, 10, 17, 20, 22, 28]: [2, 1, 1, 1, 1, 1, 1, 2]: 2
3_9: 7: [6, 9, 15, 19, 19, 31]: [2, 1, 1, 1, 1, 2, 1]: 1
15_1: 7: [1, 6, 10, 12, 18, 23]: [1, 2, 1, 1, 3, 1, 1]: 1
16_2: 7: [5, 8, 11, 16, 24, 27]: [1, 1, 2, 1, 1, 3, 1]: 2
10_10: 7: [4, 6, 12, 18, 23, 27]: [2, 2, 1, 1, 1, 2, 1]: 1
1_6: 6: [1, 4, 10, 19, 27, 30]: [3, 1, 2, 1, 1, 1]: 3
2_6: 6: [7, 7, 15, 20, 23, 29]: [3, 1, 2, 1, 1, 1]: 0
9_8: 6: [3, 10, 13, 22, 26, 30]: [2, 2, 2, 1, 1, 2]: 2
13_6: 6: [7, 14, 12, 21, 28, 32]: [1, 1, 1, 1, 2, 1]: 1
17_10: 6: [3, 8, 13, 16, 23, 28]: [4, 1, 2, 2, 1, 1]: 2
7_2: 5: [3, 4, 10, 16, 23, 28]: [1, 2, 1, 1, 1]: 3
continues0
2_8: 3: [8, 9, 15, 21, 24, 30]: [0, 0, 0, 2, 0, 0, 1, 1, 3, 2, 3]: 0
5_6: 3: [6, 9, 14, 19, 24, 29]: [0, 0, 0, 2, 0, 1, 0, 1, 0, 1, 1]: 1
6_8: 3: [5, 9, 14, 19, 21, 29]: [0, 0, 0, 2, 0, 0, 1, 0, 2, 0, 0]: 1
17_3: 3: [5, 10, 13, 19, 25, 30]: [0, 0, 0, 1, 1, 3, 2, 2, 2, 2, 2]: 2
1_2: 2: [5, 9, 18, 19, 25, 28]: [0, 0, 2, 2, 1, 0, 1, 2, 0, 1, 1]: 2
7_1: 2: [2, 6, 11, 14, 23, 28]: [0, 0, 1, 1, 0, 1, 2, 1, 1, 0, 3]: 2
9_1: 2: [4, 7, 14, 17, 21, 27]: [0, 0, 2, 2, 0, 1, 3, 2, 1, 0, 0]: 1
9_6: 2: [6, 14, 16, 21, 27, 30]: [0, 0, 1, 0, 2, 0, 0, 0, 0, 2, 1]: 1
12_9: 2: [5, 9, 14, 20, 24, 30]: [0, 0, 2, 2, 2, 2, 1, 3, 0, 1, 1]: 0
17_2: 2: [4, 6, 9, 14, 22, 27]: [0, 0, 2, 0, 2, 0, 0, 3, 2, 2, 1]: 1
19_3: 2: [5, 7, 9, 17, 25, 30]: [0, 0, 1, 1, 4, 2, 0, 1, 1, 2, 2]: 0
20_2: 2: [4, 7, 10, 14, 21, 28]: [0, 0, 1, 0, 0, 0, 0, 2, 2, 1, 1]: 2
16_10: 2: [7, 8, 13, 18, 22, 30]: [0, 0, 1, 0, 0, 0, 0, 2, 1, 1, 3]: 0
1_3: 1: [8, 12, 17, 22, 27, 31]: [0, 1, 1, 1, 1, 2, 1, 1, 1, 1, 0]: 1
1_9: 1: [4, 5, 9, 19, 22, 28]: [0, 1, 1, 1, 1, 0, 0, 1, 1, 1, 0]: 2
3_1: 1: [2, 8, 11, 15, 22, 25]: [0, 1, 1, 1, 1, 0, 2, 3, 0, 1, 1]: 1
3_2: 1: [3, 9, 11, 16, 24, 28]: [0, 1, 2, 2, 2, 2, 3, 1, 1, 1, 0]: 3
3_6: 1: [3, 9, 16, 21, 28, 32]: [0, 1, 1, 1, 0, 1, 0, 2, 2, 1, 3]: 2
4_7: 1: [6, 10, 14, 19, 28, 33]: [0, 1, 2, 1, 0, 1, 2, 1, 0, 1, 2]: 3
4_8: 1: [6, 8, 13, 19, 27, 33]: [0, 2, 1, 1, 1, 1, 0, 2, 0, 3, 2]: 2
5_3: 1: [6, 10, 13, 18, 24, 29]: [0, 1, 2, 1, 0, 1, 1, 0, 2, 1, 1]: 1
6_9: 1: [3, 7, 11, 20, 21, 29]: [0, 2, 2, 0, 0, 2, 1, 1, 0, 0, 1]: 2
8_3: 1: [5, 10, 16, 20, 24, 29]: [0, 1, 1, 3, 1, 0, 3, 1, 1, 1, 4]: 1
9_9: 1: [5, 12, 16, 22, 26, 30]: [0, 2, 1, 2, 1, 0, 2, 1, 0, 1, 1]: 0
10_1: 1: [2, 4, 10, 16, 19, 28]: [0, 1, 1, 1, 0, 1, 2, 1, 1, 0, 1]: 3
11_3: 1: [4, 8, 11, 19, 24, 28]: [0, 1, 1, 1, 0, 3, 2, 2, 4, 2, 2]: 3
11_7: 1: [3, 6, 6, 17, 22, 25]: [0, 2, 2, 0, 2, 1, 1, 3, 1, 2, 0]: 1
12_6: 1: [4, 8, 13, 17, 22, 27]: [0, 1, 1, 2, 2, 1, 2, 0, 1, 2, 1]: 1
13_2: 1: [6, 8, 10, 16, 21, 24]: [0, 1, 1, 1, 4, 2, 0, 1, 1, 3, 2]: 1
14_1: 1: [0, 5, 9, 13, 21, 24]: [0, 1, 0, 1, 0, 0, 2, 0, 2, 0, 0]: 0
14_3: 1: [4, 8, 11, 18, 24, 29]: [0, 1, 1, 2, 0, 1, 1, 0, 1, 1, 1]: 1
14_7: 1: [8, 11, 12, 19, 28, 31]: [0, 2, 1, 1, 1, 1, 1, 1, 1, 3, 1]: 3
14_8: 1: [8, 9, 11, 18, 25, 29]: [0, 1, 2, 2, 0, 0, 1, 1, 3, 1, 3]: 1
15_7: 1: [4, 8, 10, 12, 26, 31]: [0, 1, 1, 1, 1, 1, 1, 2, 1, 2, 2]: 1
15_8: 1: [5, 7, 12, 14, 24, 28]: [0, 1, 0, 0, 2, 1, 0, 2, 2, 1, 0]: 1
15_9: 1: [3, 6, 11, 17, 23, 29]: [0, 2, 0, 0, 3, 1, 1, 3, 2, 0, 2]: 2
17_7: 1: [3, 6, 9, 13, 23, 28]: [0, 1, 1, 1, 1, 1, 2, 0, 1, 1, 2]: 2
17_8: 1: [4, 6, 9, 13, 21, 28]: [0, 2, 3, 1, 0, 1, 0, 1, 0, 1, 1]: 1
18_2: 1: [4, 6, 11, 13, 20, 27]: [0, 2, 1, 0, 0, 1, 1, 1, 0, 1, 2]: 2
18_6: 1: [11, 15, 16, 20, 28, 29]: [0, 1, 2, 0, 1, 2, 1, 0, 1, 1, 1]: 2
19_9: 1: [5, 7, 8, 17, 20, 24]: [0, 2, 1, 3, 1, 1, 0, 3, 1, 1, 1]: 0
20_1: 1: [5, 8, 12, 16, 22, 27]: [0, 2, 3, 1, 2, 0, 0, 1, 1, 0, 2]: 1
8_10: 1: [5, 8, 12, 18, 22, 29]: [0, 1, 1, 1, 0, 1, 1, 0, 1, 0, 1]: 0
9_10: 1: [7, 11, 16, 20, 25, 29]: [0, 2, 0, 1, 0, 1, 2, 2, 0, 0, 0]: 1
11_10: 1: [4, 7, 11, 17, 21, 30]: [0, 1, 1, 2, 1, 1, 1, 0, 0, 0, 0]: 1
15_10: 1: [5, 8, 13, 18, 23, 27]: [0, 2, 0, 1, 1, 0, 2, 1, 0, 1, 1]: 1
18_10: 1: [6, 9, 15, 18, 20, 27]: [0, 2, 1, 0, 1, 1, 2, 2, 0, 1, 2]: 1
19_10: 1: [5, 7, 10, 17, 22, 27]: [0, 2, 0, 0, 1, 1, 1, 1, 1, 1, 1]: 2
1_0: 0: [5, 6, 11, 18, 23, 28]: [1, 0, 1, 2, 0, 0, 1, 1, 1, 0, 0]: 2
1_1: 0: [4, 11, 17, 18, 23, 25]: [1, 2, 1, 2, 0, 1, 0, 3, 1, 0, 2]: 1
1_4: 0: [5, 9, 13, 18, 24, 28]: [0, 1, 2, 0, 1, 2, 0, 0, 3, 2, 0]: 1
1_5: 0: [5, 9, 14, 19, 24, 29]: [2, 2, 0, 0, 1, 2, 2, 0, 0, 1, 1]: 1
1_6: 0: [1, 4, 10, 19, 27, 30]: [3, 1, 2, 1, 1, 1, 0, 1, 1, 3, 1]: 3
1_7: 0: [2, 5, 10, 18, 27, 29]: [1, 0, 2, 1, 0, 1, 1, 1, 1, 1, 2]: 2
1_8: 0: [3, 5, 9, 17, 25, 28]: [2, 1, 3, 0, 0, 1, 1, 0, 1, 2, 1]: 2
2_0: 0: [9, 11, 15, 18, 22, 29]: [2, 1, 2, 1, 0, 0, 1, 0, 1, 0, 2]: 1
2_1: 0: [5, 9, 14, 18, 20, 24]: [2, 1, 0, 1, 0, 1, 1, 0, 4, 0, 1]: 0
2_2: 0: [6, 10, 16, 21, 24, 26]: [1, 1, 0, 0, 0, 1, 2, 2, 1, 2, 2]: 1
2_3: 0: [5, 10, 13, 19, 25, 28]: [1, 0, 1, 3, 0, 2, 1, 1, 1, 1, 2]: 3
2_4: 0: [5, 9, 13, 17, 22, 27]: [2, 2, 0, 2, 2, 2, 1, 1, 1, 2, 2]: 1
2_5: 0: [4, 9, 14, 19, 24, 28]: [1, 2, 0, 1, 0, 3, 2, 0, 1, 1, 2]: 2
2_6: 0: [7, 7, 15, 20, 23, 29]: [3, 1, 2, 1, 1, 1, 0, 1, 1, 2, 2]: 0
2_7: 0: [7, 8, 13, 21, 24, 29]: [4, 2, 2, 0, 0, 1, 1, 0, 0, 0, 2]: 0
2_9: 0: [9, 11, 16, 20, 24, 30]: [1, 0, 0, 1, 0, 1, 2, 1, 0, 1, 1]: 1
3_0: 0: [7, 11, 15, 19, 20, 30]: [1, 1, 1, 0, 1, 0, 0, 0, 1, 0, 1]: 2
3_3: 0: [5, 10, 13, 19, 25, 29]: [1, 1, 3, 0, 2, 2, 1, 1, 1, 0, 0]: 2
3_4: 0: [5, 9, 13, 17, 23, 28]: [1, 1, 1, 0, 2, 2, 2, 0, 3, 2, 1]: 1
3_5: 0: [4, 9, 14, 18, 24, 28]: [0, 2, 0, 1, 0, 3, 2, 0, 0, 1, 2]: 1
3_7: 0: [3, 8, 18, 23, 27, 32]: [2, 1, 0, 1, 1, 1, 1, 2, 2, 1, 2]: 2
3_8: 0: [6, 9, 17, 21, 22, 28]: [2, 1, 1, 1, 0, 1, 0, 2, 0, 2, 2]: 1
3_9: 0: [6, 9, 15, 19, 19, 31]: [2, 1, 1, 1, 1, 2, 1, 0, 2, 1, 2]: 1
4_0: 0: [5, 7, 15, 19, 22, 30]: [1, 2, 0, 1, 1, 1, 1, 1, 2, 1, 1]: 1
4_1: 0: [5, 9, 11, 13, 24, 28]: [2, 0, 0, 1, 1, 1, 1, 1, 2, 0, 0]: 2
4_2: 0: [5, 9, 11, 16, 22, 28]: [3, 1, 2, 0, 0, 1, 0, 3, 1, 0, 1]: 2
4_3: 0: [5, 10, 13, 18, 22, 30]: [3, 1, 1, 0, 1, 0, 1, 2, 2, 0, 0]: 1
4_4: 0: [4, 8, 13, 17, 22, 29]: [1, 1, 1, 0, 3, 2, 2, 0, 3, 2, 2]: 0
4_5: 0: [4, 9, 14, 18, 24, 28]: [1, 2, 1, 1, 0, 3, 2, 0, 0, 2, 2]: 1
4_6: 0: [7, 9, 13, 19, 28, 33]: [1, 0, 1, 1, 0, 1, 1, 0, 0, 1, 2]: 2
4_9: 0: [5, 7, 14, 20, 25, 31]: [2, 0, 1, 2, 0, 1, 1, 0, 2, 1, 2]: 0
5_0: 0: [5, 9, 14, 17, 23, 27]: [2, 1, 1, 0, 0, 0, 1, 1, 1, 2, 2]: 1
5_1: 0: [5, 8, 13, 18, 27, 28]: [1, 1, 0, 2, 1, 1, 1, 1, 1, 0, 0]: 2
5_2: 0: [7, 9, 12, 17, 23, 28]: [1, 0, 0, 0, 3, 1, 2, 1, 1, 0, 2]: 1
5_4: 0: [5, 9, 13, 17, 23, 28]: [2, 2, 1, 1, 1, 3, 0, 0, 3, 1, 1]: 1
5_5: 0: [4, 9, 14, 19, 24, 28]: [1, 2, 1, 1, 2, 3, 1, 0, 0, 2, 2]: 2
5_7: 0: [7, 9, 13, 18, 24, 28]: [1, 0, 0, 0, 0, 2, 1, 0, 1, 3, 1]: 1
5_8: 0: [6, 9, 13, 17, 24, 28]: [1, 0, 2, 1, 1, 0, 1, 1, 1, 1, 0]: 1
5_9: 0: [4, 6, 13, 16, 23, 28]: [1, 1, 1, 1, 0, 0, 1, 0, 1, 0, 0]: 1
6_0: 0: [5, 8, 12, 19, 20, 29]: [1, 0, 1, 1, 0, 2, 0, 1, 0, 1, 0]: 1
6_1: 0: [6, 12, 16, 19, 25, 31]: [3, 1, 0, 1, 2, 0, 0, 2, 1, 0, 2]: 1
6_2: 0: [6, 10, 15, 17, 22, 28]: [3, 2, 1, 1, 0, 0, 2, 1, 0, 2, 1]: 2
6_3: 0: [7, 11, 14, 18, 25, 30]: [1, 0, 1, 1, 0, 2, 0, 2, 2, 0, 2]: 1
6_4: 0: [5, 9, 13, 17, 23, 29]: [1, 1, 1, 1, 1, 1, 1, 1, 3, 1, 1]: 0
6_5: 0: [4, 9, 13, 18, 23, 28]: [2, 2, 0, 1, 0, 1, 2, 0, 0, 1, 2]: 1
6_6: 0: [3, 8, 14, 21, 25, 30]: [2, 0, 1, 2, 3, 0, 0, 1, 1, 2, 1]: 1
6_7: 0: [4, 9, 13, 18, 23, 28]: [1, 1, 1, 0, 1, 2, 1, 0, 0, 0, 0]: 1
7_0: 0: [3, 6, 12, 15, 18, 27]: [2, 2, 1, 0, 1, 1, 0, 2, 1, 2, 2]: 2
7_2: 0: [3, 4, 10, 16, 23, 28]: [1, 2, 1, 1, 1, 0, 1, 3, 1, 2, 1]: 3
7_3: 0: [6, 10, 14, 20, 25, 30]: [2, 1, 2, 0, 1, 1, 0, 0, 1, 1, 0]: 1
7_4: 0: [5, 9, 13, 18, 23, 29]: [2, 2, 0, 0, 1, 2, 1, 0, 1, 2, 1]: 0
7_5: 0: [4, 9, 14, 19, 24, 29]: [2, 2, 1, 1, 1, 3, 1, 0, 1, 2, 2]: 1
7_6: 0: [6, 11, 11, 20, 27, 29]: [2, 0, 1, 0, 1, 2, 2, 2, 3, 1, 1]: 2
7_7: 0: [4, 11, 12, 21, 28, 30]: [2, 0, 0, 1, 0, 2, 1, 1, 1, 1, 0]: 2
7_8: 0: [4, 10, 13, 21, 26, 29]: [1, 1, 0, 1, 1, 1, 1, 2, 1, 1, 2]: 1
7_9: 0: [2, 6, 12, 18, 21, 27]: [1, 1, 1, 1, 1, 1, 1, 1, 0, 0, 0]: 1
8_0: 0: [5, 8, 12, 18, 22, 29]: [0, 1, 1, 1, 0, 1, 1, 0, 1, 0, 1]: 0
8_1: 0: [3, 7, 12, 15, 19, 26]: [1, 2, 1, 0, 2, 0, 1, 1, 1, 0, 1]: 2
8_2: 0: [2, 6, 11, 14, 23, 27]: [1, 1, 3, 1, 1, 2, 1, 2, 1, 1, 1]: 2
8_4: 0: [4, 8, 12, 17, 23, 28]: [1, 1, 2, 3, 1, 0, 1, 1, 3, 1, 3]: 1
8_5: 0: [4, 9, 13, 18, 24, 28]: [1, 2, 0, 1, 0, 3, 2, 0, 0, 2, 2]: 1
8_6: 0: [7, 9, 17, 22, 26, 29]: [1, 1, 1, 2, 1, 0, 1, 1, 0, 0, 2]: 0
8_7: 0: [7, 9, 18, 22, 25, 30]: [1, 1, 0, 1, 2, 0, 2, 2, 0, 0, 0]: 0
8_8: 0: [6, 9, 16, 22, 26, 29]: [2, 1, 0, 2, 0, 0, 0, 1, 1, 0, 2]: 0
8_9: 0: [6, 10, 13, 20, 24, 30]: [1, 0, 2, 3, 0, 0, 1, 1, 2, 1, 1]: 1
9_0: 0: [7, 11, 16, 20, 25, 29]: [0, 2, 0, 1, 0, 1, 2, 2, 0, 0, 0]: 1
9_2: 0: [4, 6, 12, 16, 20, 28]: [2, 1, 0, 3, 2, 0, 1, 1, 2, 2, 2]: 1
9_3: 0: [6, 10, 14, 20, 25, 30]: [1, 1, 0, 1, 0, 3, 2, 0, 0, 1, 1]: 1
9_4: 0: [6, 9, 13, 17, 23, 27]: [1, 1, 0, 1, 3, 2, 1, 2, 2, 1, 1]: 1
9_5: 0: [4, 9, 13, 18, 23, 28]: [1, 2, 1, 1, 0, 3, 1, 0, 0, 2, 3]: 1
9_7: 0: [4, 12, 14, 21, 28, 31]: [1, 0, 2, 0, 1, 2, 1, 1, 1, 1, 0]: 1
9_8: 0: [3, 10, 13, 22, 26, 30]: [2, 2, 2, 1, 1, 2, 0, 1, 1, 0, 1]: 2
10_0: 0: [4, 6, 12, 18, 23, 27]: [2, 2, 1, 1, 1, 2, 1, 0, 0, 2, 1]: 1
10_2: 0: [4, 5, 10, 15, 22, 29]: [3, 1, 0, 2, 0, 1, 1, 1, 1, 1, 1]: 1
10_3: 0: [4, 9, 13, 18, 24, 29]: [1, 2, 2, 0, 1, 2, 1, 1, 1, 1, 2]: 0
10_4: 0: [5, 8, 12, 16, 23, 28]: [2, 2, 0, 0, 0, 2, 0, 0, 3, 2, 1]: 1
10_5: 0: [4, 9, 13, 19, 24, 29]: [1, 2, 1, 1, 1, 3, 1, 0, 0, 2, 1]: 1
10_6: 0: [2, 8, 14, 20, 25, 31]: [2, 1, 2, 0, 2, 0, 1, 1, 1, 0, 2]: 0
10_7: 0: [2, 8, 15, 20, 25, 30]: [2, 1, 1, 1, 1, 2, 2, 3, 1, 0, 1]: 0
10_8: 0: [4, 10, 17, 21, 24, 30]: [2, 1, 1, 1, 1, 1, 2, 1, 0, 1, 2]: 1
10_9: 0: [4, 5, 11, 17, 22, 28]: [1, 1, 0, 0, 0, 2, 1, 1, 2, 1, 1]: 2
11_0: 0: [4, 7, 11, 17, 21, 30]: [0, 1, 1, 2, 1, 1, 1, 0, 0, 0, 0]: 1
11_1: 0: [1, 5, 10, 14, 18, 29]: [1, 1, 2, 1, 1, 0, 2, 0, 1, 0, 3]: 1
11_2: 0: [3, 5, 11, 16, 22, 28]: [1, 1, 3, 1, 2, 1, 1, 1, 0, 1, 0]: 3
11_4: 0: [4, 8, 12, 18, 23, 27]: [1, 2, 1, 1, 1, 0, 1, 0, 2, 2, 1]: 1
11_5: 0: [4, 9, 14, 19, 24, 28]: [2, 2, 1, 1, 1, 3, 2, 0, 0, 1, 2]: 2
11_6: 0: [3, 6, 6, 18, 23, 26]: [1, 1, 1, 0, 0, 2, 0, 0, 1, 1, 0]: 1
11_8: 0: [3, 6, 7, 19, 21, 24]: [1, 0, 1, 0, 2, 1, 0, 1, 4, 1, 1]: 2
11_9: 0: [3, 7, 9, 16, 20, 29]: [4, 1, 2, 1, 1, 0, 1, 1, 2, 1, 0]: 1
12_0: 0: [5, 9, 13, 19, 22, 31]: [2, 1, 0, 1, 0, 1, 2, 1, 2, 2, 0]: 1
12_1: 0: [3, 7, 13, 16, 26, 28]: [1, 1, 0, 1, 1, 1, 1, 2, 1, 0, 0]: 2
12_2: 0: [4, 7, 12, 17, 23, 28]: [2, 0, 1, 1, 2, 0, 2, 1, 1, 1, 1]: 1
12_3: 0: [5, 11, 13, 18, 22, 28]: [2, 1, 3, 1, 0, 2, 2, 1, 1, 0, 1]: 2
12_4: 0: [4, 8, 12, 16, 22, 28]: [0, 1, 0, 0, 0, 3, 1, 0, 2, 2, 0]: 1
12_5: 0: [4, 9, 14, 18, 24, 28]: [1, 2, 2, 1, 0, 3, 2, 0, 0, 2, 1]: 1
12_7: 0: [4, 8, 12, 17, 21, 26]: [2, 1, 0, 1, 0, 0, 2, 1, 2, 2, 0]: 0
12_8: 0: [4, 9, 11, 17, 21, 26]: [1, 0, 1, 1, 0, 2, 0, 1, 2, 0, 0]: 1
13_0: 0: [4, 7, 12, 16, 22, 28]: [1, 0, 2, 1, 0, 2, 0, 1, 1, 2, 0]: 1
13_1: 0: [5, 8, 14, 16, 24, 27]: [1, 2, 0, 0, 0, 2, 1, 1, 0, 1, 0]: 1
13_3: 0: [5, 10, 13, 22, 25, 29]: [2, 0, 1, 2, 0, 2, 0, 1, 0, 2, 0]: 1
13_4: 0: [4, 8, 12, 18, 23, 28]: [2, 1, 0, 0, 2, 2, 1, 0, 1, 1, 1]: 1
13_5: 0: [4, 9, 14, 19, 24, 28]: [1, 2, 0, 0, 0, 3, 1, 0, 0, 2, 2]: 2
13_6: 0: [7, 14, 12, 21, 28, 32]: [1, 1, 1, 1, 2, 1, 0, 0, 1, 0, 2]: 1
13_7: 0: [6, 13, 13, 20, 25, 31]: [2, 0, 2, 0, 0, 1, 2, 1, 0, 1, 1]: 0
13_8: 0: [3, 7, 9, 16, 20, 27]: [2, 0, 2, 2, 1, 1, 2, 0, 1, 1, 1]: 2
13_9: 0: [4, 7, 13, 20, 25, 28]: [1, 0, 3, 0, 1, 2, 1, 0, 1, 2, 1]: 1
14_0: 0: [7, 9, 13, 19, 21, 27]: [1, 1, 3, 1, 0, 1, 1, 3, 2, 1, 0]: 2
14_2: 0: [2, 5, 9, 14, 23, 26]: [1, 2, 1, 2, 0, 0, 1, 1, 2, 2, 1]: 0
14_4: 0: [4, 8, 11, 17, 22, 28]: [1, 1, 0, 1, 2, 2, 0, 1, 2, 2, 2]: 2
14_5: 0: [4, 9, 14, 19, 24, 28]: [1, 2, 1, 1, 0, 3, 1, 0, 0, 1, 1]: 2
14_6: 0: [8, 12, 13, 21, 28, 30]: [2, 0, 2, 1, 2, 1, 0, 0, 0, 2, 1]: 1
14_9: 0: [7, 10, 13, 19, 22, 28]: [2, 3, 2, 2, 1, 1, 1, 1, 3, 1, 1]: 3
15_0: 0: [5, 8, 13, 18, 23, 27]: [0, 2, 0, 1, 1, 0, 2, 1, 0, 1, 1]: 1
15_1: 0: [1, 6, 10, 12, 18, 23]: [1, 2, 1, 1, 3, 1, 1, 0, 2, 0, 0]: 1
15_2: 0: [3, 5, 8, 12, 21, 24]: [2, 0, 0, 0, 0, 2, 0, 0, 1, 1, 0]: 1
15_3: 0: [6, 8, 12, 17, 25, 27]: [1, 3, 2, 1, 2, 1, 1, 2, 2, 1, 1]: 1
15_4: 0: [5, 9, 13, 17, 24, 29]: [2, 2, 0, 0, 2, 1, 2, 0, 1, 1, 3]: 0
15_5: 0: [4, 9, 14, 18, 24, 29]: [1, 2, 1, 1, 2, 3, 2, 0, 0, 1, 1]: 0
15_6: 0: [4, 8, 11, 12, 25, 31]: [2, 0, 1, 0, 1, 1, 2, 2, 1, 1, 2]: 1
16_0: 0: [7, 8, 13, 18, 22, 30]: [0, 0, 1, 0, 0, 0, 0, 2, 1, 1, 3]: 0
16_1: 0: [3, 8, 10, 13, 23, 25]: [1, 2, 0, 2, 0, 0, 1, 1, 0, 2, 2]: 2
16_2: 0: [5, 8, 11, 16, 24, 27]: [1, 1, 2, 1, 1, 3, 1, 0, 1, 1, 2]: 2
16_3: 0: [5, 10, 11, 17, 25, 29]: [1, 2, 2, 2, 0, 2, 1, 0, 2, 0, 1]: 2
16_4: 0: [4, 8, 12, 17, 23, 28]: [0, 1, 2, 2, 0, 3, 1, 0, 2, 1, 1]: 1
16_5: 0: [4, 9, 14, 19, 24, 28]: [1, 2, 1, 0, 0, 3, 2, 0, 0, 1, 1]: 2
16_6: 0: [10, 12, 14, 23, 28, 30]: [1, 0, 1, 1, 2, 2, 2, 2, 3, 2, 1]: 2
16_7: 0: [8, 10, 13, 20, 25, 29]: [1, 0, 0, 0, 1, 1, 1, 2, 1, 3, 1]: 1
16_8: 0: [5, 8, 12, 18, 22, 28]: [3, 0, 1, 2, 1, 1, 0, 2, 1, 0, 1]: 1
16_9: 0: [5, 6, 11, 17, 20, 28]: [1, 1, 0, 1, 2, 1, 0, 2, 1, 0, 0]: 2
17_0: 0: [3, 8, 13, 16, 23, 28]: [4, 1, 2, 2, 1, 1, 0, 1, 0, 2, 0]: 2
17_1: 0: [2, 9, 14, 17, 24, 28]: [1, 2, 1, 1, 3, 0, 1, 2, 0, 0, 1]: 1
17_4: 0: [5, 9, 13, 17, 23, 29]: [2, 1, 1, 3, 0, 2, 2, 1, 2, 2, 1]: 0
17_5: 0: [4, 9, 14, 19, 24, 29]: [1, 2, 0, 1, 1, 3, 2, 0, 0, 1, 1]: 1
17_6: 0: [4, 6, 9, 14, 23, 28]: [1, 1, 0, 3, 2, 1, 0, 0, 1, 1, 2]: 1
17_9: 0: [2, 6, 10, 16, 23, 27]: [1, 2, 3, 1, 0, 1, 0, 0, 1, 2, 2]: 2
18_0: 0: [6, 9, 15, 18, 20, 27]: [0, 2, 1, 0, 1, 1, 2, 2, 0, 1, 2]: 1
18_1: 0: [4, 5, 9, 14, 19, 26]: [2, 2, 2, 0, 1, 0, 2, 2, 0, 1, 1]: 1
18_3: 0: [5, 8, 12, 19, 26, 30]: [1, 1, 0, 1, 2, 1, 0, 1, 1, 0, 1]: 1
18_4: 0: [4, 8, 13, 17, 23, 29]: [1, 1, 0, 1, 1, 2, 1, 0, 3, 2, 0]: 0
18_5: 0: [4, 9, 14, 19, 24, 29]: [1, 2, 1, 1, 0, 3, 2, 0, 0, 1, 2]: 1
18_7: 0: [11, 15, 15, 19, 28, 30]: [1, 2, 1, 1, 1, 1, 1, 2, 2, 0, 2]: 3
18_8: 0: [11, 14, 14, 18, 25, 30]: [1, 1, 0, 0, 0, 0, 1, 0, 0, 1, 1]: 1
18_9: 0: [8, 10, 17, 20, 22, 28]: [2, 1, 1, 1, 1, 1, 1, 2, 0, 1, 2]: 2
19_0: 0: [5, 7, 10, 17, 22, 27]: [0, 2, 0, 0, 1, 1, 1, 1, 1, 1, 1]: 2
19_1: 0: [3, 7, 11, 14, 20, 26]: [1, 0, 1, 3, 1, 1, 1, 0, 1, 1, 0]: 2
19_2: 0: [3, 6, 8, 11, 22, 28]: [2, 1, 2, 1, 0, 1, 1, 2, 2, 1, 1]: 3
19_4: 0: [5, 8, 12, 17, 23, 28]: [1, 1, 0, 1, 0, 2, 0, 1, 2, 1, 2]: 1
19_5: 0: [4, 9, 14, 18, 23, 28]: [1, 2, 1, 1, 1, 3, 1, 0, 0, 2, 2]: 1
19_6: 0: [4, 11, 12, 18, 25, 29]: [2, 1, 0, 1, 2, 0, 1, 1, 1, 1, 1]: 1
19_7: 0: [4, 10, 11, 18, 24, 28]: [1, 2, 1, 0, 1, 1, 2, 0, 0, 1, 2]: 3
19_8: 0: [5, 8, 8, 17, 23, 27]: [2, 1, 1, 0, 0, 1, 0, 1, 0, 0, 1]: 1
20_0: 0: [4, 8, 14, 18, 21, 29]: [1, 2, 0, 2, 1, 0, 0, 1, 0, 1, 4]: 0
20_3: 0: [4, 9, 11, 18, 26, 30]: [1, 0, 0, 0, 0, 2, 1, 0, 3, 1, 1]: 1
20_4: 0: [5, 8, 12, 17, 23, 29]: [2, 1, 1, 1, 2, 3, 1, 0, 2, 1, 3]: 0
20_5: 0: [4, 9, 14, 19, 24, 28]: [1, 2, 0, 1, 1, 3, 1, 0, 0, 2, 2]: 2
20_6: 0: [2, 10, 12, 19, 26, 30]: [2, 1, 2, 0, 3, 2, 0, 1, 1, 0, 2]: 2
20_7: 0: [5, 10, 9, 19, 26, 28]: [2, 2, 1, 1, 1, 0, 0, 2, 0, 3, 2]: 3
20_8: 0: [5, 8, 8, 20, 25, 29]: [1, 2, 1, 2, 1, 2, 1, 2, 2, 1, 1]: 0
20_9: 0: [4, 8, 15, 20, 23, 30]: [1, 2, 1, 1, 0, 0, 1, 2, 2, 0, 1]: 0
1_10: 0: [5, 6, 11, 18, 23, 28]: [1, 0, 1, 2, 0, 0, 1, 1, 1, 0, 0]: 2
2_10: 0: [9, 11, 15, 18, 22, 29]: [2, 1, 2, 1, 0, 0, 1, 0, 1, 0, 2]: 1
3_10: 0: [7, 11, 15, 19, 20, 30]: [1, 1, 1, 0, 1, 0, 0, 0, 1, 0, 1]: 2
4_10: 0: [5, 7, 15, 19, 22, 30]: [1, 2, 0, 1, 1, 1, 1, 1, 2, 1, 1]: 1
5_10: 0: [5, 9, 14, 17, 23, 27]: [2, 1, 1, 0, 0, 0, 1, 1, 1, 2, 2]: 1
6_10: 0: [5, 8, 12, 19, 20, 29]: [1, 0, 1, 1, 0, 2, 0, 1, 0, 1, 0]: 1
7_10: 0: [3, 6, 12, 15, 18, 27]: [2, 2, 1, 0, 1, 1, 0, 2, 1, 2, 2]: 2
10_10: 0: [4, 6, 12, 18, 23, 27]: [2, 2, 1, 1, 1, 2, 1, 0, 0, 2, 1]: 1
12_10: 0: [5, 9, 13, 19, 22, 31]: [2, 1, 0, 1, 0, 1, 2, 1, 2, 2, 0]: 1
13_10: 0: [4, 7, 12, 16, 22, 28]: [1, 0, 2, 1, 0, 2, 0, 1, 1, 2, 0]: 1
14_10: 0: [7, 9, 13, 19, 21, 27]: [1, 1, 3, 1, 0, 1, 1, 3, 2, 1, 0]: 2
17_10: 0: [3, 8, 13, 16, 23, 28]: [4, 1, 2, 2, 1, 1, 0, 1, 0, 2, 0]: 2
20_10: 0: [4, 8, 14, 18, 21, 29]: [1, 2, 0, 2, 1, 0, 0, 1, 0, 1, 4]: 0
