30
less5
400_4___1__    15   0  [2, 0, 0, 0, 0, 0, 3, 2, 2, 1, 2, 0, 1, 2]  (3, 6)
400_5___1__    15   0  [2, 0, 0, 0, 0, 4, 2, 2, 1, 2, 0, 1, 1, 0]  (3, 7)
600_4___1__    14   0  [0, 0, 0, 0, 0, 2, 1, 4, 2, 1, 3, 1, 2]  (1, 3)
400_3___1__    13   1  [1, 0, 0, 0, 0, 7, 2, 1, 2, 0, 1, 2]  (3, 7)
600_5___1__    13   0  [1, 0, 0, 0, 6, 2, 2, 1, 2, 0, 1, 2]  (3, 6)
1000_4___1__    13   0  [0, 1, 0, 0, 0, 8, 2, 1, 3, 1, 1, 0]  (3, 6)
1000_2___1__    12   1  [1, 0, 0, 9, 2, 1, 1, 1, 1, 0, 1]  (3, 5)
1000_3___1__    12   0  [0, 1, 0, 0, 9, 2, 1, 1, 1, 1, 2]  (3, 4)
400_2___1__    11   3  [0, 0, 6, 2, 2, 1, 2, 0, 1, 2]  (3, 7)
600_3___1__    11   1  [1, 0, 0, 0, 8, 2, 1, 3, 1, 2]  (2, 3)
1000_1___1__    11   1  [2, 0, 4, 4, 2, 1, 1, 1, 1, 2]  (3, 4)
1000_5___1__    11   0  [2, 0, 0, 0, 8, 2, 1, 3, 1, 2]  (3, 9)
400_1___1__    10   3  [0, 0, 6, 5, 1, 2, 0, 1, 2]  (3, 9)
600_2___1__    10   1  [1, 0, 0, 9, 2, 1, 3, 1, 2]  (3, 3)
600_1___1__    8   1  [1, 0, 0, 4, 7, 1, 8]  (3, 5)
part_in:(1, 9), all_in:(3, 3), all_out:(1, 9)
less8
400_5___2__    15   0  [2, 2, 0, 0, 1, 1, 1, 0, 0, 2, 1, 0, 1, 1, 2]  (12, 14)
400_2___2__    14   0  [1, 1, 1, 0, 2, 3, 0, 0, 3, 0, 2, 1, 2]  (13, 14)
600_3___2__    14   0  [2, 0, 1, 0, 0, 1, 3, 0, 0, 3, 0, 2, 4]  (14, 17)
1000_3___2__    14   0  [3, 1, 0, 0, 1, 3, 0, 0, 2, 0, 0, 1, 2, 2]  (12, 14)
1000_4___2__    14   0  [5, 1, 1, 3, 0, 0, 2, 0, 0, 1, 0, 1, 1, 0]  (12, 14)
400_4___2__    13   0  [0, 4, 0, 0, 1, 1, 1, 0, 0, 4, 2, 1, 2]  (11, 14)
600_2___2__    13   0  [3, 1, 0, 2, 3, 0, 0, 2, 0, 0, 4, 2]  (14, 16)
600_4___2__    13   4  [0, 0, 0, 0, 1, 3, 0, 0, 3, 0, 2, 4]  (14, 15)
400_3___2__    12   0  [3, 1, 0, 0, 1, 3, 0, 0, 4, 2, 1, 2]  (13, 14)
600_5___2__    12   4  [0, 0, 1, 1, 3, 0, 0, 3, 0, 0, 6]  (14, 17)
1000_1___2__    12   0  [3, 1, 3, 3, 0, 0, 2, 0, 0, 1, 2, 2]  (13, 14)
1000_2___2__    12   0  [3, 1, 3, 3, 0, 0, 2, 0, 0, 1, 0, 4]  (11, 14)
1000_5___2__    12   6  [0, 0, 1, 3, 0, 0, 3, 0, 1, 0, 1, 2]  (10, 14)
600_1___2__    10   4  [0, 0, 1, 1, 3, 0, 0, 3, 0, 7]  (14, 17)
400_1___2__    9   2  [3, 7, 0, 0, 3, 0, 4, 2]  (12, 14)
part_in:(10, 17), all_in:(14, 14), all_out:(10, 17)
less9
600_3___3__    11   1  [1, 0, 0, 0, 1, 2, 3, 2, 4, 0, 4]  (10, 11)
1000_3___3__    11   0  [2, 0, 0, 0, 4, 3, 2, 3, 1, 1, 2]  (7, 11)
400_4___3__    10   3  [0, 0, 0, 1, 2, 3, 2, 5, 1, 2]  (11, 11)
600_5___3__    10   3  [0, 0, 0, 1, 2, 3, 2, 4, 0, 4]  (8, 11)
1000_1___3__    10   3  [0, 0, 0, 4, 3, 2, 3, 1, 1, 2]  (8, 11)
1000_4___3__    10   3  [0, 0, 0, 4, 3, 2, 3, 1, 1, 2]  (7, 11)
400_2___3__    9   3  [0, 0, 0, 4, 3, 2, 5, 1, 2]  (8, 11)
400_3___3__    9   3  [0, 0, 0, 4, 3, 2, 5, 1, 2]  (11, 11)
400_5___3__    9   3  [0, 0, 0, 1, 2, 3, 2, 5, 4]  (9, 11)
600_2___3__    9   3  [0, 0, 0, 4, 3, 2, 5, 1, 2]  (10, 11)
1000_2___3__    9   3  [1, 0, 4, 3, 2, 3, 1, 1, 2]  (8, 11)
1000_5___3__    9   0  [2, 0, 0, 0, 8, 2, 5, 1, 2]  (6, 11)
600_4___3__    8   3  [0, 0, 0, 1, 6, 2, 5, 4]  (11, 11)
400_1___3__    7   3  [1, 0, 8, 2, 5, 1, 2]  (5, 11)
600_1___3__    6   3  [0, 0, 0, 8, 2, 10]  (10, 11)
part_in:(5, 9), all_in:(10, 11), all_out:(5, 11)
less10
400_4___4__    18   1  [0, 1, 0, 1, 0, 0, 0, 0, 0, 1, 0, 0, 1, 1, 3, 1, 2]  (2, 7)
400_5___4__    18   1  [0, 1, 0, 1, 0, 0, 1, 0, 1, 0, 0, 1, 0, 0, 5, 1, 0]  (3, 7)
400_3___4__    17   1  [0, 1, 2, 0, 0, 0, 0, 0, 1, 0, 0, 1, 1, 3, 1, 2]  (2, 7)
600_4___4__    17   1  [0, 1, 0, 2, 0, 0, 0, 1, 0, 0, 0, 1, 5, 1, 0, 1]  (3, 7)
600_5___4__    17   1  [0, 1, 0, 2, 0, 0, 0, 0, 0, 0, 0, 0, 1, 5, 1, 2]  (1, 7)
1000_3___4__    17   1  [0, 1, 4, 0, 0, 0, 1, 0, 0, 1, 0, 0, 3, 0, 0, 2]  (2, 7)
600_2___4__    16   1  [0, 1, 3, 0, 0, 0, 0, 0, 0, 0, 0, 1, 5, 1, 2]  (4, 7)
600_3___4__    16   1  [0, 1, 0, 2, 0, 0, 0, 1, 0, 0, 0, 1, 5, 1, 2]  (4, 7)
1000_4___4__    16   1  [0, 1, 4, 0, 0, 2, 0, 0, 1, 0, 0, 3, 1, 0, 1]  (2, 7)
600_1___4__    14   1  [0, 1, 3, 0, 0, 0, 0, 0, 1, 0, 1, 7, 2]  (5, 7)
1000_2___4__    14   1  [0, 1, 4, 0, 1, 1, 0, 0, 1, 0, 2, 3, 2]  (4, 7)
1000_5___4__    14   1  [0, 1, 0, 3, 0, 0, 0, 1, 0, 0, 1, 1, 8]  (3, 7)
400_1___4__    13   1  [0, 1, 4, 1, 0, 0, 1, 0, 1, 6, 0, 2]  (3, 7)
400_2___4__    13   1  [0, 1, 4, 1, 0, 1, 0, 0, 1, 5, 1, 2]  (3, 7)
1000_1___4__    12   1  [0, 1, 4, 0, 0, 0, 2, 0, 1, 7, 2]  (5, 7)
part_in:(1, 4), all_in:(5, 7), all_out:(1, 7)
row1
400_5___5__    17   0  [0, 0, 1, 0, 0, 0, 3, 0, 1, 1, 4, 1, 0, 0, 0, 2]  (0, 4)
400_4___5__    15   0  [1, 1, 0, 0, 0, 3, 0, 1, 6, 1, 0, 0, 0, 2]  (0, 3)
600_2___5__    14   0  [1, 1, 0, 0, 0, 6, 3, 2, 0, 0, 0, 1, 2]  (0, 0)
600_5___5__    14   0  [1, 1, 0, 0, 0, 0, 5, 6, 1, 0, 1, 0, 1]  (0, 1)
1000_2___5__    14   0  [1, 1, 0, 0, 0, 6, 6, 0, 0, 0, 1, 0, 1]  (0, 1)
400_2___5__    13   0  [1, 1, 0, 0, 0, 3, 2, 6, 1, 0, 1, 2]  (0, 2)
400_3___5__    13   0  [1, 1, 0, 0, 0, 3, 2, 6, 1, 0, 1, 2]  (0, 3)
600_1___5__    13   0  [1, 1, 0, 0, 0, 6, 6, 0, 0, 0, 1, 2]  (0, 0)
600_3___5__    13   0  [1, 1, 0, 0, 0, 0, 5, 6, 1, 0, 1, 2]  (0, 0)
600_4___5__    13   0  [1, 1, 0, 0, 0, 0, 12, 1, 0, 1, 0, 1]  (0, 2)
1000_3___5__    13   0  [1, 1, 0, 0, 0, 6, 6, 1, 0, 1, 0, 1]  (0, 2)
1000_4___5__    13   0  [1, 1, 0, 0, 0, 13, 1, 0, 1, 0, 0, 0]  (0, 3)
1000_5___5__    13   0  [1, 1, 0, 0, 0, 6, 6, 1, 0, 1, 0, 1]  (0, 1)
400_1___5__    12   0  [1, 1, 0, 0, 0, 6, 6, 1, 0, 1, 2]  (0, 3)
1000_1___5__    12   0  [1, 1, 0, 0, 0, 6, 6, 1, 0, 1, 2]  (0, 0)
part_in:(2, 4), all_in:(0, 1), all_out:(0, 4)
row2
400_4___6__    12   2  [1, 0, 1, 5, 0, 3, 0, 0, 4, 0, 1, 0]  (16, 33)
600_1___6__    12   2  [0, 0, 2, 5, 0, 3, 0, 0, 1, 2, 2, 0]  (16, 25)
600_3___6__    12   2  [1, 2, 5, 0, 3, 0, 0, 1, 1, 0, 2, 0]  (16, 29)
600_5___6__    12   2  [1, 0, 1, 10, 0, 0, 1, 1, 0, 0, 1, 0]  (16, 32)
1000_5___6__    12   1  [1, 1, 1, 2, 3, 3, 0, 0, 4, 0, 1, 0]  (16, 30)
400_2___6__    11   2  [3, 0, 5, 0, 3, 0, 0, 4, 0, 1, 0]  (16, 27)
400_3___6__    11   2  [1, 2, 3, 2, 3, 0, 0, 4, 0, 1, 0]  (16, 33)
400_5___6__    11   1  [0, 1, 2, 6, 3, 0, 0, 4, 0, 1, 0]  (16, 28)
600_2___6__    11   2  [4, 5, 0, 3, 0, 0, 1, 2, 0, 1, 0]  (16, 25)
600_4___6__    11   2  [1, 0, 1, 11, 0, 1, 1, 0, 0, 1, 0]  (16, 33)
1000_2___6__    10   6  [0, 6, 3, 0, 0, 1, 2, 0, 1, 0]  (16, 26)
1000_3___6__    10   4  [2, 6, 3, 0, 0, 1, 2, 0, 1, 0]  (16, 30)
1000_4___6__    9   1  [1, 3, 6, 4, 0, 4, 0, 1, 0]  (16, 32)
400_1___6__    7   2  [10, 0, 3, 0, 0, 7, 0]  (16, 29)
1000_1___6__    7   14  [3, 0, 0, 1, 3, 1, 0]  (16, 25)
part_in:(26, 33), all_in:(16, 25), all_out:(16, 33)
row3
600_5___7__    14   1  [0, 1, 0, 1, 0, 6, 2, 2, 0, 1, 0, 0, 1, 0]  (14, 31)
1000_3___7__    13   1  [0, 0, 0, 2, 0, 6, 2, 2, 0, 2, 0, 1, 0]  (15, 31)
600_3___7__    11   2  [1, 2, 0, 5, 0, 2, 3, 1, 0, 2, 0]  (17, 31)
600_4___7__    11   2  [1, 0, 1, 0, 6, 6, 1, 0, 0, 1, 0]  (13, 31)
1000_4___7__    11   1  [0, 0, 0, 2, 0, 5, 0, 9, 0, 1, 0]  (13, 31)
400_3___7__    10   2  [1, 2, 0, 2, 6, 3, 2, 0, 1, 0]  (10, 31)
400_5___7__    10   1  [0, 0, 0, 2, 0, 9, 6, 0, 1, 0]  (14, 31)
600_2___7__    10   2  [1, 2, 7, 2, 3, 1, 0, 0, 1, 0]  (22, 31)
1000_2___7__    10   2  [1, 2, 7, 2, 2, 0, 2, 0, 1, 0]  (19, 31)
1000_5___7__    10   1  [0, 0, 3, 0, 5, 0, 9, 0, 1, 0]  (16, 31)
400_1___7__    9   1  [0, 5, 5, 3, 2, 3, 0, 1, 0]  (15, 31)
400_4___7__    9   2  [1, 0, 1, 0, 6, 9, 0, 1, 0]  (11, 31)
400_2___7__    8   2  [1, 3, 9, 3, 2, 0, 1, 0]  (17, 31)
1000_1___7__    8   2  [5, 5, 0, 3, 2, 2, 0, 2]  (21, 31)
600_1___7__    7   2  [0, 0, 3, 9, 3, 2, 3]  (22, 31)
part_in:(10, 21), all_in:(22, 31), all_out:(10, 31)
row4
600_5___8__    19   1  [1, 0, 1, 1, 1, 1, 0, 0, 0, 1, 1, 0, 0, 0, 1, 1, 1, 0]  (1, 3)
600_4___8__    18   2  [0, 0, 1, 1, 1, 1, 0, 0, 0, 1, 1, 1, 0, 1, 1, 1, 0]  (0, 3)
400_4___8__    16   1  [0, 1, 1, 1, 1, 2, 0, 0, 1, 1, 1, 0, 3, 1, 0]  (1, 3)
600_3___8__    16   2  [0, 0, 1, 3, 2, 0, 0, 1, 1, 1, 0, 1, 1, 1, 0]  (0, 3)
600_1___8__    15   3  [0, 5, 1, 0, 0, 0, 1, 0, 0, 2, 1, 1, 1, 0]  (1, 3)
600_2___8__    15   2  [0, 0, 1, 3, 1, 0, 0, 0, 3, 2, 1, 1, 1, 0]  (1, 3)
1000_3___8__    15   4  [1, 1, 1, 1, 0, 0, 0, 1, 1, 1, 0, 3, 1, 0]  (0, 3)
400_3___8__    14   1  [2, 1, 1, 1, 2, 0, 0, 1, 1, 1, 4, 1, 0]  (2, 3)
400_5___8__    13   4  [1, 1, 1, 3, 0, 1, 1, 0, 1, 3, 1, 0]  (2, 3)
1000_4___8__    13   6  [1, 1, 2, 0, 0, 1, 1, 1, 2, 1, 1, 0]  (0, 3)
400_2___8__    11   4  [1, 3, 2, 0, 4, 0, 0, 4, 1, 0]  (2, 3)
1000_1___8__    11   6  [3, 1, 0, 0, 2, 1, 0, 1, 3, 2]  (2, 3)
1000_2___8__    11   6  [3, 1, 0, 0, 2, 1, 1, 0, 3, 2]  (2, 3)
1000_5___8__    11   0  [7, 1, 2, 0, 0, 1, 1, 6, 1, 0]  (2, 3)
400_1___8__    10   4  [1, 3, 2, 0, 4, 0, 3, 1, 2]  (1, 3)
part_in:(0, 1), all_in:(2, 3), all_out:(0, 3)
sum16
600_5___9__    15   1  [0, 1, 1, 0, 1, 4, 0, 2, 1, 1, 1, 1, 0, 1]  (30, 38)
1000_3___9__    15   0  [0, 2, 1, 0, 1, 0, 1, 0, 1, 2, 0, 0, 5, 0, 1]  (29, 30)
1000_4___9__    14   0  [0, 0, 1, 2, 1, 0, 2, 1, 2, 1, 1, 3, 0, 1]  (28, 30)
400_4___9__    13   0  [0, 0, 1, 1, 0, 1, 5, 2, 1, 1, 3, 0, 1]  (30, 42)
1000_5___9__    13   0  [0, 0, 4, 1, 0, 2, 1, 2, 1, 1, 3, 0, 1]  (30, 33)
600_3___9__    12   1  [0, 3, 0, 2, 2, 1, 2, 1, 1, 3, 0, 1]  (30, 36)
600_4___9__    12   1  [0, 1, 2, 1, 0, 4, 2, 1, 1, 3, 0, 1]  (30, 36)
400_5___9__    11   1  [0, 1, 2, 1, 5, 2, 1, 5, 0, 1]  (30, 42)
400_3___9__    9   1  [0, 3, 0, 7, 2, 1, 5, 0, 1]  (30, 37)
1000_1___9__    8   2  [1, 2, 1, 0, 4, 2, 7, 2]  (30, 34)
1000_2___9__    8   0  [5, 0, 1, 0, 4, 2, 8, 1]  (30, 31)
400_2___9__    7   6  [0, 7, 2, 1, 6, 1]  (30, 41)
600_2___9__    7   2  [4, 7, 2, 1, 1, 4, 1]  (30, 34)
400_1___9__    6   7  [7, 2, 1, 5, 2]  (30, 39)
600_1___9__    6   7  [1, 0, 4, 6, 2, 3]  (30, 35)
part_in:(28, 42), all_in:(30, 30), all_out:(28, 42)
gap16
600_4___10__    11   0  [7, 0, 2, 2, 2, 1, 1, 2, 0, 2]  (21, 26)
400_5___10__    10   0  [7, 0, 4, 0, 2, 0, 0, 4, 0, 2]  (19, 26)
400_1___10__    9   0  [7, 0, 5, 1, 0, 6, 0, 2]  (23, 26)
400_4___10__    9   0  [7, 0, 4, 0, 2, 0, 5, 0, 2]  (19, 26)
600_2___10__    9   0  [8, 2, 2, 2, 1, 1, 3, 2]  (26, 26)
1000_3___10__    9   0  [7, 0, 2, 1, 3, 1, 4, 0, 2]  (22, 26)
400_3___10__    8   0  [7, 0, 5, 2, 1, 4, 0, 2]  (23, 26)
600_3___10__    8   8  [0, 2, 2, 2, 3, 2, 0, 2]  (22, 26)
1000_4___10__    8   0  [7, 0, 8, 1, 1, 2, 0, 2]  (20, 26)
600_1___10__    7   0  [8, 2, 5, 3, 3, 2]  (26, 26)
600_5___10__    7   0  [7, 0, 5, 2, 6, 0, 2]  (23, 26)
1000_1___10__    7   0  [7, 0, 5, 2, 3, 3, 2]  (22, 26)
400_2___10__    6   0  [7, 0, 5, 2, 7, 2]  (22, 26)
1000_2___10__    6   0  [8, 5, 2, 0, 6, 2]  (22, 26)
1000_5___10__    6   0  [7, 0, 5, 9, 0, 2]  (22, 26)
part_in:(19, 22), all_in:(23, 26), all_out:(19, 26)
sum25
1000_3___11__    15   1  [1, 0, 1, 4, 0, 2, 0, 0, 3, 0, 0, 1, 0, 0, 1]  (22, 30)
400_5___11__    13   1  [2, 1, 3, 1, 2, 0, 4, 0, 2, 0, 0, 1]  (22, 42)
1000_4___11__    13   0  [0, 1, 0, 6, 0, 2, 0, 4, 0, 2, 0, 0, 1]  (22, 30)
400_4___11__    11   1  [2, 1, 5, 2, 0, 4, 0, 2, 0, 0, 1]  (22, 43)
1000_5___11__    11   1  [1, 0, 4, 1, 4, 4, 0, 2, 0, 0, 1]  (22, 36)
400_3___11__    10   1  [2, 7, 3, 4, 1, 1, 0, 0, 1]  (22, 37)
600_3___11__    10   1  [1, 0, 7, 8, 0, 2, 0, 0, 1]  (22, 33)
600_4___11__    10   1  [2, 1, 5, 2, 5, 0, 2, 0, 0, 1]  (22, 37)
600_5___11__    10   1  [2, 1, 5, 2, 5, 0, 2, 0, 0, 1]  (22, 41)
1000_1___11__    10   1  [2, 5, 0, 0, 2, 5, 4, 0, 1]  (22, 39)
1000_2___11__    10   0  [0, 1, 0, 6, 0, 2, 5, 3, 1, 1]  (22, 32)
400_2___11__    8   1  [10, 8, 1, 1, 0, 0, 1]  (22, 37)
600_2___11__    8   1  [1, 0, 7, 8, 0, 2, 1, 1]  (22, 32)
400_1___11__    7   4  [7, 8, 3, 0, 0, 1]  (22, 31)
600_1___11__    7   1  [2, 7, 2, 5, 0, 4, 1]  (22, 34)
part_in:(31, 43), all_in:(22, 30), all_out:(22, 43)
gap25
1000_1___12__    11   0  [3, 6, 1, 0, 3, 0, 2, 0, 2, 2]  (10, 16)
1000_2___12__    10   0  [10, 2, 1, 1, 0, 2, 0, 2, 2]  (16, 16)
1000_4___12__    10   0  [3, 3, 2, 2, 4, 3, 2, 1, 0]  (16, 20)
600_3___12__    9   4  [3, 2, 2, 6, 0, 3, 1, 0]  (13, 16)
600_4___12__    9   4  [3, 2, 2, 6, 0, 3, 1, 0]  (14, 16)
400_3___12__    8   7  [0, 10, 1, 1, 2, 1, 0]  (14, 16)
400_4___12__    8   0  [7, 2, 5, 1, 6, 1, 0]  (14, 16)
400_5___12__    8   8  [2, 5, 1, 0, 5, 1, 0]  (11, 16)
600_5___12__    8   0  [7, 2, 2, 4, 6, 1, 0]  (13, 16)
1000_3___12__    8   0  [7, 2, 2, 4, 3, 2, 1, 0]  (16, 18)
1000_5___12__    8   8  [2, 2, 4, 3, 2, 1, 0]  (16, 18)
400_1___12__    7   0  [7, 2, 5, 3, 4, 2]  (11, 16)
400_2___12__    7   0  [10, 7, 1, 1, 2, 2]  (12, 16)
600_1___12__    7   0  [3, 6, 1, 0, 7, 6]  (14, 16)
600_2___12__    7   11  [1, 0, 7, 0, 4, 0]  (16, 16)
part_in:(10, 20), all_in:(16, 16), all_out:(10, 20)
sum34
1000_3___13__    16   0  [0, 1, 2, 0, 2, 0, 3, 3, 1, 0, 0, 1, 0, 1, 0]  (22, 29)
400_3___13__    13   0  [0, 1, 2, 0, 7, 3, 1, 0, 2, 0, 1, 0]  (22, 32)
400_5___13__    12   0  [0, 4, 0, 7, 3, 1, 0, 2, 0, 1, 0]  (22, 42)
1000_4___13__    12   0  [0, 1, 3, 2, 0, 3, 3, 1, 0, 2, 0, 2]  (22, 26)
1000_5___13__    12   0  [0, 5, 2, 4, 3, 1, 0, 2, 0, 1, 0]  (22, 35)
600_3___13__    11   1  [1, 2, 0, 7, 3, 1, 0, 2, 0, 1, 0]  (22, 31)
400_4___13__    10   0  [0, 4, 0, 7, 3, 1, 0, 2, 0, 2]  (22, 40)
600_5___13__    10   1  [4, 0, 7, 5, 0, 1, 0, 0, 1, 0]  (22, 44)
600_4___13__    9   1  [4, 0, 7, 3, 1, 0, 2, 0, 2]  (22, 33)
1000_1___13__    9   3  [3, 2, 4, 3, 2, 1, 1, 2]  (22, 40)
1000_2___13__    9   0  [2, 2, 0, 2, 0, 3, 3, 2, 6]  (22, 34)
400_1___13__    8   7  [7, 3, 2, 0, 2, 1, 0]  (22, 31)
600_2___13__    8   1  [1, 2, 0, 7, 3, 2, 2, 3]  (22, 32)
400_2___13__    6   6  [0, 7, 3, 5, 3]  (22, 37)
600_1___13__    4   1  [5, 7, 6, 6]  (22, 35)
part_in:(27, 44), all_in:(22, 26), all_out:(22, 44)
gap12
400_4___14__    15   0  [0, 2, 0, 4, 0, 3, 0, 1, 4, 0, 1, 0, 0, 0]  (1, 2)
400_3___14__    14   0  [0, 2, 0, 4, 0, 3, 0, 6, 0, 1, 0, 0, 0]  (1, 4)
400_5___14__    14   0  [0, 2, 0, 4, 0, 3, 0, 6, 0, 1, 0, 0, 0]  (1, 4)
600_5___14__    14   0  [0, 2, 0, 5, 0, 2, 0, 1, 5, 1, 0, 0, 0]  (1, 5)
400_1___14__    13   4  [0, 4, 0, 3, 0, 1, 4, 0, 1, 0, 0, 0]  (1, 2)
400_2___14__    13   1  [2, 0, 4, 0, 3, 0, 6, 0, 1, 0, 0, 0]  (1, 2)
600_3___14__    13   1  [3, 5, 0, 2, 0, 1, 2, 2, 1, 0, 0, 0]  (1, 2)
600_4___14__    13   0  [0, 2, 0, 5, 3, 0, 1, 5, 1, 0, 0, 0]  (1, 3)
1000_3___14__    13   0  [0, 2, 0, 5, 3, 2, 4, 0, 1, 0, 0, 0]  (1, 2)
1000_4___14__    13   0  [0, 2, 0, 5, 3, 4, 2, 0, 1, 0, 0, 0]  (1, 1)
1000_5___14__    13   0  [0, 2, 0, 5, 3, 2, 4, 0, 1, 0, 0, 0]  (1, 3)
1000_1___14__    12   1  [2, 0, 4, 0, 3, 0, 6, 0, 2, 0, 0]  (1, 8)
600_2___14__    11   1  [3, 5, 3, 0, 1, 4, 0, 2, 0, 0]  (1, 4)
1000_2___14__    11   0  [0, 3, 5, 3, 2, 4, 0, 2, 0, 0]  (1, 3)
600_1___14__    10   1  [3, 5, 3, 0, 1, 5, 2, 0, 0]  (1, 5)
part_in:(3, 8), all_in:(1, 2), all_out:(1, 8)
gap23
1000_4___15__    15   2  [0, 0, 2, 1, 0, 0, 2, 0, 3, 1, 1, 0, 2, 1]  (3, 6)
400_5___15__    14   2  [0, 0, 2, 1, 1, 2, 0, 2, 0, 3, 0, 2, 1]  (3, 6)
1000_5___15__    14   2  [0, 0, 2, 1, 0, 3, 0, 3, 1, 1, 0, 2, 1]  (5, 6)
1000_1___15__    12   0  [2, 0, 4, 0, 3, 0, 3, 3, 0, 1, 2]  (3, 6)
1000_3___15__    12   2  [0, 3, 1, 0, 0, 2, 0, 3, 3, 0, 4]  (2, 6)
400_4___15__    11   2  [0, 0, 2, 1, 1, 2, 0, 3, 3, 0, 4]  (3, 6)
1000_2___15__    11   3  [0, 4, 0, 0, 2, 0, 3, 3, 0, 4]  (4, 6)
400_3___15__    10   2  [0, 0, 2, 3, 2, 0, 3, 3, 0, 4]  (0, 6)
600_4___15__    10   3  [0, 4, 0, 3, 0, 2, 0, 1, 2, 4]  (2, 6)
400_1___15__    9   3  [0, 9, 0, 3, 3, 0, 1, 2]  (2, 6)
400_2___15__    9   4  [2, 3, 2, 0, 3, 3, 0, 4]  (2, 6)
600_3___15__    9   3  [0, 6, 2, 0, 2, 0, 1, 2, 4]  (2, 6)
600_5___15__    9   2  [0, 0, 4, 5, 3, 1, 2, 4]  (4, 6)
600_1___15__    8   3  [0, 6, 3, 3, 4, 1, 2]  (4, 6)
600_2___15__    6   3  [0, 10, 3, 4, 4]  (4, 6)
part_in:(0, 4), all_in:(5, 6), all_out:(0, 6)
gap34
1000_5___16__    15   0  [0, 0, 0, 3, 1, 2, 0, 2, 3, 0, 0, 0, 1, 0, 2]  (4, 6)
400_4___16__    14   0  [0, 0, 0, 4, 0, 1, 0, 0, 6, 0, 2, 0, 0, 2]  (4, 6)
400_5___16__    14   0  [0, 0, 0, 5, 1, 0, 0, 6, 0, 1, 1, 0, 1, 0]  (4, 5)
600_4___16__    14   0  [0, 0, 0, 3, 1, 3, 0, 5, 0, 1, 1, 0, 1, 0]  (4, 7)
600_5___16__    14   0  [0, 0, 0, 5, 2, 0, 0, 5, 0, 0, 0, 1, 0, 2]  (4, 7)
1000_2___16__    14   1  [0, 0, 3, 1, 2, 0, 0, 1, 3, 0, 1, 1, 0, 2]  (4, 9)
400_2___16__    13   0  [0, 0, 0, 3, 4, 0, 6, 0, 2, 0, 0, 2]  (4, 6)
400_1___16__    12   1  [0, 0, 3, 1, 2, 0, 6, 0, 3, 0, 2]  (4, 6)
400_3___16__    12   0  [0, 0, 0, 7, 0, 0, 6, 0, 2, 0, 0, 2]  (4, 9)
600_1___16__    12   0  [0, 0, 0, 3, 1, 4, 2, 2, 0, 1, 2, 2]  (4, 6)
600_2___16__    12   0  [0, 0, 0, 5, 4, 2, 2, 0, 1, 1, 0, 2]  (4, 7)
600_3___16__    12   0  [0, 0, 0, 5, 3, 0, 5, 0, 1, 1, 0, 2]  (4, 7)
1000_1___16__    12   1  [0, 0, 3, 1, 3, 6, 0, 1, 0, 1, 2]  (4, 5)
1000_3___16__    12   1  [0, 0, 3, 1, 3, 6, 0, 1, 1, 0, 2]  (4, 12)
1000_4___16__    11   1  [0, 0, 3, 1, 3, 6, 0, 1, 1, 0, 2]  (4, 9)
part_in:(6, 9), all_in:(4, 5), all_out:(4, 9)
gap45
400_3___17__    15   2  [0, 1, 1, 2, 1, 1, 2, 3, 0, 0, 2, 0, 0, 0]  (5, 6)
1000_1___17__    15   0  [1, 0, 0, 0, 1, 3, 0, 1, 2, 3, 0, 0, 3, 1]  (1, 6)
400_1___17__    14   0  [1, 0, 1, 1, 2, 0, 0, 1, 2, 3, 1, 1, 1, 1]  (3, 6)
600_1___17__    14   0  [2, 1, 1, 2, 0, 0, 1, 2, 3, 0, 0, 1, 1, 1]  (3, 6)
1000_2___17__    14   0  [1, 0, 1, 1, 3, 0, 0, 0, 2, 3, 0, 0, 3, 1]  (2, 6)
600_2___17__    13   0  [2, 1, 1, 2, 0, 0, 1, 2, 3, 0, 0, 3, 1]  (4, 6)
600_4___17__    13   3  [1, 1, 2, 0, 0, 1, 2, 3, 0, 0, 2, 0, 1]  (5, 6)
600_5___17__    13   3  [1, 1, 2, 0, 0, 1, 2, 3, 0, 0, 3, 0, 0]  (2, 6)
1000_3___17__    13   3  [1, 1, 3, 0, 0, 0, 2, 3, 1, 2, 0, 1]  (3, 6)
1000_5___17__    13   3  [1, 1, 3, 0, 1, 2, 3, 3, 0, 0, 0, 0]  (6, 6)
400_2___17__    12   2  [0, 1, 1, 2, 0, 0, 1, 2, 3, 1, 3, 1]  (3, 6)
400_4___17__    12   2  [0, 1, 1, 3, 0, 1, 2, 3, 1, 2, 0, 1]  (5, 6)
400_5___17__    12   3  [1, 1, 3, 0, 1, 2, 3, 4, 0, 0, 0]  (2, 6)
600_3___17__    12   3  [1, 1, 2, 1, 1, 2, 3, 0, 0, 3, 0, 0]  (3, 6)
1000_4___17__    12   3  [1, 1, 0, 2, 2, 2, 3, 1, 1, 0, 0, 1]  (6, 7)
part_in:(1, 4), all_in:(5, 6), all_out:(1, 6)
gap56
600_5___18__    17   1  [0, 0, 1, 1, 0, 0, 0, 0, 0, 0, 0, 0, 6, 1, 0, 3]  (3, 9)
400_5___18__    16   1  [0, 0, 3, 0, 1, 0, 0, 0, 0, 0, 6, 1, 0, 1, 1]  (3, 9)
400_3___18__    15   1  [1, 1, 1, 0, 1, 0, 0, 0, 0, 0, 6, 1, 2, 1]  (4, 9)
400_4___18__    15   1  [0, 0, 3, 0, 1, 0, 0, 0, 0, 0, 6, 1, 2, 1]  (2, 9)
1000_3___18__    15   1  [1, 4, 1, 0, 0, 0, 0, 0, 3, 2, 1, 2, 0, 0]  (1, 9)
1000_5___18__    15   1  [1, 1, 2, 1, 0, 0, 0, 0, 0, 2, 3, 1, 0, 3]  (0, 9)
600_3___18__    14   1  [1, 1, 2, 2, 0, 0, 0, 0, 5, 0, 1, 0, 3]  (5, 9)
600_4___18__    14   1  [0, 0, 3, 0, 1, 0, 0, 0, 0, 0, 6, 1, 4]  (2, 9)
1000_2___18__    14   1  [1, 2, 1, 1, 0, 0, 0, 0, 0, 6, 1, 3, 0]  (1, 9)
1000_4___18__    14   1  [1, 1, 2, 1, 0, 0, 0, 0, 0, 2, 3, 1, 4]  (0, 9)
400_2___18__    12   1  [4, 1, 1, 0, 0, 0, 0, 0, 6, 1, 4]  (7, 9)
1000_1___18__    12   1  [6, 1, 0, 0, 0, 0, 0, 6, 1, 3, 0]  (3, 9)
400_1___18__    11   1  [6, 1, 0, 0, 0, 0, 0, 6, 1, 4]  (9, 9)
600_1___18__    11   1  [6, 1, 0, 0, 0, 0, 0, 6, 1, 4]  (6, 9)
600_2___18__    10   1  [6, 2, 0, 0, 0, 0, 6, 1, 4]  (5, 9)
part_in:(0, 6), all_in:(7, 9), all_out:(0, 9)
ball
1000_3___19__    14   4  [1, 0, 0, 2, 3, 1, 1, 2, 1, 0, 0, 0, 0, 0]  (2, 4)
600_4___19__    13   1  [2, 0, 1, 0, 2, 3, 1, 1, 4, 1, 0, 0, 0]  (3, 4)
400_4___19__    12   1  [3, 0, 0, 0, 2, 3, 1, 6, 1, 0, 0, 0]  (2, 4)
600_5___19__    12   1  [2, 0, 1, 0, 2, 3, 1, 1, 6, 0, 0, 0]  (2, 4)
1000_4___19__    12   1  [5, 0, 2, 2, 2, 1, 4, 0, 0, 0, 0, 0]  (2, 4)
400_3___19__    11   4  [2, 0, 2, 0, 2, 1, 6, 1, 0, 0, 0]  (3, 4)
400_5___19__    11   1  [3, 1, 0, 2, 0, 4, 0, 7, 0, 0, 0]  (2, 4)
1000_2___19__    11   8  [2, 3, 1, 1, 2, 1, 0, 0, 0, 0, 0]  (2, 4)
1000_5___19__    11   1  [5, 0, 2, 2, 2, 1, 5, 0, 0, 0, 0]  (1, 4)
600_2___19__    10   5  [2, 2, 5, 1, 3, 1, 0, 0, 0, 0]  (3, 4)
600_3___19__    10   5  [2, 2, 5, 1, 4, 0, 0, 0, 0, 0]  (3, 4)
600_1___19__    9   4  [0, 2, 2, 5, 1, 6, 0, 0, 0]  (2, 4)
1000_1___19__    9   5  [2, 2, 5, 1, 2, 3, 0, 0, 0]  (1, 4)
400_1___19__    8   8  [2, 2, 0, 1, 8, 0, 0, 0]  (3, 4)
400_2___19__    8   8  [2, 0, 4, 6, 1, 0, 0, 0]  (3, 4)
part_in:(1, 2), all_in:(3, 4), all_out:(1, 4)
ball_column
1000_5___20__    10   3  [2, 0, 4, 1, 0, 1, 3, 2, 4]  (6, 15)
400_1___20__    8   6  [0, 2, 3, 0, 1, 6, 4]  (6, 15)
600_5___20__    8   3  [2, 5, 2, 1, 0, 5, 4]  (6, 15)
1000_2___20__    8   3  [1, 0, 0, 7, 1, 0, 5, 4]  (8, 15)
1000_3___20__    7   3  [1, 1, 1, 4, 0, 8, 4]  (8, 15)
400_2___20__    6   3  [3, 2, 4, 1, 6, 4]  (7, 15)
400_5___20__    6   1  [1, 6, 1, 2, 8, 4]  (7, 15)
1000_1___20__    6   7  [4, 1, 0, 1, 6, 4]  (8, 15)
600_2___20__    5   3  [2, 10, 0, 5, 4]  (11, 15)
600_4___20__    5   3  [11, 1, 6, 4]  (8, 15)
1000_4___20__    5   3  [3, 7, 1, 6, 4]  (5, 15)
400_3___20__    4   3  [3, 7, 8, 4]  (5, 15)
400_4___20__    4   3  [6, 4, 8, 4]  (5, 15)
600_1___20__    4   6  [10, 0, 10]  (9, 15)
600_3___20__    3   3  [14, 5, 4]  (7, 15)
part_in:(5, 10), all_in:(11, 15), all_out:(5, 15)
blue_sort
400_4___21__    11   0  [1, 0, 4, 0, 3, 0, 2, 4, 4, 1]  (3, 11)
600_5___21__    11   0  [2, 4, 0, 3, 0, 7, 0, 1, 1, 0, 0]  (3, 5)
1000_5___21__    10   0  [2, 4, 0, 4, 7, 2, 1, 0, 0]  (3, 3)
400_5___21__    9   0  [2, 4, 0, 3, 0, 7, 4, 1]  (3, 9)
600_4___21__    9   0  [2, 4, 0, 3, 0, 7, 2, 1, 1]  (3, 10)
1000_3___21__    9   0  [2, 4, 0, 4, 2, 4, 5, 0]  (3, 9)
600_3___21__    8   0  [2, 4, 0, 3, 0, 10, 1, 1]  (3, 7)
1000_2___21__    8   0  [2, 5, 4, 2, 4, 2, 0, 2]  (3, 6)
600_2___21__    7   0  [2, 5, 3, 11, 0, 0, 1]  (3, 3)
1000_1___21__    7   0  [2, 10, 2, 7, 0, 2]  (3, 9)
1000_4___21__    7   0  [2, 4, 0, 4, 7, 4, 1]  (3, 7)
400_3___21__    6   0  [1, 0, 9, 8, 6]  (3, 12)
600_1___21__    6   0  [2, 5, 3, 11, 1, 1]  (3, 5)
400_2___21__    4   0  [2, 9, 8, 6]  (3, 7)
400_1___21__    3   0  [2, 18, 6]  (3, 7)
part_in:(6, 12), all_in:(3, 5), all_out:(3, 12)
