continues1
6_7: 13: [7, 9, 14, 22, 27, 30]: [3, 1, 4, 1, 1, 2, 1, 1, 3, 1, 1, 1, 1]: 0
19_3: 13: [3, 7, 13, 18, 23, 28]: [1, 2, 1, 1, 2, 1, 2, 2, 1, 1, 1, 2, 2]: 1
11_2: 12: [2, 6, 11, 17, 22, 30]: [1, 1, 1, 1, 2, 2, 1, 2, 2, 1, 1, 2]: 1
17_6: 12: [10, 15, 16, 22, 29, 31]: [1, 2, 2, 2, 1, 2, 1, 3, 1, 2, 1, 1]: 2
6_8: 11: [5, 10, 13, 20, 24, 28]: [1, 2, 2, 1, 1, 2, 4, 1, 1, 1, 1]: 1
2_6: 10: [3, 7, 11, 17, 25, 29]: [1, 1, 2, 1, 2, 1, 1, 2, 1, 1]: 2
10_9: 10: [6, 11, 17, 22, 28, 31]: [1, 2, 2, 2, 3, 1, 2, 2, 1, 1]: 0
12_3: 10: [3, 7, 13, 20, 23, 27]: [2, 1, 3, 1, 1, 1, 1, 1, 2, 1]: 2
3_7: 9: [2, 8, 19, 25, 30, 32]: [2, 2, 2, 3, 1, 1, 2, 1, 2]: 1
4_7: 9: [4, 7, 16, 25, 30, 31]: [2, 2, 1, 2, 2, 2, 2, 1, 2]: 1
9_2: 9: [3, 6, 10, 21, 25, 29]: [1, 1, 1, 1, 1, 2, 2, 1, 1]: 2
12_10: 9: [5, 9, 10, 18, 22, 27]: [1, 2, 1, 1, 1, 1, 1, 2, 1]: 0
13_7: 8: [4, 5, 12, 22, 27, 31]: [1, 3, 1, 1, 1, 1, 2, 2]: 1
14_6: 8: [4, 11, 13, 21, 33, 32]: [2, 2, 1, 2, 1, 3, 1, 2]: 0
6_10: 8: [9, 13, 17, 22, 29, 31]: [2, 2, 2, 3, 1, 1, 1, 1]: 1
1_6: 7: [4, 5, 10, 19, 25, 28]: [1, 1, 2, 1, 1, 1, 1]: 0
2_7: 7: [2, 5, 11, 24, 28, 30]: [4, 2, 1, 1, 1, 1, 2]: 1
3_6: 7: [6, 13, 15, 20, 25, 28]: [1, 1, 1, 3, 2, 2, 1]: 1
14_7: 7: [2, 6, 15, 23, 30, 32]: [1, 3, 1, 1, 1, 1, 2]: 1
15_8: 7: [5, 9, 16, 20, 27, 31]: [1, 3, 2, 3, 2, 3, 1]: 2
continues0
5_1: 3: [3, 9, 14, 17, 24, 27]: [0, 0, 0, 1, 1, 1, 1, 1, 1, 0, 0]: 1
20_6: 3: [5, 10, 14, 22, 28, 33]: [0, 0, 0, 2, 0, 2, 1, 1, 1, 1, 2]: 0
1_9: 2: [4, 8, 12, 21, 27, 30]: [0, 0, 1, 0, 0, 1, 0, 1, 1, 2, 2]: 1
5_2: 2: [3, 8, 13, 19, 22, 27]: [0, 0, 1, 2, 0, 2, 1, 1, 1, 0, 2]: 1
5_3: 2: [3, 8, 14, 19, 22, 27]: [0, 0, 1, 2, 2, 1, 2, 0, 0, 2, 0]: 1
5_7: 2: [4, 8, 19, 28, 30, 33]: [0, 0, 1, 1, 2, 2, 1, 2, 1, 0, 1]: 0
9_7: 2: [7, 9, 18, 24, 27, 30]: [0, 0, 1, 0, 2, 1, 1, 2, 1, 0, 0]: 0
12_2: 2: [3, 7, 11, 21, 24, 30]: [0, 0, 2, 0, 1, 4, 2, 0, 2, 2, 2]: 1
15_1: 2: [8, 15, 15, 23, 26, 32]: [0, 0, 2, 2, 2, 2, 3, 3, 1, 2, 2]: 0
15_7: 2: [1, 5, 14, 19, 28, 31]: [0, 0, 1, 1, 1, 2, 1, 1, 0, 1, 1]: 0
16_2: 2: [8, 13, 15, 21, 23, 29]: [0, 0, 1, 3, 2, 2, 3, 0, 1, 0, 4]: 1
17_1: 2: [7, 14, 17, 21, 25, 30]: [0, 0, 2, 1, 4, 0, 1, 1, 2, 0, 1]: 0
17_2: 2: [4, 12, 16, 21, 23, 29]: [0, 0, 1, 0, 2, 2, 2, 1, 2, 0, 1]: 3
20_1: 2: [4, 9, 12, 16, 25, 29]: [0, 0, 1, 0, 0, 2, 2, 1, 0, 0, 3]: 3
16_10: 2: [2, 8, 15, 20, 26, 30]: [0, 0, 1, 1, 2, 1, 1, 1, 1, 1, 2]: 2
1_1: 1: [5, 12, 13, 19, 23, 29]: [0, 2, 2, 0, 1, 1, 1, 1, 1, 1, 2]: 2
1_2: 1: [3, 7, 12, 21, 23, 29]: [0, 2, 0, 0, 1, 1, 1, 2, 1, 0, 1]: 3
2_8: 1: [6, 11, 19, 23, 28, 30]: [0, 2, 2, 2, 1, 0, 2, 2, 1, 1, 1]: 0
6_1: 1: [4, 6, 12, 22, 28, 30]: [0, 1, 1, 1, 2, 1, 1, 2, 1, 2, 1]: 1
6_3: 1: [3, 7, 12, 17, 22, 27]: [0, 1, 2, 0, 1, 2, 1, 0, 1, 1, 2]: 2
7_3: 1: [3, 7, 12, 18, 24, 29]: [0, 1, 2, 1, 0, 1, 2, 1, 0, 2, 1]: 3
8_2: 1: [2, 6, 10, 18, 23, 28]: [0, 2, 2, 2, 3, 2, 1, 1, 2, 0, 3]: 1
9_6: 1: [7, 11, 15, 20, 26, 30]: [0, 2, 1, 1, 2, 2, 0, 0, 1, 2, 1]: 1
10_1: 1: [4, 7, 11, 18, 22, 27]: [0, 2, 1, 2, 0, 1, 1, 1, 3, 0, 1]: 0
10_2: 1: [3, 9, 13, 21, 23, 29]: [0, 1, 0, 1, 1, 1, 1, 2, 1, 2, 2]: 2
10_6: 1: [4, 7, 14, 19, 27, 31]: [0, 3, 2, 1, 1, 1, 1, 1, 2, 1, 0]: 0
10_8: 1: [5, 11, 20, 22, 29, 30]: [0, 4, 2, 1, 2, 1, 3, 0, 2, 1, 1]: 2
12_7: 1: [4, 9, 14, 25, 27, 30]: [0, 1, 1, 1, 2, 0, 3, 1, 0, 0, 1]: 0
12_8: 1: [7, 12, 15, 21, 27, 31]: [0, 1, 3, 2, 1, 1, 2, 1, 1, 1, 0]: 1
13_1: 1: [12, 16, 17, 21, 25, 30]: [0, 1, 0, 1, 1, 0, 1, 0, 0, 1, 1]: 2
13_6: 1: [4, 9, 11, 16, 23, 30]: [0, 1, 3, 1, 0, 2, 2, 0, 1, 0, 1]: 1
14_3: 1: [3, 9, 13, 18, 23, 29]: [0, 2, 2, 1, 2, 0, 2, 1, 2, 1, 2]: 2
14_9: 1: [5, 9, 15, 22, 29, 30]: [0, 1, 0, 2, 3, 2, 0, 3, 3, 0, 1]: 1
16_3: 1: [4, 8, 13, 18, 22, 28]: [0, 1, 3, 0, 0, 0, 2, 1, 1, 1, 2]: 0
16_9: 1: [2, 5, 15, 22, 26, 29]: [0, 1, 2, 1, 3, 2, 1, 0, 3, 0, 2]: 2
18_6: 1: [5, 11, 16, 20, 25, 31]: [0, 1, 2, 2, 1, 1, 2, 0, 1, 1, 0]: 2
19_2: 1: [2, 7, 11, 18, 22, 29]: [0, 1, 3, 1, 2, 2, 1, 0, 1, 1, 1]: 2
20_2: 1: [4, 8, 13, 18, 23, 29]: [0, 1, 3, 1, 2, 2, 1, 2, 0, 1, 1]: 1
20_3: 1: [3, 8, 13, 18, 23, 28]: [0, 1, 3, 1, 0, 3, 1, 1, 1, 1, 1]: 1
4_10: 1: [7, 10, 15, 20, 27, 30]: [0, 1, 1, 0, 1, 0, 1, 0, 0, 1, 2]: 1
5_10: 1: [11, 12, 18, 22, 27, 31]: [0, 1, 1, 0, 2, 1, 1, 1, 1, 2, 2]: 1
7_10: 1: [6, 11, 13, 21, 27, 32]: [0, 1, 3, 2, 1, 0, 1, 0, 0, 1, 2]: 0
9_10: 1: [11, 15, 18, 24, 26, 31]: [0, 2, 1, 0, 2, 1, 2, 1, 3, 1, 2]: 0
13_10: 1: [6, 9, 13, 20, 27, 31]: [0, 1, 2, 1, 1, 0, 1, 1, 3, 0, 1]: 1
14_10: 1: [8, 12, 15, 21, 26, 29]: [0, 1, 1, 1, 1, 1, 1, 2, 2, 0, 2]: 2
17_10: 1: [6, 12, 15, 21, 26, 29]: [0, 1, 1, 1, 0, 1, 0, 2, 1, 1, 2]: 2
19_10: 1: [6, 13, 16, 22, 25, 30]: [0, 2, 2, 1, 2, 1, 1, 0, 2, 1, 2]: 1
1_0: 0: [7, 9, 14, 22, 27, 30]: [1, 0, 0, 0, 0, 0, 1, 2, 1, 1, 2]: 0
1_3: 0: [4, 9, 14, 18, 22, 27]: [2, 0, 1, 1, 1, 2, 2, 1, 0, 1, 2]: 0
1_4: 0: [4, 9, 13, 18, 23, 28]: [1, 1, 2, 0, 2, 0, 0, 0, 1, 1, 2]: 0
1_5: 0: [4, 9, 14, 19, 23, 28]: [1, 2, 3, 0, 2, 1, 0, 2, 2, 1, 1]: 0
1_6: 0: [4, 5, 10, 19, 25, 28]: [1, 1, 2, 1, 1, 1, 1, 0, 0, 0, 0]: 0
1_7: 0: [3, 3, 10, 20, 26, 29]: [2, 2, 1, 1, 1, 0, 1, 1, 0, 0, 2]: 3
1_8: 0: [3, 8, 12, 21, 26, 30]: [1, 2, 2, 1, 0, 1, 0, 1, 1, 1, 1]: 2
2_0: 0: [10, 14, 15, 20, 27, 31]: [1, 1, 3, 3, 3, 0, 0, 0, 2, 1, 0]: 1
2_1: 0: [7, 9, 11, 18, 21, 27]: [1, 0, 2, 1, 0, 1, 0, 1, 2, 0, 1]: 0
2_2: 0: [3, 7, 12, 21, 26, 29]: [2, 0, 2, 2, 1, 1, 2, 2, 2, 1, 1]: 3
2_3: 0: [4, 8, 13, 19, 23, 28]: [1, 2, 3, 0, 0, 3, 2, 0, 2, 1, 2]: 0
2_4: 0: [4, 8, 13, 19, 23, 28]: [1, 1, 3, 0, 0, 0, 1, 1, 3, 1, 1]: 0
2_5: 0: [4, 9, 14, 19, 23, 28]: [1, 0, 2, 0, 1, 0, 1, 2, 1, 1, 1]: 0
2_6: 0: [3, 7, 11, 17, 25, 29]: [1, 1, 2, 1, 2, 1, 1, 2, 1, 1, 0]: 2
2_7: 0: [2, 5, 11, 24, 28, 30]: [4, 2, 1, 1, 1, 1, 2, 0, 2, 2, 0]: 1
2_9: 0: [4, 8, 15, 25, 30, 32]: [2, 1, 0, 2, 3, 1, 1, 0, 1, 2, 3]: 0
3_0: 0: [7, 12, 16, 20, 27, 30]: [1, 1, 2, 1, 1, 2, 1, 0, 1, 2, 1]: 3
3_1: 0: [3, 7, 10, 15, 21, 29]: [1, 0, 3, 0, 0, 0, 0, 3, 1, 2, 2]: 2
3_2: 0: [3, 7, 10, 22, 24, 28]: [2, 1, 0, 0, 2, 1, 3, 0, 1, 0, 2]: 1
3_3: 0: [4, 7, 12, 18, 22, 27]: [1, 0, 3, 0, 1, 2, 1, 2, 0, 0, 1]: 1
3_4: 0: [4, 8, 13, 18, 23, 28]: [2, 1, 1, 0, 1, 0, 2, 0, 0, 1, 0]: 0
3_5: 0: [4, 9, 13, 18, 23, 28]: [2, 1, 3, 0, 1, 1, 1, 2, 2, 1, 1]: 0
3_6: 0: [6, 13, 15, 20, 25, 28]: [1, 1, 1, 3, 2, 2, 1, 0, 0, 0, 1]: 1
3_7: 0: [2, 8, 19, 25, 30, 32]: [2, 2, 2, 3, 1, 1, 2, 1, 2, 0, 3]: 1
3_8: 0: [5, 11, 17, 22, 27, 30]: [2, 0, 0, 1, 1, 0, 0, 0, 1, 1, 2]: 0
3_9: 0: [5, 11, 19, 22, 28, 31]: [1, 3, 2, 0, 1, 0, 2, 1, 3, 2, 2]: 0
4_0: 0: [7, 10, 15, 20, 27, 30]: [0, 1, 1, 0, 1, 0, 1, 0, 0, 1, 2]: 1
4_1: 0: [5, 6, 11, 15, 19, 27]: [1, 2, 1, 1, 2, 0, 2, 0, 1, 0, 1]: 0
4_2: 0: [4, 8, 13, 18, 20, 28]: [2, 1, 0, 1, 2, 3, 2, 0, 3, 2, 3]: 1
4_3: 0: [3, 7, 12, 18, 24, 28]: [1, 0, 1, 0, 0, 2, 2, 0, 1, 0, 1]: 2
4_4: 0: [3, 8, 13, 19, 24, 28]: [2, 2, 2, 0, 2, 0, 1, 1, 1, 1, 0]: 1
4_5: 0: [4, 8, 14, 19, 24, 28]: [1, 2, 3, 0, 2, 1, 1, 1, 2, 1, 1]: 0
4_6: 0: [3, 8, 14, 19, 26, 30]: [1, 3, 2, 1, 0, 0, 1, 0, 1, 2, 1]: 1
4_7: 0: [4, 7, 16, 25, 30, 31]: [2, 2, 1, 2, 2, 2, 2, 1, 2, 0, 2]: 1
4_8: 0: [4, 10, 18, 24, 27, 31]: [1, 0, 2, 0, 2, 0, 2, 1, 2, 1, 2]: 0
4_9: 0: [4, 8, 15, 23, 28, 32]: [3, 2, 0, 1, 2, 0, 1, 1, 0, 0, 1]: 0
5_0: 0: [11, 12, 18, 22, 27, 31]: [0, 1, 1, 0, 2, 1, 1, 1, 1, 2, 2]: 1
5_4: 0: [4, 8, 13, 19, 23, 28]: [0, 2, 1, 0, 2, 1, 1, 1, 2, 2, 1]: 0
5_5: 0: [4, 9, 14, 18, 23, 28]: [2, 2, 1, 0, 2, 0, 1, 2, 1, 1, 1]: 0
5_6: 0: [3, 12, 15, 20, 23, 29]: [1, 0, 1, 3, 1, 2, 0, 1, 1, 2, 1]: 4
5_8: 0: [5, 11, 18, 21, 24, 30]: [1, 2, 1, 0, 2, 1, 0, 0, 0, 2, 2]: 0
5_9: 0: [8, 10, 19, 23, 29, 32]: [2, 0, 1, 0, 1, 0, 2, 1, 1, 1, 1]: 1
6_0: 0: [9, 13, 17, 22, 29, 31]: [2, 2, 2, 3, 1, 1, 1, 1, 0, 1, 3]: 1
6_2: 0: [3, 7, 13, 22, 25, 29]: [2, 1, 2, 1, 2, 2, 0, 2, 1, 1, 2]: 2
6_4: 0: [4, 8, 13, 18, 23, 28]: [1, 1, 2, 0, 2, 1, 0, 1, 0, 0, 1]: 0
6_5: 0: [4, 9, 13, 18, 24, 28]: [1, 1, 3, 0, 2, 0, 0, 2, 1, 1, 1]: 0
6_6: 0: [8, 12, 13, 19, 23, 28]: [1, 1, 0, 1, 2, 1, 1, 0, 2, 0, 1]: 1
6_7: 0: [7, 9, 14, 22, 27, 30]: [3, 1, 4, 1, 1, 2, 1, 1, 3, 1, 1]: 0
6_8: 0: [5, 10, 13, 20, 24, 28]: [1, 2, 2, 1, 1, 2, 4, 1, 1, 1, 1]: 1
6_9: 0: [7, 10, 15, 23, 28, 31]: [1, 0, 2, 1, 1, 2, 1, 0, 1, 0, 2]: 0
7_0: 0: [6, 11, 13, 21, 27, 32]: [0, 1, 3, 2, 1, 0, 1, 0, 0, 1, 2]: 0
7_1: 0: [6, 9, 12, 15, 21, 27]: [1, 2, 1, 1, 1, 0, 1, 1, 2, 0, 0]: 1
7_2: 0: [3, 9, 14, 21, 25, 30]: [2, 1, 1, 0, 1, 1, 1, 2, 1, 0, 2]: 1
7_4: 0: [4, 8, 13, 18, 23, 28]: [1, 1, 2, 0, 2, 0, 1, 1, 1, 1, 1]: 0
7_5: 0: [4, 8, 14, 18, 23, 28]: [2, 1, 2, 0, 1, 0, 1, 2, 2, 1, 1]: 0
7_6: 0: [7, 12, 15, 19, 26, 31]: [2, 2, 0, 1, 0, 1, 0, 1, 2, 0, 3]: 1
7_7: 0: [4, 9, 18, 24, 28, 31]: [1, 0, 2, 1, 3, 1, 1, 2, 1, 3, 2]: 0
7_8: 0: [6, 13, 16, 21, 28, 30]: [1, 1, 1, 0, 1, 0, 0, 0, 1, 1, 1]: 1
7_9: 0: [6, 11, 18, 24, 28, 31]: [2, 0, 2, 1, 3, 3, 2, 1, 2, 1, 3]: 0
8_0: 0: [11, 15, 16, 21, 27, 30]: [1, 1, 2, 1, 1, 0, 3, 0, 3, 1, 1]: 1
8_1: 0: [5, 8, 12, 14, 22, 28]: [2, 0, 2, 2, 0, 2, 1, 0, 1, 2, 1]: 1
8_3: 0: [3, 8, 13, 19, 23, 28]: [2, 0, 2, 2, 2, 3, 1, 0, 0, 0, 2]: 1
8_4: 0: [4, 9, 13, 19, 23, 28]: [1, 1, 1, 0, 0, 1, 2, 1, 2, 1, 1]: 0
8_5: 0: [4, 9, 14, 19, 23, 28]: [1, 1, 3, 0, 1, 1, 1, 2, 2, 1, 1]: 0
8_6: 0: [11, 14, 14, 17, 28, 32]: [1, 1, 0, 3, 0, 2, 0, 1, 1, 2, 3]: 0
8_7: 0: [7, 11, 16, 19, 30, 32]: [3, 1, 0, 2, 0, 2, 1, 0, 1, 0, 0]: 1
8_8: 0: [9, 13, 15, 18, 27, 31]: [2, 2, 2, 2, 3, 1, 0, 2, 2, 1, 1]: 0
8_9: 0: [7, 9, 13, 19, 28, 30]: [3, 0, 1, 1, 1, 1, 2, 1, 2, 2, 1]: 0
9_0: 0: [11, 15, 18, 24, 26, 31]: [0, 2, 1, 0, 2, 1, 2, 1, 3, 1, 2]: 0
9_1: 0: [5, 6, 9, 13, 20, 27]: [1, 0, 2, 0, 0, 2, 0, 1, 1, 0, 0]: 1
9_2: 0: [3, 6, 10, 21, 25, 29]: [1, 1, 1, 1, 1, 2, 2, 1, 1, 0, 2]: 2
9_3: 0: [3, 8, 13, 20, 23, 28]: [2, 0, 3, 1, 2, 2, 2, 0, 0, 2, 1]: 2
9_4: 0: [4, 8, 13, 19, 23, 28]: [2, 1, 2, 0, 2, 0, 2, 1, 1, 1, 1]: 0
9_5: 0: [4, 9, 13, 19, 23, 28]: [1, 1, 3, 0, 2, 0, 0, 2, 2, 1, 1]: 0
9_8: 0: [9, 12, 16, 22, 26, 29]: [1, 2, 1, 2, 0, 0, 3, 1, 1, 3, 1]: 3
9_9: 0: [9, 13, 18, 25, 27, 31]: [1, 3, 0, 1, 1, 1, 2, 2, 2, 2, 1]: 0
10_0: 0: [10, 13, 15, 22, 28, 30]: [1, 2, 1, 1, 1, 0, 0, 1, 0, 1, 2]: 0
10_3: 0: [3, 7, 12, 17, 22, 28]: [2, 0, 3, 1, 1, 0, 1, 1, 0, 1, 1]: 2
10_4: 0: [4, 8, 13, 18, 23, 28]: [1, 2, 2, 0, 2, 1, 2, 1, 3, 1, 2]: 0
10_5: 0: [4, 9, 14, 18, 23, 28]: [2, 1, 3, 0, 2, 1, 1, 2, 1, 1, 1]: 0
10_7: 0: [3, 9, 17, 23, 27, 31]: [2, 1, 1, 0, 2, 1, 2, 1, 2, 1, 0]: 1
10_9: 0: [6, 11, 17, 22, 28, 31]: [1, 2, 2, 2, 3, 1, 2, 2, 1, 1, 0]: 0
11_0: 0: [9, 13, 18, 22, 27, 31]: [2, 1, 2, 1, 0, 1, 1, 2, 2, 1, 1]: 0
11_1: 0: [3, 7, 10, 13, 20, 28]: [1, 1, 1, 2, 0, 2, 0, 2, 0, 1, 2]: 2
11_2: 0: [2, 6, 11, 17, 22, 30]: [1, 1, 1, 1, 2, 2, 1, 2, 2, 1, 1]: 1
11_3: 0: [3, 8, 13, 18, 22, 27]: [1, 1, 3, 0, 1, 1, 1, 2, 1, 2, 0]: 1
11_4: 0: [4, 8, 13, 18, 23, 28]: [2, 2, 2, 0, 2, 0, 2, 1, 1, 0, 1]: 0
11_5: 0: [4, 9, 14, 19, 24, 28]: [2, 2, 3, 0, 2, 1, 1, 1, 2, 1, 1]: 0
11_6: 0: [4, 9, 11, 17, 26, 28]: [1, 3, 1, 2, 0, 0, 3, 1, 1, 1, 2]: 0
11_7: 0: [3, 8, 12, 19, 28, 29]: [2, 1, 2, 0, 3, 1, 1, 1, 2, 2, 0]: 3
11_8: 0: [5, 10, 14, 22, 29, 30]: [1, 1, 1, 1, 1, 1, 0, 0, 3, 0, 1]: 1
11_9: 0: [8, 11, 15, 21, 29, 31]: [3, 0, 1, 1, 1, 0, 1, 0, 2, 0, 1]: 1
12_0: 0: [5, 9, 10, 18, 22, 27]: [1, 2, 1, 1, 1, 1, 1, 2, 1, 0, 2]: 0
12_1: 0: [4, 7, 8, 16, 25, 28]: [1, 0, 2, 0, 2, 2, 2, 2, 2, 1, 2]: 1
12_3: 0: [3, 7, 13, 20, 23, 27]: [2, 1, 3, 1, 1, 1, 1, 1, 2, 1, 0]: 2
12_4: 0: [3, 8, 13, 19, 23, 28]: [1, 1, 2, 0, 2, 1, 1, 1, 1, 1, 1]: 1
12_5: 0: [4, 9, 14, 19, 23, 28]: [1, 1, 3, 0, 2, 1, 1, 2, 1, 1, 1]: 0
12_6: 0: [10, 13, 16, 20, 26, 30]: [1, 2, 1, 2, 1, 0, 3, 2, 0, 1, 1]: 2
12_9: 0: [5, 10, 13, 21, 25, 28]: [2, 0, 2, 1, 0, 1, 1, 1, 0, 1, 1]: 0
13_0: 0: [6, 9, 13, 20, 27, 31]: [0, 1, 2, 1, 1, 0, 1, 1, 3, 0, 1]: 1
13_2: 0: [3, 8, 12, 17, 19, 29]: [1, 0, 2, 1, 2, 0, 0, 1, 1, 1, 2]: 3
13_3: 0: [3, 8, 13, 18, 21, 27]: [2, 0, 2, 1, 2, 3, 2, 1, 1, 1, 1]: 1
13_4: 0: [3, 8, 13, 18, 23, 28]: [1, 2, 2, 0, 1, 0, 1, 1, 0, 1, 0]: 1
13_5: 0: [4, 9, 14, 18, 23, 28]: [2, 1, 3, 0, 1, 1, 1, 2, 2, 2, 1]: 0
13_7: 0: [4, 5, 12, 22, 27, 31]: [1, 3, 1, 1, 1, 1, 2, 2, 0, 1, 1]: 1
13_8: 0: [5, 10, 15, 21, 27, 30]: [2, 2, 0, 1, 1, 1, 2, 0, 2, 2, 1]: 0
13_9: 0: [6, 9, 15, 20, 27, 30]: [1, 0, 1, 0, 1, 1, 2, 2, 0, 0, 2]: 1
14_0: 0: [8, 12, 15, 21, 26, 29]: [0, 1, 1, 1, 1, 1, 1, 2, 2, 0, 2]: 2
14_1: 0: [10, 15, 18, 21, 27, 30]: [2, 2, 1, 3, 1, 0, 1, 2, 1, 1, 3]: 0
14_2: 0: [3, 10, 15, 24, 26, 31]: [1, 1, 1, 2, 0, 1, 3, 2, 2, 1, 2]: 1
14_4: 0: [4, 8, 13, 18, 23, 28]: [1, 0, 3, 0, 1, 0, 1, 1, 1, 1, 1]: 0
14_5: 0: [4, 9, 14, 18, 24, 28]: [2, 1, 3, 0, 1, 1, 0, 2, 1, 2, 1]: 0
14_6: 0: [4, 11, 13, 21, 33, 32]: [2, 2, 1, 2, 1, 3, 1, 2, 0, 0, 3]: 0
14_7: 0: [2, 6, 15, 23, 30, 32]: [1, 3, 1, 1, 1, 1, 2, 0, 1, 0, 0]: 1
14_8: 0: [4, 10, 15, 20, 31, 31]: [1, 0, 3, 2, 1, 1, 0, 2, 0, 1, 0]: 1
15_0: 0: [9, 15, 17, 20, 26, 31]: [1, 0, 3, 1, 1, 2, 0, 0, 1, 1, 3]: 1
15_2: 0: [3, 9, 12, 20, 24, 29]: [1, 2, 0, 0, 1, 3, 0, 1, 3, 2, 0]: 4
15_3: 0: [3, 8, 12, 18, 21, 28]: [1, 2, 2, 1, 0, 2, 1, 1, 0, 1, 1]: 2
15_4: 0: [4, 8, 13, 18, 23, 28]: [1, 2, 2, 0, 2, 0, 1, 0, 0, 1, 1]: 0
15_5: 0: [4, 9, 14, 18, 24, 28]: [1, 1, 3, 0, 2, 1, 0, 2, 2, 1, 1]: 0
15_6: 0: [5, 7, 14, 19, 27, 31]: [3, 1, 2, 0, 1, 1, 1, 3, 0, 1, 2]: 0
15_8: 0: [5, 9, 16, 20, 27, 31]: [1, 3, 2, 3, 2, 3, 1, 0, 1, 1, 2]: 2
15_9: 0: [4, 9, 15, 21, 30, 32]: [1, 0, 2, 1, 3, 1, 0, 0, 2, 1, 1]: 0
16_0: 0: [2, 8, 15, 20, 26, 30]: [0, 0, 1, 1, 2, 1, 1, 1, 1, 1, 2]: 2
16_1: 0: [13, 17, 16, 21, 25, 31]: [1, 0, 0, 1, 1, 1, 2, 0, 3, 1, 2]: 1
16_4: 0: [4, 9, 13, 18, 23, 28]: [1, 0, 1, 0, 2, 0, 1, 0, 0, 1, 2]: 0
16_5: 0: [4, 9, 14, 19, 23, 28]: [1, 1, 3, 0, 2, 0, 0, 2, 2, 1, 1]: 0
16_6: 0: [3, 9, 14, 18, 26, 30]: [2, 0, 2, 1, 1, 2, 2, 1, 1, 1, 0]: 1
16_7: 0: [2, 4, 13, 25, 27, 31]: [2, 0, 1, 1, 3, 1, 1, 1, 1, 1, 1]: 1
16_8: 0: [2, 8, 16, 22, 27, 30]: [1, 0, 0, 0, 2, 0, 1, 0, 1, 0, 1]: 2
17_0: 0: [6, 12, 15, 21, 26, 29]: [0, 1, 1, 1, 0, 1, 0, 2, 1, 1, 2]: 2
17_3: 0: [2, 7, 13, 19, 22, 27]: [2, 0, 3, 0, 2, 0, 2, 1, 1, 1, 1]: 1
17_4: 0: [3, 8, 13, 19, 23, 28]: [1, 1, 2, 0, 1, 1, 1, 1, 1, 1, 0]: 1
17_5: 0: [4, 9, 14, 19, 24, 28]: [2, 1, 3, 0, 1, 1, 1, 2, 1, 1, 1]: 0
17_6: 0: [10, 15, 16, 22, 29, 31]: [1, 2, 2, 2, 1, 2, 1, 3, 1, 2, 1]: 2
17_7: 0: [7, 9, 18, 28, 32, 32]: [1, 0, 1, 1, 1, 2, 0, 3, 1, 1, 1]: 0
17_8: 0: [6, 13, 19, 24, 28, 29]: [2, 1, 1, 2, 0, 1, 0, 1, 1, 1, 0]: 1
17_9: 0: [4, 10, 16, 23, 29, 31]: [1, 1, 1, 2, 2, 0, 0, 0, 3, 2, 0]: 2
18_0: 0: [7, 12, 17, 22, 27, 33]: [3, 1, 1, 0, 1, 2, 2, 2, 1, 1, 1]: 1
18_1: 0: [10, 14, 17, 19, 25, 28]: [2, 0, 1, 3, 0, 3, 1, 0, 2, 2, 3]: 0
18_2: 0: [8, 14, 16, 20, 22, 28]: [1, 0, 1, 0, 2, 1, 0, 0, 1, 1, 1]: 2
18_3: 0: [2, 7, 12, 18, 22, 27]: [1, 0, 1, 0, 2, 3, 3, 2, 2, 0, 0]: 2
18_4: 0: [3, 8, 13, 18, 23, 28]: [1, 1, 1, 0, 0, 0, 1, 1, 1, 1, 1]: 1
18_5: 0: [4, 8, 13, 18, 23, 28]: [2, 2, 2, 0, 1, 1, 1, 1, 1, 1, 2]: 0
18_7: 0: [3, 12, 19, 24, 28, 31]: [2, 1, 1, 1, 1, 2, 0, 1, 2, 2, 3]: 2
18_8: 0: [4, 13, 17, 20, 25, 31]: [1, 2, 0, 1, 0, 2, 2, 1, 1, 0, 0]: 1
18_9: 0: [2, 10, 17, 21, 25, 30]: [1, 1, 0, 4, 1, 2, 1, 1, 2, 2, 1]: 1
19_0: 0: [6, 13, 16, 22, 25, 30]: [0, 2, 2, 1, 2, 1, 1, 0, 2, 1, 2]: 1
19_1: 0: [4, 9, 12, 15, 21, 27]: [3, 1, 2, 1, 2, 2, 0, 1, 1, 1, 1]: 1
19_3: 0: [3, 7, 13, 18, 23, 28]: [1, 2, 1, 1, 2, 1, 2, 2, 1, 1, 1]: 1
19_4: 0: [4, 8, 13, 18, 23, 28]: [1, 0, 2, 0, 2, 1, 1, 1, 3, 1, 1]: 0
19_5: 0: [4, 9, 14, 18, 24, 28]: [2, 1, 2, 0, 2, 1, 1, 2, 2, 1, 1]: 0
19_6: 0: [5, 9, 15, 22, 26, 29]: [3, 1, 3, 2, 2, 1, 0, 0, 2, 2, 1]: 1
19_7: 0: [5, 10, 16, 21, 27, 28]: [1, 1, 3, 0, 2, 1, 1, 1, 0, 2, 1]: 1
19_8: 0: [8, 12, 19, 24, 27, 31]: [2, 2, 2, 0, 2, 2, 1, 0, 3, 1, 2]: 1
19_9: 0: [6, 13, 18, 24, 27, 30]: [2, 4, 2, 0, 1, 1, 2, 1, 1, 2, 0]: 0
20_0: 0: [9, 15, 15, 20, 26, 31]: [1, 0, 1, 1, 1, 2, 1, 0, 1, 0, 1]: 1
20_4: 0: [4, 8, 13, 18, 23, 28]: [1, 0, 0, 0, 1, 0, 2, 0, 0, 0, 0]: 0
20_5: 0: [4, 9, 13, 18, 23, 28]: [1, 1, 3, 0, 1, 0, 0, 2, 2, 0, 1]: 0
20_7: 0: [6, 8, 17, 23, 29, 33]: [1, 2, 0, 0, 0, 2, 0, 1, 2, 0, 1]: 1
20_8: 0: [5, 10, 12, 19, 27, 32]: [2, 2, 1, 1, 3, 0, 0, 0, 3, 0, 1]: 1
20_9: 0: [9, 15, 15, 21, 28, 32]: [2, 3, 1, 1, 0, 2, 0, 1, 2, 0, 2]: 0
1_10: 0: [7, 9, 14, 22, 27, 30]: [1, 0, 0, 0, 0, 0, 1, 2, 1, 1, 2]: 0
2_10: 0: [10, 14, 15, 20, 27, 31]: [1, 1, 3, 3, 3, 0, 0, 0, 2, 1, 0]: 1
3_10: 0: [7, 12, 16, 20, 27, 30]: [1, 1, 2, 1, 1, 2, 1, 0, 1, 2, 1]: 3
6_10: 0: [9, 13, 17, 22, 29, 31]: [2, 2, 2, 3, 1, 1, 1, 1, 0, 1, 3]: 1
8_10: 0: [11, 15, 16, 21, 27, 30]: [1, 1, 2, 1, 1, 0, 3, 0, 3, 1, 1]: 1
10_10: 0: [10, 13, 15, 22, 28, 30]: [1, 2, 1, 1, 1, 0, 0, 1, 0, 1, 2]: 0
11_10: 0: [9, 13, 18, 22, 27, 31]: [2, 1, 2, 1, 0, 1, 1, 2, 2, 1, 1]: 0
12_10: 0: [5, 9, 10, 18, 22, 27]: [1, 2, 1, 1, 1, 1, 1, 2, 1, 0, 2]: 0
15_10: 0: [9, 15, 17, 20, 26, 31]: [1, 0, 3, 1, 1, 2, 0, 0, 1, 1, 3]: 1
18_10: 0: [7, 12, 17, 22, 27, 33]: [3, 1, 1, 0, 1, 2, 2, 2, 1, 1, 1]: 1
20_10: 0: [9, 15, 15, 20, 26, 31]: [1, 0, 1, 1, 1, 2, 1, 0, 1, 0, 1]: 1
