predict number: 1
('2_9&0%7_2&0%20_7&0%10_9&0%9_2&0%10_7&0%12_8&0%19_8&0%2_6&0', 4)
len:19 predict: {5, 6, 7, 8, 9, 10, 11, 12, 13, 14, 15, 16, 17, 19, 20, 21, 22, 26, 27}:
predict number: 2
('3_2&0%15_7&1%2_9&0%7_2&0%9_2&1%10_7&1%12_8&1%13_1&0%19_8&0', 3)
len:21 predict: {5, 6, 7, 8, 9, 10, 11, 12, 13, 14, 15, 16, 17, 18, 19, 20, 21, 22, 23, 26, 27}:
predict number: 3
('3_2&0%2_9&0%7_2&0%8_8&0%15_1&0%20_7&0%12_8&1%19_8&0%20_1&0', 3)
len:19 predict: {5, 6, 7, 8, 9, 10, 11, 12, 13, 14, 15, 16, 18, 19, 20, 21, 22, 23, 26}:
predict number: 4
('3_2&0%8_8&0%15_1&0%20_7&0%6_8&0%13_9&0%13_1&0%20_1&0%2_6&1', 3)
len:18 predict: {3, 6, 7, 8, 9, 10, 12, 13, 14, 15, 16, 17, 18, 19, 20, 21, 22, 23}:
predict number: 5
('15_7&0%2_9&0%7_8&1%8_8&0%6_8&0%13_9&0%10_7&0%12_8&0%13_1&0', 3)
len:18 predict: {3, 5, 6, 7, 8, 9, 10, 11, 12, 13, 14, 15, 16, 17, 18, 19, 20, 22}:

len:13 intersection:{6, 7, 8, 9, 10, 12, 13, 14, 15, 16, 19, 20, 22}
