red1
-1:[0.0, 180.7, 0.0, 90.9, 0.0, 0.4]272.0
0:[0.9, 179.8, -1.1, 92.0, -3.0, 3.4]272.0
1:[23.9, 156.8, 15.5, 75.4, 6.9, -6.5]272.0
2:[180.7, 0.0, 90.9, 0.0, 0.4, 0.0]272.0
3:[100.1, 80.6, 37.4, 53.5, -26.5, 26.9]272.0
4:[72.4, 108.3, 23.2, 67.7, -26.9, 27.3]272.0
5:[25.6, 155.1, -4.7, 95.6, -35.2, 35.6]272.0
6:[4.7, 176.0, -7.8, 98.7, -20.0, 20.4]272.0
7:[1.9, 178.8, -4.7, 95.6, -11.2, 11.6]272.0
8:[0.0, 180.7, 0.0, 90.9, 0.0, 0.4]272.0

0: -8.1|49.8|107.5
1: 2.1|66.4|131.1
2: -34.4|7.2|51.2
3: -31.6|26.0|84.1
4: -86.5|-36.7|15.0
5: -82.7|-14.8|54.9

red2
3:[0.0, 51.3, 0.0, -52.4, 0.0, -156.1]-157.2
4:[5.0, 46.3, -3.7, -48.7, -12.1, -144.0]-157.2
5:[16.4, 34.9, -7.9, -44.5, -31.8, -124.3]-157.20000000000002
6:[20.3, 31.0, -14.5, -37.9, -48.8, -107.3]-157.20000000000002
7:[28.8, 22.5, -26.8, -25.6, -82.7, -73.4]-157.2
8:[31.8, 19.5, -31.9, -20.5, -95.8, -60.3]-157.2
9:[51.3, 0.0, -52.4, 0.0, -156.1, 0.0]-157.2
10:[9.9, 41.4, -18.8, -33.6, -48.1, -108.0]-157.2
11:[4.4, 46.9, -7.0, -45.4, -18.5, -137.6]-157.19999999999996
12:[3.3, 48.0, -5.9, -46.5, -15.2, -140.9]-157.2
13:[0.0, 51.3, 0.0, -52.4, 0.0, -156.1]-157.2

0: 3.4|52.9|105.9
1: -10.6|48.1|105.7
2: -25.9|5.1|38.9
3: -52.0|-0.4|51.7
4: -95.9|-40.0|15.0
5: -126.0|-53.4|20.3

red3
4:[0.0, 108.0, 0.0, 25.4, 0.0, -58.3]75.1
5:[3.0, 105.0, 1.1, 24.3, -0.9, -57.4]75.1
6:[3.8, 104.2, -0.1, 25.5, -4.0, -54.3]75.1
7:[6.5, 101.5, -3.7, 29.1, -14.0, -44.3]75.09999999999997
8:[9.0, 99.0, -4.6, 30.0, -18.4, -39.9]75.1
9:[35.2, 72.8, 7.4, 18.0, -20.4, -37.9]75.1
10:[54.5, 53.5, 16.5, 8.9, -21.2, -37.1]75.1
11:[73.7, 34.3, 17.3, 8.1, -39.6, -18.7]75.09999999999997
12:[108.0, 0.0, 25.4, 0.0, -58.3, 0.0]75.1
13:[13.8, 94.2, 0.9, 24.5, -11.9, -46.4]75.09999999999997
14:[2.3, 105.7, -1.8, 27.2, -5.9, -52.4]75.09999999999997
15:[2.3, 105.7, -1.8, 27.2, -5.9, -52.4]75.09999999999997
16:[2.3, 105.7, -1.8, 27.2, -5.9, -52.4]75.09999999999997
17:[0.9, 107.1, -1.2, 26.6, -3.3, -55.0]75.09999999999998
18:[0.9, 107.1, -1.2, 26.6, -3.3, -55.0]75.09999999999998
19:[0.9, 107.1, -1.2, 26.6, -3.3, -55.0]75.09999999999998
20:[0.0, 108.0, 0.0, 25.4, 0.0, -58.3]75.1

0: -29.5|26.6|79.6
1: 2.4|38.6|78.8
2: -42.1|-11.3|20.6
3: -38.0|-7.1|26.5
4: -103.1|-43.7|15.3
5: -120.6|-51.7|13.9

red4
9:[0.0, 185.9, 0.0, 103.9, 0.0, 23.0]312.8
10:[10.4, 175.5, 8.7, 95.2, 6.9, 16.1]312.79999999999995
11:[10.4, 175.5, 8.7, 95.2, 6.9, 16.1]312.79999999999995
12:[14.6, 171.3, 7.4, 96.5, 0.4, 22.6]312.8
13:[26.2, 159.7, 10.7, 93.2, -3.8, 26.8]312.8
14:[38.4, 147.5, 14.8, 89.1, -8.0, 31.0]312.8
15:[54.5, 131.4, 20.9, 83.0, -11.6, 34.6]312.8
16:[68.9, 117.0, 28.8, 75.1, -10.5, 33.5]312.79999999999995
17:[90.8, 95.1, 40.2, 63.7, -9.1, 32.1]312.79999999999995
18:[124.3, 61.6, 63.2, 40.7, 3.5, 19.5]312.8
19:[138.6, 47.3, 71.2, 32.7, 5.4, 17.6]312.8
20:[160.1, 25.8, 88.3, 15.6, 17.8, 5.2]312.8
21:[184.7, 1.2, 104.8, -0.9, 26.0, -3.0]312.8
22:[185.9, 0.0, 103.9, 0.0, 23.0, 0.0]312.8
23:[0.0, 185.9, 0.0, 103.9, 0.0, 23.0]312.8

0: -25.3|32.8|91.2
1: 12.4|60.2|108.5
2: -16.1|17.0|49.3
3: -21.1|11.0|43.1
4: -62.5|-9.5|37.5
5: -112.2|-52.9|4.3

red5
12:[0.0, 160.1, 0.0, 62.9, 0.0, -34.3]188.7
13:[6.3, 153.8, 4.5, 58.4, 2.6, -36.9]188.7
14:[6.3, 153.8, 4.5, 58.4, 2.6, -36.9]188.7
15:[7.1, 153.0, 3.3, 59.6, -0.4, -33.9]188.7
16:[7.1, 153.0, 3.3, 59.6, -0.4, -33.9]188.7
17:[16.6, 143.5, 8.6, 54.3, 0.7, -35.0]188.7
18:[21.5, 138.6, 6.9, 56.0, -7.5, -26.8]188.7
19:[23.8, 136.3, 4.1, 58.8, -15.4, -18.9]188.7
20:[31.9, 128.2, 2.7, 60.2, -26.2, -8.1]188.70000000000005
21:[38.5, 121.6, 7.2, 55.7, -23.8, -10.5]188.70000000000005
22:[67.9, 92.2, 17.3, 45.6, -33.3, -1.0]188.70000000000007
23:[121.9, 38.2, 44.6, 18.3, -33.0, -1.3]188.7
24:[134.2, 25.9, 49.4, 13.5, -35.3, 1.0]188.7
25:[160.1, 0.0, 62.9, 0.0, -34.3, 0.0]188.7
26:[13.3, 146.8, 5.7, 57.2, -1.8, -32.5]188.7
27:[2.4, 157.7, -0.3, 63.2, -2.7, -31.6]188.70000000000002
28:[0.0, 160.1, 0.0, 62.9, 0.0, -34.3]188.7

0: -17.1|42.8|98.3
1: -3.6|55.4|114.5
2: -39.8|0.7|36.0
3: -40.6|7.9|50.7
4: -94.2|-43.4|7.8
5: -122.0|-51.4|13.3

red6
16:[0.0, 102.1, 0.0, 11.7, 0.0, -80.0]33.79999999999998
17:[3.5, 98.6, 1.4, 10.3, -1.0, -79.0]33.79999999999998
18:[3.5, 98.6, 1.4, 10.3, -1.0, -79.0]33.79999999999998
19:[3.5, 98.6, 1.4, 10.3, -1.0, -79.0]33.79999999999998
20:[8.7, 93.4, 2.3, 9.4, -4.2, -75.8]33.79999999999997
21:[15.7, 86.4, 1.8, 9.9, -12.0, -68.0]33.8
22:[23.9, 78.2, 3.0, 8.7, -18.4, -61.6]33.800000000000004
23:[28.3, 73.8, 3.0, 8.7, -23.1, -56.9]33.79999999999999
24:[47.6, 54.5, 4.6, 7.1, -39.9, -40.1]33.799999999999976
25:[60.5, 41.6, 5.7, 6.0, -50.4, -29.6]33.80000000000001
26:[73.5, 28.6, 8.0, 3.7, -58.8, -21.2]33.8
27:[86.7, 15.4, 9.6, 2.1, -68.7, -11.3]33.79999999999998
28:[96.3, 5.8, 11.1, 0.6, -75.7, -4.3]33.79999999999997
29:[99.1, 3.0, 11.5, 0.2, -77.7, -2.3]33.79999999999998
30:[102.1, 0.0, 11.7, 0.0, -80.0, 0.0]33.79999999999998
31:[102.1, 0.0, 11.7, 0.0, -80.0, 0.0]33.79999999999998
32:[102.1, 0.0, 11.7, 0.0, -80.0, 0.0]33.79999999999998
33:[102.1, 0.0, 11.7, 0.0, -80.0, 0.0]33.79999999999998
34:[0.0, 102.1, 0.0, 11.7, 0.0, -80.0]33.79999999999998

0: -30.4|27.1|83.8
1: -15.1|38.4|92.8
2: -42.4|-6.4|29.2
3: -66.4|-24.5|16.7
4: -88.5|-32.9|25.0
5: -150.7|-81.6|-14.8

red_sum_all
62:[0.0, 26.9, 0.0, -71.0, 0.0, -166.5]-210.60000000000002
63:[-0.6, 27.5, -2.5, -68.5, -4.5, -162.0]-210.60000000000002
64:[0.7, 26.2, -3.5, -67.5, -7.9, -158.6]-210.6
65:[0.7, 26.2, -3.5, -67.5, -7.9, -158.6]-210.6
66:[0.7, 26.2, -3.5, -67.5, -7.9, -158.6]-210.6
67:[0.7, 26.2, -3.5, -67.5, -7.9, -158.6]-210.6
68:[0.7, 26.2, -3.5, -67.5, -7.9, -158.6]-210.6
69:[0.7, 26.2, -3.5, -67.5, -7.9, -158.6]-210.6
70:[0.7, 26.2, -3.5, -67.5, -7.9, -158.6]-210.6
71:[0.7, 26.2, -3.5, -67.5, -7.9, -158.6]-210.6
72:[0.7, 26.2, -3.5, -67.5, -7.9, -158.6]-210.6
73:[1.7, 25.2, -5.0, -66.0, -11.8, -154.7]-210.6
74:[1.7, 25.2, -5.0, -66.0, -11.8, -154.7]-210.6
75:[1.2, 25.7, -7.9, -63.1, -17.0, -149.5]-210.6
76:[2.0, 24.9, -9.2, -61.8, -20.4, -146.1]-210.6
77:[2.0, 24.9, -9.2, -61.8, -20.4, -146.1]-210.6
78:[2.0, 24.9, -9.2, -61.8, -20.4, -146.1]-210.6
79:[2.0, 24.9, -9.2, -61.8, -20.4, -146.1]-210.6
80:[2.8, 24.1, -12.9, -58.1, -28.4, -138.1]-210.6
81:[3.9, 23.0, -16.1, -54.9, -36.1, -130.4]-210.59999999999997
82:[4.2, 22.7, -18.2, -52.8, -40.7, -125.8]-210.59999999999997
83:[4.2, 22.7, -18.2, -52.8, -40.7, -125.8]-210.59999999999997
84:[4.6, 22.3, -20.4, -50.6, -45.5, -121.0]-210.59999999999997
85:[5.1, 21.8, -26.3, -44.7, -57.5, -109.0]-210.6
86:[5.7, 21.2, -28.2, -42.8, -62.2, -104.3]-210.60000000000002
87:[5.7, 21.2, -33.0, -38.0, -71.3, -95.2]-210.6
88:[6.0, 20.9, -35.0, -36.0, -75.6, -90.9]-210.60000000000002
89:[6.0, 20.9, -37.5, -33.5, -80.8, -85.7]-210.60000000000002
90:[6.9, 20.0, -38.6, -32.4, -84.2, -82.3]-210.60000000000002
91:[8.3, 18.6, -40.3, -30.7, -88.8, -77.7]-210.60000000000002
92:[10.3, 16.6, -41.5, -29.5, -93.0, -73.5]-210.6
93:[10.3, 16.6, -41.5, -29.5, -93.0, -73.5]-210.6
94:[10.3, 16.6, -41.5, -29.5, -93.0, -73.5]-210.6
95:[11.1, 15.8, -44.6, -26.4, -99.9, -66.6]-210.6
96:[13.6, 13.3, -47.2, -23.8, -107.1, -59.4]-210.6
97:[16.0, 10.9, -50.1, -20.9, -115.5, -51.0]-210.60000000000002
98:[16.6, 10.3, -54.0, -17.0, -123.5, -43.0]-210.60000000000002
99:[16.6, 10.3, -54.0, -17.0, -123.5, -43.0]-210.60000000000002
100:[17.1, 9.8, -58.4, -12.6, -132.7, -33.8]-210.59999999999997
101:[19.8, 7.1, -61.3, -9.7, -141.1, -25.4]-210.60000000000002
102:[19.8, 7.1, -61.3, -9.7, -141.1, -25.4]-210.60000000000002
103:[26.9, 0.0, -71.0, 0.0, -166.5, 0.0]-210.60000000000002
104:[7.1, 19.8, -9.7, -61.3, -25.4, -141.1]-210.60000000000002
105:[7.1, 19.8, -9.7, -61.3, -25.4, -141.1]-210.60000000000002
106:[5.9, 21.0, -7.8, -63.2, -20.6, -145.9]-210.6
107:[5.9, 21.0, -7.8, -63.2, -20.6, -145.9]-210.6
108:[5.9, 21.0, -7.8, -63.2, -20.6, -145.9]-210.6
109:[5.9, 21.0, -7.8, -63.2, -20.6, -145.9]-210.6
110:[5.9, 21.0, -7.8, -63.2, -20.6, -145.9]-210.6
111:[4.0, 22.9, -6.6, -64.4, -16.7, -149.8]-210.6
112:[4.0, 22.9, -6.6, -64.4, -16.7, -149.8]-210.6
113:[4.0, 22.9, -6.6, -64.4, -16.7, -149.8]-210.6
114:[4.5, 22.4, -4.0, -67.0, -12.2, -154.3]-210.60000000000002
115:[4.5, 22.4, -4.0, -67.0, -12.2, -154.3]-210.60000000000002
116:[4.5, 22.4, -4.0, -67.0, -12.2, -154.3]-210.60000000000002
117:[4.5, 22.4, -4.0, -67.0, -12.2, -154.3]-210.60000000000002
118:[3.1, 23.8, -2.6, -68.4, -8.2, -158.3]-210.60000000000002
119:[3.1, 23.8, -2.6, -68.4, -8.2, -158.3]-210.60000000000002
120:[3.1, 23.8, -2.6, -68.4, -8.2, -158.3]-210.60000000000002
121:[3.1, 23.8, -2.6, -68.4, -8.2, -158.3]-210.60000000000002
122:[3.1, 23.8, -2.6, -68.4, -8.2, -158.3]-210.60000000000002
123:[3.1, 23.8, -2.6, -68.4, -8.2, -158.3]-210.60000000000002
124:[3.1, 23.8, -2.6, -68.4, -8.2, -158.3]-210.60000000000002
125:[3.1, 23.8, -2.6, -68.4, -8.2, -158.3]-210.60000000000002
126:[3.1, 23.8, -2.6, -68.4, -8.2, -158.3]-210.60000000000002
127:[3.1, 23.8, -2.6, -68.4, -8.2, -158.3]-210.60000000000002
128:[3.1, 23.8, -2.6, -68.4, -8.2, -158.3]-210.60000000000002
129:[1.4, 25.5, -1.6, -69.4, -4.3, -162.2]-210.60000000000002
130:[0.0, 26.9, 0.0, -71.0, 0.0, -166.5]-210.60000000000002

0: 10.0|65.8|119.1
1: -6.0|45.0|94.6
2: -21.9|13.1|44.6
3: -30.7|12.4|56.3
4: -103.3|-44.0|19.3
5: -109.8|-35.0|44.5

red_sum16
20:[0.0, 32.3, 0.0, -65.0, 0.0, -165.7]-198.39999999999998
21:[1.6, 30.7, -0.9, -64.1, -3.3, -162.4]-198.39999999999998
22:[2.5, 29.8, -3.0, -62.0, -8.5, -157.2]-198.4
23:[3.1, 29.2, -4.4, -60.6, -12.1, -153.6]-198.4
24:[3.8, 28.5, -5.9, -59.1, -15.9, -149.8]-198.39999999999998
25:[5.1, 27.2, -8.6, -56.4, -23.1, -142.6]-198.39999999999998
26:[5.6, 26.7, -10.3, -54.7, -27.0, -138.7]-198.39999999999998
27:[6.4, 25.9, -13.7, -51.3, -34.7, -131.0]-198.4
28:[6.4, 25.9, -13.7, -51.3, -34.7, -131.0]-198.4
29:[7.5, 24.8, -20.1, -44.9, -49.0, -116.7]-198.39999999999998
30:[19.2, 13.1, -32.7, -32.3, -87.1, -78.6]-198.39999999999998
31:[22.5, 9.8, -42.3, -22.7, -109.6, -56.1]-198.39999999999998
32:[25.6, 6.7, -51.2, -13.8, -130.3, -35.4]-198.39999999999998
33:[27.3, 5.0, -52.3, -12.7, -134.1, -31.6]-198.39999999999995
34:[31.4, 0.9, -63.7, -1.3, -161.8, -3.9]-198.4
35:[32.3, 0.0, -65.0, 0.0, -165.7, 0.0]-198.39999999999998
36:[0.0, 32.3, 0.0, -65.0, 0.0, -165.7]-198.39999999999998

0: 8.3|70.0|129.0
1: -9.1|58.6|127.5
2: -4.9|33.7|74.2
3: -48.5|4.5|62.7
4: -61.4|-8.8|44.9
5: -116.3|-48.7|19.5

red_gap16
14:[0.0, 162.9, 0.0, 69.1, 0.0, -24.4]207.60000000000005
15:[2.9, 160.0, 0.2, 68.9, -2.6, -21.8]207.60000000000005
16:[2.9, 160.0, 0.2, 68.9, -2.6, -21.8]207.60000000000005
17:[2.9, 160.0, 0.2, 68.9, -2.6, -21.8]207.60000000000005
18:[23.5, 139.4, 15.1, 54.0, 7.1, -31.5]207.60000000000002
19:[30.7, 132.2, 17.9, 51.2, 5.8, -30.2]207.60000000000002
20:[54.3, 108.6, 26.0, 43.1, -1.6, -22.8]207.60000000000002
21:[66.0, 96.9, 29.3, 39.8, -7.4, -17.0]207.6
22:[84.4, 78.5, 35.6, 33.5, -13.4, -11.0]207.59999999999997
23:[125.8, 37.1, 52.9, 16.2, -19.8, -4.6]207.6
24:[141.8, 21.1, 58.3, 10.8, -24.9, 0.5]207.60000000000005
25:[148.3, 14.6, 61.5, 7.6, -25.1, 0.7]207.60000000000005
26:[152.3, 10.6, 62.8, 6.3, -26.6, 2.2]207.60000000000008
27:[162.9, 0.0, 69.1, 0.0, -24.4, 0.0]207.60000000000005
28:[162.9, 0.0, 69.1, 0.0, -24.4, 0.0]207.60000000000005
29:[162.9, 0.0, 69.1, 0.0, -24.4, 0.0]207.60000000000005
30:[162.9, 0.0, 69.1, 0.0, -24.4, 0.0]207.60000000000005
31:[162.9, 0.0, 69.1, 0.0, -24.4, 0.0]207.60000000000005
32:[0.0, 162.9, 0.0, 69.1, 0.0, -24.4]207.60000000000005

0: -26.0|30.4|91.8
1: 13.6|72.7|134.0
2: -42.8|-0.9|37.7
3: -43.5|1.8|51.0
4: -80.2|-30.3|18.9
5: -114.2|-52.3|12.1

red_sum25
17:[0.0, 29.4, 0.0, -62.4, 0.0, -154.1]-187.10000000000002
18:[0.3, 29.1, -2.2, -60.2, -4.7, -149.4]-187.10000000000002
19:[0.3, 29.1, -2.2, -60.2, -4.7, -149.4]-187.10000000000002
20:[0.3, 29.1, -2.2, -60.2, -4.7, -149.4]-187.10000000000002
21:[1.6, 27.8, -5.4, -57.0, -12.7, -141.4]-187.1
22:[2.0, 27.4, -7.1, -55.3, -16.9, -137.2]-187.1
23:[5.2, 24.2, -10.6, -51.8, -26.7, -127.4]-187.10000000000002
24:[7.2, 22.2, -17.5, -44.9, -42.1, -112.0]-187.10000000000002
25:[14.0, 15.4, -14.8, -47.6, -43.5, -110.6]-187.1
26:[18.4, 11.0, -21.4, -41.0, -61.1, -93.0]-187.1
27:[19.0, 10.4, -31.0, -31.4, -80.9, -73.2]-187.10000000000002
28:[18.3, 11.1, -34.3, -28.1, -87.1, -67.0]-187.10000000000002
29:[18.9, 10.5, -42.9, -19.5, -105.0, -49.1]-187.10000000000002
30:[26.9, 2.5, -52.4, -10.0, -131.7, -22.4]-187.10000000000002
31:[29.0, 0.4, -55.0, -7.4, -139.1, -15.0]-187.10000000000002
32:[29.0, 0.4, -55.0, -7.4, -139.1, -15.0]-187.10000000000002
33:[28.9, 0.5, -57.6, -4.8, -144.1, -10.0]-187.10000000000002
34:[29.4, 0.0, -62.4, 0.0, -154.1, 0.0]-187.10000000000002
35:[0.4, 29.0, -2.9, -59.5, -6.1, -148.0]-187.10000000000002
36:[0.0, 29.4, 0.0, -62.4, 0.0, -154.1]-187.10000000000002

0: -6.6|50.9|104.0
1: -25.9|39.7|103.1
2: -42.9|-7.9|29.3
3: -64.1|-15.1|36.2
4: -120.9|-59.4|1.6
5: -132.1|-60.7|13.2

red_gap25
4:[0.0, 184.4, 0.0, 79.8, 0.0, -22.9]241.29999999999998
5:[1.7, 182.7, -1.3, 81.1, -4.3, -18.6]241.29999999999998
6:[1.7, 182.7, -1.3, 81.1, -4.3, -18.6]241.29999999999998
7:[1.7, 182.7, -1.3, 81.1, -4.3, -18.6]241.29999999999998
8:[2.1, 182.3, -4.2, 84.0, -10.4, -12.5]241.30000000000004
9:[10.3, 174.1, 1.3, 78.5, -7.2, -15.7]241.30000000000004
10:[13.2, 171.2, 0.4, 79.4, -12.1, -10.8]241.3
11:[21.4, 163.0, 5.5, 74.3, -9.9, -13.0]241.29999999999998
12:[29.4, 155.0, 4.2, 75.6, -20.8, -2.1]241.29999999999998
13:[63.1, 121.3, 24.4, 55.4, -13.9, -9.0]241.29999999999998
14:[78.4, 106.0, 25.5, 54.3, -27.1, 4.2]241.29999999999998
15:[139.0, 45.4, 57.3, 22.5, -23.1, 0.2]241.30000000000004
16:[184.4, 0.0, 79.8, 0.0, -22.9, 0.0]241.29999999999998
17:[24.1, 160.3, 9.4, 70.4, -4.9, -18.0]241.3
18:[10.4, 174.0, 0.1, 79.7, -10.1, -12.8]241.29999999999998
19:[10.4, 174.0, 0.1, 79.7, -10.1, -12.8]241.29999999999998
20:[2.5, 181.9, 0.0, 79.8, -2.5, -20.4]241.30000000000004
21:[0.0, 184.4, 0.0, 79.8, 0.0, -22.9]241.29999999999998

0: -23.3|35.6|94.9
1: -13.0|58.9|140.5
2: -38.8|-1.0|37.3
3: -70.7|-10.1|47.9
4: -90.2|-38.6|17.4
5: -157.2|-88.1|-19.5

red_sum34
14:[0.0, 36.0, 0.0, -58.0, 0.0, -151.7]-173.69999999999996
15:[0.2, 35.8, -1.6, -56.4, -3.6, -148.1]-173.69999999999996
16:[0.2, 35.8, -1.6, -56.4, -3.6, -148.1]-173.69999999999996
17:[0.2, 35.8, -1.6, -56.4, -3.6, -148.1]-173.69999999999996
18:[0.2, 35.8, -1.6, -56.4, -3.6, -148.1]-173.69999999999996
19:[0.2, 35.8, -1.6, -56.4, -3.6, -148.1]-173.69999999999996
20:[0.9, 35.1, -3.2, -54.8, -7.3, -144.4]-173.69999999999996
21:[1.0, 35.0, -5.0, -53.0, -10.9, -140.8]-173.7
22:[1.0, 35.0, -5.0, -53.0, -10.9, -140.8]-173.7
23:[1.3, 34.7, -7.8, -50.2, -16.8, -134.9]-173.7
24:[4.5, 31.5, -9.4, -48.6, -23.2, -128.5]-173.69999999999996
25:[7.6, 28.4, -14.9, -43.1, -37.7, -114.0]-173.7
26:[10.9, 25.1, -20.7, -37.3, -53.3, -98.4]-173.7
27:[11.6, 24.4, -27.0, -31.0, -66.8, -84.9]-173.7
28:[14.5, 21.5, -33.1, -24.9, -81.3, -70.4]-173.7
29:[19.5, 16.5, -39.9, -18.1, -99.4, -52.3]-173.70000000000002
30:[21.2, 14.8, -42.2, -15.8, -105.6, -46.1]-173.7
31:[26.4, 9.6, -44.3, -13.7, -114.8, -36.9]-173.7
32:[29.7, 6.3, -46.3, -11.7, -122.2, -29.5]-173.7
33:[30.4, 5.6, -50.5, -7.5, -130.9, -20.8]-173.7
34:[36.0, 0.0, -58.0, 0.0, -151.7, 0.0]-173.69999999999996
35:[5.6, 30.4, -7.5, -50.5, -20.8, -130.9]-173.69999999999996
36:[4.2, 31.8, -6.2, -51.8, -16.6, -135.1]-173.69999999999996
37:[4.1, 31.9, -3.5, -54.5, -11.0, -140.7]-173.7
38:[4.1, 31.9, -3.5, -54.5, -11.0, -140.7]-173.7
39:[4.1, 31.9, -3.5, -54.5, -11.0, -140.7]-173.7
40:[4.1, 31.9, -3.5, -54.5, -11.0, -140.7]-173.7
41:[1.4, 34.6, -1.1, -56.9, -3.7, -148.0]-173.69999999999996
42:[1.4, 34.6, -1.1, -56.9, -3.7, -148.0]-173.69999999999996
43:[0.0, 36.0, 0.0, -58.0, 0.0, -151.7]-173.69999999999996

0: -20.8|40.6|98.3
1: -10.2|41.9|97.1
2: -37.2|-1.3|35.6
3: -62.2|-20.7|18.6
4: -95.4|-40.0|22.5
5: -163.9|-88.2|-10.9

red_gap12
-1:[0.0, 138.4, 0.0, 52.6, 0.0, -33.6]157.40000000000003
0:[2.6, 135.8, 0.3, 52.3, -1.9, -31.7]157.39999999999998
1:[14.0, 124.4, 3.2, 49.4, -8.0, -25.6]157.4
2:[36.9, 101.5, 9.1, 43.5, -18.9, -14.7]157.39999999999998
3:[71.5, 66.9, 29.5, 23.1, -12.5, -21.1]157.39999999999998
4:[113.3, 25.1, 41.8, 10.8, -29.5, -4.1]157.4
5:[123.8, 14.6, 47.9, 4.7, -27.9, -5.7]157.4
6:[130.2, 8.2, 50.0, 2.6, -30.4, -3.2]157.4
7:[138.4, 0.0, 52.6, 0.0, -33.6, 0.0]157.40000000000003
8:[2.8, 135.6, 0.9, 51.7, -1.1, -32.5]157.40000000000003
9:[0.0, 138.4, 0.0, 52.6, 0.0, -33.6]157.40000000000003

0: -18.6|30.3|81.0
1: 0.4|48.5|93.2
2: -34.3|-5.1|24.0
3: -39.4|-6.7|25.3
4: -90.7|-43.5|8.8
5: -110.2|-58.5|-3.0

red_gap23
-1:[0.0, 73.5, 0.0, -26.5, 0.0, -126.0]-79.00000000000001
0:[4.0, 69.5, -3.3, -23.2, -10.7, -115.3]-79.00000000000001
1:[10.4, 63.1, -1.6, -24.9, -13.7, -112.3]-78.99999999999999
2:[17.5, 56.0, -1.5, -25.0, -20.8, -105.2]-79.0
3:[73.5, 0.0, -26.5, 0.0, -126.0, 0.0]-79.00000000000001
4:[28.4, 45.1, -19.3, -7.2, -66.0, -60.0]-79.0
5:[14.6, 58.9, -8.0, -18.5, -30.1, -95.9]-79.0
6:[5.0, 68.5, -2.3, -24.2, -9.3, -116.7]-79.00000000000003
7:[1.7, 71.8, -0.7, -25.8, -2.9, -123.1]-79.00000000000003
8:[1.7, 71.8, -0.7, -25.8, -2.9, -123.1]-79.00000000000003
9:[0.0, 73.5, 0.0, -26.5, 0.0, -126.0]-79.00000000000001

0: -55.2|11.6|82.4
1: -32.4|42.6|113.9
2: -59.6|-18.5|25.7
3: -81.3|-29.1|24.2
4: -116.5|-57.0|7.1
5: -166.7|-97.8|-25.7

red_gap34
0:[0.0, 190.0, 0.0, 101.3, 0.0, 10.6]301.90000000000003
1:[3.2, 186.8, 1.6, 99.7, -0.3, 10.9]301.8999999999999
2:[23.8, 166.2, 12.7, 88.6, 0.8, 9.8]301.90000000000003
3:[30.0, 160.0, 16.6, 84.7, 2.6, 8.0]301.9
4:[77.7, 112.3, 36.6, 64.7, -5.6, 16.2]301.9
5:[128.3, 61.7, 64.9, 36.4, 0.2, 10.4]301.8999999999999
6:[154.2, 35.8, 79.5, 21.8, 3.3, 7.3]301.90000000000003
7:[183.2, 6.8, 96.6, 4.7, 8.2, 2.4]301.9
8:[183.2, 6.8, 96.6, 4.7, 8.2, 2.4]301.9
9:[190.0, 0.0, 101.3, 0.0, 10.6, 0.0]301.90000000000003
10:[190.0, 0.0, 101.3, 0.0, 10.6, 0.0]301.90000000000003
11:[0.0, 190.0, 0.0, 101.3, 0.0, 10.6]301.90000000000003

0: -26.1|28.6|90.2
1: -2.4|45.7|100.7
2: -48.7|-11.2|23.6
3: -32.3|0.7|34.3
4: -125.5|-60.5|2.7
5: -117.4|-46.9|25.8

red_gap45
1:[0.0, 109.2, 0.0, 23.1, 0.0, -63.9]68.40000000000003
2:[9.6, 99.6, 4.9, 18.2, 0.4, -64.3]68.40000000000003
3:[109.2, 0.0, 23.1, 0.0, -63.9, 0.0]68.40000000000003
4:[87.8, 21.4, 13.4, 9.7, -62.3, -1.6]68.4
5:[60.3, 48.9, 3.0, 20.1, -55.1, -8.8]68.40000000000002
6:[41.5, 67.7, 4.8, 18.3, -32.5, -31.4]68.39999999999998
7:[26.9, 82.3, 4.3, 18.8, -18.9, -45.0]68.39999999999998
8:[7.7, 101.5, 1.2, 21.9, -5.5, -58.4]68.40000000000003
9:[6.0, 103.2, 1.9, 21.2, -2.6, -61.3]68.40000000000003
10:[0.0, 109.2, 0.0, 23.1, 0.0, -63.9]68.40000000000003

0: -27.2|27.9|78.1
1: 16.1|57.3|99.2
2: -34.1|-9.1|18.2
3: -36.2|-7.0|25.2
4: -82.4|-40.2|1.9
5: -124.1|-65.2|-9.6

red_gap56
-1:[0.0, 57.4, 0.0, -17.6, 0.0, -92.8]-53.0
0:[1.1, 56.3, -2.3, -15.3, -6.1, -86.7]-52.99999999999998
1:[8.7, 48.7, -5.0, -12.6, -18.7, -74.1]-52.999999999999986
2:[20.0, 37.4, -6.2, -11.4, -32.2, -60.6]-52.999999999999986
3:[22.1, 35.3, -6.3, -11.3, -34.3, -58.5]-53.0
4:[30.0, 27.4, -10.0, -7.6, -49.3, -43.5]-53.0
5:[50.2, 7.2, -7.6, -10.0, -65.3, -27.5]-53.0
6:[52.4, 5.0, -10.9, -6.7, -74.1, -18.7]-52.999999999999986
7:[55.0, 2.4, -12.4, -5.2, -79.9, -12.9]-52.999999999999986
8:[57.4, 0.0, -17.6, 0.0, -92.8, 0.0]-53.0
9:[3.0, 54.4, -2.5, -15.1, -8.1, -84.7]-52.99999999999998
10:[0.3, 57.1, -1.7, -15.9, -3.7, -89.1]-52.99999999999999
11:[0.3, 57.1, -1.7, -15.9, -3.7, -89.1]-52.99999999999999
12:[0.0, 57.4, 0.0, -17.6, 0.0, -92.8]-53.0

0: -33.1|20.7|73.2
1: -4.9|53.3|108.9
2: -34.5|0.7|37.2
3: -54.4|-8.3|36.2
4: -73.5|-26.3|21.5
5: -105.3|-50.1|5.0

red_blue
3:[0.0, 125.0, 0.0, 33.8, 0.0, -58.3]100.49999999999999
4:[5.0, 120.0, -0.5, 34.3, -6.0, -52.3]100.49999999999997
5:[11.8, 113.2, 0.9, 32.9, -10.2, -48.1]100.50000000000003
6:[14.0, 111.0, 1.1, 32.7, -12.1, -46.2]100.50000000000001
7:[25.8, 99.2, 2.8, 31.0, -19.8, -38.5]100.5
8:[49.2, 75.8, 12.8, 21.0, -23.2, -35.1]100.50000000000003
9:[79.8, 45.2, 19.9, 13.9, -39.9, -18.4]100.5
10:[102.6, 22.4, 27.5, 6.3, -48.0, -10.3]100.5
11:[115.9, 9.1, 29.2, 4.6, -58.1, -0.2]100.49999999999999
12:[122.5, 2.5, 33.3, 0.5, -56.6, -1.7]100.49999999999999
13:[125.0, 0.0, 33.8, 0.0, -58.3, 0.0]100.49999999999999
14:[125.0, 0.0, 33.8, 0.0, -58.3, 0.0]100.49999999999999
15:[125.0, 0.0, 33.8, 0.0, -58.3, 0.0]100.49999999999999
16:[125.0, 0.0, 33.8, 0.0, -58.3, 0.0]100.49999999999999
17:[0.0, 125.0, 0.0, 33.8, 0.0, -58.3]100.49999999999999

0: -15.5|51.2|111.6
1: 9.9|75.3|135.0
2: -7.2|29.8|65.1
3: -46.8|3.6|51.1
4: -48.1|3.0|57.1
5: -140.1|-68.9|4.0


