red1
-1:[0.0, 183.1, 0.0, 154.5, 0.0, 178.2]
0:[0.9, 182.2, 1.1, 153.4, 3.0, 175.2]
1:[23.9, 159.2, 22.3, 132.2, 22.7, 155.5]
2:[183.1, 0.0, 154.5, 0.0, 178.2, 0.0]
3:[101.9, 81.2, 88.4, 66.1, 116.7, 61.5]
4:[73.6, 109.5, 65.8, 88.7, 92.3, 85.9]
5:[26.8, 156.3, 28.9, 125.6, 52.0, 126.2]
6:[5.5, 177.6, 8.8, 145.7, 20.0, 158.2]
7:[2.7, 180.4, 5.3, 149.2, 11.2, 167.0]
8:[0.0, 183.1, 0.0, 154.5, 0.0, 178.2]

0: -6.0|46.5|101.4
1: 2.0|69.5|136.2
2: -4.2|32.2|66.7
3: -2.4|42.7|91.4
4: 3.0|53.4|103.9
5: -9.7|48.4|106.9

red2
3:[0.0, 51.7, 0.0, 67.2, 0.0, 162.1]
4:[5.0, 46.7, 3.7, 63.5, 12.1, 150.0]
5:[16.4, 35.3, 14.5, 52.7, 33.6, 128.5]
6:[20.3, 31.4, 21.1, 46.1, 50.6, 111.5]
7:[28.8, 22.9, 33.4, 33.8, 84.5, 77.6]
8:[31.8, 19.9, 38.5, 28.7, 97.6, 64.5]
9:[51.7, 0.0, 67.2, 0.0, 162.1, 0.0]
10:[10.3, 41.4, 18.8, 48.4, 48.1, 114.0]
11:[4.4, 47.3, 7.0, 60.2, 18.5, 143.6]
12:[3.3, 48.4, 5.9, 61.3, 15.2, 146.9]
13:[0.0, 51.7, 0.0, 67.2, 0.0, 162.1]

0: 3.6|52.8|108.5
1: -5.6|53.0|113.1
2: -0.4|31.7|67.5
3: -3.6|37.5|76.5
4: -5.9|57.1|119.7
5: 1.0|66.5|132.3

red3
4:[0.0, 108.4, 0.0, 91.0, 0.0, 124.7]
5:[3.0, 105.4, 1.1, 89.9, 0.9, 123.8]
6:[3.8, 104.6, 2.3, 88.7, 4.0, 120.7]
7:[6.5, 101.9, 5.9, 85.1, 14.0, 110.7]
8:[9.0, 99.4, 6.8, 84.2, 18.4, 106.3]
9:[35.2, 73.2, 29.0, 62.0, 43.0, 81.7]
10:[54.5, 53.9, 42.3, 48.7, 55.0, 69.7]
11:[74.1, 34.3, 64.3, 26.7, 87.0, 37.7]
12:[108.4, 0.0, 91.0, 0.0, 124.7, 0.0]
13:[13.8, 94.6, 10.9, 80.1, 19.3, 105.4]
14:[2.3, 106.1, 1.8, 89.2, 5.9, 118.8]
15:[2.3, 106.1, 1.8, 89.2, 5.9, 118.8]
16:[2.3, 106.1, 1.8, 89.2, 5.9, 118.8]
17:[0.9, 107.5, 1.2, 89.8, 3.3, 121.4]
18:[0.9, 107.5, 1.2, 89.8, 3.3, 121.4]
19:[0.9, 107.5, 1.2, 89.8, 3.3, 121.4]
20:[0.0, 108.4, 0.0, 91.0, 0.0, 124.7]

0: -24.6|25.9|76.0
1: -2.0|38.2|79.5
2: 2.9|29.1|56.8
3: -7.2|23.1|53.6
4: -6.1|55.5|113.8
5: -15.0|53.9|117.2

red4
9:[0.0, 185.9, 0.0, 120.7, 0.0, 123.0]
10:[10.4, 175.5, 8.7, 112.0, 6.9, 116.1]
11:[10.4, 175.5, 8.7, 112.0, 6.9, 116.1]
12:[14.6, 171.3, 10.0, 110.7, 13.4, 109.6]
13:[26.2, 159.7, 14.7, 106.0, 17.8, 105.2]
14:[38.4, 147.5, 19.2, 101.5, 24.2, 98.8]
15:[54.5, 131.4, 27.9, 92.8, 33.8, 89.2]
16:[68.9, 117.0, 39.0, 81.7, 46.9, 76.1]
17:[90.8, 95.1, 51.4, 69.3, 58.7, 64.3]
18:[124.3, 61.6, 75.6, 45.1, 78.1, 44.9]
19:[138.6, 47.3, 84.8, 35.9, 89.2, 33.8]
20:[160.1, 25.8, 101.9, 18.8, 101.6, 21.4]
21:[184.7, 1.2, 119.8, 0.9, 120.0, 3.0]
22:[185.9, 0.0, 120.7, 0.0, 123.0, 0.0]
23:[0.0, 185.9, 0.0, 120.7, 0.0, 123.0]

0: -18.2|32.5|86.7
1: 14.4|63.1|108.7
2: -14.0|18.0|49.5
3: 9.9|44.7|78.6
4: -30.8|21.5|74.4
5: 18.0|80.9|140.1

red5
12:[0.0, 160.1, 0.0, 94.7, 0.0, 101.1]
13:[6.3, 153.8, 4.5, 90.2, 2.6, 98.5]
14:[6.3, 153.8, 4.5, 90.2, 2.6, 98.5]
15:[7.1, 153.0, 5.7, 89.0, 5.6, 95.5]
16:[7.1, 153.0, 5.7, 89.0, 5.6, 95.5]
17:[16.6, 143.5, 12.0, 82.7, 12.9, 88.2]
18:[21.5, 138.6, 14.1, 80.6, 21.1, 80.0]
19:[23.8, 136.3, 16.9, 77.8, 29.0, 72.1]
20:[31.9, 128.2, 22.5, 72.2, 40.0, 61.1]
21:[38.5, 121.6, 27.0, 67.7, 42.4, 58.7]
22:[67.9, 92.2, 43.5, 51.2, 62.3, 38.8]
23:[121.9, 38.2, 74.6, 20.1, 87.4, 13.7]
24:[134.2, 25.9, 80.6, 14.1, 93.9, 7.2]
25:[160.1, 0.0, 94.7, 0.0, 101.1, 0.0]
26:[13.3, 146.8, 6.3, 88.4, 4.4, 96.7]
27:[2.4, 157.7, 0.3, 94.4, 2.7, 98.4]
28:[0.0, 160.1, 0.0, 94.7, 0.0, 101.1]

0: -14.9|41.3|104.6
1: -3.8|54.9|110.2
2: -3.7|30.6|64.0
3: -6.2|31.4|68.9
4: -3.1|51.6|102.7
5: -8.6|51.3|109.8

red6
16:[0.0, 102.1, 0.0, 21.9, 0.0, 80.0]
17:[3.5, 98.6, 1.4, 20.5, 1.0, 79.0]
18:[3.5, 98.6, 1.4, 20.5, 1.0, 79.0]
19:[3.5, 98.6, 1.4, 20.5, 1.0, 79.0]
20:[8.7, 93.4, 2.5, 19.4, 4.2, 75.8]
21:[15.7, 86.4, 3.8, 18.1, 12.0, 68.0]
22:[23.9, 78.2, 5.0, 16.9, 18.4, 61.6]
23:[28.3, 73.8, 5.0, 16.9, 23.1, 56.9]
24:[47.6, 54.5, 10.2, 11.7, 39.9, 40.1]
25:[60.5, 41.6, 12.7, 9.2, 50.4, 29.6]
26:[73.5, 28.6, 16.8, 5.1, 58.8, 21.2]
27:[86.7, 15.4, 19.8, 2.1, 68.7, 11.3]
28:[96.3, 5.8, 21.3, 0.6, 75.7, 4.3]
29:[99.1, 3.0, 21.7, 0.2, 77.7, 2.3]
30:[102.1, 0.0, 21.9, 0.0, 80.0, 0.0]
31:[102.1, 0.0, 21.9, 0.0, 80.0, 0.0]
32:[102.1, 0.0, 21.9, 0.0, 80.0, 0.0]
33:[102.1, 0.0, 21.9, 0.0, 80.0, 0.0]
34:[0.0, 102.1, 0.0, 21.9, 0.0, 80.0]

0: -26.1|27.4|77.0
1: -12.9|39.9|90.2
2: -12.9|18.8|50.4
3: 2.6|33.1|65.5
4: -27.5|31.9|88.7
5: 15.6|81.1|145.7

red_sum_all
62:[0.0, 31.1, 0.0, 71.0, 0.0, 166.5]
63:[0.6, 30.5, 2.5, 68.5, 4.5, 162.0]
64:[1.9, 29.2, 3.5, 67.5, 7.9, 158.6]
65:[1.9, 29.2, 3.5, 67.5, 7.9, 158.6]
66:[1.9, 29.2, 3.5, 67.5, 7.9, 158.6]
67:[1.9, 29.2, 3.5, 67.5, 7.9, 158.6]
68:[1.9, 29.2, 3.5, 67.5, 7.9, 158.6]
69:[1.9, 29.2, 3.5, 67.5, 7.9, 158.6]
70:[1.9, 29.2, 3.5, 67.5, 7.9, 158.6]
71:[1.9, 29.2, 3.5, 67.5, 7.9, 158.6]
72:[1.9, 29.2, 3.5, 67.5, 7.9, 158.6]
73:[2.9, 28.2, 5.0, 66.0, 11.8, 154.7]
74:[2.9, 28.2, 5.0, 66.0, 11.8, 154.7]
75:[3.4, 27.7, 7.9, 63.1, 17.0, 149.5]
76:[4.2, 26.9, 9.2, 61.8, 20.4, 146.1]
77:[4.2, 26.9, 9.2, 61.8, 20.4, 146.1]
78:[4.2, 26.9, 9.2, 61.8, 20.4, 146.1]
79:[4.2, 26.9, 9.2, 61.8, 20.4, 146.1]
80:[5.0, 26.1, 12.9, 58.1, 28.4, 138.1]
81:[6.1, 25.0, 16.1, 54.9, 36.1, 130.4]
82:[6.4, 24.7, 18.2, 52.8, 40.7, 125.8]
83:[6.4, 24.7, 18.2, 52.8, 40.7, 125.8]
84:[6.8, 24.3, 20.4, 50.6, 45.5, 121.0]
85:[8.1, 23.0, 26.3, 44.7, 57.5, 109.0]
86:[8.7, 22.4, 28.2, 42.8, 62.2, 104.3]
87:[8.9, 22.2, 33.0, 38.0, 71.3, 95.2]
88:[9.2, 21.9, 35.0, 36.0, 75.6, 90.9]
89:[9.2, 21.9, 37.5, 33.5, 80.8, 85.7]
90:[10.1, 21.0, 38.6, 32.4, 84.2, 82.3]
91:[11.5, 19.6, 40.3, 30.7, 88.8, 77.7]
92:[13.5, 17.6, 41.5, 29.5, 93.0, 73.5]
93:[13.5, 17.6, 41.5, 29.5, 93.0, 73.5]
94:[13.5, 17.6, 41.5, 29.5, 93.0, 73.5]
95:[14.3, 16.8, 44.6, 26.4, 99.9, 66.6]
96:[16.8, 14.3, 47.2, 23.8, 107.1, 59.4]
97:[19.2, 11.9, 50.1, 20.9, 115.5, 51.0]
98:[19.8, 11.3, 54.0, 17.0, 123.5, 43.0]
99:[19.8, 11.3, 54.0, 17.0, 123.5, 43.0]
100:[20.3, 10.8, 58.4, 12.6, 132.7, 33.8]
101:[23.0, 8.1, 61.3, 9.7, 141.1, 25.4]
102:[23.0, 8.1, 61.3, 9.7, 141.1, 25.4]
103:[31.1, 0.0, 71.0, 0.0, 166.5, 0.0]
104:[8.1, 23.0, 9.7, 61.3, 25.4, 141.1]
105:[8.1, 23.0, 9.7, 61.3, 25.4, 141.1]
106:[6.9, 24.2, 7.8, 63.2, 20.6, 145.9]
107:[6.9, 24.2, 7.8, 63.2, 20.6, 145.9]
108:[6.9, 24.2, 7.8, 63.2, 20.6, 145.9]
109:[6.9, 24.2, 7.8, 63.2, 20.6, 145.9]
110:[6.9, 24.2, 7.8, 63.2, 20.6, 145.9]
111:[5.0, 26.1, 6.6, 64.4, 16.7, 149.8]
112:[5.0, 26.1, 6.6, 64.4, 16.7, 149.8]
113:[5.0, 26.1, 6.6, 64.4, 16.7, 149.8]
114:[4.5, 26.6, 4.0, 67.0, 12.2, 154.3]
115:[4.5, 26.6, 4.0, 67.0, 12.2, 154.3]
116:[4.5, 26.6, 4.0, 67.0, 12.2, 154.3]
117:[4.5, 26.6, 4.0, 67.0, 12.2, 154.3]
118:[3.1, 28.0, 2.6, 68.4, 8.2, 158.3]
119:[3.1, 28.0, 2.6, 68.4, 8.2, 158.3]
120:[3.1, 28.0, 2.6, 68.4, 8.2, 158.3]
121:[3.1, 28.0, 2.6, 68.4, 8.2, 158.3]
122:[3.1, 28.0, 2.6, 68.4, 8.2, 158.3]
123:[3.1, 28.0, 2.6, 68.4, 8.2, 158.3]
124:[3.1, 28.0, 2.6, 68.4, 8.2, 158.3]
125:[3.1, 28.0, 2.6, 68.4, 8.2, 158.3]
126:[3.1, 28.0, 2.6, 68.4, 8.2, 158.3]
127:[3.1, 28.0, 2.6, 68.4, 8.2, 158.3]
128:[3.1, 28.0, 2.6, 68.4, 8.2, 158.3]
129:[1.4, 29.7, 1.6, 69.4, 4.3, 162.2]
130:[0.0, 31.1, 0.0, 71.0, 0.0, 166.5]

0: 10.9|67.3|122.6
1: 0.5|51.3|105.0
2: 4.2|34.6|67.6
3: -6.2|26.7|62.1
4: -6.3|60.5|124.9
5: -28.8|43.5|116.7

red_sum16
20:[0.0, 36.5, 0.0, 75.4, 0.0, 169.9]
21:[1.6, 34.9, 0.9, 74.5, 3.3, 166.6]
22:[2.5, 34.0, 3.0, 72.4, 8.5, 161.4]
23:[3.1, 33.4, 4.4, 71.0, 12.1, 157.8]
24:[3.8, 32.7, 5.9, 69.5, 15.9, 154.0]
25:[5.1, 31.4, 8.6, 66.8, 23.1, 146.8]
26:[5.6, 30.9, 10.3, 65.1, 27.0, 142.9]
27:[7.2, 29.3, 13.7, 61.7, 34.7, 135.2]
28:[7.2, 29.3, 13.7, 61.7, 34.7, 135.2]
29:[8.9, 27.6, 20.1, 55.3, 49.0, 120.9]
30:[21.6, 14.9, 43.1, 32.3, 91.3, 78.6]
31:[25.7, 10.8, 52.7, 22.7, 113.8, 56.1]
32:[29.0, 7.5, 61.6, 13.8, 134.5, 35.4]
33:[30.7, 5.8, 62.7, 12.7, 138.3, 31.6]
34:[35.6, 0.9, 74.1, 1.3, 166.0, 3.9]
35:[36.5, 0.0, 75.4, 0.0, 169.9, 0.0]
36:[0.0, 36.5, 0.0, 75.4, 0.0, 169.9]

0: 10.4|68.1|126.0
1: -14.3|56.4|119.6
2: -0.7|41.2|78.2
3: -3.4|45.7|88.1
4: -14.4|43.4|100.4
5: 14.8|73.0|134.5

red_gap16
14:[0.0, 162.9, 0.0, 71.7, 0.0, 64.0]
15:[2.9, 160.0, 0.2, 71.5, 2.6, 61.4]
16:[2.9, 160.0, 0.2, 71.5, 2.6, 61.4]
17:[2.9, 160.0, 0.2, 71.5, 2.6, 61.4]
18:[23.5, 139.4, 15.1, 56.6, 16.1, 47.9]
19:[30.7, 132.2, 17.9, 53.8, 18.2, 45.8]
20:[54.3, 108.6, 28.6, 43.1, 30.0, 34.0]
21:[66.0, 96.9, 31.9, 39.8, 35.8, 28.2]
22:[84.4, 78.5, 38.2, 33.5, 41.8, 22.2]
23:[125.8, 37.1, 55.5, 16.2, 54.8, 9.2]
24:[141.8, 21.1, 60.9, 10.8, 59.9, 4.1]
25:[148.3, 14.6, 64.1, 7.6, 60.1, 3.9]
26:[152.3, 10.6, 65.4, 6.3, 61.6, 2.4]
27:[162.9, 0.0, 71.7, 0.0, 64.0, 0.0]
28:[162.9, 0.0, 71.7, 0.0, 64.0, 0.0]
29:[162.9, 0.0, 71.7, 0.0, 64.0, 0.0]
30:[162.9, 0.0, 71.7, 0.0, 64.0, 0.0]
31:[162.9, 0.0, 71.7, 0.0, 64.0, 0.0]
32:[0.0, 162.9, 0.0, 71.7, 0.0, 64.0]

0: -24.8|32.7|94.8
1: 19.9|81.9|145.4
2: -18.0|17.2|54.5
3: 4.0|46.0|89.1
4: -23.5|23.0|78.4
5: 12.8|74.2|135.1

red_sum25
17:[0.0, 34.8, 0.0, 72.0, 0.0, 158.3]
18:[0.3, 34.5, 2.2, 69.8, 4.7, 153.6]
19:[0.3, 34.5, 2.2, 69.8, 4.7, 153.6]
20:[0.3, 34.5, 2.2, 69.8, 4.7, 153.6]
21:[1.6, 33.2, 5.4, 66.6, 12.7, 145.6]
22:[2.0, 32.8, 7.1, 64.9, 16.9, 141.4]
23:[5.2, 29.6, 10.6, 61.4, 26.7, 131.6]
24:[7.2, 27.6, 17.5, 54.5, 42.1, 116.2]
25:[14.0, 20.8, 22.6, 49.4, 47.7, 110.6]
26:[18.4, 16.4, 29.2, 42.8, 65.3, 93.0]
27:[21.8, 13.0, 39.0, 33.0, 85.1, 73.2]
28:[22.5, 12.3, 42.3, 29.7, 91.3, 67.0]
29:[24.1, 10.7, 50.9, 21.1, 109.2, 49.1]
30:[32.1, 2.7, 62.0, 10.0, 135.9, 22.4]
31:[34.2, 0.6, 64.6, 7.4, 143.3, 15.0]
32:[34.2, 0.6, 64.6, 7.4, 143.3, 15.0]
33:[34.3, 0.5, 67.2, 4.8, 148.3, 10.0]
34:[34.8, 0.0, 72.0, 0.0, 158.3, 0.0]
35:[0.4, 34.4, 2.9, 69.1, 6.1, 152.2]
36:[0.0, 34.8, 0.0, 72.0, 0.0, 158.3]

0: -5.4|48.5|106.1
1: -28.8|36.0|96.4
2: -4.5|30.5|70.8
3: -14.2|28.8|72.1
4: -0.6|59.2|116.8
5: -9.4|59.7|125.6

red_gap25
4:[0.0, 186.0, 0.0, 130.4, 0.0, 107.7]
5:[1.7, 184.3, 1.3, 129.1, 4.3, 103.4]
6:[1.7, 184.3, 1.3, 129.1, 4.3, 103.4]
7:[1.7, 184.3, 1.3, 129.1, 4.3, 103.4]
8:[2.1, 183.9, 4.2, 126.2, 10.4, 97.3]
9:[10.3, 175.7, 9.7, 120.7, 13.6, 94.1]
10:[13.2, 172.8, 13.0, 117.4, 18.5, 89.2]
11:[21.4, 164.6, 18.1, 112.3, 20.7, 87.0]
12:[31.0, 155.0, 27.6, 102.8, 32.0, 75.7]
13:[64.7, 121.3, 49.0, 81.4, 44.9, 62.8]
14:[80.0, 106.0, 63.9, 66.5, 61.7, 46.0]
15:[140.6, 45.4, 103.3, 27.1, 87.3, 20.4]
16:[186.0, 0.0, 130.4, 0.0, 107.7, 0.0]
17:[24.1, 161.9, 14.0, 116.4, 15.3, 92.4]
18:[10.4, 175.6, 4.7, 125.7, 10.1, 97.6]
19:[10.4, 175.6, 4.7, 125.7, 10.1, 97.6]
20:[2.5, 183.5, 0.0, 130.4, 2.5, 105.2]
21:[0.0, 186.0, 0.0, 130.4, 0.0, 107.7]

0: -26.3|35.6|96.0
1: -5.0|61.9|133.4
2: -8.3|29.1|68.2
3: 4.9|49.6|95.7
4: -4.8|51.1|105.6
5: 28.5|91.3|150.9

red_sum34
14:[0.0, 38.0, 0.0, 59.6, 0.0, 151.7]
15:[0.2, 37.8, 1.6, 58.0, 3.6, 148.1]
16:[0.2, 37.8, 1.6, 58.0, 3.6, 148.1]
17:[0.2, 37.8, 1.6, 58.0, 3.6, 148.1]
18:[0.2, 37.8, 1.6, 58.0, 3.6, 148.1]
19:[0.2, 37.8, 1.6, 58.0, 3.6, 148.1]
20:[0.9, 37.1, 3.2, 56.4, 7.3, 144.4]
21:[1.0, 37.0, 5.0, 54.6, 10.9, 140.8]
22:[1.0, 37.0, 5.0, 54.6, 10.9, 140.8]
23:[1.3, 36.7, 7.8, 51.8, 16.8, 134.9]
24:[4.5, 33.5, 9.4, 50.2, 23.2, 128.5]
25:[8.0, 30.0, 14.9, 44.7, 37.7, 114.0]
26:[11.3, 26.7, 20.7, 38.9, 53.3, 98.4]
27:[12.4, 25.6, 27.0, 32.6, 66.8, 84.9]
28:[15.3, 22.7, 33.1, 26.5, 81.3, 70.4]
29:[20.3, 17.7, 39.9, 19.7, 99.4, 52.3]
30:[22.0, 16.0, 42.2, 17.4, 105.6, 46.1]
31:[27.2, 10.8, 45.9, 13.7, 114.8, 36.9]
32:[30.5, 7.5, 47.9, 11.7, 122.2, 29.5]
33:[32.4, 5.6, 52.1, 7.5, 130.9, 20.8]
34:[38.0, 0.0, 59.6, 0.0, 151.7, 0.0]
35:[5.6, 32.4, 7.5, 52.1, 20.8, 130.9]
36:[4.2, 33.8, 6.2, 53.4, 16.6, 135.1]
37:[4.1, 33.9, 3.5, 56.1, 11.0, 140.7]
38:[4.1, 33.9, 3.5, 56.1, 11.0, 140.7]
39:[4.1, 33.9, 3.5, 56.1, 11.0, 140.7]
40:[4.1, 33.9, 3.5, 56.1, 11.0, 140.7]
41:[1.4, 36.6, 1.1, 58.5, 3.7, 148.0]
42:[1.4, 36.6, 1.1, 58.5, 3.7, 148.0]
43:[0.0, 38.0, 0.0, 59.6, 0.0, 151.7]

0: -20.2|44.1|107.8
1: -13.6|35.4|89.6
2: 1.2|32.6|69.4
3: -4.1|29.0|64.2
4: -9.1|53.8|115.3
5: 6.6|79.4|152.5

red_gap12
-1:[0.0, 138.4, 0.0, 63.4, 0.0, 79.0]
0:[2.6, 135.8, 0.3, 63.1, 1.9, 77.1]
1:[14.0, 124.4, 3.4, 60.0, 8.0, 71.0]
2:[36.9, 101.5, 13.5, 49.9, 26.9, 52.1]
3:[71.5, 66.9, 34.7, 28.7, 45.1, 33.9]
4:[113.3, 25.1, 50.0, 13.4, 64.7, 14.3]
5:[123.8, 14.6, 58.7, 4.7, 73.3, 5.7]
6:[130.2, 8.2, 60.8, 2.6, 75.8, 3.2]
7:[138.4, 0.0, 63.4, 0.0, 79.0, 0.0]
8:[2.8, 135.6, 0.9, 62.5, 1.1, 77.9]
9:[0.0, 138.4, 0.0, 63.4, 0.0, 79.0]

0: -17.1|30.6|83.2
1: 0.9|46.5|90.1
2: -7.2|24.6|55.7
3: 4.0|35.0|66.2
4: -1.3|50.3|102.1
5: 12.1|68.6|119.6

red_gap23
-1:[0.0, 73.5, 0.0, 43.5, 0.0, 128.2]
0:[4.0, 69.5, 3.3, 40.2, 10.7, 117.5]
1:[10.4, 63.1, 6.4, 37.1, 14.1, 114.1]
2:[17.5, 56.0, 11.1, 32.4, 21.8, 106.4]
3:[73.5, 0.0, 43.5, 0.0, 128.2, 0.0]
4:[28.4, 45.1, 19.3, 24.2, 66.0, 62.2]
5:[14.6, 58.9, 8.0, 35.5, 30.1, 98.1]
6:[5.0, 68.5, 2.3, 41.2, 9.3, 118.9]
7:[1.7, 71.8, 0.7, 42.8, 2.9, 125.3]
8:[1.7, 71.8, 0.7, 42.8, 2.9, 125.3]
9:[0.0, 73.5, 0.0, 43.5, 0.0, 128.2]

0: -69.9|2.0|64.6
1: -24.2|44.0|114.0
2: -33.6|12.7|52.2
3: -5.1|44.9|89.8
4: -27.5|36.1|102.1
5: 37.8|101.3|167.2

red_gap34
0:[0.0, 190.0, 0.0, 107.1, 0.0, 48.8]
1:[3.2, 186.8, 1.6, 105.5, 0.3, 48.5]
2:[23.8, 166.2, 12.7, 94.4, 5.8, 43.0]
3:[30.0, 160.0, 16.6, 90.5, 7.6, 41.2]
4:[77.7, 112.3, 42.0, 65.1, 24.0, 24.8]
5:[128.3, 61.7, 70.7, 36.4, 35.0, 13.8]
6:[154.2, 35.8, 85.3, 21.8, 40.5, 8.3]
7:[183.2, 6.8, 102.4, 4.7, 46.4, 2.4]
8:[183.2, 6.8, 102.4, 4.7, 46.4, 2.4]
9:[190.0, 0.0, 107.1, 0.0, 48.8, 0.0]
10:[190.0, 0.0, 107.1, 0.0, 48.8, 0.0]
11:[0.0, 190.0, 0.0, 107.1, 0.0, 48.8]

0: -28.8|25.8|83.1
1: -10.9|45.0|96.5
2: -31.3|5.2|40.4
3: -4.8|22.6|50.3
4: -24.3|39.3|92.3
5: -11.8|52.0|115.3

red_gap45
1:[0.0, 109.2, 0.0, 55.3, 0.0, 97.5]
2:[9.6, 99.6, 4.9, 50.4, 5.2, 92.3]
3:[109.2, 0.0, 55.3, 0.0, 97.5, 0.0]
4:[87.8, 21.4, 44.6, 10.7, 85.9, 11.6]
5:[60.3, 48.9, 27.6, 27.7, 65.9, 31.6]
6:[41.5, 67.7, 16.2, 39.1, 38.7, 58.8]
7:[26.9, 82.3, 10.5, 44.8, 25.1, 72.4]
8:[7.7, 101.5, 3.8, 51.5, 6.3, 91.2]
9:[6.0, 103.2, 3.1, 52.2, 3.4, 94.1]
10:[0.0, 109.2, 0.0, 55.3, 0.0, 97.5]

0: -18.8|29.0|80.1
1: 17.5|58.9|103.0
2: -6.6|22.8|50.5
3: 13.0|41.9|71.6
4: -4.8|44.7|94.9
5: 10.0|67.5|123.2

red_gap56
-1:[0.0, 60.2, 0.0, 38.6, 0.0, 98.0]
0:[1.1, 59.1, 2.3, 36.3, 6.1, 91.9]
1:[9.1, 51.1, 10.2, 28.4, 20.7, 77.3]
2:[20.4, 39.8, 13.6, 25.0, 34.2, 63.8]
3:[22.5, 37.7, 13.7, 24.9, 36.3, 61.7]
4:[30.6, 29.6, 20.0, 18.6, 51.3, 46.7]
5:[50.8, 9.4, 28.6, 10.0, 70.5, 27.5]
6:[54.0, 6.2, 31.9, 6.7, 79.3, 18.7]
7:[56.6, 3.6, 33.4, 5.2, 85.1, 12.9]
8:[60.2, 0.0, 38.6, 0.0, 98.0, 0.0]
9:[3.0, 57.2, 2.5, 36.1, 8.1, 89.9]
10:[0.3, 59.9, 1.7, 36.9, 3.7, 94.3]
11:[0.3, 59.9, 1.7, 36.9, 3.7, 94.3]
12:[0.0, 60.2, 0.0, 38.6, 0.0, 98.0]

0: -32.8|20.9|73.2
1: -8.7|49.5|105.7
2: -14.0|20.0|54.0
3: 2.4|39.7|78.3
4: -5.4|33.4|78.3
5: 19.5|64.9|109.1

red_blue
3:[0.0, 125.0, 0.0, 47.0, 0.0, 79.9]
4:[5.0, 120.0, 0.5, 46.5, 6.0, 73.9]
5:[11.8, 113.2, 1.9, 45.1, 10.2, 69.7]
6:[14.0, 111.0, 2.1, 44.9, 12.1, 67.8]
7:[25.8, 99.2, 4.4, 42.6, 19.8, 60.1]
8:[49.2, 75.8, 14.4, 32.6, 32.0, 47.9]
9:[79.8, 45.2, 27.1, 19.9, 53.3, 26.6]
10:[102.6, 22.4, 37.7, 9.3, 66.6, 13.3]
11:[115.9, 9.1, 42.4, 4.6, 76.7, 3.2]
12:[122.5, 2.5, 46.5, 0.5, 78.2, 1.7]
13:[125.0, 0.0, 47.0, 0.0, 79.9, 0.0]
14:[125.0, 0.0, 47.0, 0.0, 79.9, 0.0]
15:[125.0, 0.0, 47.0, 0.0, 79.9, 0.0]
16:[125.0, 0.0, 47.0, 0.0, 79.9, 0.0]
17:[0.0, 125.0, 0.0, 47.0, 0.0, 79.9]

0: -7.0|50.7|112.1
1: 13.8|76.6|137.6
2: -3.5|32.3|70.5
3: 14.0|52.0|92.2
4: -28.6|25.2|76.4
5: 31.1|91.2|160.3


