29
red1
more
20_6___1__    15   0  [1, 7, 0, 0, 0, 1, 1, 1, 1, 0, 0, 0, 2, 0]  (1, 13)
34_7___1__    15   2  [1, 1, 1, 1, 0, 1, 1, 1, 1, 1, 1, 0, 1, 0, 0]  (4, 13)
34_8___1__    14   2  [1, 1, 1, 1, 0, 1, 1, 1, 1, 3, 0, 2, 0]  (4, 13)
40_7___1__    14   0  [1, 3, 3, 0, 0, 0, 1, 1, 1, 1, 0, 0, 2, 1]  (1, 13)
2_6___1__    13   0  [1, 2, 4, 0, 1, 3, 1, 1, 0, 1, 1, 0, 0]  (3, 13)
9_6___1__    13   0  [1, 2, 4, 0, 1, 1, 1, 1, 2, 1, 1, 0, 0]  (3, 13)
16_7___1__    13   0  [1, 2, 0, 3, 0, 1, 1, 1, 1, 1, 2, 1, 1]  (3, 13)
16_8___1__    13   0  [1, 3, 3, 0, 0, 0, 1, 1, 1, 0, 0, 2, 3]  (3, 13)
17_6___1__    13   0  [1, 3, 3, 0, 1, 1, 1, 1, 1, 2, 1, 0, 0]  (3, 13)
32_8___1__    13   0  [1, 3, 3, 0, 1, 1, 1, 1, 1, 1, 0, 3]  (3, 13)
36_6___1__    13   0  [1, 2, 4, 0, 0, 0, 1, 1, 1, 4, 1, 1]  (3, 13)
less
1_4___1__    4   2  [7, 0, 1, 14]  (4, 13)
1_5___1__    4   2  [7, 0, 1, 14]  (5, 13)
5_3___1__    4   2  [7, 0, 14, 1]  (4, 13)
5_5___1__    4   2  [7, 0, 1, 14]  (5, 13)
7_4___1__    4   2  [7, 0, 1, 14]  (4, 13)
8_4___1__    4   2  [7, 0, 1, 14]  (4, 13)
9_5___1__    4   2  [7, 0, 1, 14]  (4, 13)
11_4___1__    4   2  [7, 0, 1, 14]  (4, 13)
14_4___1__    4   2  [7, 0, 1, 14]  (4, 13)
15_4___1__    4   2  [7, 0, 1, 14]  (4, 13)
15_5___1__    4   2  [7, 0, 1, 14]  (4, 13)
part_in:(1, 4), all_in:(5, 13), all_out:(1, 13)
red2
more
10_8___2__    12   2  [2, 1, 0, 2, 1, 3, 1, 3, 0, 1, 0, 0]  (8, 15)
20_6___2__    12   2  [3, 3, 1, 0, 1, 1, 1, 3, 0, 1, 0, 0]  (5, 15)
2_6___2__    11   2  [2, 2, 1, 2, 2, 0, 1, 3, 2, 0, 0]  (9, 15)
34_6___2__    11   2  [5, 1, 1, 0, 1, 1, 1, 3, 2, 0, 0]  (11, 15)
36_6___2__    11   2  [5, 1, 1, 0, 3, 1, 2, 0, 2, 0, 0]  (15, 16)
43_6___2__    11   2  [3, 0, 0, 3, 0, 3, 1, 3, 2, 0, 0]  (8, 15)
43_8___2__    11   2  [1, 2, 0, 1, 1, 0, 3, 1, 3, 2, 1]  (10, 15)
50_8___2__    11   1  [0, 5, 2, 1, 3, 1, 0, 2, 2, 0, 0]  (8, 15)
2_7___2__    10   2  [2, 2, 4, 2, 0, 1, 3, 2, 0, 0]  (9, 15)
2_9___2__    10   2  [1, 0, 2, 4, 3, 5, 0, 1, 0, 0]  (12, 15)
9_8___2__    10   2  [7, 0, 1, 3, 1, 0, 2, 2, 0, 0]  (11, 15)
less
12_1___2__    3   2  [23, 0, 0]  (8, 15)
12_2___2__    3   2  [23, 0, 0]  (8, 15)
40_2___2__    3   2  [23, 0, 0]  (9, 15)
1_2___2__    4   2  [2, 20, 0, 0]  (7, 15)
1_3___2__    4   2  [13, 9, 0, 0]  (7, 15)
1_5___2__    4   2  [20, 2, 0, 0]  (9, 15)
2_5___2__    4   2  [20, 2, 0, 0]  (10, 15)
3_5___2__    4   2  [20, 2, 0, 0]  (9, 15)
4_5___2__    4   2  [20, 2, 0, 0]  (9, 15)
5_1___2__    4   2  [2, 20, 0, 0]  (7, 15)
5_5___2__    4   2  [20, 2, 0, 0]  (9, 15)
part_in:(5, 16), all_in:(15, 15), all_out:(5, 16)
red3
more
26_1___3__    13   0  [2, 0, 0, 2, 0, 1, 1, 5, 0, 5, 0, 0]  (11, 24)
1_10___3__    12   3  [1, 2, 0, 1, 0, 0, 3, 2, 2, 3, 0]  (16, 24)
16_10___3__    12   0  [2, 1, 3, 0, 1, 0, 3, 2, 2, 3, 0]  (13, 24)
34_7___3__    12   0  [2, 0, 0, 2, 0, 3, 3, 1, 0, 6, 0]  (15, 24)
2_6___3__    11   0  [2, 4, 0, 3, 2, 0, 1, 0, 2, 2, 1]  (12, 24)
4_6___3__    11   0  [2, 1, 3, 2, 0, 3, 2, 2, 2, 1]  (14, 24)
4_7___3__    11   3  [1, 1, 0, 0, 2, 0, 3, 2, 2, 2, 1]  (16, 24)
10_8___3__    11   3  [3, 0, 0, 1, 0, 0, 3, 1, 0, 7]  (16, 24)
11_6___3__    11   0  [2, 1, 3, 2, 0, 3, 1, 0, 5, 1]  (14, 24)
16_8___3__    11   0  [2, 1, 3, 1, 0, 0, 3, 1, 3, 4]  (13, 24)
22_2___3__    11   0  [2, 0, 0, 3, 3, 3, 2, 1, 0, 3, 0]  (11, 24)
less
3_2___3__    4   0  [8, 10, 6, 0]  (12, 24)
49_7___3__    4   4  [0, 7, 6, 7]  (16, 24)
10_1___3__    5   0  [7, 0, 10, 6, 0]  (12, 24)
21_9___3__    5   3  [1, 3, 3, 6, 7]  (18, 24)
25_1___3__    5   0  [8, 10, 5, 0, 0]  (10, 24)
27_9___3__    5   5  [3, 3, 3, 5, 4]  (16, 24)
31_1___3__    5   0  [7, 0, 1, 15, 0]  (6, 24)
34_1___3__    5   0  [7, 0, 3, 6, 7]  (10, 24)
34_2___3__    5   0  [8, 3, 3, 2, 7]  (10, 24)
38_2___3__    5   0  [8, 7, 2, 6, 0]  (10, 24)
49_6___3__    5   0  [3, 0, 7, 3, 10]  (15, 24)
part_in:(6, 17), all_in:(18, 24), all_out:(6, 24)
red4
more
4_7___4__    15   1  [0, 1, 0, 1, 1, 1, 1, 0, 1, 0, 1, 0, 5, 0, 0]  (20, 28)
23_6___4__    15   2  [1, 0, 1, 0, 0, 1, 1, 2, 0, 1, 0, 2, 2, 0, 0]  (20, 28)
20_8___4__    14   0  [1, 2, 1, 0, 0, 3, 1, 0, 0, 1, 0, 5, 0, 0]  (18, 28)
24_8___4__    14   0  [1, 0, 1, 1, 1, 1, 1, 2, 0, 0, 1, 5, 0, 0]  (18, 28)
3_6___4__    13   2  [2, 1, 1, 1, 1, 2, 0, 1, 0, 2, 2, 0, 0]  (21, 28)
4_8___4__    13   2  [2, 1, 1, 1, 1, 2, 0, 1, 0, 0, 4, 0, 0]  (20, 28)
16_8___4__    13   0  [1, 2, 1, 1, 1, 1, 2, 0, 1, 4, 1, 0, 0]  (17, 28)
18_8___4__    13   0  [1, 4, 0, 0, 1, 1, 2, 0, 2, 3, 1, 0, 0]  (14, 28)
25_6___4__    13   2  [1, 0, 1, 0, 0, 3, 2, 0, 1, 3, 2, 0, 0]  (24, 28)
28_8___4__    13   2  [0, 1, 1, 1, 1, 1, 2, 0, 1, 0, 5, 0, 0]  (19, 28)
34_6___4__    13   2  [2, 1, 1, 1, 1, 2, 0, 1, 0, 2, 2, 0, 0]  (25, 28)
less
14_1___4__    5   2  [5, 0, 7, 9, 0]  (19, 28)
23_2___4__    5   2  [6, 6, 0, 9, 0]  (20, 28)
24_3___4__    5   2  [6, 3, 3, 9, 0]  (19, 28)
37_1___4__    5   0  [1, 6, 6, 0, 10]  (14, 28)
44_1___4__    5   2  [6, 6, 0, 9, 0]  (20, 28)
1_4___4__    6   2  [2, 3, 3, 3, 9, 0]  (19, 28)
3_5___4__    6   2  [2, 3, 3, 3, 9, 0]  (19, 28)
7_5___4__    6   2  [2, 3, 3, 3, 9, 0]  (19, 28)
12_4___4__    6   2  [6, 3, 3, 2, 6, 0]  (19, 28)
15_1___4__    6   2  [2, 3, 3, 2, 3, 7]  (19, 28)
16_4___4__    6   2  [2, 3, 3, 3, 9, 0]  (19, 28)
part_in:(14, 24), all_in:(25, 28), all_out:(14, 28)
red5
more
11_9___5__    14   3  [0, 0, 2, 1, 0, 1, 0, 2, 1, 0, 5, 0, 0]  (22, 30)
34_6___5__    14   3  [0, 0, 2, 0, 0, 0, 5, 1, 0, 1, 3, 0, 0]  (26, 30)
38_9___5__    14   3  [1, 4, 0, 1, 0, 2, 1, 0, 0, 2, 1, 0, 0]  (25, 30)
50_8___5__    14   3  [1, 2, 1, 0, 2, 2, 0, 0, 1, 2, 1, 0, 0]  (27, 30)
3_9___5__    13   3  [0, 0, 2, 1, 0, 2, 2, 2, 0, 4, 0, 0]  (24, 30)
7_6___5__    13   3  [0, 0, 3, 0, 0, 1, 0, 2, 1, 6, 0, 0]  (25, 30)
9_8___5__    13   3  [0, 0, 3, 0, 0, 2, 2, 0, 0, 6, 0, 0]  (24, 30)
10_7___5__    13   3  [0, 3, 0, 0, 0, 2, 2, 1, 0, 5, 0, 0]  (27, 30)
11_6___5__    13   3  [0, 0, 2, 0, 0, 3, 2, 1, 0, 5, 0, 0]  (24, 30)
12_9___5__    13   3  [1, 2, 0, 0, 0, 5, 1, 0, 0, 4, 0, 0]  (22, 30)
14_7___5__    13   3  [1, 1, 1, 0, 0, 2, 2, 1, 0, 5, 0, 0]  (24, 30)
less
18_2___5__    4   3  [6, 6, 10]  (23, 30)
31_2___5__    4   3  [6, 6, 10]  (23, 30)
8_2___5__    5   3  [6, 6, 9, 0]  (22, 30)
20_2___5__    5   3  [6, 6, 9, 0]  (24, 30)
22_1___5__    5   3  [6, 6, 9, 0]  (22, 30)
23_2___5__    5   3  [6, 6, 1, 8]  (25, 30)
37_1___5__    5   3  [0, 5, 15, 1]  (20, 30)
1_1___5__    6   0  [2, 3, 2, 6, 9, 0]  (19, 30)
1_8___5__    6   3  [6, 6, 8, 0, 0]  (23, 30)
12_1___5__    6   3  [0, 0, 4, 9, 7]  (25, 30)
12_2___5__    6   3  [1, 4, 6, 9, 0]  (23, 30)
part_in:(19, 26), all_in:(27, 30), all_out:(19, 30)
red6
more
9_1___6__    11   1  [1, 1, 1, 2, 5, 0, 1, 2, 4, 0]  (31, 31)
13_1___6__    11   1  [1, 1, 1, 2, 5, 0, 1, 3, 3, 0]  (30, 31)
32_7___6__    11   1  [1, 5, 0, 2, 2, 0, 1, 2, 4, 0]  (30, 31)
43_2___6__    11   1  [1, 1, 4, 5, 0, 1, 2, 3, 0, 0]  (25, 31)
6_8___6__    10   1  [1, 5, 0, 5, 0, 1, 1, 5, 0]  (29, 31)
15_2___6__    10   1  [1, 3, 2, 5, 0, 1, 2, 3, 1]  (28, 31)
19_2___6__    10   1  [1, 3, 2, 5, 0, 1, 2, 4, 0]  (26, 31)
20_2___6__    10   1  [1, 3, 2, 5, 0, 1, 2, 4, 0]  (29, 31)
20_6___6__    10   3  [5, 0, 2, 1, 0, 0, 1, 7, 0]  (29, 31)
21_7___6__    10   3  [5, 0, 5, 0, 1, 2, 0, 3, 0]  (31, 31)
32_6___6__    10   1  [1, 5, 0, 3, 1, 0, 1, 2, 4, 0]  (31, 31)
less
20_7___6__    4   3  [12, 0, 1, 8]  (27, 31)
1_8___6__    5   3  [6, 5, 0, 1, 8]  (28, 31)
2_7___6__    5   3  [6, 5, 0, 1, 8]  (26, 31)
2_8___6__    5   3  [6, 5, 0, 1, 8]  (27, 31)
2_9___6__    5   3  [6, 5, 0, 1, 8]  (28, 31)
7_10___6__    5   3  [6, 5, 0, 1, 8]  (27, 31)
20_8___6__    5   3  [12, 0, 1, 7, 0]  (26, 31)
23_8___6__    5   3  [6, 5, 0, 1, 8]  (29, 31)
27_7___6__    5   1  [1, 12, 0, 1, 8]  (30, 31)
27_8___6__    5   1  [1, 6, 6, 1, 8]  (30, 31)
27_10___6__    5   3  [6, 5, 0, 1, 8]  (28, 31)
part_in:(25, 29), all_in:(30, 31), all_out:(25, 31)
