30
red1
more
('24_8___1__', 15, 0, [5, 3, 0, 0, 0, 0, 0, 0, 1, 1, 0, 0, 3, 0, 1]) (3, 7)
('30_2___1__', 15, 0, [4, 0, 2, 0, 0, 1, 0, 1, 1, 0, 1, 0, 3, 0, 1]) (3, 3)
('33_1___1__', 15, 0, [4, 0, 2, 0, 0, 1, 0, 1, 1, 1, 0, 0, 3, 0, 1]) (3, 3)
('34_8___1__', 15, 2, [2, 0, 3, 0, 0, 0, 0, 0, 2, 1, 1, 1, 1, 0, 1]) (3, 6)
('44_6___1__', 15, 0, [3, 0, 0, 3, 0, 1, 0, 0, 0, 1, 1, 1, 3, 0, 1]) (3, 6)
('8_2___1__', 14, 5, [0, 2, 0, 0, 1, 0, 1, 1, 0, 1, 0, 3, 0, 1]) (3, 3)
('13_1___1__', 14, 0, [3, 0, 0, 3, 0, 1, 0, 1, 1, 2, 0, 3, 0, 1]) (3, 4)
('16_8___1__', 14, 0, [3, 0, 0, 3, 0, 1, 0, 1, 1, 3, 3, 0, 0, 0]) (3, 5)
('17_8___1__', 14, 0, [3, 0, 0, 3, 0, 1, 0, 1, 1, 3, 3, 0, 0, 0]) (3, 3)
('24_6___1__', 14, 0, [1, 3, 3, 0, 2, 1, 1, 2, 0, 2, 0, 0, 0, 0]) (3, 6)
less
('4_6___1__', 7, 6, [3, 0, 2, 3, 7, 0, 1]) (3, 4)
('4_8___1__', 7, 6, [4, 0, 0, 0, 11, 0, 1]) (3, 5)
('5_3___1__', 7, 6, [3, 0, 2, 3, 7, 0, 1]) (3, 3)
('10_4___1__', 7, 6, [4, 1, 0, 3, 7, 0, 1]) (3, 4)
('15_3___1__', 7, 6, [4, 1, 0, 3, 7, 0, 1]) (3, 4)
('15_10___1__', 7, 6, [4, 1, 0, 3, 7, 0, 1]) (3, 6)
('23_8___1__', 7, 6, [4, 2, 1, 1, 7, 0, 1]) (3, 4)
('23_9___1__', 7, 6, [4, 1, 0, 3, 7, 0, 1]) (3, 5)
('23_10___1__', 7, 6, [4, 1, 0, 3, 7, 0, 1]) (3, 5)
('28_10___1__', 7, 6, [4, 2, 3, 7, 0, 0, 0]) (3, 5)
part_in:(5, 7), all_in:(3, 4), all_out:(3, 7)
red2
more
('27_1___2__', 13, 0, [2, 1, 0, 2, 1, 2, 3, 1, 0, 0, 0, 0, 4]) (5, 12)
('1_8___2__', 12, 0, [2, 1, 0, 2, 1, 2, 0, 2, 4, 0, 3, 0]) (9, 12)
('5_2___2__', 12, 0, [2, 1, 0, 2, 1, 2, 0, 2, 2, 0, 5, 0]) (4, 12)
('7_1___2__', 12, 0, [2, 1, 0, 2, 1, 2, 0, 2, 1, 0, 2, 4]) (4, 12)
('9_7___2__', 12, 0, [2, 1, 0, 2, 1, 1, 1, 2, 2, 4, 1, 0]) (4, 12)
('10_7___2__', 12, 0, [2, 1, 0, 3, 0, 3, 2, 2, 1, 0, 3, 0]) (7, 12)
('10_8___2__', 12, 0, [2, 1, 0, 2, 1, 3, 2, 2, 1, 0, 2, 1]) (9, 12)
('16_10___2__', 12, 0, [2, 1, 0, 2, 1, 2, 0, 2, 4, 0, 1, 2]) (8, 12)
('26_1___2__', 12, 0, [2, 1, 0, 2, 1, 2, 0, 2, 1, 0, 2, 4]) (6, 12)
('34_6___2__', 12, 0, [2, 1, 0, 2, 1, 2, 0, 2, 5, 1, 1, 0]) (8, 12)
less
('1_1___2__', 6, 0, [2, 1, 3, 8, 5, 4]) (6, 12)
('1_3___2__', 6, 0, [2, 1, 0, 7, 3, 10]) (8, 12)
('1_4___2__', 6, 0, [2, 1, 0, 2, 8, 10]) (9, 12)
('4_3___2__', 6, 0, [2, 1, 0, 2, 8, 10]) (7, 12)
('6_4___2__', 6, 0, [2, 1, 0, 2, 8, 10]) (8, 12)
('11_6___2__', 6, 0, [2, 1, 0, 11, 9, 0]) (9, 12)
('12_4___2__', 6, 0, [2, 1, 0, 2, 8, 10]) (8, 12)
('12_5___2__', 6, 0, [2, 1, 3, 5, 2, 10]) (8, 12)
('14_4___2__', 6, 0, [2, 1, 0, 2, 8, 10]) (8, 12)
('17_4___2__', 6, 0, [2, 1, 0, 2, 8, 10]) (11, 12)
part_in:(4, 8), all_in:(9, 12), all_out:(4, 12)
red3
more
('33_6___3__', 14, 2, [0, 0, 0, 0, 1, 0, 4, 4, 0, 0, 2, 0, 2, 0]) (6, 24)
('26_1___3__', 13, 3, [4, 0, 1, 2, 0, 0, 2, 0, 0, 2, 0, 1, 1]) (9, 24)
('27_1___3__', 13, 3, [2, 2, 0, 0, 2, 0, 0, 2, 1, 1, 0, 0, 3]) (9, 24)
('30_8___3__', 13, 2, [0, 2, 1, 0, 1, 2, 1, 4, 2, 0, 1, 0, 0]) (14, 24)
('43_8___3__', 13, 2, [0, 2, 2, 1, 2, 0, 3, 0, 0, 2, 0, 1, 1]) (12, 24)
('1_10___3__', 12, 2, [0, 5, 1, 2, 0, 3, 1, 2, 0, 1, 0, 0]) (14, 24)
('3_8___3__', 12, 2, [0, 2, 2, 1, 2, 1, 2, 1, 1, 0, 0, 3]) (11, 24)
('7_7___3__', 12, 2, [0, 1, 2, 0, 0, 0, 2, 4, 1, 3, 2, 0]) (10, 24)
('10_8___3__', 12, 2, [0, 1, 2, 2, 2, 4, 3, 0, 0, 1, 0, 0]) (13, 24)
('10_10___3__', 12, 2, [0, 1, 3, 1, 2, 4, 1, 1, 0, 0, 1, 1]) (13, 24)
less
('6_6___3__', 5, 3, [7, 2, 10, 2, 0]) (7, 24)
('8_7___3__', 5, 3, [2, 4, 2, 10, 3]) (11, 24)
('49_8___3__', 5, 3, [10, 5, 0, 3, 3]) (12, 24)
('1_3___3__', 6, 3, [10, 0, 0, 4, 3, 3]) (15, 24)
('1_6___3__', 6, 3, [10, 0, 3, 5, 1, 1]) (11, 24)
('2_8___3__', 6, 2, [0, 7, 2, 1, 8, 3]) (11, 24)
('3_2___3__', 6, 3, [7, 2, 0, 0, 8, 3]) (11, 24)
('6_7___3__', 6, 3, [5, 1, 2, 1, 8, 3]) (8, 24)
('8_5___3__', 6, 3, [7, 2, 1, 4, 3, 3]) (14, 24)
('12_8___3__', 6, 3, [7, 2, 1, 2, 5, 3]) (15, 24)
part_in:(6, 14), all_in:(15, 24), all_out:(6, 24)
red4
more
('14_9___4__', 16, 0, [0, 0, 3, 1, 0, 0, 0, 2, 0, 0, 1, 2, 1, 1, 1, 1]) (16, 25)
('44_6___4__', 16, 0, [0, 0, 3, 0, 0, 0, 1, 2, 0, 2, 2, 1, 1, 1, 0, 0]) (15, 25)
('3_6___4__', 15, 0, [0, 0, 3, 0, 0, 0, 1, 2, 0, 2, 2, 1, 1, 1, 1]) (14, 25)
('3_9___4__', 15, 0, [0, 0, 2, 0, 2, 1, 2, 0, 0, 1, 2, 1, 1, 1, 1]) (13, 25)
('11_9___4__', 15, 0, [0, 0, 2, 0, 2, 1, 2, 0, 0, 1, 2, 1, 1, 1, 1]) (14, 25)
('18_6___4__', 15, 0, [0, 0, 2, 0, 2, 1, 2, 0, 0, 1, 2, 1, 0, 0, 3]) (13, 25)
('30_1___4__', 15, 0, [0, 0, 2, 0, 1, 0, 1, 2, 1, 1, 0, 1, 2, 0, 3]) (13, 25)
('30_9___4__', 15, 0, [0, 0, 2, 0, 1, 0, 0, 0, 2, 1, 1, 2, 1, 1, 3]) (17, 25)
('35_2___4__', 15, 0, [0, 0, 2, 0, 1, 2, 2, 1, 1, 0, 1, 1, 0, 0, 3]) (15, 25)
('40_2___4__', 15, 0, [0, 0, 2, 0, 1, 0, 1, 2, 1, 1, 0, 1, 2, 0, 3]) (17, 25)
less
('12_4___4__', 8, 0, [0, 0, 3, 1, 2, 6, 6, 3]) (19, 25)
('42_6___4__', 8, 0, [0, 0, 3, 2, 9, 1, 3, 3]) (13, 25)
('1_4___4__', 9, 0, [0, 0, 3, 1, 2, 6, 2, 3, 3]) (18, 25)
('2_6___4__', 9, 0, [0, 0, 3, 4, 3, 2, 6, 1, 1]) (14, 25)
('5_9___4__', 9, 0, [0, 0, 3, 2, 8, 2, 1, 1, 3]) (15, 25)
('8_7___4__', 9, 0, [0, 0, 3, 4, 2, 3, 4, 1, 3]) (12, 25)
('12_6___4__', 9, 0, [0, 0, 3, 4, 3, 2, 4, 1, 3]) (18, 25)
('16_4___4__', 9, 0, [0, 0, 3, 1, 2, 6, 2, 3, 3]) (19, 25)
('16_6___4__', 9, 0, [0, 0, 3, 1, 2, 6, 4, 1, 3]) (15, 25)
('17_6___4__', 9, 0, [0, 0, 3, 1, 2, 6, 4, 1, 3]) (10, 25)
part_in:(12, 18), all_in:(19, 25), all_out:(12, 25)
red5
more
('34_6___5__', 14, 1, [1, 2, 1, 2, 0, 2, 3, 0, 0, 2, 0, 0, 0, 1]) (20, 32)
('5_7___5__', 13, 1, [1, 2, 1, 2, 0, 0, 0, 0, 3, 1, 4, 0, 1]) (14, 32)
('5_8___5__', 13, 1, [1, 2, 1, 2, 0, 0, 1, 3, 1, 3, 0, 0, 1]) (18, 32)
('9_8___5__', 13, 1, [1, 2, 1, 2, 1, 1, 3, 0, 0, 3, 0, 0, 1]) (18, 32)
('11_7___5__', 13, 1, [1, 2, 1, 2, 1, 1, 3, 0, 0, 2, 0, 0, 2]) (20, 32)
('12_9___5__', 13, 1, [1, 2, 1, 0, 1, 3, 3, 1, 2, 0, 0, 0, 1]) (22, 32)
('14_1___5__', 13, 1, [1, 2, 1, 0, 0, 0, 1, 5, 0, 2, 2, 0, 1]) (20, 32)
('25_10___5__', 13, 1, [1, 2, 1, 2, 3, 3, 0, 0, 1, 1, 0, 0, 1]) (19, 32)
('28_8___5__', 13, 1, [1, 2, 1, 0, 2, 0, 1, 3, 1, 3, 0, 0, 1]) (21, 32)
('33_6___5__', 13, 1, [1, 2, 1, 2, 0, 2, 3, 0, 0, 2, 0, 0, 2]) (16, 32)
less
('37_2___5__', 5, 1, [1, 4, 10, 6, 2]) (17, 32)
('43_2___5__', 5, 1, [1, 4, 10, 6, 2]) (21, 32)
('1_8___5__', 6, 1, [1, 5, 1, 7, 6, 2]) (20, 32)
('12_4___5__', 6, 1, [1, 2, 1, 10, 6, 2]) (23, 32)
('17_3___5__', 6, 1, [1, 2, 1, 10, 6, 2]) (22, 32)
('21_2___5__', 6, 1, [1, 4, 3, 6, 6, 2]) (24, 32)
('23_3___5__', 6, 1, [1, 2, 1, 10, 6, 2]) (23, 32)
('31_2___5__', 6, 1, [1, 2, 1, 10, 6, 2]) (21, 32)
('32_2___5__', 6, 1, [1, 4, 10, 1, 4, 2]) (20, 32)
('33_2___5__', 6, 1, [1, 4, 3, 6, 6, 2]) (19, 32)
part_in:(14, 23), all_in:(24, 32), all_out:(14, 32)
red6
more
('47_1___6__', 16, 1, [0, 0, 0, 1, 2, 0, 0, 0, 0, 1, 1, 1, 1, 1, 2, 2]) (26, 33)
('5_7___6__', 15, 2, [0, 0, 0, 0, 2, 0, 0, 2, 0, 1, 1, 5, 0, 0, 1]) (20, 33)
('19_1___6__', 15, 2, [0, 0, 1, 2, 0, 0, 1, 0, 0, 1, 1, 1, 1, 2, 2]) (25, 33)
('42_1___6__', 15, 1, [0, 0, 0, 1, 2, 0, 0, 1, 0, 0, 1, 1, 3, 2, 2]) (26, 33)
('45_8___6__', 15, 2, [0, 0, 1, 1, 0, 0, 0, 2, 0, 1, 1, 5, 0, 0, 1]) (29, 33)
('46_6___6__', 15, 2, [0, 0, 1, 1, 0, 0, 0, 0, 1, 0, 1, 1, 5, 0, 2]) (28, 33)
('49_6___6__', 15, 2, [0, 0, 1, 1, 0, 0, 0, 0, 1, 0, 1, 1, 5, 0, 2]) (24, 33)
('49_7___6__', 15, 2, [0, 0, 1, 0, 1, 0, 0, 0, 1, 0, 1, 1, 5, 0, 2]) (24, 33)
('3_1___6__', 14, 1, [0, 0, 0, 1, 2, 0, 0, 0, 0, 1, 1, 1, 6, 2]) (27, 33)
('4_6___6__', 14, 2, [0, 0, 1, 2, 0, 0, 0, 1, 0, 1, 1, 5, 0, 2]) (19, 33)
less
('16_9___6__', 8, 2, [0, 0, 1, 2, 1, 3, 3, 9]) (26, 33)
('2_7___6__', 9, 2, [0, 0, 1, 2, 1, 3, 3, 6, 2]) (24, 33)
('16_10___6__', 9, 2, [0, 0, 1, 2, 1, 3, 3, 6, 2]) (24, 33)
('23_7___6__', 9, 2, [0, 0, 1, 2, 1, 3, 1, 1, 9]) (23, 33)
('27_9___6__', 9, 2, [0, 0, 1, 2, 1, 3, 3, 6, 2]) (27, 33)
('27_10___6__', 9, 2, [0, 0, 1, 2, 1, 3, 3, 6, 2]) (28, 33)
('30_6___6__', 9, 2, [0, 0, 1, 2, 1, 3, 3, 6, 2]) (28, 33)
('34_9___6__', 9, 2, [0, 0, 1, 2, 1, 3, 3, 6, 2]) (32, 33)
('34_10___6__', 9, 2, [0, 0, 1, 2, 1, 3, 3, 6, 2]) (30, 33)
('36_9___6__', 9, 2, [0, 0, 1, 2, 1, 3, 3, 6, 2]) (26, 33)
part_in:(19, 31), all_in:(32, 33), all_out:(19, 33)
