30
less5
400_5___1__    13   2  [3, 0, 1, 0, 3, 1, 0, 1, 1, 0, 0, 4, 0]  (2, 5)
600_4___1__    13   2  [3, 0, 1, 0, 1, 1, 1, 0, 3, 0, 0, 4, 0]  (5, 5)
600_5___1__    13   2  [2, 0, 0, 1, 0, 3, 1, 0, 3, 0, 0, 4, 0]  (5, 5)
1000_4___1__    13   1  [0, 3, 0, 1, 0, 3, 1, 0, 3, 0, 0, 4, 0]  (5, 6)
1000_5___1__    13   2  [2, 1, 1, 0, 3, 1, 0, 1, 1, 0, 0, 4, 0]  (5, 5)
400_4___1__    12   6  [0, 1, 0, 1, 1, 1, 0, 3, 0, 0, 4, 0]  (3, 5)
1000_3___1__    11   1  [4, 0, 1, 0, 3, 1, 0, 3, 1, 4, 0]  (5, 6)
600_3___1__    10   1  [0, 3, 0, 1, 0, 3, 2, 5, 4, 0]  (5, 5)
400_3___1__    9   6  [0, 1, 0, 6, 3, 0, 0, 4, 0]  (4, 5)
400_1___1__    8   6  [0, 1, 0, 4, 0, 0, 5, 5]  (5, 7)
600_1___1__    8   5  [0, 0, 1, 0, 5, 0, 5, 5]  (5, 5)
600_2___1__    8   1  [4, 0, 1, 0, 3, 2, 5, 5]  (5, 5)
1000_1___1__    8   1  [5, 1, 0, 5, 0, 3, 1, 5]  (4, 5)
1000_2___1__    8   1  [5, 1, 0, 3, 1, 0, 5, 5]  (4, 5)
400_2___1__    7   6  [0, 1, 0, 6, 4, 0, 5]  (5, 7)
part_in:(2, 7), all_in:(5, 5), all_out:(2, 7)
less8
400_2___2__    12   1  [0, 3, 5, 7, 0, 1, 0, 0, 0, 1, 0]  (12, 16)
400_3___2__    12   1  [0, 3, 3, 1, 7, 0, 2, 0, 0, 1, 0]  (14, 16)
400_5___2__    12   1  [0, 3, 3, 1, 1, 5, 0, 3, 0, 1, 0]  (13, 16)
400_4___2__    11   1  [4, 3, 1, 1, 5, 0, 3, 0, 1, 0]  (13, 16)
1000_3___2__    11   6  [3, 1, 1, 5, 0, 2, 0, 0, 1, 0]  (14, 16)
1000_5___2__    11   6  [3, 1, 1, 5, 0, 2, 0, 0, 1, 0]  (15, 16)
400_1___2__    10   1  [4, 3, 1, 10, 0, 0, 0, 1, 0]  (12, 16)
600_4___2__    10   6  [3, 1, 1, 5, 0, 3, 0, 1, 0]  (15, 16)
1000_4___2__    10   5  [0, 3, 1, 1, 6, 2, 0, 0, 1, 0]  (14, 16)
600_1___2__    9   5  [0, 3, 1, 7, 4, 0, 1, 0]  (14, 16)
600_5___2__    9   6  [3, 1, 7, 0, 3, 0, 1, 0]  (15, 16)
1000_2___2__    9   10  [1, 1, 6, 2, 0, 0, 1, 0]  (15, 16)
600_2___2__    8   6  [5, 7, 2, 1, 0, 1, 0]  (14, 16)
600_3___2__    8   6  [5, 7, 0, 3, 0, 1, 0]  (14, 16)
1000_1___2__    8   6  [3, 1, 8, 2, 0, 0, 1, 0]  (16, 16)
part_in:(12, 14), all_in:(15, 16), all_out:(12, 16)
less9
400_5___3__    16   0  [1, 1, 0, 0, 0, 1, 0, 1, 3, 2, 0, 1, 0, 1, 2, 0]  (8, 12)
600_3___3__    14   2  [1, 0, 0, 0, 1, 0, 1, 0, 6, 1, 0, 1, 2, 0]  (8, 9)
600_5___3__    14   2  [1, 0, 0, 0, 1, 0, 1, 0, 6, 1, 0, 1, 2, 0]  (8, 9)
400_4___3__    13   2  [1, 0, 0, 0, 1, 0, 5, 3, 1, 0, 1, 2, 0]  (8, 9)
1000_5___3__    13   2  [1, 0, 0, 0, 1, 0, 3, 5, 1, 0, 1, 2, 0]  (6, 8)
400_1___3__    12   5  [0, 0, 1, 0, 1, 2, 0, 3, 1, 0, 1, 3]  (7, 8)
400_3___3__    12   2  [1, 0, 0, 0, 1, 0, 1, 7, 1, 0, 1, 3]  (8, 9)
600_2___3__    12   2  [1, 0, 0, 0, 1, 0, 1, 7, 1, 0, 1, 3]  (8, 8)
600_4___3__    12   2  [1, 0, 0, 0, 1, 0, 2, 6, 1, 0, 1, 3]  (8, 9)
1000_4___3__    12   2  [1, 0, 0, 0, 1, 0, 9, 1, 0, 1, 2, 0]  (7, 8)
400_2___3__    11   4  [1, 0, 1, 0, 1, 6, 0, 1, 0, 1, 3]  (8, 8)
1000_1___3__    11   5  [0, 0, 2, 0, 0, 3, 3, 1, 0, 1, 3]  (8, 8)
1000_2___3__    11   5  [0, 0, 1, 0, 1, 3, 3, 1, 0, 1, 3]  (8, 8)
1000_3___3__    10   4  [0, 0, 0, 1, 0, 9, 1, 0, 1, 3]  (6, 8)
600_1___3__    9   5  [0, 0, 1, 0, 9, 1, 0, 1, 3]  (7, 8)
part_in:(6, 12), all_in:(8, 8), all_out:(6, 12)
less10
400_4___4__    14   3  [1, 0, 0, 2, 2, 0, 0, 0, 5, 0, 1, 2, 0]  (2, 2)
1000_3___4__    14   3  [2, 0, 2, 0, 0, 0, 1, 6, 0, 1, 0, 1, 0]  (0, 2)
400_2___4__    13   3  [2, 0, 2, 1, 0, 0, 0, 3, 3, 1, 2, 0]  (1, 2)
400_5___4__    13   3  [1, 0, 0, 2, 2, 1, 0, 5, 0, 1, 2, 0]  (2, 3)
600_5___4__    13   3  [2, 0, 2, 2, 0, 0, 2, 3, 0, 1, 2, 0]  (2, 2)
1000_1___4__    13   3  [2, 0, 0, 2, 0, 0, 1, 0, 6, 1, 0, 2]  (1, 2)
1000_2___4__    13   3  [2, 0, 3, 0, 0, 1, 0, 6, 1, 0, 1, 0]  (1, 2)
1000_4___4__    13   3  [2, 0, 0, 1, 1, 0, 1, 6, 0, 1, 0, 1, 0]  (1, 2)
1000_5___4__    13   0  [2, 2, 0, 2, 0, 0, 0, 1, 6, 0, 1, 3]  (1, 2)
400_1___4__    12   3  [2, 0, 2, 1, 0, 0, 0, 7, 1, 2, 0]  (1, 2)
400_3___4__    11   3  [2, 3, 2, 1, 3, 2, 0, 1, 2, 0]  (1, 2)
600_1___4__    11   3  [2, 0, 3, 1, 1, 7, 1, 1, 0, 0]  (1, 2)
600_2___4__    11   3  [2, 0, 3, 1, 1, 7, 1, 1, 0, 0]  (1, 2)
600_3___4__    11   2  [0, 2, 0, 5, 1, 7, 1, 1, 0, 0]  (1, 2)
600_4___4__    10   3  [2, 0, 5, 1, 7, 1, 1, 0, 0]  (1, 2)
part_in:(0, 3), all_in:(2, 2), all_out:(0, 3)
row1
400_4___5__    15   2  [1, 1, 3, 4, 0, 1, 1, 0, 0, 0, 0, 0, 0, 1, 0]  (0, 0)
400_5___5__    15   4  [0, 0, 3, 4, 0, 1, 0, 0, 0, 0, 0, 1, 0, 1, 0]  (0, 0)
400_1___5__    13   1  [4, 3, 2, 1, 0, 1, 1, 0, 0, 0, 0, 1, 2]  (0, 0)
600_4___5__    13   2  [1, 0, 0, 3, 4, 0, 1, 1, 0, 0, 0, 2, 2]  (0, 0)
600_5___5__    13   2  [1, 0, 0, 3, 4, 0, 1, 1, 0, 0, 0, 2, 2]  (0, 0)
1000_4___5__    13   5  [0, 3, 3, 0, 0, 1, 1, 0, 0, 0, 1, 0, 2]  (0, 1)
1000_5___5__    13   5  [0, 3, 3, 0, 0, 1, 1, 0, 0, 0, 1, 0, 2]  (0, 1)
400_3___5__    12   4  [1, 3, 4, 0, 3, 0, 0, 0, 0, 0, 0, 2]  (0, 0)
600_3___5__    12   0  [3, 0, 0, 3, 4, 0, 3, 0, 0, 0, 2, 2]  (0, 0)
1000_1___5__    12   4  [1, 3, 4, 0, 1, 1, 0, 0, 0, 0, 1, 2]  (0, 0)
1000_3___5__    12   5  [0, 3, 4, 0, 1, 1, 0, 0, 0, 0, 1, 2]  (0, 0)
400_2___5__    11   6  [3, 4, 0, 1, 1, 0, 0, 0, 0, 1, 2]  (0, 0)
600_1___5__    11   5  [0, 3, 4, 0, 1, 1, 0, 0, 0, 2, 2]  (0, 0)
600_2___5__    10   5  [0, 8, 0, 1, 1, 0, 0, 0, 2, 2]  (0, 0)
1000_2___5__    9   4  [5, 4, 0, 3, 0, 0, 0, 2, 2]  (0, 0)
part_in:(2, 1), all_in:(0, 1), all_out:(0, 1)
row2
1000_5___6__    15   5  [0, 0, 0, 1, 2, 0, 1, 1, 0, 1, 0, 0, 2, 2]  (16, 25)
400_4___6__    14   5  [0, 0, 0, 1, 2, 2, 1, 0, 1, 0, 0, 2, 2]  (16, 26)
1000_4___6__    14   5  [0, 0, 0, 1, 2, 0, 1, 1, 0, 1, 1, 2, 2]  (16, 26)
400_5___6__    13   5  [0, 0, 0, 1, 2, 2, 2, 1, 0, 0, 2, 2]  (16, 25)
600_5___6__    12   5  [0, 0, 0, 1, 2, 2, 2, 2, 0, 2, 2]  (16, 20)
1000_3___6__    12   5  [0, 0, 0, 4, 2, 1, 0, 1, 1, 2, 2]  (16, 22)
400_2___6__    11   5  [0, 0, 0, 4, 2, 1, 0, 2, 3, 2]  (16, 19)
400_3___6__    11   5  [0, 0, 0, 4, 2, 2, 2, 0, 2, 2]  (16, 24)
600_1___6__    11   1  [3, 0, 0, 0, 4, 2, 2, 3, 2, 2]  (16, 16)
600_2___6__    11   5  [0, 0, 0, 4, 2, 1, 0, 3, 2, 2]  (16, 18)
600_4___6__    11   5  [0, 0, 0, 4, 2, 2, 1, 1, 2, 2]  (16, 19)
1000_1___6__    11   5  [0, 0, 0, 4, 2, 1, 0, 3, 2, 2]  (15, 16)
1000_2___6__    11   5  [0, 0, 0, 4, 2, 2, 1, 1, 2, 2]  (16, 19)
600_3___6__    10   5  [0, 0, 0, 4, 2, 2, 3, 2, 2]  (16, 20)
400_1___6__    8   5  [1, 0, 4, 2, 6, 2, 2]  (16, 16)
part_in:(15, 26), all_in:(16, 16), all_out:(15, 26)
row3
600_5___7__    13   1  [0, 2, 0, 3, 1, 3, 1, 0, 1, 0, 0, 2, 2]  (25, 32)
400_5___7__    12   2  [2, 0, 3, 2, 2, 1, 0, 1, 0, 0, 2, 2]  (22, 32)
1000_4___7__    12   1  [0, 2, 0, 3, 3, 1, 2, 1, 0, 0, 2, 2]  (19, 32)
1000_5___7__    12   1  [0, 2, 4, 1, 1, 1, 2, 1, 0, 0, 2, 2]  (21, 32)
400_3___7__    11   2  [2, 0, 5, 0, 2, 1, 2, 0, 0, 2, 2]  (24, 32)
600_3___7__    11   1  [0, 2, 0, 5, 3, 1, 0, 1, 1, 2, 2]  (26, 32)
1000_3___7__    11   1  [0, 2, 0, 5, 3, 2, 1, 0, 0, 2, 2]  (24, 32)
400_4___7__    10   1  [0, 3, 3, 5, 2, 1, 0, 0, 2, 2]  (21, 32)
400_1___7__    9   2  [2, 4, 1, 0, 2, 1, 4, 2, 2]  (30, 32)
600_1___7__    9   2  [2, 0, 5, 0, 2, 1, 4, 2, 2]  (30, 32)
600_2___7__    9   1  [0, 2, 0, 9, 1, 2, 1, 2, 2]  (28, 32)
600_4___7__    9   2  [2, 0, 3, 5, 1, 2, 1, 2, 2]  (27, 32)
1000_2___7__    9   1  [0, 2, 6, 3, 1, 2, 1, 2, 2]  (28, 32)
400_2___7__    8   2  [3, 5, 3, 2, 2, 0, 2, 2]  (29, 32)
1000_1___7__    7   2  [2, 6, 3, 4, 1, 2, 2]  (31, 32)
part_in:(19, 29), all_in:(30, 32), all_out:(19, 32)
row4
600_1___8__    15   0  [2, 1, 0, 0, 0, 0, 3, 0, 2, 0, 0, 1, 1, 2, 2]  (2, 2)
400_4___8__    14   0  [5, 0, 0, 1, 2, 0, 2, 0, 0, 2, 0, 0, 1, 2]  (0, 2)
400_1___8__    13   0  [5, 0, 0, 4, 0, 2, 0, 0, 2, 0, 0, 1, 2]  (1, 2)
400_2___8__    13   0  [2, 2, 0, 0, 4, 0, 2, 0, 0, 2, 0, 2, 2]  (0, 2)
400_3___8__    13   6  [0, 0, 4, 0, 2, 0, 0, 2, 0, 0, 0, 0, 2]  (0, 2)
400_5___8__    13   0  [5, 0, 0, 1, 2, 0, 2, 0, 0, 2, 0, 2, 2]  (1, 2)
1000_3___8__    13   0  [5, 0, 0, 2, 1, 0, 2, 0, 0, 3, 0, 1, 2]  (2, 2)
1000_4___8__    13   0  [5, 0, 0, 1, 2, 0, 2, 0, 0, 2, 0, 2, 2]  (1, 2)
1000_5___8__    13   0  [0, 4, 0, 0, 4, 0, 2, 0, 0, 2, 0, 2, 2]  (2, 2)
600_2___8__    12   6  [0, 0, 0, 3, 0, 2, 0, 0, 1, 1, 2, 2]  (2, 2)
600_3___8__    12   6  [0, 0, 2, 1, 0, 2, 0, 0, 1, 1, 2, 2]  (2, 2)
600_4___8__    12   0  [5, 0, 0, 2, 1, 0, 2, 0, 0, 3, 2, 2]  (2, 2)
600_5___8__    12   0  [5, 0, 0, 4, 0, 2, 0, 0, 2, 0, 2, 2]  (2, 2)
1000_2___8__    12   6  [0, 0, 1, 0, 1, 0, 2, 0, 0, 3, 2, 2]  (2, 2)
1000_1___8__    11   6  [0, 0, 1, 2, 0, 2, 0, 0, 3, 2, 2]  (2, 2)
part_in:(0, 0), all_in:(1, 2), all_out:(0, 2)
sum16
400_3___9__    14   2  [1, 2, 1, 1, 0, 0, 1, 0, 1, 0, 2, 3, 2]  (37, 42)
400_5___9__    13   2  [1, 2, 1, 1, 0, 0, 2, 1, 0, 2, 5, 0]  (34, 42)
600_5___9__    13   2  [4, 1, 1, 1, 1, 0, 0, 0, 0, 6, 0, 1]  (32, 42)
400_2___9__    12   1  [0, 4, 1, 1, 0, 0, 1, 2, 7, 0, 1]  (36, 42)
400_4___9__    12   2  [4, 1, 1, 0, 0, 2, 1, 3, 3, 0, 1]  (36, 42)
1000_4___9__    11   1  [5, 1, 2, 0, 2, 0, 0, 0, 3, 5]  (37, 42)
1000_3___9__    10   1  [5, 1, 1, 0, 0, 4, 0, 3, 5]  (39, 42)
1000_5___9__    10   1  [5, 1, 1, 1, 2, 0, 0, 0, 9]  (37, 42)
400_1___9__    9   1  [0, 4, 1, 1, 1, 1, 2, 7, 2]  (39, 42)
600_1___9__    9   7  [1, 3, 1, 1, 0, 0, 6, 2]  (42, 42)
600_4___9__    9   7  [1, 3, 1, 0, 0, 0, 0, 9]  (35, 42)
1000_1___9__    9   6  [0, 7, 1, 0, 0, 3, 2, 2]  (41, 42)
1000_2___9__    9   1  [5, 3, 1, 4, 0, 3, 2, 2]  (40, 42)
600_2___9__    8   1  [5, 1, 6, 1, 0, 6, 2]  (41, 42)
600_3___9__    8   2  [4, 1, 2, 3, 1, 0, 9]  (38, 42)
part_in:(32, 40), all_in:(41, 42), all_out:(32, 42)
gap16
600_5___10__    14   0  [0, 1, 1, 0, 3, 2, 0, 1, 1, 2, 0, 0, 2, 2]  (21, 24)
1000_3___10__    14   0  [0, 0, 1, 0, 4, 0, 1, 1, 2, 2, 0, 0, 2, 2]  (24, 25)
1000_5___10__    13   0  [0, 1, 0, 0, 4, 2, 0, 3, 2, 0, 0, 2, 2]  (24, 24)
400_5___10__    12   4  [0, 4, 2, 0, 1, 1, 2, 0, 0, 2, 1, 0]  (21, 24)
400_4___10__    11   4  [0, 4, 2, 0, 1, 0, 0, 3, 0, 2, 2]  (22, 24)
600_4___10__    11   0  [0, 3, 0, 3, 2, 2, 1, 3, 0, 2, 2]  (22, 24)
1000_2___10__    11   1  [0, 1, 5, 0, 1, 1, 2, 3, 0, 2, 2]  (24, 25)
1000_4___10__    11   0  [0, 3, 4, 2, 0, 3, 2, 0, 0, 2, 2]  (23, 24)
400_3___10__    10   0  [3, 0, 4, 2, 2, 1, 3, 0, 2, 2]  (23, 24)
600_3___10__    10   0  [0, 3, 0, 8, 0, 1, 3, 0, 2, 2]  (21, 24)
600_1___10__    9   0  [0, 2, 0, 0, 11, 3, 0, 2, 2]  (22, 24)
1000_1___10__    9   0  [0, 0, 2, 7, 4, 3, 0, 2, 2]  (24, 24)
400_2___10__    8   1  [2, 5, 2, 4, 3, 0, 2, 2]  (24, 25)
600_2___10__    8   0  [0, 3, 10, 1, 3, 0, 2, 2]  (22, 24)
400_1___10__    7   5  [4, 2, 4, 3, 0, 2, 2]  (24, 24)
part_in:(21, 25), all_in:(24, 24), all_out:(21, 25)
sum25
400_5___11__    11   1  [0, 1, 0, 1, 1, 0, 4, 2, 0, 8, 0]  (34, 38)
1000_4___11__    11   1  [0, 2, 1, 1, 0, 4, 2, 0, 2, 5, 0]  (37, 38)
400_1___11__    10   1  [0, 2, 1, 1, 0, 2, 1, 2, 0, 9]  (38, 38)
400_3___11__    10   1  [0, 1, 0, 1, 1, 0, 4, 3, 9]  (36, 38)
1000_5___11__    10   1  [0, 2, 1, 2, 4, 2, 0, 2, 5, 0]  (35, 38)
400_4___11__    9   1  [0, 2, 1, 1, 0, 4, 3, 8, 0]  (34, 38)
600_3___11__    9   1  [0, 2, 1, 1, 0, 1, 2, 3, 9]  (36, 38)
600_4___11__    9   1  [0, 2, 1, 1, 0, 1, 2, 3, 9]  (34, 38)
600_5___11__    9   1  [0, 2, 1, 1, 0, 1, 2, 3, 9]  (33, 38)
400_2___11__    8   1  [0, 2, 1, 1, 0, 4, 3, 9]  (37, 38)
600_2___11__    8   1  [0, 2, 1, 1, 2, 2, 3, 9]  (37, 38)
1000_1___11__    8   1  [3, 1, 2, 4, 0, 2, 8, 0]  (37, 38)
1000_3___11__    8   2  [2, 1, 1, 0, 4, 3, 8, 0]  (38, 38)
600_1___11__    7   1  [0, 2, 1, 1, 5, 3, 9]  (38, 39)
1000_2___11__    7   1  [3, 1, 2, 4, 3, 8, 0]  (37, 38)
part_in:(33, 36), all_in:(37, 38), all_out:(33, 38)
gap25
400_5___12__    10   2  [1, 0, 4, 0, 1, 0, 7, 0, 4, 0]  (14, 16)
600_2___12__    10   2  [1, 0, 2, 2, 1, 6, 1, 0, 0, 4]  (13, 16)
600_5___12__    10   2  [1, 0, 4, 0, 2, 3, 1, 1, 0, 5]  (14, 16)
1000_5___12__    10   2  [1, 0, 2, 1, 0, 1, 0, 8, 0, 4]  (14, 16)
600_3___12__    9   2  [1, 0, 4, 0, 1, 6, 1, 0, 5]  (14, 16)
600_4___12__    9   2  [1, 0, 4, 0, 6, 1, 1, 0, 5]  (13, 16)
1000_3___12__    9   2  [1, 0, 4, 2, 0, 7, 0, 0, 4]  (16, 17)
400_4___12__    8   2  [2, 4, 0, 1, 0, 7, 0, 5]  (15, 16)
600_1___12__    8   2  [1, 0, 4, 9, 1, 0, 0, 4]  (15, 16)
1000_4___12__    8   2  [2, 4, 2, 0, 8, 0, 2, 1]  (13, 16)
400_3___12__    7   2  [1, 0, 4, 2, 8, 0, 5]  (16, 16)
1000_2___12__    7   2  [2, 2, 1, 2, 9, 0, 4]  (16, 16)
400_1___12__    6   2  [2, 4, 2, 8, 0, 5]  (16, 17)
400_2___12__    6   2  [2, 4, 2, 8, 0, 5]  (16, 16)
1000_1___12__    5   2  [2, 4, 12, 0, 4]  (16, 16)
part_in:(13, 17), all_in:(16, 16), all_out:(13, 17)
sum34
600_5___13__    14   1  [0, 1, 0, 0, 2, 0, 1, 2, 1, 0, 2, 5, 0, 0]  (25, 33)
1000_4___13__    14   1  [0, 1, 1, 2, 0, 1, 2, 2, 2, 0, 0, 3, 0, 0]  (30, 33)
1000_5___13__    14   1  [0, 3, 2, 0, 1, 0, 1, 2, 2, 0, 0, 3, 0, 0]  (29, 33)
1000_3___13__    13   1  [0, 1, 1, 2, 0, 1, 0, 1, 5, 1, 3, 0, 0]  (32, 33)
400_5___13__    12   1  [0, 3, 2, 0, 1, 2, 2, 2, 1, 3, 0, 0]  (31, 33)
600_3___13__    12   0  [0, 0, 1, 1, 2, 0, 1, 2, 5, 5, 0, 0]  (27, 33)
600_4___13__    12   1  [0, 1, 1, 2, 0, 1, 2, 5, 1, 3, 0, 0]  (26, 33)
400_1___13__    11   1  [0, 1, 1, 2, 0, 1, 2, 2, 4, 3, 1]  (32, 33)
400_2___13__    11   1  [0, 3, 2, 0, 1, 2, 5, 1, 2, 0, 1]  (33, 34)
400_4___13__    11   1  [0, 3, 2, 0, 1, 2, 5, 1, 3, 0, 0]  (32, 33)
1000_1___13__    11   1  [4, 2, 0, 1, 2, 0, 1, 3, 0, 3, 1]  (32, 33)
1000_2___13__    11   1  [4, 2, 0, 1, 2, 5, 0, 0, 3, 0, 0]  (32, 33)
400_3___13__    10   1  [0, 3, 2, 0, 1, 2, 5, 1, 3, 1]  (33, 33)
600_2___13__    10   2  [1, 1, 2, 0, 1, 2, 5, 5, 0, 0]  (30, 33)
600_1___13__    9   4  [1, 2, 0, 1, 2, 7, 3, 0, 0]  (33, 33)
part_in:(25, 34), all_in:(33, 33), all_out:(25, 34)
gap12
600_4___14__    10   1  [2, 3, 3, 3, 2, 1, 0, 2, 3]  (2, 3)
600_5___14__    10   1  [2, 3, 1, 4, 0, 2, 1, 0, 6]  (2, 4)
1000_5___14__    10   1  [1, 0, 5, 5, 2, 1, 0, 4, 1]  (2, 4)
400_1___14__    9   1  [3, 3, 0, 4, 3, 1, 6, 0]  (2, 3)
400_2___14__    9   1  [6, 0, 0, 4, 3, 1, 6, 0]  (2, 4)
400_5___14__    9   1  [6, 1, 1, 2, 3, 1, 0, 6]  (2, 3)
600_2___14__    9   1  [2, 3, 6, 0, 2, 1, 0, 6]  (2, 3)
400_4___14__    8   1  [1, 6, 1, 6, 1, 0, 6]  (2, 2)
600_1___14__    8   1  [2, 10, 3, 1, 0, 5, 0]  (2, 2)
600_3___14__    8   1  [2, 3, 7, 2, 1, 0, 6]  (2, 2)
1000_4___14__    8   1  [1, 6, 8, 1, 0, 4, 1]  (2, 4)
1000_1___14__    7   1  [13, 3, 0, 0, 0, 6]  (2, 2)
1000_2___14__    7   1  [1, 11, 3, 1, 0, 6]  (2, 3)
1000_3___14__    7   1  [1, 15, 1, 0, 4, 1]  (2, 3)
400_3___14__    6   1  [8, 8, 1, 0, 6]  (2, 3)
part_in:(4, 4), all_in:(2, 3), all_out:(2, 4)
gap23
600_5___15__    12   0  [1, 0, 1, 4, 0, 2, 1, 3, 1, 2, 2, 0]  (0, 3)
600_3___15__    8   0  [1, 7, 0, 0, 3, 3, 7, 0]  (1, 3)
600_4___15__    8   0  [1, 0, 6, 0, 0, 3, 11, 0]  (0, 3)
1000_4___15__    8   1  [0, 0, 10, 1, 5, 2, 2, 0]  (1, 3)
400_5___15__    7   2  [0, 7, 0, 1, 1, 5, 6]  (3, 5)
1000_3___15__    7   1  [1, 8, 3, 1, 6, 2, 0]  (3, 3)
1000_5___15__    7   2  [0, 7, 2, 1, 5, 5, 0]  (1, 3)
400_2___15__    5   3  [4, 3, 3, 5, 6]  (3, 6)
400_4___15__    5   2  [0, 8, 3, 5, 6]  (3, 6)
600_1___15__    5   3  [1, 10, 3, 7, 0]  (2, 3)
400_3___15__    4   2  [0, 8, 9, 6]  (3, 6)
600_2___15__    4   3  [8, 3, 11, 0]  (1, 3)
1000_1___15__    4   1  [1, 12, 1, 10]  (3, 3)
1000_2___15__    4   1  [1, 12, 1, 10]  (2, 3)
400_1___15__    3   3  [8, 3, 12]  (3, 4)
part_in:(0, 6), all_in:(3, 3), all_out:(0, 6)
gap34
1000_4___16__    14   2  [2, 0, 0, 0, 7, 0, 1, 0, 0, 0, 2, 1, 1]  (4, 5)
400_5___16__    11   1  [0, 2, 0, 1, 7, 0, 1, 2, 5, 0]  (0, 5)
400_2___16__    10   1  [0, 2, 0, 0, 8, 2, 2, 5, 0]  (1, 5)
600_5___16__    10   1  [0, 1, 0, 0, 1, 7, 2, 2, 6]  (4, 5)
400_4___16__    9   2  [2, 0, 9, 2, 2, 1, 3, 0]  (0, 5)
600_2___16__    9   1  [0, 1, 0, 0, 1, 6, 0, 3, 8]  (3, 5)
600_3___16__    9   1  [0, 1, 0, 0, 1, 6, 0, 12]  (3, 5)
600_4___16__    9   1  [0, 1, 0, 0, 1, 7, 3, 8]  (4, 5)
1000_2___16__    9   2  [2, 0, 1, 6, 0, 2, 5, 3]  (4, 5)
400_3___16__    8   1  [0, 3, 1, 6, 0, 5, 6]  (0, 5)
600_1___16__    8   1  [0, 1, 0, 0, 8, 0, 7, 4]  (4, 5)
1000_5___16__    8   2  [2, 0, 1, 8, 2, 1, 2, 3]  (4, 5)
1000_3___16__    7   2  [2, 0, 1, 11, 4, 3]  (3, 5)
400_1___16__    6   1  [0, 3, 7, 1, 11, 0]  (2, 5)
1000_1___16__    6   2  [3, 0, 7, 0, 8, 3]  (4, 5)
part_in:(0, 3), all_in:(4, 5), all_out:(0, 5)
gap45
1000_5___17__    17   1  [0, 0, 0, 3, 0, 1, 2, 0, 0, 0, 0, 1, 1, 1, 3, 0]  (8, 8)
1000_4___17__    14   1  [0, 0, 4, 0, 5, 0, 0, 0, 1, 1, 1, 3, 0]  (8, 8)
600_4___17__    13   2  [0, 4, 0, 3, 1, 0, 1, 1, 1, 1, 3, 0]  (8, 8)
600_5___17__    13   3  [0, 3, 0, 1, 3, 0, 0, 0, 1, 1, 5, 0]  (8, 8)
1000_3___17__    13   2  [0, 4, 0, 6, 0, 0, 1, 1, 0, 0, 3, 0]  (8, 9)
400_5___17__    12   3  [0, 3, 0, 0, 0, 3, 1, 0, 1, 1, 6]  (8, 8)
600_2___17__    12   2  [0, 4, 0, 1, 1, 1, 4, 1, 1, 3, 0]  (8, 8)
400_2___17__    11   0  [2, 3, 0, 0, 0, 4, 4, 1, 5, 0]  (8, 9)
400_4___17__    11   0  [2, 0, 3, 0, 0, 4, 1, 4, 1, 4]  (8, 8)
600_1___17__    11   3  [3, 0, 0, 5, 2, 1, 1, 1, 3, 0]  (8, 8)
600_3___17__    11   2  [0, 3, 0, 0, 1, 8, 1, 1, 3, 0]  (8, 10)
1000_2___17__    11   2  [0, 4, 0, 5, 0, 1, 3, 1, 3, 0]  (8, 8)
400_1___17__    10   3  [4, 0, 0, 4, 2, 3, 1, 3, 0]  (8, 10)
400_3___17__    10   3  [0, 3, 0, 0, 7, 3, 1, 3, 0]  (8, 9)
1000_1___17__    9   2  [0, 4, 0, 5, 2, 1, 3, 4]  (8, 8)
part_in:(10, 10), all_in:(8, 9), all_out:(8, 10)
gap56
400_3___18__    15   0  [1, 2, 2, 1, 1, 1, 0, 3, 0, 0, 2, 0, 0, 1, 0]  (3, 6)
400_4___18__    15   0  [1, 1, 0, 0, 3, 1, 1, 0, 3, 0, 0, 3, 0, 1, 0]  (4, 6)
600_3___18__    15   0  [1, 1, 0, 0, 1, 1, 1, 2, 2, 0, 0, 0, 1, 2, 2]  (4, 6)
600_5___18__    15   0  [1, 1, 0, 0, 1, 3, 2, 2, 0, 0, 0, 1, 1, 0, 2]  (3, 6)
400_5___18__    14   0  [1, 1, 0, 3, 0, 1, 2, 3, 0, 0, 3, 0, 1, 0]  (3, 6)
1000_3___18__    14   0  [1, 2, 2, 1, 1, 1, 0, 2, 1, 0, 2, 1, 1, 0]  (4, 6)
1000_4___18__    14   0  [1, 1, 0, 2, 1, 0, 0, 2, 4, 0, 0, 3, 1, 0]  (5, 6)
400_1___18__    13   0  [1, 2, 4, 1, 1, 0, 4, 0, 1, 1, 0, 1, 0]  (4, 6)
400_2___18__    13   0  [1, 2, 2, 1, 1, 1, 0, 4, 0, 3, 0, 1, 0]  (4, 6)
600_1___18__    13   0  [1, 2, 3, 2, 2, 3, 0, 0, 0, 0, 2, 1, 0]  (5, 6)
600_2___18__    13   0  [1, 2, 2, 0, 2, 2, 2, 0, 0, 0, 1, 2, 2]  (6, 6)
1000_2___18__    13   0  [1, 2, 2, 1, 1, 2, 4, 0, 0, 1, 0, 0, 2]  (5, 6)
1000_5___18__    13   0  [1, 2, 2, 1, 1, 2, 3, 0, 0, 0, 3, 1, 0]  (5, 6)
1000_1___18__    12   0  [1, 2, 4, 1, 2, 2, 1, 0, 2, 1, 1, 0]  (6, 6)
600_4___18__    11   0  [1, 2, 2, 3, 2, 2, 1, 0, 1, 2, 2]  (4, 6)
part_in:(3, 4), all_in:(5, 6), all_out:(3, 6)
ball
400_5___19__    19   0  [0, 0, 2, 1, 0, 0, 1, 0, 0, 1, 0, 0, 1, 1, 0, 3, 1, 0]  (3, 4)
400_4___19__    17   0  [0, 0, 2, 1, 1, 1, 0, 0, 1, 0, 0, 1, 1, 0, 3, 2]  (3, 4)
600_5___19__    17   0  [0, 0, 0, 1, 1, 0, 0, 1, 0, 0, 3, 1, 1, 0, 3, 2]  (3, 4)
1000_5___19__    16   0  [0, 1, 1, 2, 0, 1, 0, 0, 1, 1, 1, 1, 0, 3, 2]  (3, 4)
600_4___19__    15   0  [0, 1, 1, 1, 0, 0, 1, 0, 0, 3, 1, 2, 3, 2]  (3, 4)
1000_4___19__    15   0  [0, 1, 1, 2, 0, 1, 0, 0, 3, 1, 2, 3, 0, 1]  (3, 4)
400_1___19__    14   0  [0, 0, 2, 3, 1, 0, 0, 1, 1, 1, 2, 3, 2]  (3, 4)
400_3___19__    14   0  [0, 0, 2, 3, 1, 0, 0, 3, 1, 1, 0, 3, 2]  (3, 4)
600_3___19__    14   0  [0, 3, 1, 0, 0, 1, 0, 0, 3, 1, 2, 3, 2]  (3, 4)
1000_1___19__    14   0  [0, 3, 2, 0, 1, 0, 0, 2, 0, 1, 2, 3, 2]  (3, 4)
400_2___19__    13   0  [0, 0, 2, 3, 1, 1, 1, 1, 1, 2, 3, 2]  (3, 4)
600_2___19__    13   0  [0, 3, 1, 1, 1, 0, 0, 3, 1, 2, 3, 2]  (4, 4)
1000_3___19__    13   0  [0, 3, 2, 0, 1, 0, 0, 3, 1, 2, 3, 2]  (3, 4)
600_1___19__    12   0  [0, 3, 1, 0, 2, 1, 3, 1, 2, 3, 2]  (3, 4)
1000_2___19__    12   0  [0, 3, 2, 2, 1, 2, 0, 1, 2, 3, 2]  (3, 4)
part_in:(3, 2), all_in:(3, 4), all_out:(3, 4)
ball_column
400_5___20__    14   0  [0, 2, 2, 1, 3, 0, 0, 2, 0, 2, 3, 1, 0]  (12, 12)
600_5___20__    13   0  [0, 1, 1, 1, 1, 1, 1, 0, 0, 3, 2, 3, 2]  (12, 13)
1000_4___20__    12   0  [0, 5, 1, 3, 0, 0, 2, 0, 2, 3, 2]  (8, 12)
1000_5___20__    12   0  [0, 5, 1, 1, 2, 0, 2, 0, 2, 3, 2]  (8, 12)
400_3___20__    11   0  [0, 5, 1, 2, 0, 0, 0, 2, 3, 3, 2]  (12, 12)
400_4___20__    11   0  [0, 2, 2, 1, 3, 0, 0, 2, 3, 3, 2]  (11, 12)
600_3___20__    11   0  [0, 3, 1, 1, 1, 0, 0, 0, 3, 7, 2]  (11, 12)
600_4___20__    11   0  [0, 3, 1, 1, 2, 0, 0, 0, 2, 7, 2]  (12, 13)
600_2___20__    10   1  [3, 1, 1, 2, 0, 0, 0, 2, 7, 2]  (10, 12)
400_2___20__    8   7  [1, 3, 0, 0, 2, 0, 6, 2]  (11, 12)
600_1___20__    8   1  [3, 1, 1, 4, 0, 2, 7, 2]  (10, 12)
1000_1___20__    8   7  [1, 3, 0, 0, 0, 1, 7, 2]  (12, 12)
1000_2___20__    8   7  [1, 1, 2, 0, 2, 0, 6, 2]  (11, 12)
1000_3___20__    8   7  [1, 1, 2, 3, 0, 6, 2]  (9, 12)
400_1___20__    7   1  [5, 1, 4, 0, 2, 7, 2]  (11, 12)
part_in:(8, 13), all_in:(12, 12), all_out:(8, 13)
blue_sort
600_5___21__    12   1  [0, 4, 3, 2, 0, 0, 3, 2, 1, 2, 0]  (5, 5)
1000_5___21__    11   1  [0, 4, 3, 2, 0, 0, 1, 1, 6, 1]  (4, 5)
600_4___21__    10   1  [0, 4, 6, 0, 0, 3, 2, 1, 3]  (5, 6)
1000_1___21__    10   1  [0, 4, 3, 2, 1, 3, 5, 0, 1]  (4, 5)
400_4___21__    9   2  [4, 6, 0, 0, 3, 4, 1, 1]  (5, 9)
400_5___21__    9   2  [4, 6, 0, 0, 3, 4, 1, 1]  (5, 8)
1000_4___21__    9   1  [0, 4, 6, 0, 0, 3, 6, 1]  (4, 5)
400_3___21__    8   2  [4, 6, 0, 0, 3, 6, 1]  (5, 9)
600_1___21__    8   1  [0, 4, 6, 1, 3, 2, 5]  (5, 5)
600_2___21__    8   1  [0, 4, 6, 0, 0, 3, 8]  (5, 6)
600_3___21__    8   1  [0, 4, 6, 1, 3, 2, 5]  (5, 7)
1000_2___21__    8   1  [0, 8, 2, 1, 3, 5, 2]  (4, 5)
1000_3___21__    8   1  [0, 4, 6, 0, 0, 3, 8]  (5, 6)
400_1___21__    6   2  [4, 6, 1, 3, 8]  (5, 5)
400_2___21__    6   2  [11, 0, 0, 3, 8]  (5, 7)
part_in:(4, 9), all_in:(5, 5), all_out:(4, 9)
