
predict number: 1
('12_10&0%19_2&0%10_7&0%11_8&0%6_1&0%2_6&0%7_7&0%20_6&0%6_9&0', 5)
len:18 predict: [7, 9, 13, 14, 16, 17, 18, 19, 20, 21, 22, 23, 24, 25, 26, 27, 28, 30]:

predict number: 2
('12_10&0%10_7&0%11_8&0%3_6&0%6_1&0%2_6&0%3_2&0%5_10&0%7_7&0', 5)
len:20 predict: [7, 9, 10, 12, 13, 14, 16, 17, 18, 19, 20, 21, 22, 23, 24, 25, 26, 27, 28, 30]:

predict number: 3
('12_10&0%10_7&0%11_8&0%3_6&0%2_6&0%3_2&0%5_10&0%7_7&0%6_9&0', 5)
len:19 predict: [9, 10, 12, 13, 14, 16, 17, 18, 19, 20, 21, 22, 23, 24, 25, 26, 27, 28, 30]:

predict number: 4
('12_10&0%10_7&0%11_8&0%3_6&0%6_1&0%2_6&0%5_10&0%20_6&0%6_9&0', 4)
len:16 predict: [7, 10, 13, 14, 16, 17, 19, 20, 21, 22, 23, 24, 25, 26, 27, 28]:

predict number: 5
('12_10&0%10_7&0%11_8&0%3_6&0%6_1&0%2_6&0%5_10&0%20_6&0%12_7&0', 4)
len:17 predict: [7, 10, 13, 14, 16, 17, 18, 19, 20, 21, 22, 23, 24, 25, 26, 27, 28]:

len:14 intersection:[13, 14, 16, 17, 19, 20, 21, 22, 23, 24, 25, 26, 27, 28]
