30
less5
400_4___1__    15   0  [0, 4, 1, 0, 2, 1, 1, 0, 0, 2, 0, 1, 0, 1, 1]  (3, 15)
400_5___1__    15   0  [0, 4, 1, 0, 2, 1, 1, 0, 0, 2, 0, 1, 0, 1, 1]  (3, 15)
400_3___1__    14   0  [0, 4, 1, 3, 1, 1, 0, 0, 2, 0, 1, 0, 1, 1]  (3, 8)
400_2___1__    13   0  [0, 6, 3, 1, 1, 0, 0, 2, 0, 1, 0, 1, 1]  (3, 4)
600_4___1__    13   0  [0, 4, 2, 2, 1, 1, 0, 0, 2, 0, 2, 1, 1]  (3, 7)
600_5___1__    13   0  [0, 4, 2, 2, 1, 1, 0, 0, 2, 0, 2, 1, 1]  (3, 11)
1000_4___1__    13   0  [0, 4, 1, 0, 2, 3, 0, 0, 2, 0, 2, 1, 1]  (3, 5)
1000_5___1__    13   0  [0, 4, 1, 0, 2, 3, 0, 0, 2, 0, 2, 1, 1]  (3, 8)
600_3___1__    11   1  [4, 5, 1, 1, 0, 0, 2, 0, 2, 1, 1]  (3, 4)
1000_3___1__    11   1  [4, 1, 3, 3, 0, 0, 2, 0, 2, 1, 1]  (3, 6)
400_1___1__    10   1  [6, 3, 3, 1, 2, 0, 1, 0, 1, 1]  (3, 4)
1000_2___1__    10   1  [6, 3, 3, 0, 0, 2, 0, 2, 1, 1]  (3, 4)
600_2___1__    9   1  [10, 1, 1, 4, 0, 2, 1, 0, 0]  (1, 3)
600_1___1__    8   1  [10, 3, 1, 2, 0, 2, 1, 1]  (2, 3)
1000_1___1__    8   1  [10, 3, 1, 2, 0, 2, 1, 1]  (3, 8)
part_in:(1, 15), all_in:(3, 3), all_out:(1, 15)
less8
400_2___2__    14   1  [0, 0, 0, 1, 0, 0, 2, 0, 1, 0, 1, 4, 4, 1]  (14, 17)
400_1___2__    13   1  [0, 0, 0, 1, 0, 0, 2, 0, 1, 2, 9, 0, 0]  (15, 17)
400_5___2__    13   3  [0, 1, 0, 0, 0, 1, 0, 1, 2, 4, 1, 2, 1]  (8, 17)
400_3___2__    12   2  [0, 0, 1, 0, 0, 2, 0, 1, 2, 6, 2, 1]  (13, 17)
400_4___2__    12   3  [0, 1, 0, 0, 2, 0, 1, 1, 0, 6, 2, 1]  (8, 17)
600_2___2__    12   1  [1, 0, 1, 0, 4, 1, 0, 1, 4, 1, 3, 0]  (17, 17)
600_3___2__    12   3  [0, 1, 0, 3, 0, 1, 2, 2, 3, 2, 0, 0]  (14, 17)
600_4___2__    12   3  [0, 1, 0, 3, 0, 1, 0, 0, 0, 6, 2, 1]  (11, 17)
1000_2___2__    11   2  [0, 0, 1, 0, 3, 0, 1, 1, 0, 6, 4]  (12, 17)
1000_3___2__    11   2  [0, 0, 1, 0, 3, 0, 4, 6, 2, 0, 0]  (11, 17)
600_5___2__    10   3  [0, 1, 0, 3, 0, 1, 2, 6, 2, 1]  (8, 17)
600_1___2__    9   3  [0, 1, 0, 4, 1, 2, 6, 2, 1]  (17, 17)
1000_1___2__    9   2  [0, 0, 1, 5, 3, 0, 6, 2, 1]  (10, 17)
1000_4___2__    9   2  [0, 0, 1, 5, 3, 0, 6, 2, 1]  (12, 17)
1000_5___2__    9   2  [0, 0, 1, 0, 4, 4, 6, 2, 1]  (10, 17)
part_in:(8, 14), all_in:(15, 17), all_out:(8, 17)
less9
400_5___3__    11   0  [0, 1, 2, 5, 4, 0, 2, 0, 1, 2, 1]  (3, 10)
600_3___3__    11   0  [0, 1, 2, 1, 3, 5, 1, 0, 0, 4, 1]  (8, 10)
600_5___3__    11   0  [0, 1, 2, 1, 3, 5, 1, 0, 0, 4, 1]  (3, 10)
1000_4___3__    11   0  [0, 1, 2, 5, 3, 0, 0, 1, 0, 5, 1]  (7, 10)
400_4___3__    10   0  [0, 1, 2, 5, 4, 0, 2, 0, 4, 1]  (3, 10)
600_4___3__    10   0  [0, 1, 4, 3, 5, 1, 0, 0, 4, 1]  (6, 10)
1000_3___3__    10   0  [0, 1, 8, 1, 2, 0, 1, 0, 5, 1]  (7, 10)
400_1___3__    9   0  [0, 1, 8, 1, 3, 2, 0, 4, 1]  (10, 10)
400_3___3__    9   0  [0, 1, 8, 4, 0, 2, 0, 4, 1]  (8, 10)
600_1___3__    9   0  [0, 1, 8, 2, 2, 2, 0, 4, 1]  (9, 10)
600_2___3__    9   0  [0, 1, 8, 2, 2, 2, 0, 4, 1]  (10, 10)
1000_5___3__    9   0  [0, 1, 2, 5, 4, 0, 2, 0, 6]  (4, 10)
400_2___3__    7   0  [0, 1, 8, 5, 2, 0, 6]  (10, 10)
1000_1___3__    7   0  [0, 1, 8, 1, 3, 2, 7]  (7, 10)
1000_2___3__    7   0  [0, 1, 8, 5, 2, 5, 1]  (8, 10)
part_in:(3, 8), all_in:(9, 10), all_out:(3, 10)
less10
400_5___4__    17   0  [0, 1, 2, 0, 0, 0, 0, 0, 0, 2, 1, 0, 2, 0, 1, 3, 0]  (0, 4)
1000_2___4__    16   1  [1, 0, 1, 0, 2, 0, 0, 2, 1, 0, 0, 0, 0, 0, 1, 4]  (2, 4)
400_4___4__    15   0  [0, 1, 2, 0, 0, 0, 0, 0, 0, 2, 1, 0, 2, 2, 4]  (0, 4)
1000_3___4__    15   0  [0, 1, 0, 1, 0, 2, 0, 0, 2, 1, 0, 0, 1, 2, 4]  (1, 4)
400_3___4__    14   0  [0, 1, 2, 0, 1, 0, 0, 0, 2, 1, 0, 2, 2, 4]  (1, 4)
600_2___4__    14   1  [1, 1, 0, 0, 1, 0, 0, 0, 2, 2, 1, 0, 2, 4]  (4, 4)
600_5___4__    14   0  [0, 1, 2, 0, 1, 0, 0, 0, 1, 0, 2, 2, 0, 6]  (0, 4)
1000_4___4__    14   0  [0, 1, 0, 1, 2, 0, 0, 0, 2, 1, 0, 2, 2, 4]  (2, 4)
400_1___4__    13   1  [1, 2, 0, 2, 0, 0, 2, 2, 2, 0, 1, 1, 2]  (2, 4)
400_2___4__    13   1  [1, 2, 0, 1, 0, 0, 0, 2, 2, 1, 0, 2, 4]  (2, 4)
600_1___4__    13   1  [1, 1, 0, 0, 2, 0, 0, 2, 2, 1, 0, 0, 6]  (3, 4)
600_3___4__    13   1  [1, 1, 0, 0, 1, 0, 0, 0, 2, 2, 2, 2, 4]  (2, 4)
600_4___4__    13   1  [1, 1, 0, 0, 1, 0, 0, 0, 1, 0, 2, 2, 7]  (1, 4)
1000_5___4__    13   0  [0, 1, 3, 1, 0, 0, 0, 2, 1, 0, 2, 2, 4]  (1, 4)
1000_1___4__    12   1  [1, 0, 2, 2, 0, 0, 2, 2, 1, 0, 2, 4]  (2, 4)
part_in:(0, 2), all_in:(3, 4), all_out:(0, 4)
row1
400_5___5__    16   0  [0, 1, 0, 1, 1, 0, 0, 0, 3, 2, 0, 1, 2, 0, 2, 0]  (0, 3)
400_3___5__    15   0  [0, 0, 0, 0, 3, 0, 0, 0, 3, 2, 0, 2, 2, 2, 0]  (0, 0)
400_4___5__    15   0  [0, 0, 0, 0, 1, 1, 0, 0, 0, 3, 3, 1, 3, 2, 0]  (0, 2)
1000_3___5__    15   0  [0, 0, 1, 3, 0, 0, 0, 2, 2, 1, 1, 3, 1, 0, 0]  (0, 2)
1000_5___5__    15   0  [0, 1, 0, 3, 0, 0, 0, 2, 2, 0, 0, 1, 3, 2, 0]  (0, 3)
400_2___5__    14   0  [0, 0, 1, 3, 0, 0, 0, 3, 2, 0, 2, 2, 2, 0]  (0, 0)
1000_1___5__    13   0  [0, 0, 1, 3, 0, 1, 2, 3, 0, 1, 3, 2, 0]  (0, 1)
1000_2___5__    13   0  [0, 2, 3, 0, 0, 0, 2, 2, 1, 2, 2, 2, 0]  (0, 1)
1000_4___5__    13   0  [0, 1, 0, 3, 0, 0, 0, 2, 4, 1, 3, 2, 0]  (0, 2)
400_1___5__    12   0  [0, 0, 1, 3, 0, 0, 0, 6, 0, 5, 2, 0]  (0, 0)
600_4___5__    12   0  [0, 2, 3, 0, 0, 0, 5, 1, 1, 3, 2, 0]  (0, 1)
600_2___5__    11   0  [0, 2, 3, 0, 0, 0, 2, 4, 7, 0, 0]  (0, 0)
600_3___5__    11   0  [0, 2, 3, 0, 0, 0, 7, 1, 3, 2, 0]  (0, 1)
600_5___5__    11   0  [0, 2, 3, 0, 0, 0, 7, 1, 3, 2, 0]  (0, 1)
600_1___5__    9   0  [0, 2, 3, 0, 1, 6, 0, 8, 0]  (0, 0)
part_in:(2, 3), all_in:(0, 1), all_out:(0, 3)
row2
400_3___6__    14   0  [0, 2, 2, 0, 0, 4, 1, 0, 2, 0, 2, 0, 0, 2]  (30, 31)
600_4___6__    14   1  [2, 2, 0, 0, 1, 1, 0, 3, 0, 0, 3, 0, 0, 2]  (31, 32)
400_4___6__    13   0  [0, 2, 2, 0, 0, 1, 4, 0, 2, 3, 0, 0, 2]  (31, 32)
400_5___6__    13   0  [0, 2, 2, 0, 0, 1, 4, 0, 2, 3, 0, 0, 2]  (31, 32)
600_2___6__    13   1  [2, 2, 0, 5, 1, 0, 0, 1, 0, 2, 0, 0, 2]  (30, 31)
600_5___6__    13   0  [0, 2, 2, 0, 0, 1, 2, 3, 1, 3, 0, 0, 2]  (31, 31)
1000_5___6__    13   0  [0, 2, 2, 0, 0, 1, 4, 0, 0, 5, 0, 0, 2]  (31, 33)
400_2___6__    12   0  [3, 2, 0, 5, 1, 0, 0, 2, 2, 0, 0, 2]  (30, 31)
600_1___6__    11   1  [2, 2, 0, 5, 1, 1, 0, 4, 0, 0, 2]  (30, 31)
600_3___6__    11   1  [2, 2, 0, 0, 1, 2, 5, 3, 0, 0, 2]  (30, 31)
1000_2___6__    10   1  [2, 2, 0, 0, 1, 5, 6, 0, 0, 2]  (31, 33)
1000_3___6__    10   1  [2, 2, 0, 0, 7, 2, 3, 0, 0, 2]  (31, 34)
1000_4___6__    10   1  [2, 2, 0, 0, 1, 5, 6, 0, 0, 2]  (31, 35)
400_1___6__    9   1  [2, 2, 0, 5, 1, 1, 5, 1, 2]  (29, 31)
1000_1___6__    9   1  [2, 2, 0, 2, 4, 7, 0, 0, 2]  (30, 31)
part_in:(29, 35), all_in:(31, 31), all_out:(29, 35)
row3
400_3___7__    11   0  [0, 2, 4, 1, 2, 1, 0, 3, 2, 0, 3]  (16, 18)
400_4___7__    10   0  [0, 2, 4, 1, 2, 1, 0, 6, 0, 3]  (14, 18)
600_5___7__    10   0  [0, 2, 4, 1, 2, 1, 1, 0, 5, 3]  (15, 18)
400_5___7__    9   0  [0, 2, 4, 1, 2, 1, 7, 0, 3]  (14, 18)
600_4___7__    9   1  [2, 4, 1, 2, 1, 1, 0, 5, 3]  (13, 18)
600_1___7__    8   1  [2, 9, 1, 1, 0, 4, 0, 3]  (17, 18)
600_3___7__    8   1  [2, 4, 1, 2, 1, 7, 0, 3]  (15, 18)
1000_3___7__    8   0  [0, 2, 6, 4, 0, 6, 0, 3]  (11, 18)
1000_4___7__    8   0  [0, 2, 4, 1, 4, 7, 0, 3]  (10, 18)
1000_5___7__    8   0  [0, 2, 4, 1, 4, 7, 0, 3]  (11, 18)
400_2___7__    7   0  [0, 2, 9, 1, 7, 0, 3]  (17, 18)
600_2___7__    7   1  [2, 9, 1, 1, 5, 0, 3]  (16, 18)
1000_2___7__    7   1  [2, 6, 4, 1, 5, 0, 3]  (13, 18)
400_1___7__    6   1  [2, 9, 1, 1, 5, 4]  (18, 18)
1000_1___7__    6   1  [2, 6, 4, 7, 0, 3]  (16, 18)
part_in:(10, 16), all_in:(17, 18), all_out:(10, 18)
row4
400_3___8__    16   0  [0, 0, 0, 0, 5, 1, 1, 1, 3, 0, 0, 0, 0, 1, 0, 1]  (1, 1)
400_4___8__    14   0  [0, 0, 1, 5, 0, 0, 3, 3, 1, 0, 0, 1, 0, 1]  (0, 1)
600_3___8__    13   1  [2, 5, 1, 1, 1, 3, 0, 0, 0, 0, 1, 0, 1]  (1, 2)
400_1___8__    12   0  [0, 0, 1, 5, 3, 0, 4, 2, 0, 1, 0, 1]  (1, 1)
400_2___8__    12   0  [0, 2, 5, 1, 1, 1, 3, 1, 0, 0, 2, 1]  (1, 1)
400_5___8__    12   0  [0, 2, 5, 0, 0, 2, 4, 2, 0, 1, 0, 1]  (0, 1)
600_5___8__    12   0  [0, 2, 5, 1, 1, 1, 3, 1, 0, 0, 2, 1]  (1, 1)
1000_2___8__    12   1  [2, 5, 1, 3, 0, 2, 0, 0, 0, 0, 2, 1]  (1, 1)
1000_3___8__    12   1  [0, 1, 5, 1, 3, 2, 1, 0, 0, 0, 2, 1]  (1, 1)
1000_5___8__    12   0  [0, 2, 3, 1, 1, 2, 0, 5, 0, 0, 2, 1]  (1, 1)
600_1___8__    11   1  [2, 5, 3, 0, 0, 4, 0, 0, 0, 2, 1]  (1, 2)
600_4___8__    11   1  [2, 5, 1, 3, 3, 1, 0, 0, 1, 0, 1]  (1, 1)
1000_1___8__    11   1  [2, 5, 4, 0, 3, 0, 0, 0, 0, 2, 1]  (1, 1)
1000_4___8__    11   0  [0, 2, 5, 1, 7, 1, 0, 0, 1, 0, 1]  (1, 1)
600_2___8__    10   1  [2, 5, 1, 1, 1, 5, 0, 0, 2, 1]  (1, 2)
part_in:(0, 2), all_in:(1, 1), all_out:(0, 2)
sum16
600_2___9__    11   4  [2, 2, 1, 1, 2, 2, 1, 0, 0, 3, 0]  (30, 34)
1000_2___9__    11   1  [2, 2, 2, 1, 1, 2, 4, 0, 0, 3, 0]  (32, 34)
400_2___9__    10   4  [0, 1, 0, 1, 1, 5, 4, 0, 3, 0]  (33, 34)
400_5___9__    10   0  [5, 0, 0, 1, 7, 3, 0, 0, 3, 0]  (29, 34)
600_1___9__    10   4  [2, 0, 1, 1, 1, 7, 0, 0, 3, 0]  (32, 34)
600_3___9__    10   7  [2, 0, 0, 1, 5, 1, 0, 0, 3, 0]  (31, 34)
400_4___9__    9   0  [3, 0, 1, 0, 1, 12, 0, 3, 0]  (27, 34)
600_5___9__    9   4  [0, 1, 2, 1, 9, 0, 0, 3, 0]  (33, 34)
1000_1___9__    9   1  [2, 2, 2, 1, 9, 0, 0, 3, 0]  (34, 34)
1000_5___9__    9   7  [0, 1, 1, 5, 3, 0, 0, 3, 0]  (31, 34)
400_3___9__    8   0  [3, 2, 0, 1, 12, 0, 3, 0]  (32, 34)
1000_3___9__    8   1  [5, 2, 1, 9, 0, 0, 3, 0]  (32, 34)
600_4___9__    7   7  [2, 1, 9, 0, 0, 3, 0]  (29, 34)
1000_4___9__    7   1  [5, 2, 1, 10, 0, 3, 0]  (30, 34)
400_1___9__    6   4  [5, 7, 4, 0, 3, 0]  (34, 35)
part_in:(27, 32), all_in:(33, 34), all_out:(27, 34)
gap16
400_3___10__    11   0  [0, 2, 4, 1, 2, 0, 3, 1, 5, 0, 0]  (20, 23)
400_2___10__    10   0  [0, 2, 6, 2, 0, 3, 1, 5, 0, 0]  (20, 22)
400_5___10__    10   0  [0, 2, 1, 2, 1, 2, 0, 3, 1, 7]  (20, 26)
600_3___10__    10   0  [0, 2, 6, 2, 0, 0, 4, 5, 0, 0]  (20, 22)
400_4___10__    9   0  [0, 2, 6, 2, 0, 3, 1, 6, 0]  (20, 24)
600_2___10__    9   0  [0, 2, 6, 2, 0, 5, 5, 0, 0]  (20, 22)
1000_2___10__    9   0  [0, 2, 6, 2, 0, 0, 4, 5, 1]  (20, 23)
1000_4___10__    9   0  [0, 2, 6, 2, 0, 0, 10, 0, 0]  (20, 26)
1000_5___10__    9   0  [0, 2, 4, 1, 2, 0, 0, 4, 7]  (20, 25)
400_1___10__    8   0  [0, 2, 6, 2, 0, 5, 5, 1]  (20, 20)
600_5___10__    8   0  [0, 2, 6, 2, 0, 0, 4, 7]  (20, 26)
1000_3___10__    8   0  [0, 2, 6, 2, 1, 4, 6, 0]  (20, 26)
600_1___10__    7   0  [0, 2, 6, 2, 0, 11, 1]  (20, 20)
600_4___10__    7   0  [0, 2, 6, 2, 0, 0, 12]  (20, 24)
1000_1___10__    7   0  [0, 2, 6, 2, 0, 11, 1]  (20, 22)
part_in:(23, 26), all_in:(20, 22), all_out:(20, 26)
sum25
1000_5___11__    8   0  [5, 1, 3, 5, 3, 1, 2, 1]  (31, 35)
400_2___11__    5   18  [3, 1, 2, 0, 0]  (34, 35)
400_3___11__    5   7  [14, 1, 2, 0, 0]  (34, 35)
1000_1___11__    5   6  [15, 1, 2, 0, 0]  (35, 36)
1000_2___11__    5   6  [3, 3, 7, 1, 4]  (33, 35)
400_1___11__    4   18  [5, 2, 0, 0]  (35, 35)
600_1___11__    4   8  [5, 7, 1, 4]  (32, 35)
600_2___11__    4   14  [2, 4, 1, 4]  (30, 35)
1000_4___11__    4   0  [5, 11, 5, 4]  (31, 35)
400_4___11__    3   6  [17, 3, 0]  (30, 35)
400_5___11__    3   6  [15, 1, 4]  (31, 35)
600_3___11__    3   14  [7, 1, 4]  (31, 35)
1000_3___11__    3   6  [3, 13, 4]  (34, 35)
600_4___11__    2   22  [1, 4]  (27, 35)
600_5___11__    2   22  [1, 4]  (32, 35)
part_in:(27, 36), all_in:(35, 35), all_out:(27, 36)
gap25
400_3___12__    9   0  [0, 7, 2, 0, 0, 2, 9, 0, 0]  (17, 18)
400_5___12__    9   0  [0, 4, 2, 2, 1, 2, 9, 0, 0]  (17, 21)
600_2___12__    9   0  [0, 0, 9, 1, 2, 8, 0, 0, 0]  (17, 18)
400_2___12__    8   0  [0, 7, 2, 0, 0, 12, 0, 0]  (17, 18)
400_4___12__    8   0  [0, 7, 2, 4, 7, 1, 0, 0]  (17, 20)
600_4___12__    8   0  [0, 7, 2, 4, 1, 7, 0, 0]  (17, 17)
1000_4___12__    8   1  [0, 2, 3, 2, 4, 9, 0, 0]  (17, 18)
1000_5___12__    8   1  [0, 6, 2, 1, 2, 9, 0, 0]  (17, 17)
600_3___12__    7   0  [0, 10, 4, 8, 0, 0, 0]  (17, 17)
600_5___12__    7   0  [0, 7, 2, 4, 9, 0, 0]  (17, 18)
1000_2___12__    7   1  [0, 9, 1, 2, 9, 0, 0]  (17, 17)
1000_3___12__    7   0  [0, 0, 6, 2, 4, 10, 0]  (17, 18)
400_1___12__    6   0  [0, 7, 2, 1, 12, 1]  (16, 17)
1000_1___12__    6   1  [0, 9, 1, 2, 9, 1]  (17, 17)
600_1___12__    4   0  [0, 0, 9, 16]  (17, 17)
part_in:(16, 21), all_in:(17, 17), all_out:(16, 21)
sum34
400_4___13__    11   1  [3, 0, 1, 0, 0, 3, 3, 2, 2, 3, 0]  (22, 36)
400_5___13__    10   1  [3, 0, 1, 0, 0, 3, 3, 2, 2, 4]  (23, 36)
1000_4___13__    10   0  [0, 3, 0, 1, 3, 1, 3, 5, 2, 1]  (27, 36)
1000_5___13__    10   0  [0, 3, 0, 1, 1, 1, 1, 3, 5, 4]  (30, 36)
400_1___13__    9   1  [3, 2, 1, 3, 3, 5, 2, 0, 0]  (35, 36)
400_2___13__    9   1  [2, 0, 2, 5, 3, 2, 2, 3, 0]  (31, 36)
600_3___13__    9   5  [0, 1, 0, 0, 1, 1, 5, 3, 4]  (31, 36)
600_4___13__    9   1  [3, 0, 1, 0, 0, 3, 3, 5, 4]  (23, 36)
1000_1___13__    9   0  [0, 3, 2, 3, 1, 3, 5, 2, 1]  (34, 36)
400_3___13__    8   1  [3, 2, 5, 3, 2, 2, 3, 0]  (31, 36)
600_1___13__    8   1  [3, 0, 3, 3, 2, 0, 5, 4]  (34, 36)
600_2___13__    8   5  [0, 1, 1, 1, 1, 2, 6, 4]  (29, 36)
600_5___13__    8   5  [0, 1, 0, 0, 3, 3, 5, 4]  (28, 36)
1000_2___13__    8   0  [0, 3, 0, 1, 3, 1, 9, 4]  (29, 36)
1000_3___13__    8   1  [3, 0, 1, 3, 1, 6, 2, 4]  (31, 36)
part_in:(22, 34), all_in:(35, 36), all_out:(22, 36)
gap12
400_2___14__    12   6  [0, 0, 0, 0, 2, 0, 1, 0, 0, 3, 3, 2]  (2, 2)
1000_2___14__    11   0  [6, 0, 0, 4, 2, 2, 1, 2, 0, 1, 0]  (2, 3)
1000_4___14__    11   0  [4, 1, 0, 2, 1, 3, 0, 3, 3, 1, 0]  (2, 4)
400_4___14__    10   0  [6, 0, 1, 0, 5, 0, 3, 1, 3, 0]  (2, 3)
1000_1___14__    10   0  [6, 1, 0, 3, 1, 1, 3, 2, 0, 2]  (2, 4)
1000_3___14__    10   0  [4, 1, 0, 0, 3, 3, 4, 2, 2, 0]  (2, 5)
1000_5___14__    10   0  [4, 1, 0, 2, 5, 0, 3, 1, 3, 0]  (2, 4)
400_3___14__    9   0  [6, 0, 1, 2, 2, 0, 0, 3, 6]  (2, 2)
600_3___14__    9   0  [6, 0, 4, 0, 2, 2, 1, 5, 0]  (2, 2)
600_4___14__    9   0  [2, 3, 0, 4, 5, 0, 1, 5, 0]  (2, 2)
600_5___14__    9   0  [6, 0, 4, 2, 0, 1, 2, 5, 0]  (2, 3)
400_5___14__    8   0  [6, 0, 2, 4, 1, 3, 5, 0]  (2, 3)
600_2___14__    8   0  [6, 0, 5, 5, 1, 2, 2, 0]  (1, 2)
400_1___14__    7   6  [0, 0, 7, 1, 3, 3, 2]  (2, 2)
600_1___14__    7   0  [5, 0, 1, 4, 1, 5, 6]  (1, 2)
part_in:(1, 5), all_in:(2, 2), all_out:(1, 5)
gap23
600_5___15__    13   0  [2, 2, 1, 2, 0, 0, 2, 0, 1, 4, 1, 1, 0]  (3, 5)
400_4___15__    11   0  [7, 3, 0, 2, 0, 1, 5, 0, 0, 0, 0]  (2, 5)
400_5___15__    11   0  [7, 0, 2, 0, 2, 0, 1, 6, 0, 0, 0]  (1, 5)
600_4___15__    11   6  [1, 2, 0, 0, 2, 0, 1, 6, 0, 0, 0]  (2, 5)
1000_4___15__    11   0  [2, 2, 1, 3, 0, 2, 0, 1, 7, 0, 0]  (4, 5)
1000_5___15__    10   0  [5, 1, 3, 0, 3, 1, 6, 0, 0, 0]  (5, 5)
400_3___15__    9   0  [7, 3, 0, 2, 0, 1, 6, 1, 0]  (3, 5)
600_3___15__    9   6  [1, 2, 0, 0, 3, 1, 6, 1, 0]  (5, 5)
1000_2___15__    9   8  [3, 2, 0, 0, 1, 6, 0, 0, 0]  (3, 5)
600_2___15__    8   6  [1, 3, 0, 2, 0, 1, 8, 0]  (4, 5)
1000_3___15__    8   3  [2, 1, 4, 3, 1, 6, 1, 0]  (4, 5)
400_1___15__    7   8  [3, 4, 1, 6, 0, 0, 0]  (5, 5)
400_2___15__    7   0  [7, 3, 4, 1, 6, 1, 0]  (4, 5)
600_1___15__    7   6  [1, 3, 0, 3, 1, 8, 0]  (5, 5)
1000_1___15__    6   8  [8, 1, 6, 0, 0, 0]  (4, 5)
part_in:(1, 3), all_in:(4, 5), all_out:(1, 5)
gap34
600_5___16__    12   0  [6, 0, 3, 1, 1, 2, 1, 0, 3, 0, 0, 0]  (6, 8)
1000_4___16__    12   0  [2, 1, 1, 0, 3, 3, 4, 0, 2, 1, 0, 0]  (5, 8)
400_2___16__    11   0  [5, 0, 0, 3, 0, 2, 4, 3, 1, 0, 0]  (6, 8)
400_4___16__    11   0  [1, 3, 0, 0, 3, 3, 4, 3, 1, 0, 0]  (8, 9)
400_5___16__    11   0  [5, 0, 0, 1, 1, 3, 4, 3, 1, 0, 0]  (8, 9)
600_3___16__    11   7  [0, 3, 1, 1, 4, 0, 1, 1, 0, 0, 0]  (6, 8)
600_4___16__    11   7  [0, 3, 1, 1, 2, 1, 0, 3, 0, 0, 0]  (7, 8)
1000_2___16__    11   3  [3, 0, 3, 1, 1, 4, 0, 2, 1, 0, 0]  (6, 8)
1000_3___16__    11   3  [3, 0, 3, 1, 1, 4, 0, 2, 0, 1, 0]  (6, 8)
1000_5___16__    10   0  [2, 4, 3, 3, 4, 0, 2, 1, 0, 0]  (6, 8)
400_3___16__    9   0  [6, 0, 3, 3, 4, 3, 1, 0, 0]  (8, 8)
600_1___16__    9   2  [5, 1, 0, 0, 1, 1, 4, 0, 6]  (7, 8)
600_2___16__    9   8  [3, 1, 1, 4, 0, 3, 0, 0, 0]  (8, 9)
1000_1___16__    9   3  [4, 1, 1, 1, 1, 4, 3, 1, 1]  (6, 8)
400_1___16__    7   6  [1, 3, 1, 6, 5, 0, 0]  (6, 8)
part_in:(5, 9), all_in:(8, 8), all_out:(5, 9)
gap45
600_3___17__    16   0  [1, 3, 0, 2, 2, 0, 0, 2, 0, 0, 1, 0, 1, 0, 1, 0]  (4, 5)
600_1___17__    15   0  [1, 3, 0, 2, 2, 0, 0, 2, 0, 0, 1, 0, 1, 0, 2]  (4, 4)
600_2___17__    15   0  [1, 3, 0, 2, 2, 0, 0, 2, 0, 0, 1, 0, 1, 0, 2]  (4, 4)
1000_3___17__    15   0  [0, 0, 3, 0, 0, 1, 2, 0, 0, 2, 1, 0, 0, 0, 5]  (4, 7)
600_5___17__    14   0  [5, 0, 2, 1, 0, 0, 0, 2, 2, 0, 0, 1, 1, 1]  (4, 7)
1000_4___17__    14   0  [1, 3, 0, 0, 1, 2, 0, 0, 2, 2, 0, 0, 3, 1]  (4, 8)
400_5___17__    13   0  [6, 0, 1, 1, 1, 0, 1, 2, 0, 0, 0, 1, 3]  (4, 9)
600_4___17__    13   0  [1, 3, 0, 2, 2, 0, 0, 2, 1, 1, 0, 1, 3]  (4, 7)
1000_5___17__    13   0  [1, 3, 0, 0, 1, 2, 0, 0, 2, 2, 0, 0, 5]  (4, 6)
400_3___17__    12   0  [1, 3, 0, 2, 1, 1, 0, 1, 0, 3, 0, 5]  (4, 6)
1000_2___17__    12   0  [1, 3, 0, 2, 3, 0, 2, 2, 0, 0, 1, 3]  (4, 7)
400_1___17__    11   0  [1, 3, 0, 2, 1, 1, 0, 6, 0, 4, 0]  (4, 5)
400_4___17__    11   0  [1, 4, 0, 1, 3, 0, 2, 2, 0, 0, 5]  (4, 9)
1000_1___17__    11   2  [4, 2, 3, 0, 2, 0, 1, 0, 0, 3, 1]  (4, 6)
400_2___17__    10   0  [5, 0, 2, 1, 1, 0, 6, 0, 1, 3]  (4, 7)
part_in:(6, 9), all_in:(4, 5), all_out:(4, 9)
gap56
600_1___18__    15   0  [0, 2, 1, 1, 0, 0, 0, 3, 2, 1, 1, 3, 0, 0, 0]  (1, 1)
400_3___18__    13   2  [0, 0, 1, 2, 1, 2, 0, 2, 1, 4, 0, 1, 0]  (1, 1)
1000_5___18__    13   0  [3, 1, 1, 0, 1, 3, 2, 1, 3, 0, 0, 1, 0]  (1, 3)
400_1___18__    12   1  [1, 0, 1, 2, 1, 2, 0, 2, 6, 0, 1, 0]  (1, 1)
1000_4___18__    12   0  [3, 1, 2, 1, 3, 2, 0, 0, 3, 1, 1, 0]  (1, 3)
400_2___18__    11   3  [0, 1, 2, 1, 2, 0, 4, 4, 0, 1, 0]  (1, 1)
400_4___18__    11   3  [0, 1, 2, 4, 0, 2, 1, 4, 0, 1, 0]  (1, 1)
600_5___18__    11   1  [1, 0, 4, 1, 0, 2, 4, 1, 3, 1, 0]  (1, 4)
1000_1___18__    11   2  [1, 1, 2, 1, 2, 3, 1, 3, 1, 1, 0]  (1, 1)
1000_2___18__    11   0  [1, 0, 0, 4, 1, 2, 0, 4, 5, 1, 0]  (1, 2)
400_5___18__    10   3  [0, 1, 2, 4, 0, 4, 4, 0, 1, 0]  (1, 1)
600_2___18__    10   1  [2, 4, 0, 0, 3, 4, 1, 3, 1, 0]  (1, 2)
1000_3___18__    10   2  [1, 1, 2, 1, 3, 3, 0, 5, 1, 0]  (1, 3)
600_4___18__    9   1  [2, 4, 1, 3, 2, 1, 5, 1, 0]  (1, 4)
600_3___18__    8   1  [2, 4, 5, 4, 1, 3, 1, 0]  (1, 2)
part_in:(3, 4), all_in:(1, 2), all_out:(1, 4)
ball
400_5___19__    15   0  [3, 1, 0, 0, 0, 0, 0, 2, 0, 0, 0, 2, 3, 2, 1]  (1, 4)
1000_4___19__    15   0  [3, 0, 1, 0, 0, 1, 0, 1, 1, 0, 0, 1, 3, 2, 1]  (3, 4)
1000_5___19__    15   0  [3, 2, 0, 0, 0, 0, 0, 1, 1, 0, 0, 1, 3, 2, 1]  (2, 4)
400_3___19__    14   0  [3, 2, 0, 0, 0, 0, 2, 0, 0, 0, 2, 3, 2, 1]  (2, 4)
400_4___19__    14   0  [3, 2, 0, 0, 0, 0, 2, 0, 0, 0, 2, 1, 4, 1]  (1, 4)
600_3___19__    13   0  [3, 2, 0, 0, 0, 0, 0, 1, 1, 0, 2, 6, 1]  (3, 4)
600_4___19__    13   0  [3, 2, 0, 0, 0, 0, 2, 1, 0, 0, 1, 6, 1]  (3, 4)
1000_1___19__    13   0  [3, 2, 0, 0, 1, 0, 1, 1, 0, 2, 3, 2, 1]  (3, 4)
1000_3___19__    13   0  [3, 2, 0, 0, 1, 0, 1, 1, 0, 2, 3, 2, 1]  (3, 4)
600_5___19__    12   0  [3, 2, 0, 0, 0, 0, 4, 0, 2, 3, 2, 1]  (2, 4)
1000_2___19__    12   0  [3, 2, 0, 0, 1, 0, 1, 1, 0, 2, 6, 1]  (3, 4)
400_1___19__    11   0  [3, 2, 0, 0, 1, 3, 0, 0, 2, 6, 1]  (3, 4)
400_2___19__    11   0  [3, 2, 0, 0, 1, 3, 0, 0, 2, 6, 1]  (3, 4)
600_1___19__    11   0  [3, 2, 0, 0, 1, 2, 1, 0, 2, 6, 1]  (4, 4)
600_2___19__    11   0  [3, 2, 0, 0, 1, 2, 1, 0, 2, 6, 1]  (4, 4)
part_in:(1, 2), all_in:(3, 4), all_out:(1, 4)
ball_column
400_5___20__    12   0  [3, 1, 0, 1, 0, 1, 5, 1, 1, 1, 2, 1]  (5, 9)
1000_4___20__    12   0  [3, 2, 0, 0, 0, 1, 1, 3, 1, 1, 4, 1]  (6, 9)
1000_5___20__    10   0  [3, 2, 1, 0, 1, 1, 3, 1, 1, 6]  (6, 9)
400_3___20__    9   0  [3, 5, 1, 1, 1, 1, 5, 2, 1]  (7, 9)
600_2___20__    9   4  [3, 1, 1, 1, 1, 3, 1, 4, 1]  (9, 11)
600_3___20__    9   4  [3, 0, 0, 1, 1, 5, 1, 4, 1]  (9, 9)
1000_3___20__    9   4  [2, 0, 1, 1, 1, 5, 3, 2, 1]  (7, 9)
400_4___20__    8   0  [3, 5, 1, 5, 1, 1, 4, 1]  (5, 9)
1000_1___20__    8   4  [5, 1, 1, 1, 1, 3, 1, 4]  (8, 9)
600_1___20__    7   4  [7, 1, 1, 1, 3, 4, 1]  (9, 11)
600_4___20__    7   4  [3, 1, 1, 1, 5, 1, 6]  (6, 9)
600_5___20__    7   0  [3, 4, 0, 1, 7, 1, 6]  (4, 9)
400_2___20__    6   4  [5, 1, 1, 1, 10, 1]  (9, 9)
400_1___20__    5   4  [5, 1, 1, 12, 1]  (9, 9)
1000_2___20__    5   4  [7, 7, 3, 2, 1]  (7, 9)
part_in:(4, 11), all_in:(9, 9), all_out:(4, 11)
blue_sort
400_4___21__    12   3  [1, 1, 2, 2, 0, 0, 3, 1, 3, 1, 0, 0]  (4, 15)
400_5___21__    12   3  [1, 1, 5, 0, 0, 3, 0, 0, 3, 1, 0, 0]  (5, 15)
400_3___21__    11   5  [1, 5, 0, 0, 2, 0, 1, 3, 1, 0, 0]  (12, 15)
1000_4___21__    11   5  [1, 5, 0, 0, 2, 0, 2, 2, 1, 0, 0]  (12, 15)
1000_5___21__    11   5  [1, 1, 3, 0, 0, 3, 2, 2, 0, 1, 0]  (13, 15)
600_4___21__    10   1  [1, 3, 5, 0, 0, 3, 2, 2, 1, 1]  (11, 15)
600_1___21__    9   1  [5, 0, 1, 2, 0, 0, 3, 2, 6]  (13, 15)
600_3___21__    9   1  [5, 5, 0, 0, 3, 2, 0, 3, 1]  (11, 15)
600_5___21__    9   1  [1, 2, 0, 5, 0, 0, 3, 2, 6]  (10, 15)
400_2___21__    7   7  [5, 0, 0, 3, 1, 3, 3]  (13, 15)
600_2___21__    7   7  [5, 0, 0, 3, 2, 5, 0]  (12, 15)
1000_1___21__    7   4  [0, 1, 6, 0, 3, 2, 6]  (11, 15)
1000_3___21__    7   7  [6, 0, 6, 2, 1, 0, 0]  (13, 15)
400_1___21__    6   7  [5, 0, 0, 2, 6, 3]  (14, 15)
1000_2___21__    6   4  [2, 6, 0, 3, 7, 1]  (12, 15)
part_in:(4, 12), all_in:(13, 15), all_out:(4, 15)
