30
red1
more
('20_6___1__', 15, 0, [0, 1, 7, 0, 0, 0, 1, 1, 1, 1, 0, 0, 0, 2, 0]) (2, 7)
('34_7___1__', 15, 3, [1, 1, 1, 1, 0, 1, 1, 1, 1, 1, 1, 0, 1, 0, 0]) (3, 7)
('40_7___1__', 15, 0, [0, 1, 3, 3, 0, 0, 0, 1, 1, 1, 1, 0, 0, 2, 1]) (7, 8)
('2_6___1__', 14, 0, [0, 1, 2, 4, 0, 1, 3, 1, 1, 0, 1, 1, 0, 0]) (3, 7)
('34_8___1__', 14, 0, [2, 1, 1, 1, 1, 0, 1, 1, 1, 1, 3, 0, 2, 0]) (3, 7)
('40_6___1__', 14, 0, [0, 1, 3, 3, 0, 0, 0, 1, 1, 1, 1, 2, 1, 1]) (5, 7)
('9_6___1__', 13, 1, [1, 2, 4, 0, 1, 1, 1, 1, 2, 1, 1, 0, 0]) (3, 7)
('16_7___1__', 13, 1, [1, 2, 0, 3, 0, 1, 1, 1, 1, 1, 2, 1, 1]) (7, 7)
('16_8___1__', 13, 1, [1, 3, 3, 0, 0, 0, 1, 1, 1, 0, 0, 2, 3]) (6, 7)
('17_6___1__', 13, 1, [1, 3, 3, 0, 1, 1, 1, 1, 1, 2, 1, 0, 0]) (4, 7)
less
('20_7___1__', 13, 0, [0, 1, 7, 0, 0, 0, 3, 1, 1, 0, 0, 0, 3]) (2, 7)
('26_6___1__', 13, 0, [0, 1, 3, 3, 0, 0, 0, 1, 1, 3, 2, 2, 0]) (2, 7)
('27_8___1__', 13, 0, [0, 1, 2, 4, 0, 1, 3, 1, 1, 1, 0, 1, 1]) (4, 7)
('40_8___1__', 13, 1, [1, 3, 3, 0, 0, 0, 1, 1, 1, 1, 2, 2, 0]) (5, 7)
('46_8___1__', 13, 0, [0, 1, 1, 0, 3, 0, 0, 1, 1, 3, 1, 2, 3]) (3, 7)
('5_6___1__', 12, 0, [0, 1, 1, 5, 0, 1, 1, 1, 3, 2, 2, 0]) (2, 7)
('7_6___1__', 12, 0, [0, 1, 2, 4, 0, 1, 3, 1, 1, 0, 1, 3]) (2, 7)
('11_7___1__', 12, 3, [3, 2, 0, 0, 1, 1, 3, 1, 0, 0, 0, 3]) (4, 7)
('14_6___1__', 12, 1, [1, 2, 4, 0, 0, 0, 1, 1, 1, 4, 1, 1]) (1, 7)
('14_7___1__', 12, 3, [2, 4, 0, 1, 3, 1, 1, 1, 0, 1, 0, 0]) (4, 7)
('1_4___1__', 4, 3, [7, 0, 1, 14]) (6, 7)
('1_5___1__', 4, 3, [7, 0, 1, 14]) (4, 7)
('5_3___1__', 4, 3, [7, 0, 14, 1]) (3, 7)
('5_5___1__', 4, 3, [7, 0, 1, 14]) (4, 7)
('7_4___1__', 4, 3, [7, 0, 1, 14]) (5, 7)
('8_4___1__', 4, 3, [7, 0, 1, 14]) (5, 7)
('9_5___1__', 4, 3, [7, 0, 1, 14]) (4, 7)
('11_4___1__', 4, 3, [7, 0, 1, 14]) (6, 7)
('14_4___1__', 4, 3, [7, 0, 1, 14]) (6, 7)
('15_4___1__', 4, 3, [7, 0, 1, 14]) (6, 7)
('15_5___1__', 4, 3, [7, 0, 1, 14]) (4, 7)
('18_3___1__', 4, 3, [7, 0, 1, 14]) (4, 7)
('18_4___1__', 4, 3, [7, 0, 1, 14]) (6, 7)
('20_4___1__', 4, 3, [7, 0, 1, 14]) (5, 7)
('20_5___1__', 4, 3, [7, 0, 1, 14]) (4, 7)
('21_4___1__', 4, 3, [7, 0, 1, 14]) (5, 7)
('25_5___1__', 4, 3, [7, 0, 15, 0]) (4, 7)
('27_3___1__', 4, 3, [7, 0, 14, 1]) (2, 7)
('27_4___1__', 4, 3, [7, 0, 1, 14]) (4, 7)
('29_3___1__', 4, 3, [1, 5, 0, 16]) (3, 7)
part_in:(1, 8), all_in:(7, 7), all_out:(1, 8)
red2
more
('10_8___2__', 13, 0, [2, 2, 1, 0, 2, 1, 3, 1, 3, 0, 1, 0, 0]) (9, 10)
('20_6___2__', 13, 0, [2, 3, 3, 1, 0, 1, 1, 1, 3, 0, 1, 0, 0]) (8, 9)
('2_6___2__', 12, 0, [2, 2, 2, 1, 2, 2, 0, 1, 3, 2, 0, 0]) (6, 9)
('34_6___2__', 12, 0, [2, 5, 1, 1, 0, 1, 1, 1, 3, 2, 0, 0]) (6, 9)
('36_6___2__', 12, 0, [2, 5, 1, 1, 0, 3, 1, 2, 0, 2, 0, 0]) (9, 11)
('43_6___2__', 12, 0, [2, 3, 0, 0, 3, 0, 3, 1, 3, 2, 0, 0]) (9, 10)
('43_8___2__', 12, 0, [2, 1, 2, 0, 1, 1, 0, 3, 1, 3, 2, 1]) (9, 12)
('50_8___2__', 12, 0, [1, 0, 5, 2, 1, 3, 1, 0, 2, 2, 0, 0]) (9, 11)
('2_7___2__', 11, 0, [2, 2, 2, 4, 2, 0, 1, 3, 2, 0, 0]) (7, 9)
('2_9___2__', 11, 0, [2, 1, 0, 2, 4, 3, 5, 0, 1, 0, 0]) (7, 9)
less
('9_8___2__', 11, 0, [2, 7, 0, 1, 3, 1, 0, 2, 2, 0, 0]) (9, 11)
('10_7___2__', 11, 0, [2, 2, 1, 0, 3, 0, 3, 5, 2, 0, 0]) (9, 9)
('17_8___2__', 11, 0, [2, 5, 3, 0, 1, 1, 2, 2, 2, 0, 0]) (9, 10)
('18_8___2__', 11, 0, [1, 0, 2, 4, 2, 3, 5, 0, 1, 0, 0]) (8, 9)
('20_8___2__', 11, 0, [2, 8, 0, 0, 1, 1, 1, 3, 2, 0, 0]) (9, 10)
('24_6___2__', 11, 0, [1, 0, 3, 5, 0, 1, 1, 5, 2, 0, 0]) (9, 12)
('29_9___2__', 11, 0, [2, 4, 0, 1, 2, 3, 5, 0, 1, 0, 0]) (9, 11)
('44_7___2__', 11, 0, [1, 0, 5, 3, 0, 3, 2, 2, 2, 0, 0]) (9, 9)
('45_8___2__', 11, 0, [1, 0, 2, 2, 1, 1, 0, 3, 5, 2, 1]) (9, 13)
('45_9___2__', 11, 0, [1, 0, 2, 2, 3, 0, 3, 5, 2, 0, 0]) (9, 12)
('12_1___2__', 3, 3, [23, 0, 0]) (5, 9)
('12_2___2__', 3, 3, [23, 0, 0]) (5, 9)
('40_2___2__', 3, 3, [23, 0, 0]) (7, 9)
('1_2___2__', 4, 3, [2, 20, 0, 0]) (7, 9)
('1_3___2__', 4, 3, [13, 9, 0, 0]) (8, 9)
('5_1___2__', 4, 3, [2, 20, 0, 0]) (6, 9)
('11_2___2__', 4, 3, [2, 20, 0, 0]) (5, 9)
('15_2___2__', 4, 3, [1, 21, 0, 0]) (6, 9)
('19_4___2__', 4, 3, [20, 2, 0, 0]) (9, 10)
('25_2___2__', 4, 3, [20, 2, 0, 0]) (7, 9)
('28_4___2__', 4, 3, [20, 2, 0, 0]) (9, 11)
('33_2___2__', 4, 3, [2, 20, 0, 0]) (6, 9)
('33_4___2__', 4, 3, [20, 2, 0, 0]) (9, 10)
('36_1___2__', 4, 3, [20, 2, 0, 0]) (7, 9)
('41_2___2__', 4, 3, [5, 17, 0, 0]) (6, 9)
('43_1___2__', 4, 3, [20, 2, 0, 0]) (6, 9)
('44_2___2__', 4, 3, [20, 2, 0, 0]) (4, 9)
('44_3___2__', 4, 3, [20, 2, 0, 0]) (6, 9)
('47_2___2__', 4, 3, [1, 21, 0, 0]) (5, 9)
('48_3___2__', 4, 3, [13, 9, 0, 0]) (7, 9)
part_in:(4, 13), all_in:(9, 9), all_out:(4, 13)
red3
more
('26_1___3__', 13, 0, [0, 2, 0, 0, 2, 0, 1, 1, 5, 0, 5, 0, 0]) (10, 14)
('1_10___3__', 12, 0, [3, 1, 2, 0, 1, 0, 0, 3, 2, 2, 3, 0]) (12, 14)
('4_7___3__', 12, 0, [3, 1, 1, 0, 0, 2, 0, 3, 2, 2, 2, 1]) (14, 17)
('22_2___3__', 12, 0, [0, 2, 0, 0, 3, 3, 3, 2, 1, 0, 3, 0]) (9, 14)
('38_3___3__', 12, 0, [0, 2, 0, 0, 2, 0, 3, 2, 0, 2, 6, 0]) (11, 14)
('43_7___3__', 12, 0, [3, 1, 2, 0, 1, 0, 0, 3, 1, 0, 5, 1]) (14, 17)
('47_6___3__', 12, 0, [0, 2, 1, 3, 1, 0, 0, 3, 2, 2, 3, 0]) (14, 15)
('2_6___3__', 11, 1, [2, 4, 0, 3, 2, 0, 1, 0, 2, 2, 1]) (9, 14)
('3_3___3__', 11, 0, [0, 2, 0, 0, 3, 3, 3, 2, 2, 3, 0]) (11, 14)
('4_6___3__', 11, 0, [0, 2, 1, 3, 2, 0, 3, 2, 2, 2, 1]) (14, 15)
less
('10_4___3__', 11, 0, [0, 2, 1, 3, 3, 2, 0, 2, 2, 3, 0]) (14, 14)
('11_2___3__', 11, 0, [0, 2, 1, 3, 2, 0, 3, 2, 5, 0, 0]) (8, 14)
('11_6___3__', 11, 0, [0, 2, 1, 3, 2, 0, 3, 1, 0, 5, 1]) (12, 14)
('13_3___3__', 11, 0, [0, 2, 1, 3, 3, 2, 0, 2, 5, 0, 0]) (14, 14)
('14_7___3__', 11, 0, [3, 1, 3, 2, 0, 3, 2, 2, 2, 0, 0]) (14, 17)
('16_10___3__', 11, 1, [2, 1, 3, 0, 1, 0, 3, 2, 2, 3, 0]) (14, 15)
('18_3___3__', 11, 0, [0, 2, 0, 0, 2, 0, 3, 3, 2, 6, 0]) (12, 14)
('21_4___3__', 11, 0, [0, 2, 1, 3, 3, 2, 0, 2, 2, 3, 0]) (14, 14)
('26_3___3__', 11, 0, [0, 2, 1, 2, 0, 3, 2, 0, 2, 6, 0]) (11, 14)
('27_1___3__', 11, 0, [0, 2, 1, 1, 0, 0, 3, 6, 5, 0, 0]) (11, 14)
('49_7___3__', 4, 5, [0, 7, 6, 7]) (13, 14)
('3_2___3__', 5, 0, [0, 8, 10, 6, 0]) (10, 14)
('15_9___3__', 5, 4, [5, 3, 3, 2, 7]) (14, 17)
('21_9___3__', 5, 4, [1, 3, 3, 6, 7]) (14, 15)
('27_9___3__', 5, 6, [3, 3, 3, 5, 4]) (14, 16)
('49_6___3__', 5, 1, [3, 0, 7, 3, 10]) (10, 14)
('49_8___3__', 5, 5, [0, 3, 3, 6, 7]) (14, 16)
('6_6___3__', 6, 10, [2, 0, 3, 2, 2, 4]) (14, 16)
('8_7___3__', 6, 10, [3, 3, 2, 2, 2, 1]) (14, 14)
('10_1___3__', 6, 0, [0, 7, 0, 10, 6, 0]) (10, 14)
('12_9___3__', 6, 4, [5, 3, 3, 2, 2, 4]) (14, 15)
('14_9___3__', 6, 4, [1, 3, 3, 6, 2, 4]) (14, 15)
('15_8___3__', 6, 1, [2, 5, 3, 3, 2, 7]) (14, 18)
('17_8___3__', 6, 4, [1, 3, 2, 0, 3, 10]) (13, 14)
('19_10___3__', 6, 4, [1, 7, 3, 5, 3, 0]) (14, 17)
('20_8___3__', 6, 6, [3, 2, 0, 3, 2, 7]) (14, 15)
('24_7___3__', 6, 1, [8, 2, 0, 3, 2, 7]) (14, 15)
('24_8___3__', 6, 1, [8, 3, 3, 0, 1, 7]) (14, 18)
('25_1___3__', 6, 0, [0, 8, 10, 5, 0, 0]) (12, 14)
('29_8___3__', 6, 6, [2, 0, 3, 3, 5, 4]) (14, 16)
part_in:(8, 18), all_in:(14, 14), all_out:(8, 18)
red4
more
('23_6___4__', 16, 0, [2, 1, 0, 1, 0, 0, 1, 1, 2, 0, 1, 0, 2, 2, 0, 0]) (21, 22)
('4_7___4__', 15, 2, [0, 1, 0, 1, 1, 1, 1, 0, 1, 0, 1, 0, 5, 0, 0]) (22, 23)
('20_8___4__', 15, 0, [0, 1, 2, 1, 0, 0, 3, 1, 0, 0, 1, 0, 5, 0, 0]) (20, 22)
('24_8___4__', 15, 0, [0, 1, 0, 1, 1, 1, 1, 1, 2, 0, 0, 1, 5, 0, 0]) (22, 22)
('3_6___4__', 14, 0, [2, 2, 1, 1, 1, 1, 2, 0, 1, 0, 2, 2, 0, 0]) (19, 22)
('4_8___4__', 14, 0, [2, 2, 1, 1, 1, 1, 2, 0, 1, 0, 0, 4, 0, 0]) (22, 22)
('18_8___4__', 14, 0, [0, 1, 4, 0, 0, 1, 1, 2, 0, 2, 3, 1, 0, 0]) (19, 22)
('41_8___4__', 14, 0, [2, 0, 1, 1, 1, 1, 1, 2, 0, 1, 0, 5, 0, 0]) (22, 22)
('48_9___4__', 14, 0, [0, 1, 2, 1, 1, 1, 1, 2, 0, 1, 0, 5, 0, 0]) (20, 22)
('3_8___4__', 13, 0, [2, 2, 1, 1, 1, 1, 2, 0, 1, 0, 5, 0, 0]) (18, 22)
less
('5_6___4__', 13, 0, [2, 2, 1, 1, 3, 2, 0, 1, 0, 2, 2, 0, 0]) (21, 22)
('5_7___4__', 13, 0, [0, 1, 2, 1, 1, 1, 1, 2, 0, 1, 6, 0, 0]) (21, 22)
('16_8___4__', 13, 1, [1, 2, 1, 1, 1, 1, 2, 0, 1, 4, 1, 0, 0]) (22, 22)
('18_6___4__', 13, 0, [0, 1, 2, 1, 0, 0, 3, 2, 0, 2, 5, 0, 0]) (18, 22)
('18_7___4__', 13, 0, [0, 1, 2, 1, 1, 3, 2, 0, 2, 1, 3, 0, 0]) (21, 22)
('22_6___4__', 13, 0, [2, 4, 1, 1, 1, 2, 0, 1, 0, 1, 3, 0, 0]) (19, 22)
('25_6___4__', 13, 3, [1, 0, 1, 0, 0, 3, 2, 0, 1, 3, 2, 0, 0]) (22, 22)
('27_8___4__', 13, 0, [0, 1, 4, 1, 1, 1, 2, 0, 1, 0, 5, 0, 0]) (22, 24)
('28_8___4__', 13, 3, [0, 1, 1, 1, 1, 1, 2, 0, 1, 0, 5, 0, 0]) (19, 22)
('34_6___4__', 13, 3, [2, 1, 1, 1, 1, 2, 0, 1, 0, 2, 2, 0, 0]) (21, 22)
('14_1___4__', 5, 3, [5, 0, 7, 9, 0]) (14, 22)
('23_2___4__', 5, 3, [6, 6, 0, 9, 0]) (14, 22)
('24_3___4__', 5, 3, [6, 3, 3, 9, 0]) (17, 22)
('37_1___4__', 5, 1, [1, 6, 6, 0, 10]) (14, 22)
('44_1___4__', 5, 3, [6, 6, 0, 9, 0]) (18, 22)
('1_4___4__', 6, 3, [2, 3, 3, 3, 9, 0]) (20, 22)
('3_5___4__', 6, 3, [2, 3, 3, 3, 9, 0]) (19, 22)
('7_5___4__', 6, 3, [2, 3, 3, 3, 9, 0]) (19, 22)
('12_4___4__', 6, 3, [6, 3, 3, 2, 6, 0]) (20, 22)
('15_1___4__', 6, 3, [2, 3, 3, 2, 3, 7]) (18, 22)
('16_4___4__', 6, 3, [2, 3, 3, 3, 9, 0]) (20, 22)
('18_3___4__', 6, 3, [2, 5, 1, 3, 9, 0]) (17, 22)
('21_1___4__', 6, 1, [1, 6, 7, 2, 6, 0]) (15, 22)
('21_4___4__', 6, 3, [2, 3, 3, 3, 9, 0]) (19, 22)
('22_1___4__', 6, 1, [1, 2, 3, 6, 10, 0]) (13, 22)
('22_5___4__', 6, 3, [2, 3, 3, 3, 9, 0]) (20, 22)
('26_2___4__', 6, 3, [2, 3, 6, 0, 9, 0]) (17, 22)
('26_10___4__', 6, 3, [2, 3, 6, 0, 9, 0]) (19, 22)
('28_4___4__', 6, 3, [2, 3, 3, 3, 9, 0]) (21, 22)
('31_4___4__', 6, 3, [2, 3, 3, 3, 9, 0]) (21, 22)
part_in:(13, 24), all_in:(22, 22), all_out:(13, 24)
red5
more
('11_9___5__', 14, 0, [3, 0, 0, 2, 1, 0, 1, 0, 2, 1, 0, 5, 0, 0]) (26, 27)
('34_6___5__', 14, 0, [3, 0, 0, 2, 0, 0, 0, 5, 1, 0, 1, 3, 0, 0]) (26, 26)
('38_9___5__', 14, 0, [3, 1, 4, 0, 1, 0, 2, 1, 0, 0, 2, 1, 0, 0]) (25, 26)
('50_8___5__', 14, 0, [3, 1, 2, 1, 0, 2, 2, 0, 0, 1, 2, 1, 0, 0]) (26, 28)
('3_9___5__', 13, 0, [3, 0, 0, 2, 1, 0, 2, 2, 2, 0, 4, 0, 0]) (26, 27)
('7_6___5__', 13, 0, [3, 0, 0, 3, 0, 0, 1, 0, 2, 1, 6, 0, 0]) (24, 26)
('9_8___5__', 13, 0, [3, 0, 0, 3, 0, 0, 2, 2, 0, 0, 6, 0, 0]) (26, 27)
('11_6___5__', 13, 0, [3, 0, 0, 2, 0, 0, 3, 2, 1, 0, 5, 0, 0]) (26, 26)
('12_9___5__', 13, 0, [3, 1, 2, 0, 0, 0, 5, 1, 0, 0, 4, 0, 0]) (25, 26)
('14_7___5__', 13, 0, [3, 1, 1, 1, 0, 0, 2, 2, 1, 0, 5, 0, 0]) (26, 28)
less
('28_8___5__', 13, 0, [3, 1, 3, 0, 0, 2, 2, 1, 0, 0, 4, 0, 0]) (24, 26)
('31_9___5__', 13, 0, [3, 1, 4, 0, 1, 0, 2, 1, 0, 0, 4, 0, 0]) (23, 26)
('33_6___5__', 13, 0, [3, 0, 0, 2, 0, 0, 3, 2, 1, 0, 5, 0, 0]) (25, 26)
('34_9___5__', 13, 0, [3, 1, 2, 1, 2, 0, 2, 1, 0, 3, 1, 0, 0]) (24, 26)
('36_8___5__', 13, 0, [3, 0, 0, 3, 0, 0, 5, 1, 0, 3, 1, 0, 0]) (26, 26)
('36_9___5__', 13, 0, [3, 0, 0, 4, 0, 2, 2, 1, 0, 3, 1, 0, 0]) (26, 27)
('37_8___5__', 13, 0, [3, 0, 0, 4, 0, 2, 2, 1, 0, 3, 1, 0, 0]) (26, 26)
('38_7___5__', 13, 0, [3, 1, 3, 0, 0, 2, 2, 2, 0, 2, 1, 0, 0]) (25, 26)
('41_6___5__', 13, 0, [3, 0, 0, 3, 0, 0, 2, 2, 1, 0, 5, 0, 0]) (26, 26)
('41_8___5__', 13, 0, [3, 1, 3, 0, 0, 2, 2, 1, 0, 3, 1, 0, 0]) (26, 27)
('18_2___5__', 3, 4, [6, 6, 10]) (23, 26)
('31_2___5__', 3, 4, [6, 6, 10]) (22, 26)
('8_2___5__', 4, 4, [6, 6, 9, 0]) (25, 26)
('20_2___5__', 4, 4, [6, 6, 9, 0]) (20, 26)
('22_1___5__', 4, 4, [6, 6, 9, 0]) (23, 26)
('23_2___5__', 4, 4, [6, 6, 1, 8]) (21, 26)
('37_1___5__', 4, 4, [0, 5, 15, 1]) (22, 26)
('1_8___5__', 5, 4, [6, 6, 8, 0, 0]) (26, 26)
('12_1___5__', 5, 4, [0, 0, 4, 9, 7]) (19, 26)
('12_2___5__', 5, 4, [1, 4, 6, 9, 0]) (22, 26)
('14_2___5__', 5, 4, [6, 6, 8, 0, 0]) (26, 26)
('16_2___5__', 5, 4, [6, 6, 2, 6, 0]) (24, 26)
('18_4___5__', 5, 4, [1, 4, 6, 9, 0]) (25, 26)
('23_1___5__', 5, 4, [3, 2, 0, 7, 8]) (21, 26)
('24_2___5__', 5, 4, [1, 4, 6, 9, 0]) (22, 26)
('25_5___5__', 5, 4, [1, 4, 6, 9, 0]) (24, 26)
('32_1___5__', 5, 4, [0, 2, 2, 6, 10]) (18, 26)
('34_2___5__', 5, 1, [2, 3, 2, 6, 10]) (26, 26)
('35_1___5__', 5, 4, [0, 2, 2, 16, 0]) (23, 26)
('35_4___5__', 5, 4, [1, 4, 6, 9, 0]) (25, 26)
part_in:(18, 28), all_in:(26, 26), all_out:(18, 28)
red6
more
('9_1___6__', 11, 0, [1, 1, 1, 1, 2, 5, 0, 1, 2, 4, 0]) (27, 27)
('13_1___6__', 11, 0, [1, 1, 1, 1, 2, 5, 0, 1, 3, 3, 0]) (27, 28)
('32_6___6__', 11, 0, [1, 1, 5, 0, 3, 1, 0, 1, 2, 4, 0]) (27, 31)
('32_7___6__', 11, 0, [1, 1, 5, 0, 2, 2, 0, 1, 2, 4, 0]) (27, 30)
('43_2___6__', 11, 0, [1, 1, 1, 4, 5, 0, 1, 2, 3, 0, 0]) (27, 29)
('6_8___6__', 10, 0, [1, 1, 5, 0, 5, 0, 1, 1, 5, 0]) (27, 30)
('15_2___6__', 10, 0, [1, 1, 3, 2, 5, 0, 1, 2, 3, 1]) (26, 27)
('16_7___6__', 10, 0, [1, 1, 6, 2, 2, 0, 1, 2, 4, 0]) (27, 32)
('19_2___6__', 10, 0, [1, 1, 3, 2, 5, 0, 1, 2, 4, 0]) (27, 29)
('20_2___6__', 10, 0, [1, 1, 3, 2, 5, 0, 1, 2, 4, 0]) (26, 27)
less
('20_6___6__', 10, 0, [3, 5, 0, 2, 1, 0, 0, 1, 7, 0]) (27, 31)
('21_6___6__', 10, 0, [3, 5, 0, 5, 0, 1, 2, 0, 3, 0]) (27, 31)
('21_7___6__', 10, 0, [3, 5, 0, 5, 0, 1, 2, 0, 3, 0]) (27, 30)
('22_8___6__', 10, 0, [1, 1, 6, 2, 2, 0, 1, 2, 4, 0]) (27, 28)
('26_6___6__', 10, 0, [1, 1, 6, 2, 2, 0, 1, 2, 4, 0]) (27, 32)
('26_9___6__', 10, 0, [1, 1, 6, 2, 2, 0, 1, 2, 4, 0]) (27, 31)
('27_6___6__', 10, 0, [1, 1, 6, 2, 2, 0, 1, 2, 4, 0]) (27, 31)
('32_9___6__', 10, 0, [1, 1, 1, 4, 2, 2, 2, 2, 4, 0]) (27, 29)
('33_1___6__', 10, 0, [1, 1, 3, 2, 5, 0, 1, 0, 6, 0]) (27, 29)
('34_6___6__', 10, 0, [1, 1, 1, 4, 5, 0, 1, 2, 4, 0]) (27, 32)
('40_1___6__', 4, 4, [6, 6, 1, 8]) (27, 31)
('4_1___6__', 5, 4, [6, 5, 0, 1, 8]) (27, 30)
('20_7___6__', 5, 0, [3, 12, 0, 1, 8]) (27, 31)
('32_1___6__', 5, 4, [3, 2, 6, 1, 8]) (27, 30)
('46_9___6__', 5, 0, [3, 12, 2, 2, 5]) (27, 30)
('48_3___6__', 5, 4, [6, 5, 0, 1, 8]) (27, 29)
('1_4___6__', 6, 0, [3, 6, 5, 0, 1, 8]) (27, 29)
('1_5___6__', 6, 0, [3, 6, 5, 0, 1, 8]) (27, 29)
('1_8___6__', 6, 0, [3, 6, 5, 0, 1, 8]) (27, 29)
('2_5___6__', 6, 0, [3, 6, 5, 0, 1, 8]) (27, 29)
('2_7___6__', 6, 0, [3, 6, 5, 0, 1, 8]) (27, 30)
('2_8___6__', 6, 0, [3, 6, 5, 0, 1, 8]) (27, 30)
('2_9___6__', 6, 0, [3, 6, 5, 0, 1, 8]) (27, 30)
('3_3___6__', 6, 0, [3, 6, 5, 0, 1, 8]) (27, 28)
('3_4___6__', 6, 0, [3, 6, 5, 0, 1, 8]) (27, 29)
('3_5___6__', 6, 0, [3, 6, 5, 0, 1, 8]) (27, 29)
('4_5___6__', 6, 0, [3, 6, 5, 0, 1, 8]) (27, 29)
('5_5___6__', 6, 0, [3, 6, 5, 0, 1, 8]) (27, 29)
('5_9___6__', 6, 0, [3, 6, 5, 0, 1, 8]) (27, 31)
('6_1___6__', 6, 4, [3, 2, 5, 0, 1, 8]) (27, 27)
part_in:(26, 32), all_in:(27, 27), all_out:(26, 32)
