30
red1
more
('20_6___1__', 15, 0, [1, 7, 0, 0, 0, 1, 1, 1, 1, 0, 0, 0, 2, 0, 0]) (3, 13)
('34_7___1__', 15, 2, [1, 1, 1, 1, 0, 1, 1, 1, 1, 1, 1, 0, 1, 0, 1]) (3, 6)
('34_8___1__', 14, 2, [1, 1, 1, 1, 0, 1, 1, 1, 1, 3, 0, 2, 0, 0]) (3, 7)
('40_7___1__', 14, 0, [1, 3, 3, 0, 0, 0, 1, 1, 1, 1, 0, 0, 2, 2]) (3, 7)
('2_6___1__', 13, 0, [1, 2, 4, 0, 1, 3, 1, 1, 0, 1, 1, 0, 1]) (3, 11)
('9_6___1__', 13, 0, [1, 2, 4, 0, 1, 1, 1, 1, 2, 1, 1, 0, 1]) (3, 6)
('16_7___1__', 13, 0, [1, 2, 0, 3, 0, 1, 1, 1, 1, 1, 2, 1, 2]) (3, 4)
('16_8___1__', 13, 0, [1, 3, 3, 0, 0, 0, 1, 1, 1, 0, 0, 2, 4]) (3, 4)
('17_6___1__', 13, 0, [1, 3, 3, 0, 1, 1, 1, 1, 1, 2, 1, 0, 1]) (3, 5)
('32_8___1__', 13, 0, [1, 3, 3, 0, 1, 1, 1, 1, 1, 1, 0, 3, 0]) (3, 6)
less
('1_4___1__', 4, 2, [7, 0, 1, 15]) (3, 3)
('1_5___1__', 4, 2, [7, 0, 1, 15]) (3, 4)
('5_3___1__', 4, 2, [7, 0, 14, 2]) (3, 3)
('5_5___1__', 4, 2, [7, 0, 1, 15]) (3, 4)
('7_4___1__', 4, 2, [7, 0, 1, 15]) (3, 5)
('8_4___1__', 4, 2, [7, 0, 1, 15]) (3, 3)
('9_5___1__', 4, 2, [7, 0, 1, 15]) (3, 4)
('11_4___1__', 4, 2, [7, 0, 1, 15]) (3, 4)
('14_4___1__', 4, 2, [7, 0, 1, 15]) (3, 4)
('15_4___1__', 4, 2, [7, 0, 1, 15]) (3, 4)
part_in:(5, 13), all_in:(3, 4), all_out:(3, 13)
red2
more
('10_8___2__', 12, 2, [2, 1, 0, 2, 1, 3, 1, 3, 0, 1, 0, 1]) (4, 15)
('20_6___2__', 12, 2, [3, 3, 1, 0, 1, 1, 1, 3, 0, 1, 0, 1]) (4, 18)
('2_6___2__', 11, 2, [2, 2, 1, 2, 2, 0, 1, 3, 2, 0, 1]) (4, 14)
('34_6___2__', 11, 2, [5, 1, 1, 0, 1, 1, 1, 3, 2, 0, 1]) (4, 11)
('36_6___2__', 11, 2, [5, 1, 1, 0, 3, 1, 2, 0, 2, 0, 1]) (4, 12)
('43_6___2__', 11, 2, [3, 0, 0, 3, 0, 3, 1, 3, 2, 0, 1]) (4, 10)
('43_8___2__', 11, 2, [1, 2, 0, 1, 1, 0, 3, 1, 3, 2, 2]) (4, 9)
('50_8___2__', 11, 1, [0, 5, 2, 1, 3, 1, 0, 2, 2, 0, 1]) (4, 9)
('2_7___2__', 10, 2, [2, 2, 4, 2, 0, 1, 3, 2, 0, 1]) (4, 10)
('2_9___2__', 10, 2, [1, 0, 2, 4, 3, 5, 0, 1, 0, 1]) (4, 10)
less
('12_1___2__', 3, 2, [23, 0, 1]) (4, 7)
('12_2___2__', 3, 2, [23, 0, 1]) (4, 7)
('40_2___2__', 3, 2, [23, 0, 1]) (4, 6)
('1_2___2__', 4, 2, [2, 20, 0, 1]) (4, 7)
('1_3___2__', 4, 2, [13, 9, 0, 1]) (4, 8)
('1_5___2__', 4, 2, [20, 2, 0, 1]) (4, 9)
('2_5___2__', 4, 2, [20, 2, 0, 1]) (4, 9)
('3_5___2__', 4, 2, [20, 2, 0, 1]) (4, 9)
('4_5___2__', 4, 2, [20, 2, 0, 1]) (4, 9)
('5_1___2__', 4, 2, [2, 20, 0, 1]) (4, 6)
part_in:(7, 18), all_in:(4, 6), all_out:(4, 18)
red3
more
('26_1___3__', 13, 0, [2, 0, 0, 2, 0, 1, 1, 5, 0, 5, 0, 0, 0]) (12, 15)
('1_10___3__', 12, 3, [1, 2, 0, 1, 0, 0, 3, 2, 2, 3, 0, 0]) (14, 15)
('16_10___3__', 12, 0, [2, 1, 3, 0, 1, 0, 3, 2, 2, 3, 0, 0]) (15, 15)
('34_7___3__', 12, 0, [2, 0, 0, 2, 0, 3, 3, 1, 0, 6, 0, 0]) (15, 16)
('2_6___3__', 11, 0, [2, 4, 0, 3, 2, 0, 1, 0, 2, 2, 2]) (15, 22)
('4_6___3__', 11, 0, [2, 1, 3, 2, 0, 3, 2, 2, 2, 1, 0]) (13, 15)
('4_7___3__', 11, 3, [1, 1, 0, 0, 2, 0, 3, 2, 2, 2, 2]) (14, 15)
('10_8___3__', 11, 3, [3, 0, 0, 1, 0, 0, 3, 1, 0, 7, 0]) (15, 19)
('11_6___3__', 11, 0, [2, 1, 3, 2, 0, 3, 1, 0, 5, 1, 0]) (13, 15)
('16_8___3__', 11, 0, [2, 1, 3, 1, 0, 0, 3, 1, 3, 4, 0]) (15, 15)
less
('3_2___3__', 4, 0, [8, 10, 6, 1]) (11, 15)
('49_7___3__', 4, 4, [0, 7, 6, 8]) (15, 15)
('10_1___3__', 5, 0, [7, 0, 10, 6, 1]) (13, 15)
('21_9___3__', 5, 3, [1, 3, 3, 6, 8]) (15, 17)
('25_1___3__', 5, 0, [8, 10, 5, 0, 1]) (8, 15)
('27_9___3__', 5, 5, [3, 3, 3, 5, 5]) (15, 15)
('31_1___3__', 5, 0, [7, 0, 1, 15, 1]) (9, 15)
('34_1___3__', 5, 0, [7, 0, 3, 6, 8]) (11, 15)
('34_2___3__', 5, 0, [8, 3, 3, 2, 8]) (10, 15)
('38_2___3__', 5, 0, [8, 7, 2, 6, 1]) (13, 15)
part_in:(8, 22), all_in:(15, 15), all_out:(8, 22)
red4
more
('4_7___4__', 15, 1, [0, 1, 0, 1, 1, 1, 1, 0, 1, 0, 1, 0, 5, 0, 1]) (18, 20)
('23_6___4__', 15, 2, [1, 0, 1, 0, 0, 1, 1, 2, 0, 1, 0, 2, 2, 0, 1]) (18, 24)
('20_8___4__', 14, 0, [1, 2, 1, 0, 0, 3, 1, 0, 0, 1, 0, 5, 0, 1]) (18, 22)
('24_8___4__', 14, 0, [1, 0, 1, 1, 1, 1, 1, 2, 0, 0, 1, 5, 0, 1]) (18, 23)
('3_6___4__', 13, 2, [2, 1, 1, 1, 1, 2, 0, 1, 0, 2, 2, 0, 1]) (18, 22)
('4_8___4__', 13, 2, [2, 1, 1, 1, 1, 2, 0, 1, 0, 0, 4, 0, 1]) (18, 22)
('16_8___4__', 13, 0, [1, 2, 1, 1, 1, 1, 2, 0, 1, 4, 1, 0, 1]) (18, 21)
('18_8___4__', 13, 0, [1, 4, 0, 0, 1, 1, 2, 0, 2, 3, 1, 0, 1]) (18, 24)
('25_6___4__', 13, 2, [1, 0, 1, 0, 0, 3, 2, 0, 1, 3, 2, 0, 1]) (18, 21)
('28_8___4__', 13, 2, [0, 1, 1, 1, 1, 1, 2, 0, 1, 0, 5, 0, 1]) (18, 18)
less
('14_1___4__', 5, 2, [5, 0, 7, 9, 1]) (13, 18)
('23_2___4__', 5, 2, [6, 6, 0, 9, 1]) (18, 18)
('24_3___4__', 5, 2, [6, 3, 3, 9, 1]) (18, 20)
('37_1___4__', 5, 0, [1, 6, 6, 0, 11]) (12, 18)
('44_1___4__', 5, 2, [6, 6, 0, 9, 1]) (17, 18)
('1_4___4__', 6, 2, [2, 3, 3, 3, 9, 1]) (18, 18)
('3_5___4__', 6, 2, [2, 3, 3, 3, 9, 1]) (18, 19)
('7_5___4__', 6, 2, [2, 3, 3, 3, 9, 1]) (18, 19)
('12_4___4__', 6, 2, [6, 3, 3, 2, 6, 1]) (18, 19)
('15_1___4__', 6, 2, [2, 3, 3, 2, 3, 8]) (15, 18)
part_in:(12, 24), all_in:(18, 18), all_out:(12, 24)
red5
more
('11_9___5__', 14, 3, [0, 0, 2, 1, 0, 1, 0, 2, 1, 0, 5, 0, 0, 0]) (19, 27)
('34_6___5__', 14, 3, [0, 0, 2, 0, 0, 0, 5, 1, 0, 1, 3, 0, 0, 0]) (19, 28)
('38_9___5__', 14, 3, [1, 4, 0, 1, 0, 2, 1, 0, 0, 2, 1, 0, 0, 0]) (19, 27)
('50_8___5__', 14, 3, [1, 2, 1, 0, 2, 2, 0, 0, 1, 2, 1, 0, 0, 0]) (19, 27)
('3_9___5__', 13, 3, [0, 0, 2, 1, 0, 2, 2, 2, 0, 4, 0, 0, 0]) (19, 27)
('7_6___5__', 13, 3, [0, 0, 3, 0, 0, 1, 0, 2, 1, 6, 0, 0, 0]) (19, 27)
('9_8___5__', 13, 3, [0, 0, 3, 0, 0, 2, 2, 0, 0, 6, 0, 0, 0]) (19, 27)
('10_7___5__', 13, 3, [0, 3, 0, 0, 0, 2, 2, 1, 0, 5, 0, 0, 0]) (19, 25)
('11_6___5__', 13, 3, [0, 0, 2, 0, 0, 3, 2, 1, 0, 5, 0, 0, 0]) (19, 30)
('12_9___5__', 13, 3, [1, 2, 0, 0, 0, 5, 1, 0, 0, 4, 0, 0, 0]) (19, 26)
less
('18_2___5__', 4, 3, [6, 6, 10, 0]) (19, 24)
('31_2___5__', 4, 3, [6, 6, 10, 0]) (19, 19)
('8_2___5__', 5, 3, [6, 6, 9, 0, 0]) (19, 25)
('20_2___5__', 5, 3, [6, 6, 9, 0, 0]) (19, 25)
('22_1___5__', 5, 3, [6, 6, 9, 0, 0]) (19, 20)
('23_2___5__', 5, 3, [6, 6, 1, 8, 0]) (19, 24)
('37_1___5__', 5, 3, [0, 5, 15, 1, 0]) (19, 25)
('1_1___5__', 6, 0, [2, 3, 2, 6, 9, 1]) (18, 19)
('1_8___5__', 6, 3, [6, 6, 8, 0, 0, 0]) (19, 25)
('12_1___5__', 6, 3, [0, 0, 4, 9, 7, 0]) (19, 21)
part_in:(18, 30), all_in:(19, 19), all_out:(18, 30)
red6
more
('9_1___6__', 11, 1, [1, 1, 1, 2, 5, 0, 1, 2, 4, 0, 0]) (22, 28)
('13_1___6__', 11, 1, [1, 1, 1, 2, 5, 0, 1, 3, 3, 0, 0]) (22, 27)
('32_7___6__', 11, 1, [1, 5, 0, 2, 2, 0, 1, 2, 4, 0, 0]) (22, 34)
('43_2___6__', 11, 1, [1, 1, 4, 5, 0, 1, 2, 3, 0, 0, 0]) (22, 30)
('6_8___6__', 10, 1, [1, 5, 0, 5, 0, 1, 1, 5, 0, 0]) (22, 32)
('15_2___6__', 10, 1, [1, 3, 2, 5, 0, 1, 2, 3, 1, 0]) (22, 30)
('19_2___6__', 10, 1, [1, 3, 2, 5, 0, 1, 2, 4, 0, 0]) (22, 31)
('20_2___6__', 10, 1, [1, 3, 2, 5, 0, 1, 2, 4, 0, 0]) (22, 30)
('20_6___6__', 10, 3, [5, 0, 2, 1, 0, 0, 1, 7, 0, 0]) (22, 31)
('21_7___6__', 10, 3, [5, 0, 5, 0, 1, 2, 0, 3, 0, 0]) (22, 29)
less
('20_7___6__', 4, 3, [12, 0, 1, 9]) (22, 33)
('1_8___6__', 5, 3, [6, 5, 0, 1, 9]) (22, 31)
('2_7___6__', 5, 3, [6, 5, 0, 1, 9]) (22, 32)
('2_8___6__', 5, 3, [6, 5, 0, 1, 9]) (22, 31)
('2_9___6__', 5, 3, [6, 5, 0, 1, 9]) (22, 30)
('7_10___6__', 5, 3, [6, 5, 0, 1, 9]) (22, 28)
('20_8___6__', 5, 3, [12, 0, 1, 7, 1]) (22, 31)
('23_8___6__', 5, 3, [6, 5, 0, 1, 9]) (22, 33)
('27_7___6__', 5, 1, [1, 12, 0, 1, 9]) (22, 31)
('27_8___6__', 5, 1, [1, 6, 6, 1, 9]) (22, 30)
part_in:(28, 34), all_in:(22, 27), all_out:(22, 34)
