30
less5
1000_4___1__    10   7  [0, 4, 0, 2, 3, 0, 0, 2, 1, 0]  (2, 5)
400_3___1__    9   0  [7, 4, 0, 0, 3, 3, 2, 1, 0]  (2, 4)
600_4___1__    9   8  [4, 0, 1, 0, 2, 2, 2, 1, 0]  (2, 6)
400_5___1__    8   8  [1, 2, 0, 0, 3, 4, 1, 2]  (2, 7)
600_3___1__    8   0  [7, 4, 0, 1, 0, 5, 4, 0]  (2, 5)
400_2___1__    7   8  [1, 2, 0, 0, 7, 2, 2]  (2, 3)
400_4___1__    7   8  [4, 0, 0, 7, 2, 1, 0]  (2, 5)
600_2___1__    7   8  [1, 2, 2, 0, 2, 2, 5]  (2, 4)
600_5___1__    7   8  [4, 3, 2, 2, 2, 1, 0]  (2, 9)
1000_5___1__    7   7  [0, 4, 3, 3, 2, 1, 2]  (2, 10)
400_1___1__    6   8  [4, 0, 0, 5, 4, 2]  (2, 4)
1000_1___1__    6   5  [2, 4, 0, 1, 0, 11]  (2, 4)
1000_3___1__    6   7  [0, 1, 2, 3, 6, 4]  (2, 3)
1000_2___1__    5   8  [4, 3, 3, 2, 4]  (2, 2)
600_1___1__    3   8  [4, 2, 12]  (2, 5)
part_in:(4, 10), all_in:(2, 3), all_out:(2, 10)
less8
400_4___2__    13   0  [7, 0, 0, 2, 0, 2, 0, 1, 0, 2, 1, 1, 0]  (13, 14)
400_3___2__    11   0  [7, 0, 0, 2, 0, 2, 0, 1, 3, 3, 0]  (14, 14)
400_5___2__    10   0  [7, 0, 0, 6, 0, 1, 3, 1, 1, 0]  (12, 14)
600_4___2__    10   0  [7, 4, 1, 1, 0, 1, 3, 1, 1, 0]  (11, 14)
600_5___2__    10   0  [7, 4, 1, 1, 0, 1, 3, 1, 1, 0]  (7, 14)
1000_5___2__    10   7  [0, 4, 1, 1, 0, 1, 3, 1, 1, 0]  (9, 14)
600_1___2__    9   1  [7, 0, 2, 3, 0, 1, 3, 3, 0]  (11, 14)
600_2___2__    9   0  [9, 2, 3, 0, 1, 1, 1, 3, 0]  (13, 14)
600_3___2__    9   0  [0, 7, 5, 1, 0, 1, 3, 3, 0]  (13, 14)
1000_1___2__    9   1  [7, 0, 2, 3, 0, 1, 3, 0, 3]  (11, 14)
400_1___2__    8   8  [1, 2, 0, 3, 1, 3, 3, 0]  (13, 14)
400_2___2__    8   0  [9, 3, 2, 0, 1, 3, 3, 0]  (14, 15)
1000_2___2__    8   9  [3, 3, 0, 1, 3, 0, 2, 0]  (14, 14)
1000_4___2__    8   8  [4, 1, 1, 0, 1, 3, 3, 0]  (12, 14)
1000_3___2__    6   13  [3, 0, 1, 3, 3, 0]  (12, 14)
part_in:(7, 15), all_in:(14, 14), all_out:(7, 15)
less9
1000_5___3__    10   3  [1, 2, 4, 2, 3, 2, 0, 0, 0, 2]  (4, 13)
400_5___3__    9   2  [0, 4, 4, 5, 3, 0, 0, 0, 2]  (7, 13)
600_3___3__    8   1  [1, 4, 4, 0, 3, 5, 0, 3]  (7, 13)
600_4___3__    8   3  [4, 4, 0, 4, 4, 0, 0, 2]  (6, 13)
600_5___3__    8   3  [4, 4, 2, 2, 4, 0, 0, 2]  (5, 13)
1000_3___3__    8   3  [1, 2, 1, 2, 2, 7, 0, 3]  (12, 13)
1000_4___3__    8   3  [1, 2, 4, 0, 9, 0, 0, 2]  (8, 13)
400_3___3__    7   3  [4, 4, 5, 4, 0, 0, 2]  (9, 13)
400_4___3__    7   3  [4, 4, 0, 9, 0, 0, 2]  (8, 13)
600_1___3__    7   1  [1, 4, 4, 2, 2, 5, 3]  (7, 13)
1000_1___3__    7   1  [1, 4, 4, 0, 1, 8, 3]  (11, 13)
1000_2___3__    7   3  [4, 4, 2, 6, 0, 0, 3]  (11, 13)
400_2___3__    6   3  [4, 4, 5, 4, 0, 3]  (10, 13)
400_1___3__    5   3  [4, 4, 5, 5, 3]  (11, 13)
600_2___3__    5   3  [4, 4, 10, 0, 3]  (8, 13)
part_in:(4, 11), all_in:(12, 13), all_out:(4, 13)
less10
1000_4___4__    14   3  [0, 0, 1, 0, 4, 0, 1, 3, 0, 1, 0, 1, 1, 0]  (3, 5)
600_1___4__    13   1  [1, 0, 2, 0, 2, 1, 2, 3, 2, 1, 1, 0, 0]  (2, 5)
600_5___4__    13   1  [1, 0, 1, 1, 4, 2, 2, 0, 0, 1, 2, 1, 0]  (2, 5)
600_2___4__    12   1  [1, 0, 1, 1, 4, 2, 2, 0, 2, 3, 0, 0]  (4, 5)
1000_1___4__    12   1  [1, 0, 0, 2, 4, 0, 1, 3, 2, 1, 2, 0]  (3, 5)
1000_5___4__    12   1  [1, 0, 3, 4, 2, 3, 0, 1, 0, 1, 1, 0]  (2, 5)
400_1___4__    11   3  [0, 0, 2, 7, 3, 0, 1, 2, 0, 0, 0]  (3, 5)
600_3___4__    11   1  [1, 0, 3, 4, 0, 1, 3, 2, 2, 1, 0]  (3, 5)
600_4___4__    11   3  [0, 1, 1, 4, 2, 3, 0, 1, 2, 1, 0]  (2, 5)
400_2___4__    10   3  [0, 3, 4, 2, 3, 0, 2, 1, 1, 0]  (3, 5)
1000_2___4__    10   1  [1, 0, 3, 7, 3, 0, 1, 0, 3, 0]  (5, 6)
1000_3___4__    10   3  [0, 0, 2, 7, 3, 0, 1, 0, 3, 0]  (3, 5)
400_3___4__    9   3  [0, 3, 7, 3, 2, 2, 0, 0, 0]  (2, 5)
400_4___4__    9   3  [0, 1, 1, 7, 3, 2, 2, 1, 0]  (2, 5)
400_5___4__    9   3  [0, 3, 4, 2, 3, 2, 2, 1, 0]  (1, 5)
part_in:(2, 6), all_in:(5, 5), all_out:(2, 6)
row1
600_4___5__    13   4  [1, 0, 0, 0, 1, 3, 1, 0, 1, 3, 0, 2, 0]  (1, 2)
600_5___5__    13   4  [1, 0, 0, 0, 0, 4, 1, 0, 1, 3, 0, 2, 0]  (1, 5)
400_4___5__    12   0  [3, 2, 0, 0, 0, 3, 0, 1, 0, 5, 0, 3]  (1, 2)
1000_3___5__    12   0  [3, 2, 0, 0, 0, 0, 3, 2, 5, 0, 2, 0]  (1, 2)
400_2___5__    11   4  [2, 0, 0, 0, 4, 1, 0, 4, 0, 0, 3]  (1, 1)
400_3___5__    11   4  [2, 0, 0, 0, 3, 0, 2, 4, 0, 0, 3]  (1, 1)
1000_1___5__    11   4  [2, 0, 0, 0, 0, 3, 2, 4, 0, 0, 3]  (1, 3)
1000_2___5__    11   4  [2, 0, 0, 1, 3, 2, 4, 0, 0, 2, 0]  (1, 1)
1000_4___5__    11   4  [2, 0, 0, 0, 4, 1, 0, 5, 0, 2, 0]  (1, 3)
600_2___5__    10   4  [2, 0, 0, 0, 0, 3, 2, 5, 0, 3]  (1, 1)
600_3___5__    10   0  [3, 3, 0, 1, 3, 2, 1, 3, 0, 3]  (1, 1)
1000_5___5__    10   4  [2, 0, 0, 0, 4, 2, 5, 0, 2, 0]  (1, 7)
400_1___5__    9   4  [2, 0, 1, 0, 2, 0, 2, 6, 3]  (1, 2)
400_5___5__    9   4  [2, 0, 0, 0, 4, 2, 5, 0, 3]  (1, 3)
600_1___5__    9   4  [2, 0, 1, 0, 3, 2, 6, 2, 0]  (1, 2)
part_in:(3, 7), all_in:(1, 2), all_out:(1, 7)
row2
600_3___6__    12   1  [3, 1, 1, 4, 1, 2, 1, 0, 1, 2, 0, 0]  (30, 32)
600_4___6__    11   5  [1, 1, 4, 1, 2, 1, 0, 1, 2, 0, 0]  (30, 32)
400_3___6__    10   4  [0, 1, 6, 1, 3, 0, 0, 1, 3, 0]  (30, 31)
400_4___6__    10   3  [0, 0, 1, 6, 1, 2, 2, 1, 3, 0]  (30, 32)
400_5___6__    10   1  [1, 1, 1, 6, 1, 5, 1, 0, 2, 0]  (30, 30)
600_2___6__    10   5  [1, 1, 4, 1, 4, 0, 1, 2, 0, 0]  (30, 31)
600_1___6__    9   4  [0, 1, 6, 1, 4, 2, 2, 0, 0]  (30, 33)
600_5___6__    9   1  [2, 0, 1, 6, 1, 2, 4, 3, 0]  (28, 30)
1000_5___6__    9   5  [1, 1, 4, 1, 2, 2, 1, 0, 3]  (30, 31)
400_2___6__    8   4  [2, 6, 1, 4, 0, 1, 3, 0]  (30, 32)
1000_4___6__    8   5  [1, 6, 4, 2, 1, 1, 1, 0]  (30, 33)
400_1___6__    7   4  [2, 6, 1, 4, 2, 3, 0]  (30, 30)
1000_2___6__    6   7  [8, 5, 1, 0, 2, 0]  (28, 30)
1000_3___6__    6   7  [6, 6, 0, 1, 3, 0]  (30, 32)
1000_1___6__    5   7  [6, 1, 5, 1, 4]  (30, 32)
part_in:(28, 33), all_in:(30, 30), all_out:(28, 33)
row3
600_3___7__    12   0  [3, 0, 1, 2, 0, 7, 0, 0, 0, 4, 0, 0]  (14, 18)
600_4___7__    12   0  [3, 0, 1, 2, 6, 1, 0, 1, 1, 2, 0, 0]  (13, 18)
600_1___7__    11   4  [0, 1, 2, 0, 4, 3, 0, 0, 4, 0, 0]  (13, 18)
600_2___7__    11   0  [3, 0, 1, 2, 5, 3, 1, 1, 2, 0, 0]  (15, 18)
1000_5___7__    11   0  [2, 0, 0, 1, 1, 0, 9, 1, 1, 0, 3]  (11, 18)
1000_4___7__    10   0  [2, 1, 1, 2, 6, 1, 0, 1, 3, 2]  (11, 18)
400_4___7__    9   0  [3, 0, 1, 2, 3, 5, 1, 4, 1]  (14, 18)
400_5___7__    9   0  [4, 1, 2, 9, 1, 1, 0, 2, 0]  (14, 18)
1000_1___7__    9   0  [2, 3, 2, 5, 0, 2, 1, 1, 4]  (14, 18)
400_2___7__    8   0  [3, 0, 1, 2, 11, 1, 3, 0]  (14, 18)
600_5___7__    8   4  [0, 1, 2, 8, 0, 1, 5, 0]  (14, 18)
1000_3___7__    8   0  [2, 3, 2, 6, 2, 1, 1, 4]  (13, 18)
400_1___7__    7   0  [3, 2, 2, 3, 7, 1, 4]  (16, 18)
400_3___7__    7   0  [3, 0, 1, 2, 11, 1, 4]  (15, 18)
1000_2___7__    7   0  [2, 0, 2, 12, 1, 1, 4]  (17, 18)
part_in:(11, 15), all_in:(16, 18), all_out:(11, 18)
row4
400_1___8__    20   0  [0, 0, 0, 1, 0, 1, 0, 1, 1, 0, 0, 0, 0, 0, 2, 0, 1, 0, 2, 0]  (0, 1)
1000_5___8__    19   0  [0, 0, 1, 0, 0, 1, 0, 1, 1, 0, 0, 0, 0, 0, 1, 4, 0, 1, 0]  (0, 1)
400_4___8__    18   0  [0, 0, 3, 1, 0, 1, 1, 1, 0, 0, 0, 2, 0, 1, 0, 0, 1, 0]  (0, 1)
400_5___8__    18   0  [0, 0, 2, 0, 1, 2, 1, 1, 0, 0, 0, 2, 0, 1, 0, 0, 1, 0]  (0, 1)
1000_4___8__    18   0  [0, 0, 1, 0, 0, 1, 0, 1, 1, 0, 0, 0, 0, 0, 6, 0, 1, 0]  (0, 1)
600_2___8__    17   0  [0, 0, 0, 2, 1, 0, 1, 1, 0, 0, 0, 0, 2, 0, 3, 2, 0]  (1, 1)
400_2___8__    16   0  [0, 0, 2, 0, 1, 0, 3, 1, 0, 0, 0, 2, 0, 2, 2, 0]  (1, 1)
400_3___8__    16   0  [0, 0, 2, 0, 1, 4, 1, 0, 0, 0, 2, 0, 1, 0, 2, 0]  (1, 1)
600_1___8__    16   0  [0, 0, 0, 2, 1, 0, 1, 1, 1, 0, 0, 2, 0, 2, 3, 0]  (0, 1)
600_3___8__    16   0  [0, 0, 0, 2, 1, 0, 1, 1, 1, 0, 0, 0, 1, 4, 2, 0]  (1, 1)
1000_3___8__    16   0  [0, 0, 2, 0, 1, 0, 1, 1, 0, 0, 0, 0, 0, 6, 2, 0]  (1, 1)
600_4___8__    14   0  [0, 0, 3, 1, 0, 1, 1, 1, 0, 0, 2, 0, 4, 2]  (1, 1)
600_5___8__    14   0  [0, 0, 0, 2, 1, 0, 3, 1, 0, 0, 3, 2, 1, 2]  (1, 1)
1000_1___8__    13   0  [0, 0, 1, 1, 1, 0, 1, 1, 1, 0, 0, 0, 10]  (0, 1)
1000_2___8__    12   0  [0, 0, 3, 1, 2, 1, 1, 0, 0, 0, 9, 0]  (1, 3)
part_in:(0, -1), all_in:(0, 1), all_out:(0, 1)
sum16
600_4___9__    15   0  [0, 4, 2, 2, 0, 1, 1, 0, 0, 0, 2, 1, 1, 0, 0]  (36, 36)
600_2___9__    12   0  [0, 1, 5, 2, 4, 0, 1, 2, 0, 2, 0, 0]  (35, 36)
400_4___9__    11   0  [5, 2, 0, 1, 2, 1, 0, 1, 4, 1, 1]  (36, 37)
600_5___9__    11   0  [0, 1, 2, 2, 2, 4, 1, 0, 2, 1, 3]  (36, 37)
600_1___9__    10   0  [0, 1, 0, 7, 5, 1, 3, 2, 0, 0]  (36, 38)
600_3___9__    10   0  [0, 4, 2, 2, 4, 2, 4, 1, 0, 0]  (36, 36)
1000_4___9__    10   0  [5, 2, 2, 2, 0, 0, 0, 6, 2, 0]  (34, 36)
1000_5___9__    10   0  [0, 4, 2, 2, 5, 1, 1, 2, 2, 0]  (32, 36)
400_1___9__    9   0  [5, 2, 2, 4, 0, 1, 3, 3, 0]  (36, 40)
400_3___9__    9   6  [2, 2, 3, 0, 0, 1, 4, 2, 0]  (36, 38)
400_5___9__    9   0  [5, 5, 5, 0, 0, 2, 1, 2, 0]  (36, 38)
1000_1___9__    9   0  [0, 7, 0, 1, 4, 0, 1, 3, 4]  (36, 38)
1000_3___9__    9   0  [8, 2, 3, 0, 0, 2, 3, 2, 0]  (36, 38)
1000_2___9__    8   0  [0, 7, 2, 4, 0, 8, 0, 0]  (36, 38)
400_2___9__    7   0  [5, 5, 4, 0, 6, 2, 0]  (36, 39)
part_in:(32, 40), all_in:(36, 36), all_out:(32, 40)
gap16
1000_5___10__    12   3  [0, 3, 1, 1, 2, 0, 2, 0, 3, 1, 0, 1]  (18, 28)
400_5___10__    11   4  [3, 1, 1, 5, 0, 0, 1, 0, 0, 2, 1]  (18, 22)
400_4___10__    10   4  [3, 1, 1, 5, 0, 0, 1, 1, 2, 1]  (18, 20)
1000_1___10__    9   4  [3, 1, 1, 6, 0, 3, 1, 0, 1]  (18, 20)
1000_2___10__    9   4  [0, 2, 1, 8, 0, 3, 1, 0, 1]  (18, 18)
1000_3___10__    9   4  [3, 1, 5, 2, 0, 3, 1, 0, 1]  (18, 19)
1000_4___10__    9   3  [0, 3, 1, 5, 2, 0, 5, 0, 1]  (18, 23)
400_3___10__    8   4  [3, 1, 1, 7, 1, 1, 2, 1]  (18, 20)
600_1___10__    8   5  [2, 1, 3, 5, 3, 1, 0, 1]  (18, 23)
600_3___10__    8   4  [3, 1, 1, 1, 4, 0, 6, 1]  (18, 24)
600_5___10__    8   4  [3, 1, 1, 6, 0, 5, 0, 1]  (18, 25)
400_1___10__    7   8  [1, 1, 1, 3, 3, 3, 2]  (18, 18)
400_2___10__    7   8  [1, 1, 5, 5, 1, 0, 1]  (18, 21)
600_2___10__    7   8  [1, 3, 4, 0, 3, 2, 1]  (18, 24)
600_4___10__    6   8  [1, 8, 0, 5, 0, 1]  (18, 24)
part_in:(20, 28), all_in:(18, 19), all_out:(18, 28)
sum25
1000_5___11__    19   1  [1, 0, 1, 1, 1, 1, 1, 0, 0, 1, 0, 0, 0, 0, 1, 0, 0, 1, 0]  (29, 34)
600_4___11__    17   1  [1, 0, 1, 1, 1, 3, 0, 0, 2, 0, 0, 2, 0, 0, 0, 0, 0]  (34, 34)
1000_4___11__    16   3  [0, 1, 1, 1, 1, 1, 0, 2, 0, 0, 0, 2, 0, 0, 1, 0]  (30, 34)
600_3___11__    15   1  [1, 0, 1, 1, 5, 1, 2, 0, 0, 2, 0, 0, 0, 0, 0]  (34, 36)
600_5___11__    15   1  [2, 1, 1, 1, 3, 0, 0, 2, 1, 0, 1, 0, 0, 1, 0]  (34, 36)
400_4___11__    14   3  [0, 3, 1, 3, 0, 0, 1, 0, 1, 2, 0, 0, 1, 0]  (34, 36)
400_5___11__    14   4  [1, 1, 1, 3, 0, 0, 2, 1, 0, 1, 0, 0, 1, 0]  (34, 36)
1000_1___11__    14   1  [1, 0, 1, 1, 1, 1, 1, 1, 1, 0, 1, 2, 1, 2]  (34, 34)
1000_2___11__    14   3  [0, 1, 1, 1, 1, 1, 3, 1, 0, 2, 1, 0, 0, 0]  (34, 40)
1000_3___11__    14   1  [1, 0, 1, 1, 3, 1, 0, 2, 1, 3, 0, 0, 1, 0]  (34, 36)
600_1___11__    12   1  [2, 3, 5, 1, 1, 0, 0, 0, 2, 1, 1, 0]  (34, 34)
400_3___11__    11   4  [1, 1, 1, 3, 0, 3, 4, 0, 0, 1, 0]  (34, 37)
600_2___11__    11   1  [2, 3, 1, 1, 1, 1, 4, 2, 1, 1, 0]  (34, 37)
400_1___11__    10   4  [3, 1, 3, 1, 2, 3, 0, 1, 1, 0]  (34, 36)
400_2___11__    10   4  [3, 1, 3, 1, 2, 1, 2, 1, 1, 0]  (34, 41)
part_in:(29, 40), all_in:(34, 34), all_out:(29, 40)
gap25
600_2___12__    13   5  [0, 0, 0, 1, 1, 1, 1, 2, 1, 0, 0, 3, 1]  (8, 12)
600_1___12__    12   6  [0, 0, 1, 1, 1, 1, 2, 1, 1, 1, 1, 1]  (8, 13)
600_4___12__    12   6  [3, 0, 0, 1, 1, 2, 1, 0, 1, 0, 1, 1]  (8, 13)
1000_3___12__    11   7  [0, 1, 1, 1, 1, 1, 0, 1, 0, 2, 3]  (8, 8)
600_3___12__    10   0  [6, 2, 1, 1, 1, 2, 1, 3, 1, 1]  (8, 11)
600_5___12__    10   6  [0, 0, 1, 0, 0, 1, 1, 2, 1, 7]  (8, 17)
1000_2___12__    10   5  [1, 0, 1, 3, 1, 2, 1, 0, 2, 3]  (7, 8)
1000_4___12__    10   7  [0, 3, 1, 1, 1, 0, 1, 0, 2, 3]  (8, 10)
1000_5___12__    9   7  [0, 1, 1, 1, 3, 0, 1, 3, 3]  (8, 18)
400_1___12__    8   7  [0, 1, 1, 3, 2, 3, 1, 3]  (8, 9)
400_5___12__    8   7  [0, 0, 2, 3, 0, 1, 3, 5]  (8, 14)
1000_1___12__    8   7  [0, 1, 1, 3, 2, 2, 0, 5]  (8, 9)
400_2___12__    7   5  [1, 0, 1, 1, 3, 2, 9]  (8, 10)
400_3___12__    7   7  [0, 0, 2, 3, 2, 1, 7]  (8, 11)
400_4___12__    7   7  [1, 2, 3, 0, 1, 3, 5]  (8, 11)
part_in:(7, 18), all_in:(8, 8), all_out:(7, 18)
sum34
1000_5___13__    15   0  [1, 1, 1, 1, 2, 4, 1, 2, 0, 0, 0, 1, 0, 0, 0]  (33, 35)
400_5___13__    14   0  [1, 1, 3, 2, 4, 1, 2, 0, 0, 0, 1, 0, 0, 0]  (34, 35)
600_5___13__    12   0  [1, 1, 3, 7, 4, 0, 0, 0, 1, 0, 0, 0]  (35, 43)
400_1___13__    11   0  [2, 0, 3, 7, 4, 0, 1, 1, 0, 0, 0]  (35, 37)
600_1___13__    11   0  [2, 0, 3, 2, 4, 4, 0, 2, 1, 0, 0]  (35, 40)
600_3___13__    11   0  [1, 1, 3, 7, 4, 0, 0, 0, 2, 0, 0]  (35, 42)
600_4___13__    11   0  [3, 3, 2, 4, 4, 1, 0, 1, 0, 0, 0]  (35, 42)
1000_3___13__    11   0  [1, 1, 1, 1, 5, 6, 1, 0, 2, 0, 0]  (35, 36)
600_2___13__    10   0  [7, 2, 4, 4, 1, 0, 0, 1, 0, 0]  (35, 42)
1000_4___13__    10   0  [3, 1, 1, 12, 1, 0, 1, 0, 0, 0]  (33, 35)
400_4___13__    9   0  [7, 2, 6, 2, 1, 0, 2, 0, 0]  (35, 37)
1000_1___13__    9   0  [3, 3, 7, 1, 2, 1, 3, 0, 0]  (35, 37)
400_2___13__    8   0  [7, 7, 4, 1, 0, 2, 0, 0]  (35, 43)
400_3___13__    8   0  [1, 5, 2, 11, 0, 2, 0, 0]  (35, 38)
1000_2___13__    8   0  [7, 12, 1, 0, 0, 1, 0, 0]  (35, 41)
part_in:(33, 43), all_in:(35, 35), all_out:(33, 43)
gap12
400_3___14__    14   0  [0, 0, 2, 1, 0, 1, 0, 1, 2, 2, 2, 1, 3, 0]  (4, 4)
400_4___14__    14   0  [1, 2, 1, 0, 2, 1, 1, 0, 2, 1, 0, 1, 3, 0]  (3, 4)
600_4___14__    13   0  [2, 1, 1, 0, 2, 1, 2, 2, 1, 0, 1, 3, 0]  (4, 4)
1000_4___14__    13   0  [0, 0, 0, 1, 1, 0, 2, 1, 2, 2, 4, 3, 0]  (4, 4)
400_2___14__    12   0  [1, 2, 1, 0, 1, 0, 1, 2, 2, 2, 5, 0]  (4, 6)
600_5___14__    12   0  [2, 1, 1, 0, 2, 1, 2, 2, 1, 2, 3, 0]  (3, 4)
1000_5___14__    12   0  [2, 1, 1, 0, 1, 0, 1, 1, 0, 2, 8, 0]  (3, 4)
400_1___14__    11   0  [0, 0, 2, 1, 0, 1, 0, 1, 2, 11, 0]  (2, 4)
400_5___14__    11   0  [6, 0, 4, 1, 0, 2, 1, 0, 1, 3, 0]  (2, 4)
600_3___14__    11   0  [2, 1, 1, 0, 2, 1, 2, 2, 1, 6, 0]  (4, 6)
1000_2___14__    11   0  [0, 0, 4, 0, 1, 0, 0, 0, 5, 8, 0]  (4, 6)
600_1___14__    9   0  [0, 1, 1, 1, 0, 4, 2, 11, 0]  (3, 4)
600_2___14__    9   0  [6, 0, 2, 1, 2, 2, 1, 6, 0]  (4, 7)
1000_1___14__    9   0  [1, 2, 1, 0, 1, 0, 1, 2, 12]  (3, 4)
1000_3___14__    9   0  [4, 0, 0, 0, 2, 1, 5, 8, 0]  (4, 4)
part_in:(2, 7), all_in:(4, 4), all_out:(2, 7)
gap23
1000_5___15__    14   0  [0, 0, 1, 0, 3, 4, 1, 1, 0, 3, 0, 1, 0, 1]  (4, 9)
1000_4___15__    13   0  [0, 3, 8, 1, 0, 0, 0, 2, 0, 0, 1, 0, 1]  (4, 5)
600_2___15__    12   1  [3, 1, 1, 4, 1, 1, 0, 3, 0, 1, 0, 1]  (4, 6)
600_1___15__    11   1  [3, 1, 1, 4, 1, 1, 0, 4, 1, 0, 1]  (4, 7)
1000_2___15__    11   1  [3, 3, 4, 1, 1, 0, 2, 1, 1, 0, 1]  (3, 4)
1000_3___15__    11   1  [0, 2, 8, 1, 1, 0, 1, 2, 1, 0, 1]  (3, 4)
400_2___15__    10   0  [1, 2, 8, 1, 1, 0, 2, 1, 1, 2]  (4, 4)
400_4___15__    10   0  [1, 2, 1, 6, 3, 0, 3, 0, 2, 1]  (4, 4)
400_5___15__    10   0  [1, 2, 6, 1, 3, 0, 3, 0, 2, 1]  (3, 4)
600_3___15__    10   1  [3, 3, 4, 1, 1, 0, 3, 0, 2, 1]  (4, 6)
600_5___15__    10   0  [0, 3, 8, 1, 1, 0, 4, 1, 0, 1]  (4, 9)
600_4___15__    9   0  [4, 1, 6, 1, 1, 0, 4, 2, 1]  (4, 8)
400_1___15__    8   0  [0, 3, 10, 1, 0, 4, 1, 2]  (3, 4)
400_3___15__    8   0  [1, 2, 8, 3, 0, 4, 2, 1]  (4, 4)
1000_1___15__    8   1  [3, 3, 6, 1, 0, 4, 1, 2]  (4, 5)
part_in:(3, 9), all_in:(4, 4), all_out:(3, 9)
gap34
400_1___16__    14   0  [6, 1, 1, 1, 2, 0, 0, 2, 0, 1, 0, 0, 1, 0]  (1, 3)
400_3___16__    14   4  [1, 0, 1, 1, 0, 0, 1, 0, 0, 4, 2, 0, 1, 0]  (1, 4)
400_4___16__    14   4  [1, 0, 1, 1, 0, 0, 1, 0, 0, 4, 2, 0, 1, 0]  (1, 4)
1000_1___16__    14   4  [1, 0, 1, 1, 1, 2, 0, 0, 3, 1, 0, 0, 1, 0]  (1, 1)
1000_3___16__    14   4  [1, 0, 3, 0, 0, 1, 0, 0, 0, 3, 2, 0, 1, 0]  (1, 2)
1000_4___16__    14   1  [2, 1, 0, 4, 0, 1, 0, 0, 4, 1, 0, 0, 1, 0]  (1, 3)
1000_5___16__    14   1  [2, 1, 0, 1, 2, 0, 1, 0, 0, 4, 2, 0, 1, 0]  (1, 3)
400_2___16__    13   1  [5, 1, 1, 1, 1, 0, 0, 3, 0, 2, 0, 1, 0]  (1, 3)
600_4___16__    13   4  [1, 0, 3, 0, 0, 1, 0, 0, 4, 1, 0, 0, 2]  (1, 3)
1000_2___16__    13   1  [2, 2, 1, 1, 0, 0, 2, 0, 4, 2, 0, 1, 0]  (1, 2)
600_3___16__    12   2  [1, 2, 3, 0, 0, 1, 0, 0, 4, 2, 0, 2]  (1, 3)
600_5___16__    12   4  [1, 0, 1, 1, 1, 1, 0, 0, 4, 2, 2, 0]  (1, 4)
400_5___16__    11   6  [0, 1, 1, 1, 1, 0, 0, 4, 2, 2, 0]  (1, 5)
600_1___16__    11   2  [1, 2, 1, 1, 1, 1, 0, 0, 4, 2, 3]  (1, 3)
600_2___16__    11   4  [1, 0, 1, 1, 1, 2, 0, 4, 2, 0, 2]  (1, 4)
part_in:(3, 5), all_in:(1, 2), all_out:(1, 5)
gap45
1000_5___17__    15   0  [1, 1, 0, 0, 1, 2, 1, 0, 1, 1, 2, 0, 1, 0, 3]  (3, 5)
1000_4___17__    14   0  [1, 1, 0, 0, 1, 2, 1, 0, 3, 0, 1, 0, 1, 4]  (2, 3)
400_1___17__    12   0  [1, 1, 3, 2, 1, 0, 1, 1, 2, 0, 4, 1]  (2, 3)
400_5___17__    12   0  [1, 1, 3, 2, 1, 0, 1, 2, 1, 0, 1, 4]  (3, 5)
400_3___17__    11   0  [1, 1, 3, 2, 1, 0, 3, 2, 0, 1, 4]  (2, 3)
400_4___17__    11   0  [1, 1, 3, 1, 0, 1, 0, 4, 2, 1, 4]  (2, 3)
600_2___17__    11   0  [1, 5, 2, 1, 0, 1, 1, 2, 0, 1, 4]  (1, 3)
600_4___17__    11   0  [1, 1, 3, 2, 1, 0, 3, 2, 0, 1, 4]  (1, 3)
600_5___17__    11   0  [1, 1, 3, 2, 1, 0, 3, 2, 0, 1, 4]  (2, 3)
1000_2___17__    11   2  [1, 0, 0, 1, 2, 1, 0, 3, 2, 0, 6]  (1, 3)
1000_3___17__    11   0  [1, 1, 0, 2, 2, 1, 0, 3, 2, 3, 3]  (2, 3)
400_2___17__    10   0  [1, 5, 2, 1, 0, 1, 1, 0, 2, 6]  (1, 3)
600_3___17__    10   0  [1, 1, 3, 4, 0, 3, 2, 0, 1, 4]  (1, 3)
1000_1___17__    10   2  [1, 0, 2, 2, 1, 0, 1, 1, 2, 7]  (2, 3)
600_1___17__    9   0  [1, 1, 0, 2, 4, 0, 3, 5, 4]  (2, 3)
part_in:(1, 5), all_in:(3, 3), all_out:(1, 5)
gap56
1000_5___18__    12   1  [1, 1, 7, 0, 3, 0, 0, 1, 1, 0, 1, 1]  (6, 6)
600_1___18__    11   1  [10, 0, 0, 1, 1, 0, 2, 1, 2, 0, 0]  (6, 6)
1000_2___18__    11   1  [3, 6, 0, 0, 2, 0, 0, 2, 1, 2, 1]  (3, 6)
1000_3___18__    11   1  [1, 1, 1, 5, 0, 2, 0, 0, 4, 2, 1]  (6, 6)
400_3___18__    10   1  [3, 7, 0, 3, 0, 2, 1, 2, 0, 0]  (5, 6)
400_4___18__    10   1  [1, 1, 7, 0, 3, 0, 2, 4, 0, 0]  (5, 6)
600_5___18__    10   1  [2, 8, 0, 1, 1, 0, 2, 4, 0, 0]  (4, 6)
1000_1___18__    10   1  [3, 7, 0, 2, 0, 0, 4, 2, 0, 0]  (6, 6)
1000_4___18__    10   1  [1, 1, 7, 0, 3, 0, 2, 2, 1, 1]  (6, 8)
400_2___18__    9   1  [12, 2, 0, 0, 2, 1, 2, 0, 0]  (5, 6)
600_2___18__    9   1  [10, 0, 0, 3, 0, 2, 4, 0, 0]  (4, 6)
600_3___18__    9   1  [11, 0, 1, 1, 0, 2, 4, 0, 0]  (6, 6)
600_4___18__    9   1  [11, 0, 1, 1, 0, 2, 4, 0, 0]  (6, 6)
400_1___18__    8   1  [3, 0, 7, 3, 0, 2, 4, 1]  (6, 6)
400_5___18__    8   1  [3, 7, 0, 3, 0, 2, 4, 1]  (5, 6)
part_in:(3, 8), all_in:(6, 6), all_out:(3, 8)
ball
600_2___19__    19   0  [0, 1, 1, 0, 2, 1, 2, 0, 0, 0, 0, 2, 0, 1, 0, 0, 0, 0, 0]  (2, 3)
1000_5___19__    19   0  [0, 1, 0, 0, 0, 2, 0, 3, 0, 0, 0, 0, 2, 0, 1, 0, 0, 1, 0]  (1, 3)
600_1___19__    18   0  [0, 1, 1, 0, 2, 1, 2, 0, 0, 0, 0, 2, 0, 2, 0, 0, 0, 0]  (2, 3)
1000_3___19__    18   0  [0, 3, 0, 2, 0, 2, 0, 0, 0, 0, 0, 2, 0, 1, 0, 0, 1, 0]  (1, 3)
400_1___19__    17   3  [1, 0, 2, 0, 3, 0, 0, 0, 0, 2, 0, 1, 0, 0, 0, 0, 0]  (2, 3)
400_2___19__    17   0  [2, 1, 0, 2, 4, 0, 0, 0, 0, 2, 0, 1, 0, 0, 0, 0, 0]  (2, 3)
400_3___19__    17   0  [4, 0, 2, 0, 3, 0, 0, 0, 0, 2, 0, 1, 0, 0, 0, 0, 0]  (2, 3)
400_4___19__    17   0  [0, 3, 0, 2, 0, 3, 0, 0, 0, 0, 2, 0, 1, 0, 0, 1, 0]  (2, 3)
400_5___19__    17   3  [0, 0, 0, 2, 0, 3, 0, 0, 0, 0, 2, 0, 1, 0, 0, 1, 0]  (2, 3)
600_3___19__    17   1  [1, 1, 0, 2, 1, 2, 0, 0, 0, 0, 2, 0, 1, 0, 0, 1, 0]  (2, 3)
1000_2___19__    17   0  [0, 3, 0, 2, 1, 2, 0, 0, 0, 0, 2, 0, 1, 0, 0, 1, 0]  (2, 3)
600_4___19__    16   0  [0, 3, 0, 2, 4, 0, 0, 0, 0, 2, 0, 1, 0, 0, 1, 0]  (2, 3)
600_5___19__    16   1  [1, 1, 0, 2, 4, 0, 0, 0, 0, 2, 0, 1, 0, 0, 1, 0]  (1, 3)
1000_1___19__    16   0  [0, 3, 0, 2, 1, 2, 0, 0, 0, 0, 2, 0, 2, 0, 1, 0]  (1, 3)
1000_4___19__    16   0  [4, 0, 2, 3, 0, 0, 0, 0, 0, 2, 0, 1, 0, 0, 1, 0]  (1, 3)
part_in:(1, 1), all_in:(2, 3), all_out:(1, 3)
ball_column
600_4___20__    13   3  [4, 0, 0, 3, 1, 0, 2, 0, 1, 0, 1, 0, 1]  (9, 10)
1000_4___20__    13   3  [1, 0, 1, 1, 3, 1, 0, 2, 0, 1, 0, 1, 2]  (5, 10)
1000_5___20__    12   3  [1, 0, 1, 0, 0, 5, 0, 2, 0, 2, 1, 2]  (6, 10)
400_2___20__    11   3  [4, 1, 3, 1, 0, 2, 0, 1, 0, 1, 2]  (10, 10)
400_5___20__    11   3  [4, 0, 0, 3, 1, 2, 0, 2, 0, 1, 2]  (9, 10)
600_3___20__    11   1  [1, 2, 3, 3, 1, 0, 2, 0, 2, 2, 1]  (9, 10)
600_5___20__    11   3  [4, 0, 0, 3, 1, 3, 0, 1, 0, 1, 2]  (10, 10)
1000_3___20__    11   1  [1, 1, 0, 0, 0, 1, 5, 3, 3, 1, 2]  (7, 10)
400_1___20__    10   3  [1, 0, 3, 3, 1, 3, 3, 0, 0, 2]  (9, 10)
400_3___20__    10   0  [2, 2, 1, 1, 3, 1, 3, 3, 1, 2]  (9, 10)
400_4___20__    10   0  [2, 5, 0, 3, 1, 2, 0, 3, 1, 2]  (7, 10)
600_1___20__    10   1  [1, 6, 0, 2, 1, 3, 0, 2, 2, 1]  (9, 10)
600_2___20__    10   3  [1, 2, 1, 5, 0, 2, 2, 0, 2, 1]  (9, 10)
1000_2___20__    10   3  [2, 1, 7, 2, 0, 2, 0, 0, 1, 1]  (6, 10)
1000_1___20__    9   1  [1, 1, 4, 3, 1, 3, 2, 1, 3]  (6, 10)
part_in:(5, 8), all_in:(9, 10), all_out:(5, 10)
blue_sort
1000_5___21__    15   1  [2, 3, 0, 0, 2, 3, 0, 1, 0, 1, 0, 0, 0, 1, 0]  (8, 12)
600_4___21__    14   0  [7, 0, 0, 2, 1, 2, 1, 0, 1, 0, 1, 0, 0, 0]  (10, 12)
400_5___21__    13   4  [3, 0, 0, 2, 1, 2, 1, 0, 1, 0, 1, 1, 0]  (6, 12)
600_5___21__    13   0  [7, 0, 0, 2, 4, 1, 0, 1, 0, 1, 0, 0, 0]  (11, 12)
1000_4___21__    13   1  [7, 0, 2, 1, 1, 0, 2, 1, 0, 1, 0, 0, 0]  (10, 12)
1000_1___21__    12   1  [6, 0, 0, 2, 4, 2, 1, 0, 1, 0, 0, 0]  (10, 12)
600_1___21__    11   1  [2, 3, 1, 2, 4, 2, 1, 0, 1, 1, 0]  (11, 12)
600_3___21__    11   0  [7, 0, 0, 2, 4, 2, 1, 0, 1, 1, 0]  (9, 12)
1000_2___21__    11   1  [7, 0, 2, 4, 2, 1, 0, 1, 0, 0, 0]  (9, 12)
1000_3___21__    10   1  [7, 0, 2, 7, 1, 0, 1, 0, 0, 0]  (10, 12)
400_1___21__    9   8  [1, 2, 4, 2, 1, 0, 1, 1, 0]  (8, 12)
400_2___21__    9   10  [2, 1, 2, 2, 1, 0, 1, 1, 0]  (9, 12)
400_3___21__    9   10  [2, 1, 2, 2, 1, 0, 1, 1, 0]  (9, 12)
400_4___21__    9   10  [2, 1, 2, 2, 1, 0, 1, 1, 0]  (8, 12)
600_2___21__    9   9  [0, 2, 4, 2, 1, 0, 1, 1, 0]  (8, 12)
part_in:(6, 10), all_in:(11, 12), all_out:(6, 12)
