sorted balls
[32, 25, 4, 26, 17, 30, 33, 15, 27, 2, 18, 28, 9, 31, 16, 14, 6, 29, 11, 21, 12, 13, 5, 20, 10, 22, 8, 19, 7, 3, 1, 23, 24]
[(32, 1), (25, 2), (4, 3), (26, 4), (17, 5), (30, 6), (33, 7), (15, 8), (27, 9), (2, 10), (18, 11), (28, 12), (9, 13), (31, 14), (16, 15), (14, 16), (6, 17), (29, 18), (11, 19), (21, 20), (12, 21), (13, 22), (5, 23), (20, 24), (10, 25), (22, 26), (8, 27), (19, 28), (7, 29), (3, 30), (1, 31), (23, 32), (24, 33)]
[6, 7, 8, 10, 11, 14, 21, 27, 30, 32]
ball:26
average: 7.8
bravos:
bravo2.A5_4    115_[0, 5, 3, 3, 4, 5, 12, 0, 10, 5, 19, 2, 5, 14, 4]    (26)
bravo2.D4_1    113_[5, 2, 2, 1, 2, 1, 1, 4, 0, 1, 6, 3, 3, 4, 8]    (26)
bravo3.A5_4    113_[0, 4, 0, 3, 3, 4, 5, 12, 0, 10, 4, 0, 19, 8, 14]    (26)
bravo3.A6_4    108_[13, 0, 2, 3, 10, 8, 8, 4, 0, 14, 2, 3, 6, 7, 1]    (26)
bravo1.A3_19    106_[20, 3, 1, 2, 6, 4, 7, 1, 0, 1, 8, 6, 1, 10, 10]    (26)
bravo1.A4_10    106_[0, 5, 5, 3, 1, 3, 4, 0, 2, 4, 0, 14, 33, 5, 5]    (26)
bravo2.A6_4    104_[0, 12, 2, 0, 3, 1, 8, 22, 0, 7, 6, 2, 3, 0, 5]    (26)
bravo1.D4_15    100_[9, 5, 16, 4, 2, 6, 11, 0, 3, 5, 16, 6, 4, 10, 24]    (26)
bravo3.D4_1    96_[5, 2, 4, 4, 1, 1, 0, 2, 1, 6, 3, 0, 2, 4, 10]    (26)
bravo1.D6_2    95_[6, 2, 7, 1, 2, 11, 1, 0, 17, 4, 4, 3, 2, 11, 11]    (26)
bravo1.D3_9    95_[1, 0, 4, 6, 5, 20, 2, 18, 4, 5, 3, 2, 6, 6, 0]    (26)
bravo1.A5_5    93_[21, 2, 4, 15, 9, 4, 6, 18, 10, 0, 9, 1, 0, 3, 6]    (26)
bravo3.D6_6    85_[13, 0, 0, 5, 8, 2, 8, 2, 9, 0, 0, 11, 5, 2, 2]    (26)
bravo2.A4_15    79_[11, 1, 1, 1, 10, 5, 1, 1, 11, 8, 3, 2, 4, 12, 0]    (26)
bravo3.A4_15    72_[11, 0, 0, 1, 0, 5, 0, 0, 3, 5, 1, 1, 15, 4, 3]    (26)
bravo3.D5_12    54_[1, 13, 8, 0, 4, 11, 27, 4, 4, 0, 5, 10, 1, 3, 27]    (26)
bravo2.D5_13    53_[10, 3, 2, 24, 14, 23, 4, 0, 2, 17, 24, 26, 9, 19, 15]    (26)
bravo1.D5_16    53_[9, 10, 0, 3, 10, 31, 0, 5, 8, 1, 5, 5, 11, 8, 2]    (26)
bravo2.D6_10    44_[17, 24, 5, 7, 28, 1, 7, 2, 10, 10, 12, 11, 34, 9, 8]    (26)
bravo1.A6_6    41_[4, 2, 7, 9, 3, 7, 18, 24, 16, 9, 1, 50, 25, 12]    (26)
ball:18
average: 6.25
bravos:
bravo1.D2_2    107_[2, 6, 0, 0, 3, 3, 8, 9, 11, 0, 3, 0, 0, 4, 4]    (18)
bravo1.D5_3    107_[2, 1, 12, 0, 14, 7, 1, 1, 4, 9, 13, 4, 1, 1, 1]    (18)
bravo1.A4_14    100_[9, 0, 4, 0, 15, 4, 1, 8, 7, 5, 4, 16, 2, 1, 2]    (18)
bravo1.D4_11    95_[4, 12, 11, 17, 9, 5, 0, 10, 17, 7, 14, 8, 5, 1, 7]    (18)
bravo1.D3_6    92_[6, 0, 2, 5, 7, 2, 2, 1, 2, 6, 4, 3, 5, 4, 1]    (18)
bravo1.A3_22    88_[6, 1, 3, 14, 2, 17, 8, 3, 3, 7, 13, 5, 0, 7, 1]    (18)
bravo1.A2_18    83_[1, 25, 0, 2, 1, 3, 14, 18, 7, 3, 1, 2, 0, 8, 13]    (18)
bravo1.A5_18    51_[20, 11, 7, 0, 39, 3, 2, 4, 5, 22, 10, 27, 1, 3, 6]    (18)
ball:9
average: 6.0
bravos:
bravo1.D4_1    118_[6, 0, 2, 0, 3, 2, 1, 13, 0, 6, 1, 1, 0, 0, 3]    (9)
bravo1.D2_9    107_[3, 3, 4, 3, 1, 1, 6, 1, 0, 5, 6, 1, 1, 1, 3]    (9)
bravo1.A2_11    99_[12, 20, 0, 5, 2, 2, 4, 5, 8, 8, 4, 2, 12, 14, 10]    (9)
bravo1.A3_12    97_[13, 8, 1, 13, 3, 0, 2, 0, 11, 3, 8, 0, 3, 10, 3]    (9)
bravo1.D3_16    90_[0, 14, 7, 3, 1, 1, 1, 3, 5, 0, 4, 2, 3, 6, 10]    (9)
bravo1.A4_24    77_[2, 8, 2, 2, 6, 9, 2, 0, 10, 8, 6, 3, 0, 1, 0]    (9)
ball:20
average: 4.38
bravos:
bravo3.A5_6    125_[1, 9, 5, 2, 8, 0, 8, 5, 1, 5, 2, 2, 0, 4, 5]    (20)
bravo2.D2_3    116_[5, 0, 5, 1, 2, 3, 0, 7, 1, 1, 1, 1, 0, 4, 12]    (20)
bravo1.A2_15    116_[3, 3, 7, 4, 8, 2, 0, 5, 3, 3, 5, 0, 1, 8, 0]    (20)
bravo2.A3_3    112_[4, 0, 1, 0, 2, 2, 4, 0, 5, 10, 2, 7, 1, 1, 15]    (20)
bravo2.A5_6    112_[0, 0, 9, 5, 7, 3, 0, 8, 0, 0, 3, 1, 8, 2, 0]    (20)
bravo1.A3_8    110_[9, 0, 1, 13, 1, 3, 0, 6, 9, 0, 3, 11, 3, 2, 15]    (20)
bravo3.A2_12    108_[8, 0, 4, 9, 3, 1, 2, 0, 2, 0, 5, 0, 12, 1, 0]    (20)
bravo3.D2_1    107_[0, 0, 9, 2, 9, 0, 0, 3, 1, 1, 0, 0, 8, 6, 14]    (20)
bravo2.D6_4    103_[1, 4, 1, 3, 5, 0, 9, 1, 26, 5, 7, 0, 0, 1, 5]    (20)
bravo3.A3_3    101_[4, 1, 4, 2, 13, 3, 4, 2, 11, 20, 2, 1, 1, 1, 2]    (20)
bravo1.D3_20    100_[2, 0, 0, 10, 1, 5, 7, 0, 1, 0, 9, 3, 5, 4, 6]    (20)
bravo1.A5_3    98_[1, 12, 0, 3, 0, 1, 1, 18, 10, 0, 5, 9, 2, 0, 5]    (20)
bravo2.A2_10    97_[5, 2, 21, 0, 2, 14, 1, 6, 9, 7, 1, 0, 0, 5, 2]    (20)
bravo2.D3_11    97_[3, 1, 4, 3, 4, 0, 24, 0, 7, 0, 1, 5, 1, 2, 3]    (20)
bravo3.A4_1    96_[2, 1, 0, 5, 5, 1, 1, 3, 4, 1, 22, 1, 20, 1, 1]    (20)
bravo3.D3_11    95_[5, 4, 1, 19, 1, 3, 15, 0, 4, 2, 8, 7, 4, 8, 2]    (20)
bravo1.D2_5    92_[13, 4, 7, 19, 5, 0, 11, 2, 1, 8, 1, 1, 1, 2, 0]    (20)
bravo1.A4_4    92_[3, 2, 7, 9, 0, 7, 2, 8, 9, 4, 2, 0, 7, 4, 1]    (20)
bravo2.A4_1    91_[2, 1, 0, 11, 3, 3, 3, 0, 1, 19, 4, 20, 1, 1, 2]    (20)
bravo3.D5_10    87_[5, 4, 2, 5, 0, 20, 10, 2, 1, 7, 3, 8, 4, 2, 3]    (20)
bravo2.D5_11    86_[2, 12, 0, 3, 0, 12, 5, 0, 13, 3, 15, 0, 1, 1, 14]    (20)
bravo1.D4_21    78_[0, 2, 1, 1, 2, 9, 20, 4, 2, 7, 19, 0, 17, 11, 1]    (20)
bravo2.D4_15    66_[6, 8, 0, 8, 8, 5, 35, 3, 1, 7, 8, 0, 0, 15, 5]    (20)
bravo3.D4_15    59_[6, 9, 8, 14, 10, 28, 10, 6, 1, 16, 16, 4, 4, 1, 8]    (20)
bravo2.A6_10    54_[10, 4, 2, 15, 3, 7, 38, 0, 0, 3, 2, 14, 10, 14, 2]    (20)
bravo1.D5_18    40_[14, 0, 8, 56, 2, 8, 3, 32, 1, 1, 10, 28, 3, 32]    (20)
ball:19
average: 4.0
bravos:
bravo1.D3_5    110_[0, 12, 8, 0, 18, 18, 13, 3, 4, 1, 7, 1, 0, 1, 13]    (19)
bravo1.D2_1    105_[0, 3, 17, 2, 6, 0, 2, 5, 2, 1, 12, 2, 6, 4, 0]    (19)
bravo1.A4_16    104_[1, 0, 0, 0, 3, 7, 0, 0, 10, 9, 2, 7, 8, 8, 19]    (19)
bravo1.D4_9    102_[7, 0, 3, 8, 0, 4, 3, 0, 0, 1, 6, 13, 3, 0, 5]    (19)
bravo1.A2_19    93_[0, 12, 2, 17, 5, 4, 7, 14, 1, 17, 4, 5, 5, 12, 4]    (19)
bravo1.D5_5    91_[1, 11, 2, 4, 7, 6, 10, 9, 9, 0, 8, 1, 3, 6, 1]    (19)
bravo1.A3_23    78_[6, 0, 2, 5, 7, 2, 4, 2, 6, 3, 0, 14, 10, 5, 5]    (19)
bravo1.A5_16    62_[17, 3, 11, 2, 3, 4, 1, 8, 4, 25, 1, 13, 17, 3, 9]    (19)
ball:3
average: 3.39
bravos:
bravo1.D3_15    114_[1, 2, 6, 4, 0, 2, 12, 2, 1, 8, 9, 2, 3, 1, 2]    (3)
bravo2.D3_4    113_[6, 4, 4, 9, 2, 1, 2, 6, 3, 4, 7, 4, 4, 1, 2]    (3)
bravo3.A1_3    111_[2, 0, 9, 8, 3, 0, 3, 17, 3, 11, 0, 10, 12, 0, 2]    (3)
bravo3.A2_5    110_[5, 1, 1, 7, 0, 2, 14, 3, 6, 0, 5, 1, 4, 2, 2]    (3)
bravo2.A3_10    110_[2, 1, 2, 5, 4, 14, 8, 3, 15, 4, 0, 0, 8, 9, 1]    (3)
bravo3.A3_13    109_[2, 2, 11, 3, 2, 4, 0, 3, 4, 18, 3, 1, 2, 1, 3]    (3)
bravo1.A3_13    109_[0, 1, 12, 4, 2, 3, 1, 1, 1, 3, 2, 8, 2, 3, 0]    (3)
bravo1.A2_6    107_[9, 8, 3, 2, 5, 3, 2, 20, 1, 2, 13, 3, 1, 6, 5]    (3)
bravo3.D3_1    106_[1, 4, 1, 4, 10, 4, 0, 2, 1, 27, 0, 6, 4, 1, 2]    (3)
bravo1.A1_5    103_[3, 2, 4, 22, 0, 2, 0, 6, 6, 3, 2, 8, 18, 1, 2]    (3)
bravo2.D2_9    101_[4, 2, 0, 1, 10, 7, 1, 0, 4, 0, 11, 7, 7, 1, 2]    (3)
bravo2.A2_4    100_[2, 4, 4, 5, 15, 0, 3, 0, 6, 2, 0, 21, 1, 3, 0]    (3)
bravo2.A1_3    99_[2, 0, 9, 8, 3, 4, 21, 12, 10, 12, 0, 2, 6, 0, 2]    (3)
bravo3.D1_7    96_[2, 0, 3, 1, 21, 3, 27, 2, 5, 10, 5, 4, 13, 15, 3]    (3)
bravo2.D1_8    94_[4, 2, 0, 0, 0, 2, 4, 2, 6, 0, 9, 1, 0, 4, 2]    (3)
bravo1.D1_6    92_[3, 11, 2, 8, 4, 0, 5, 2, 4, 0, 0, 0, 1, 5, 4]    (3)
bravo3.D2_8    88_[7, 8, 4, 4, 10, 1, 7, 2, 7, 12, 0, 7, 0, 0, 8]    (3)
bravo1.D2_14    84_[6, 10, 15, 8, 0, 4, 14, 2, 11, 9, 3, 5, 5, 2, 1]    (3)

index begin
index: 1
ball:32
average: 11.17
bravos:
bravo3.A6_2    114_[3, 6, 1, 4, 2, 1, 9, 4, 4, 1, 6, 1, 1, 3, 3]    (32)
bravo2.A6_2    112_[3, 6, 1, 4, 2, 1, 9, 4, 4, 1, 6, 1, 1, 3, 3]    (32)
bravo3.A5_1    112_[1, 8, 1, 4, 5, 3, 1, 2, 4, 4, 8, 0, 6, 10, 7]    (32)
bravo1.A6_2    107_[2, 6, 1, 4, 14, 4, 4, 1, 6, 1, 1, 3, 3, 5, 0]    (32)
bravo2.A5_1    104_[10, 1, 4, 5, 8, 4, 4, 8, 1, 1, 3, 10, 7, 1, 0]    (32)
bravo1.A5_1    95_[2, 8, 4, 11, 2, 4, 4, 8, 3, 1, 1, 3, 6, 9, 0]    (32)
bravo3.D6_8    56_[3, 11, 39, 1, 3, 4, 3, 14, 1, 2, 4, 3, 12, 8, 23]    (32)
bravo1.D6_6    36_[41, 14, 27, 9, 5, 5, 1, 10, 0, 21, 25, 1, 3, 36]    (32)
bravo1.D5_20    29_[23, 16, 0, 33, 21, 12, 7, 14, 21, 7, 41]    (32)
bravo2.D6_12    28_[20, 1, 47, 12, 1, 4, 7, 1, 7, 47, 12, 20, 15]    (32)
bravo2.D5_16    16_[23, 1, 37, 18, 2, 12, 21, 42, 43]    (32)
bravo3.D5_15    10_[3, 21, 4, 32, 92, 73]    (32)

index: 2
ball:25
average: 9.44
bravos:
bravo1.D3_8    117_[0, 3, 1, 0, 1, 5, 0, 3, 5, 1, 3, 1, 2, 0, 9]    (25)
bravo1.D5_7    114_[5, 3, 0, 2, 1, 6, 9, 1, 21, 4, 15, 6, 2, 0, 3]    (25)
bravo3.D4_3    104_[4, 6, 0, 12, 0, 3, 3, 0, 0, 0, 5, 1, 5, 4, 3]    (25)
bravo1.D6_1    103_[1, 2, 0, 10, 0, 8, 1, 0, 1, 7, 7, 6, 3, 2, 7]    (25)
bravo2.D4_3    98_[11, 2, 1, 0, 2, 1, 13, 0, 5, 4, 5, 1, 6, 2, 0]    (25)
bravo2.D5_1    97_[4, 6, 5, 6, 1, 14, 6, 12, 3, 3, 1, 2, 0, 5, 0]    (25)
bravo1.D4_7    89_[0, 0, 16, 2, 3, 14, 1, 2, 2, 16, 0, 4, 2, 6, 4]    (25)
bravo1.A4_18    86_[27, 6, 4, 25, 0, 8, 1, 2, 4, 2, 8, 2, 16, 2, 3]    (25)
bravo1.A3_20    86_[1, 5, 6, 5, 0, 18, 22, 3, 0, 8, 0, 1, 7, 4, 2]    (25)
bravo3.D5_1    85_[4, 18, 17, 0, 5, 12, 3, 3, 1, 2, 0, 5, 0, 1, 4]    (25)
bravo3.A4_13    84_[5, 0, 9, 1, 21, 5, 3, 13, 4, 16, 12, 25, 2, 8, 4]    (25)
bravo2.A4_13    81_[4, 0, 0, 13, 5, 36, 0, 4, 12, 3, 7, 25, 4, 2, 8]    (25)
bravo1.A5_14    72_[2, 3, 0, 4, 2, 8, 32, 14, 2, 10, 7, 22, 1, 5, 9]    (25)
bravo1.A6_7    44_[5, 0, 6, 20, 12, 8, 29, 12, 19, 42, 6, 1, 2, 15, 12]    (25)
bravo2.A5_16    19_[30, 10, 40, 51, 34, 42]    (25)
bravo3.A5_15    8_[48, 16, 34, 61, 187]    (25)

index: 3
ball:4
average: 8.0
bravos:
bravo1.D3_11    118_[18, 1, 4, 8, 0, 4, 3, 0, 0, 14, 0, 2, 0, 15, 0]    (4)
bravo1.D2_11    116_[1, 5, 2, 2, 9, 4, 1, 0, 1, 0, 1, 3, 1, 9, 4]    (4)
bravo1.A2_9    112_[1, 1, 1, 1, 0, 9, 1, 7, 13, 5, 8, 1, 6, 4, 2]    (4)
bravo1.D1_3    106_[1, 0, 0, 1, 1, 4, 7, 2, 0, 21, 1, 3, 13, 4, 6]    (4)
bravo1.A3_17    105_[7, 1, 7, 2, 0, 7, 12, 2, 4, 10, 3, 0, 3, 10, 1]    (4)
bravo1.A1_8    73_[20, 2, 5, 12, 0, 0, 3, 0, 0, 15, 11, 9, 3, 12, 1]    (4)

index: 4
ball:26
average: 7.8
bravos:
bravo2.A5_4    115_[0, 5, 3, 3, 4, 5, 12, 0, 10, 5, 19, 2, 5, 14, 4]    (26)
bravo2.D4_1    113_[5, 2, 2, 1, 2, 1, 1, 4, 0, 1, 6, 3, 3, 4, 8]    (26)
bravo3.A5_4    113_[0, 4, 0, 3, 3, 4, 5, 12, 0, 10, 4, 0, 19, 8, 14]    (26)
bravo3.A6_4    108_[13, 0, 2, 3, 10, 8, 8, 4, 0, 14, 2, 3, 6, 7, 1]    (26)
bravo1.A3_19    106_[20, 3, 1, 2, 6, 4, 7, 1, 0, 1, 8, 6, 1, 10, 10]    (26)
bravo1.A4_10    106_[0, 5, 5, 3, 1, 3, 4, 0, 2, 4, 0, 14, 33, 5, 5]    (26)
bravo2.A6_4    104_[0, 12, 2, 0, 3, 1, 8, 22, 0, 7, 6, 2, 3, 0, 5]    (26)
bravo1.D4_15    100_[9, 5, 16, 4, 2, 6, 11, 0, 3, 5, 16, 6, 4, 10, 24]    (26)
bravo3.D4_1    96_[5, 2, 4, 4, 1, 1, 0, 2, 1, 6, 3, 0, 2, 4, 10]    (26)
bravo1.D6_2    95_[6, 2, 7, 1, 2, 11, 1, 0, 17, 4, 4, 3, 2, 11, 11]    (26)
bravo1.D3_9    95_[1, 0, 4, 6, 5, 20, 2, 18, 4, 5, 3, 2, 6, 6, 0]    (26)
bravo1.A5_5    93_[21, 2, 4, 15, 9, 4, 6, 18, 10, 0, 9, 1, 0, 3, 6]    (26)
bravo3.D6_6    85_[13, 0, 0, 5, 8, 2, 8, 2, 9, 0, 0, 11, 5, 2, 2]    (26)
bravo2.A4_15    79_[11, 1, 1, 1, 10, 5, 1, 1, 11, 8, 3, 2, 4, 12, 0]    (26)
bravo3.A4_15    72_[11, 0, 0, 1, 0, 5, 0, 0, 3, 5, 1, 1, 15, 4, 3]    (26)
bravo3.D5_12    54_[1, 13, 8, 0, 4, 11, 27, 4, 4, 0, 5, 10, 1, 3, 27]    (26)
bravo2.D5_13    53_[10, 3, 2, 24, 14, 23, 4, 0, 2, 17, 24, 26, 9, 19, 15]    (26)
bravo1.D5_16    53_[9, 10, 0, 3, 10, 31, 0, 5, 8, 1, 5, 5, 11, 8, 2]    (26)
bravo2.D6_10    44_[17, 24, 5, 7, 28, 1, 7, 2, 10, 10, 12, 11, 34, 9, 8]    (26)
bravo1.A6_6    41_[4, 2, 7, 9, 3, 7, 18, 24, 16, 9, 1, 50, 25, 12]    (26)

index: 5
ball:17
average: 7.75
bravos:
bravo3.D3_3    112_[6, 3, 0, 1, 2, 11, 0, 5, 5, 0, 15, 3, 2, 1, 8]    (17)
bravo3.D4_7    111_[0, 12, 5, 8, 5, 4, 1, 9, 1, 0, 1, 1, 11, 2, 0]    (17)
bravo1.A3_21    110_[0, 3, 1, 0, 1, 5, 0, 11, 3, 1, 2, 0, 9, 2, 6]    (17)
bravo2.D3_2    110_[0, 1, 3, 3, 0, 1, 10, 1, 7, 0, 3, 2, 4, 10, 4]    (17)
bravo1.D5_6    106_[3, 0, 0, 2, 6, 12, 4, 4, 1, 2, 1, 4, 4, 1, 0]    (17)
bravo3.A4_9    104_[6, 6, 0, 5, 7, 7, 0, 4, 3, 3, 1, 2, 4, 2, 3]    (17)
bravo1.A4_13    102_[13, 0, 0, 11, 1, 0, 9, 1, 2, 13, 3, 6, 22, 1, 3]    (17)
bravo3.A3_11    102_[5, 16, 6, 1, 2, 3, 3, 3, 13, 1, 2, 6, 0, 1, 6]    (17)
bravo1.D3_7    100_[6, 1, 3, 8, 5, 12, 7, 9, 2, 3, 7, 3, 1, 1, 5]    (17)
bravo2.D4_6    99_[17, 15, 0, 0, 0, 10, 4, 1, 1, 1, 0, 0, 0, 3, 6]    (17)
bravo1.D2_3    99_[3, 3, 0, 4, 1, 0, 10, 1, 1, 2, 0, 4, 8, 11, 2]    (17)
bravo2.D5_2    97_[1, 6, 8, 6, 5, 3, 1, 0, 1, 2, 1, 1, 0, 10, 11]    (17)
bravo1.A2_17    96_[10, 12, 21, 5, 0, 5, 4, 1, 9, 7, 1, 29, 19, 11, 4]    (17)
bravo3.D5_2    96_[1, 6, 2, 12, 1, 3, 5, 0, 1, 4, 2, 22, 0, 1, 2]    (17)
bravo2.A3_12    94_[10, 1, 9, 2, 8, 11, 7, 5, 7, 1, 2, 20, 2, 19, 10]    (17)
bravo2.A4_10    93_[5, 13, 13, 1, 1, 1, 2, 0, 4, 2, 1, 0, 1, 2, 3]    (17)
bravo1.D4_12    90_[16, 0, 9, 4, 6, 10, 4, 0, 11, 6, 12, 6, 1, 1, 2]    (17)
bravo1.A5_15    67_[1, 11, 1, 0, 5, 11, 2, 19, 12, 8, 0, 2, 0, 2, 4]    (17)
bravo2.A5_15    26_[11, 8, 5, 38, 23, 30, 14, 0, 26, 2, 40]    (17)
bravo3.A5_14    15_[41, 47, 10, 126]    (17)

index: 6
ball:30
average: 7.69
bravos:
bravo2.D5_4    114_[0, 4, 8, 0, 0, 3, 8, 3, 5, 0, 4, 0, 1, 5, 3]    (30)
bravo1.D4_4    108_[1, 0, 3, 15, 1, 5, 3, 12, 3, 0, 5, 6, 5, 17, 6]    (30)
bravo1.D3_4    105_[5, 4, 16, 0, 0, 7, 7, 1, 10, 8, 3, 12, 1, 0, 6]    (30)
bravo3.D6_3    104_[2, 5, 3, 4, 1, 3, 1, 3, 2, 5, 2, 8, 6, 1, 3]    (30)
bravo2.D6_2    100_[5, 0, 1, 3, 7, 9, 1, 13, 4, 11, 1, 12, 3, 3, 14]    (30)
bravo1.A3_24    99_[0, 12, 9, 7, 8, 1, 15, 2, 5, 7, 8, 1, 0, 8, 0]    (30)
bravo1.D5_10    94_[7, 1, 0, 1, 0, 3, 4, 0, 5, 6, 12, 4, 9, 3, 6]    (30)
bravo3.D5_4    92_[15, 13, 3, 5, 5, 0, 0, 0, 12, 1, 5, 8, 1, 1, 23]    (30)
bravo1.A4_21    90_[20, 0, 11, 6, 5, 1, 16, 6, 27, 1, 0, 7, 15, 4, 6]    (30)
bravo1.A5_11    86_[8, 0, 4, 22, 0, 10, 0, 5, 1, 2, 1, 0, 6, 7, 1]    (30)
bravo1.D6_3    72_[13, 0, 0, 0, 0, 2, 4, 0, 5, 10, 0, 5, 5, 36, 7]    (30)
bravo3.A6_7    66_[23, 1, 4, 42, 4, 3, 5, 5, 3, 0, 0, 14, 0, 18, 11]    (30)
bravo2.A5_13    59_[5, 8, 5, 14, 1, 2, 5, 18, 4, 2, 1, 5, 2, 0, 7]    (30)
bravo3.A5_12    44_[4, 19, 17, 30, 7, 13, 2, 0, 1, 46, 13, 22, 9, 16]    (30)
bravo1.A6_5    43_[1, 18, 1, 32, 23, 6, 6, 3, 0, 1, 29, 9, 49, 0, 2]    (30)
bravo2.A6_12    20_[14, 5, 9, 34, 38, 18, 45, 140]    (30)

index: 7
ball:33
average: 7.67
bravos:
bravo1.A6_1    105_[2, 16, 6, 5, 2, 5, 2, 10, 0, 3, 4, 3, 12, 3, 0]    (33)
bravo2.A6_1    102_[3, 23, 5, 2, 5, 2, 10, 0, 3, 4, 3, 12, 3, 0, 6]    (33)
bravo3.A6_1    102_[3, 23, 5, 2, 5, 2, 10, 0, 3, 4, 3, 12, 3, 0, 6]    (33)
bravo1.D6_7    47_[23, 17, 14, 22, 18, 0, 22, 10, 27, 0, 26, 4, 8]    (33)
bravo3.D6_9    30_[12, 4, 52, 20, 7, 9, 16, 18, 29, 4, 9, 8]    (33)
bravo2.D6_13    19_[3, 13, 108, 81]    (33)

index: 8
ball:15
average: 6.5
bravos:
bravo1.A3_6    116_[5, 5, 3, 14, 0, 1, 0, 4, 8, 1, 0, 7, 0, 4, 2]    (15)
bravo2.A1_9    112_[5, 1, 6, 4, 1, 12, 0, 1, 4, 3, 6, 5, 1, 4, 3]    (15)
bravo1.A4_3    110_[4, 3, 0, 0, 0, 4, 3, 2, 0, 4, 0, 15, 12, 15, 5]    (15)
bravo1.D5_4    109_[3, 2, 0, 4, 4, 9, 7, 1, 0, 1, 11, 0, 16, 22, 9]    (15)
bravo2.A2_5    106_[9, 7, 2, 0, 6, 2, 0, 3, 3, 6, 0, 3, 1, 6, 2]    (15)
bravo3.D2_9    106_[6, 0, 1, 8, 1, 10, 3, 11, 3, 1, 10, 3, 7, 4, 3]    (15)
bravo2.D6_6    103_[2, 10, 1, 0, 6, 9, 11, 2, 1, 0, 3, 0, 0, 1, 15]    (15)
bravo1.D2_6    102_[1, 8, 9, 2, 0, 7, 12, 5, 0, 4, 5, 5, 0, 3, 0]    (15)
bravo1.A2_14    101_[3, 8, 3, 7, 4, 0, 5, 4, 3, 1, 1, 9, 10, 2, 10]    (15)
bravo3.D5_7    101_[0, 0, 4, 3, 1, 3, 2, 6, 4, 0, 4, 13, 1, 1, 0]    (15)
bravo3.A4_3    100_[7, 0, 1, 2, 0, 24, 7, 4, 3, 4, 14, 2, 2, 7, 0]    (15)
bravo2.A4_3    98_[13, 0, 5, 8, 9, 16, 22, 2, 8, 1, 3, 1, 10, 0, 1]    (15)
bravo2.D2_8    98_[4, 0, 12, 0, 9, 4, 1, 6, 15, 12, 7, 0, 0, 16, 1]    (15)
bravo3.A2_4    98_[2, 4, 4, 15, 2, 2, 0, 3, 0, 6, 1, 0, 0, 0, 1]    (15)
bravo2.D3_12    97_[2, 1, 1, 5, 9, 1, 3, 2, 5, 1, 12, 0, 6, 19, 9]    (15)
bravo2.A3_2    96_[9, 6, 2, 9, 2, 3, 2, 0, 6, 3, 3, 5, 1, 3, 2]    (15)
bravo1.D3_22    95_[12, 10, 1, 1, 2, 8, 22, 2, 6, 22, 5, 0, 1, 5, 2]    (15)
bravo2.D1_2    94_[11, 7, 4, 11, 8, 4, 9, 9, 2, 2, 5, 15, 4, 16, 23]    (15)
bravo3.D4_13    89_[13, 5, 4, 13, 1, 9, 2, 22, 1, 3, 25, 0, 1, 0, 7]    (15)
bravo3.A3_2    89_[9, 6, 3, 5, 2, 6, 2, 0, 6, 2, 0, 9, 1, 3, 0]    (15)
bravo2.A5_7    87_[10, 1, 33, 6, 4, 2, 0, 2, 2, 4, 4, 0, 8, 2, 14]    (15)
bravo3.D3_12    83_[4, 4, 2, 0, 5, 4, 4, 5, 7, 10, 19, 4, 0, 6, 11]    (15)
bravo3.A5_9    82_[5, 4, 4, 17, 2, 0, 0, 1, 17, 4, 10, 1, 3, 13, 8]    (15)
bravo2.D5_10    81_[10, 0, 1, 5, 14, 3, 11, 18, 17, 0, 12, 8, 0, 6, 3]    (15)
bravo1.D4_22    79_[0, 2, 4, 2, 2, 0, 9, 3, 5, 14, 3, 3, 20, 3, 12]    (15)
bravo2.D4_13    78_[10, 2, 0, 10, 12, 1, 0, 8, 0, 1, 22, 1, 3, 3, 0]    (15)
bravo2.A6_8    75_[6, 3, 8, 41, 6, 4, 4, 9, 1, 2, 0, 5, 19, 24, 3]    (15)
bravo1.A5_17    44_[17, 52, 8, 3, 9, 5, 2, 16, 2, 9, 27, 2, 1, 2, 2]    (15)

index: 9
ball:27
average: 6.44
bravos:
bravo3.D4_2    112_[2, 6, 1, 3, 0, 3, 3, 4, 8, 2, 6, 5, 2, 9, 1]    (27)
bravo3.D5_5    106_[0, 4, 1, 0, 1, 3, 0, 37, 5, 0, 17, 7, 7, 9, 3]    (27)
bravo1.D3_10    104_[21, 2, 4, 0, 5, 12, 2, 1, 15, 1, 10, 9, 5, 6, 0]    (27)
bravo2.D4_2    104_[2, 1, 4, 5, 13, 0, 3, 3, 1, 4, 12, 4, 3, 1, 4]    (27)
bravo1.A3_18    103_[25, 4, 3, 0, 8, 0, 13, 1, 0, 17, 2, 8, 0, 5, 4]    (27)
bravo2.D6_5    98_[10, 12, 3, 6, 3, 5, 7, 3, 14, 22, 15, 1, 1, 5, 1]    (27)
bravo2.D5_5    98_[7, 0, 1, 4, 2, 1, 16, 0, 8, 3, 1, 16, 7, 1, 1]    (27)
bravo1.D4_13    95_[1, 0, 6, 0, 10, 12, 1, 5, 7, 6, 10, 23, 15, 2, 7]    (27)
bravo1.A4_12    92_[3, 5, 2, 0, 8, 24, 8, 4, 2, 2, 2, 1, 6, 2, 3]    (27)
bravo1.D5_12    82_[6, 2, 1, 0, 1, 0, 5, 0, 6, 3, 0, 12, 6, 3, 24]    (27)
bravo1.D6_4    82_[5, 1, 14, 12, 11, 1, 12, 5, 10, 1, 5, 1, 11, 8, 0]    (27)
bravo3.A4_14    78_[8, 2, 14, 7, 2, 3, 9, 6, 3, 0, 2, 4, 7, 5, 2]    (27)
bravo2.A4_14    77_[8, 2, 0, 3, 1, 15, 0, 1, 8, 1, 5, 7, 16, 1, 1]    (27)
bravo1.A5_9    68_[3, 6, 4, 5, 3, 9, 2, 8, 53, 1, 4, 7, 4, 8, 14]    (27)
bravo2.A6_9    65_[8, 2, 0, 6, 17, 10, 4, 1, 7, 14, 0, 2, 3, 4, 7]    (27)
bravo3.A5_11    59_[1, 6, 16, 22, 14, 5, 0, 0, 3, 9, 1, 5, 10, 18, 10]    (27)
bravo1.A6_4    58_[5, 8, 8, 37, 22, 2, 4, 1, 16, 9, 1, 9, 0, 4, 2]    (27)
bravo2.A5_12    46_[1, 2, 19, 0, 16, 20, 7, 1, 8, 10, 6, 1, 19, 25, 19]    (27)

index: 10
ball:2
average: 6.42
bravos:
bravo2.D1_9    112_[19, 2, 5, 6, 0, 3, 8, 2, 13, 0, 4, 2, 5, 4, 5]    (2)
bravo1.A1_2    111_[3, 2, 3, 3, 10, 4, 6, 1, 0, 0, 1, 0, 4, 0, 7]    (2)
bravo2.A2_1    110_[12, 2, 6, 3, 4, 4, 1, 1, 0, 3, 4, 0, 1, 5, 3]    (2)
bravo3.A2_1    110_[3, 3, 4, 2, 6, 3, 4, 4, 1, 1, 0, 3, 4, 0, 1]    (2)
bravo2.A1_2    107_[7, 4, 2, 2, 6, 0, 11, 1, 0, 0, 7, 0, 7, 2, 1]    (2)
bravo3.A1_2    104_[7, 4, 2, 2, 6, 0, 11, 1, 0, 0, 7, 0, 7, 2, 1]    (2)
bravo2.D2_12    99_[6, 1, 0, 9, 6, 10, 1, 7, 0, 11, 6, 7, 3, 5, 2]    (2)
bravo1.A2_1    98_[6, 4, 2, 10, 11, 1, 0, 0, 7, 3, 4, 3, 8, 0, 3]    (2)
bravo3.D2_12    93_[2, 3, 0, 3, 5, 13, 2, 0, 4, 4, 2, 1, 0, 2, 0]    (2)
bravo1.D1_9    82_[5, 6, 7, 4, 8, 4, 2, 0, 0, 9, 2, 15, 24, 10, 21]    (2)
bravo3.D1_8    81_[1, 9, 14, 0, 3, 2, 1, 1, 1, 0, 7, 3, 0, 1, 7]    (2)
bravo1.D2_19    75_[6, 4, 18, 19, 0, 5, 20, 16, 5, 2, 10, 5, 3, 1, 1]    (2)

index: 11
ball:18
average: 6.25
bravos:
bravo1.D2_2    107_[2, 6, 0, 0, 3, 3, 8, 9, 11, 0, 3, 0, 0, 4, 4]    (18)
bravo1.D5_3    107_[2, 1, 12, 0, 14, 7, 1, 1, 4, 9, 13, 4, 1, 1, 1]    (18)
bravo1.A4_14    100_[9, 0, 4, 0, 15, 4, 1, 8, 7, 5, 4, 16, 2, 1, 2]    (18)
bravo1.D4_11    95_[4, 12, 11, 17, 9, 5, 0, 10, 17, 7, 14, 8, 5, 1, 7]    (18)
bravo1.D3_6    92_[6, 0, 2, 5, 7, 2, 2, 1, 2, 6, 4, 3, 5, 4, 1]    (18)
bravo1.A3_22    88_[6, 1, 3, 14, 2, 17, 8, 3, 3, 7, 13, 5, 0, 7, 1]    (18)
bravo1.A2_18    83_[1, 25, 0, 2, 1, 3, 14, 18, 7, 3, 1, 2, 0, 8, 13]    (18)
bravo1.A5_18    51_[20, 11, 7, 0, 39, 3, 2, 4, 5, 22, 10, 27, 1, 3, 6]    (18)

index: 12
ball:28
average: 6.06
bravos:
bravo1.D4_3    115_[5, 6, 4, 2, 2, 1, 2, 4, 15, 0, 1, 0, 3, 2, 0]    (28)
bravo2.D4_4    109_[6, 4, 0, 6, 2, 0, 0, 1, 1, 4, 7, 4, 3, 20, 15]    (28)
bravo3.A5_8    107_[6, 1, 3, 1, 3, 4, 2, 7, 2, 6, 2, 5, 6, 0, 7]    (28)
bravo3.D6_2    105_[5, 0, 3, 1, 2, 2, 4, 1, 6, 7, 6, 30, 7, 11, 5]    (28)
bravo3.D5_8    104_[12, 0, 3, 12, 1, 1, 3, 5, 3, 1, 4, 0, 6, 8, 2]    (28)
bravo2.D6_1    103_[0, 13, 0, 10, 5, 4, 0, 8, 5, 1, 5, 6, 9, 20, 0]    (28)
bravo2.D5_7    97_[0, 5, 3, 1, 1, 8, 0, 6, 0, 4, 17, 0, 17, 1, 1]    (28)
bravo3.D4_5    97_[0, 4, 8, 2, 4, 5, 5, 2, 1, 8, 11, 4, 1, 1, 1]    (28)
bravo1.A5_6    96_[0, 4, 0, 2, 0, 0, 0, 0, 14, 3, 3, 1, 4, 2, 31]    (28)
bravo2.A4_12    90_[9, 13, 4, 7, 11, 2, 1, 11, 3, 3, 0, 11, 9, 1, 0]    (28)
bravo2.A5_10    81_[4, 9, 0, 0, 3, 2, 6, 3, 1, 0, 16, 6, 8, 4, 32]    (28)
bravo3.A4_11    71_[20, 7, 0, 5, 1, 15, 0, 10, 1, 0, 4, 8, 10, 5, 3]    (28)
bravo1.A4_22    63_[1, 5, 14, 2, 16, 4, 4, 1, 8, 16, 5, 0, 1, 4, 6]    (28)
bravo1.D5_15    55_[0, 36, 7, 15, 0, 9, 2, 2, 1, 0, 3, 1, 11, 35, 0]    (28)
bravo3.A6_8    54_[5, 0, 3, 1, 4, 0, 0, 3, 1, 0, 10, 2, 20, 1, 4]    (28)
bravo2.A6_13    18_[24, 9, 13, 14, 37, 21, 38, 38]    (28)

index: 13
ball:9
average: 6.0
bravos:
bravo1.D4_1    118_[6, 0, 2, 0, 3, 2, 1, 13, 0, 6, 1, 1, 0, 0, 3]    (9)
bravo1.D2_9    107_[3, 3, 4, 3, 1, 1, 6, 1, 0, 5, 6, 1, 1, 1, 3]    (9)
bravo1.A2_11    99_[12, 20, 0, 5, 2, 2, 4, 5, 8, 8, 4, 2, 12, 14, 10]    (9)
bravo1.A3_12    97_[13, 8, 1, 13, 3, 0, 2, 0, 11, 3, 8, 0, 3, 10, 3]    (9)
bravo1.D3_16    90_[0, 14, 7, 3, 1, 1, 1, 3, 5, 0, 4, 2, 3, 6, 10]    (9)
bravo1.A4_24    77_[2, 8, 2, 2, 6, 9, 2, 0, 10, 8, 6, 3, 0, 1, 0]    (9)

index: 14
ball:31
average: 5.94
bravos:
bravo1.A5_2    112_[9, 4, 8, 2, 4, 8, 8, 1, 0, 11, 3, 0, 7, 16, 1]    (31)
bravo2.A5_2    111_[1, 1, 2, 8, 1, 4, 0, 0, 0, 1, 1, 2, 8, 2, 7]    (31)
bravo1.A4_6    108_[0, 21, 0, 14, 2, 7, 0, 1, 5, 4, 9, 1, 5, 1, 6]    (31)
bravo2.A6_3    100_[1, 4, 8, 4, 4, 1, 1, 2, 8, 10, 4, 17, 2, 1, 6]    (31)
bravo2.A4_5    99_[1, 5, 17, 6, 8, 5, 2, 11, 5, 1, 5, 1, 11, 6, 0]    (31)
bravo3.A5_2    98_[3, 2, 8, 6, 1, 0, 6, 8, 2, 8, 1, 1, 5, 5, 5]    (31)
bravo3.A4_6    98_[0, 3, 11, 2, 3, 1, 4, 8, 0, 5, 0, 2, 5, 4, 11]    (31)
bravo3.A6_3    96_[1, 4, 8, 4, 2, 1, 1, 1, 2, 19, 4, 17, 2, 1, 6]    (31)
bravo1.D4_19    92_[5, 0, 0, 13, 12, 2, 8, 0, 1, 5, 0, 1, 3, 1, 8]    (31)
bravo2.D4_11    89_[2, 5, 3, 2, 0, 3, 6, 4, 4, 32, 4, 18, 6, 2, 36]    (31)
bravo3.D4_10    88_[7, 1, 5, 7, 2, 10, 8, 3, 5, 0, 4, 1, 6, 6, 14]    (31)
bravo1.A6_3    85_[14, 7, 3, 1, 20, 46, 0, 0, 4, 6, 7, 1, 19, 1, 4]    (31)
bravo3.D6_7    73_[1, 1, 2, 3, 6, 4, 0, 1, 1, 8, 0, 10, 7, 26, 4]    (31)
bravo1.D6_5    46_[2, 8, 35, 4, 2, 22, 7, 3, 7, 39, 3, 1, 18, 7, 6]    (31)
bravo1.D5_19    39_[16, 5, 1, 24, 12, 1, 14, 14, 3, 4, 27, 0, 36, 0, 20]    (31)
bravo2.D6_11    37_[10, 6, 2, 3, 0, 15, 15, 12, 12, 7, 16, 29, 23, 0, 8]    (31)
bravo2.D5_15    21_[22, 0, 6, 10, 43, 14, 20, 11, 26, 1, 50]    (31)
bravo3.D5_14    15_[12, 24, 10, 36, 4, 30, 68, 179]    (31)

index: 15
ball:16
average: 5.88
bravos:
bravo2.D2_2    120_[8, 2, 2, 7, 0, 7, 1, 3, 10, 4, 3, 0, 2, 0, 4]    (16)
bravo3.D3_10    112_[5, 1, 6, 4, 2, 3, 4, 22, 2, 3, 5, 0, 1, 6, 8]    (16)
bravo2.D3_10    108_[7, 1, 3, 2, 4, 4, 4, 2, 1, 6, 12, 3, 0, 5, 2]    (16)
bravo3.D2_2    106_[1, 2, 1, 1, 0, 0, 6, 5, 4, 2, 0, 0, 10, 3, 5]    (16)
bravo2.A4_4    103_[8, 29, 0, 0, 10, 1, 1, 2, 2, 2, 10, 0, 1, 11, 2]    (16)
bravo1.A4_1    103_[1, 16, 0, 8, 2, 8, 4, 0, 4, 17, 4, 2, 20, 4, 2]    (16)
bravo1.A5_4    102_[19, 4, 5, 6, 0, 6, 1, 8, 5, 0, 4, 5, 2, 6, 0]    (16)
bravo2.A2_11    100_[4, 11, 2, 1, 1, 0, 0, 6, 4, 0, 31, 17, 2, 17, 5]    (16)
bravo3.D5_6    100_[0, 19, 2, 1, 6, 1, 2, 2, 15, 2, 3, 7, 6, 6, 0]    (16)
bravo3.A2_11    99_[4, 10, 6, 1, 0, 5, 4, 1, 14, 3, 0, 12, 8, 7, 23]    (16)
bravo3.A4_4    98_[9, 2, 16, 0, 1, 5, 0, 0, 12, 4, 1, 3, 5, 4, 0]    (16)
bravo2.D5_9    98_[6, 13, 2, 27, 0, 2, 7, 0, 0, 5, 0, 2, 3, 11, 1]    (16)
bravo2.A5_8    97_[6, 1, 3, 6, 0, 2, 2, 10, 6, 2, 5, 6, 0, 14, 1]    (16)
bravo2.A3_4    96_[3, 0, 23, 1, 4, 3, 5, 10, 1, 6, 0, 10, 15, 7, 0]    (16)
bravo1.A2_13    93_[1, 0, 4, 2, 1, 0, 0, 5, 6, 4, 3, 0, 4, 8, 8]    (16)
bravo2.D4_12    92_[12, 1, 4, 0, 8, 0, 1, 14, 0, 6, 1, 13, 1, 2, 20]    (16)
bravo2.D6_3    92_[10, 0, 7, 4, 0, 6, 20, 5, 3, 14, 0, 6, 4, 1, 0]    (16)
bravo1.A3_4    92_[4, 3, 2, 6, 2, 8, 17, 3, 0, 10, 8, 3, 11, 5, 9]    (16)
bravo1.D2_7    87_[14, 15, 2, 3, 6, 3, 1, 5, 2, 5, 7, 15, 2, 11, 6]    (16)
bravo3.A3_4    87_[2, 1, 2, 7, 3, 8, 6, 12, 2, 6, 7, 23, 2, 8, 2]    (16)
bravo1.D3_24    84_[4, 2, 15, 3, 1, 0, 5, 16, 0, 13, 1, 7, 7, 2, 0]    (16)
bravo3.D4_12    83_[8, 5, 0, 16, 4, 10, 3, 2, 14, 2, 2, 5, 1, 8, 7]    (16)
bravo3.A5_10    72_[4, 9, 0, 4, 9, 3, 7, 11, 6, 9, 7, 2, 1, 1, 25]    (16)
bravo1.D4_24    64_[4, 4, 14, 4, 6, 1, 17, 11, 0, 7, 3, 2, 1, 5, 7]    (16)
bravo1.D5_17    46_[1, 9, 2, 9, 22, 8, 12, 1, 13, 0, 10, 1, 0, 44, 19]    (16)
bravo2.A6_11    35_[8, 16, 0, 31, 23, 25, 79, 12]    (16)

index: 16
ball:14
average: 5.38
bravos:
bravo1.D3_17    103_[13, 6, 0, 2, 13, 3, 4, 9, 9, 4, 0, 14, 3, 4, 7]    (14)
bravo1.D2_4    100_[0, 2, 3, 5, 2, 3, 12, 11, 9, 2, 9, 1, 0, 13, 2]    (14)
bravo1.D4_8    97_[5, 15, 5, 0, 4, 2, 8, 20, 0, 3, 0, 22, 5, 9, 0]    (14)
bravo1.A3_11    95_[3, 2, 4, 1, 2, 3, 7, 8, 0, 3, 1, 0, 10, 0, 2]    (14)
bravo1.D5_1    86_[0, 0, 13, 3, 0, 1, 5, 1, 0, 4, 2, 6, 7, 5, 2]    (14)
bravo1.A4_17    84_[22, 26, 6, 0, 2, 5, 1, 6, 3, 15, 11, 10, 6, 0, 4]    (14)
bravo1.A2_16    75_[0, 13, 9, 1, 17, 3, 1, 2, 3, 10, 0, 0, 18, 2, 3]    (14)
bravo1.A5_20    28_[0, 1, 12, 18, 54, 7, 3, 17, 35, 35, 1, 11]    (14)

index: 17
ball:6
average: 5.31
bravos:
bravo3.A2_8    117_[0, 3, 0, 8, 13, 0, 2, 4, 4, 6, 0, 2, 5, 8, 6]    (6)
bravo1.A3_7    110_[12, 10, 1, 1, 11, 1, 16, 1, 1, 9, 9, 4, 6, 0, 7]    (6)
bravo3.D1_4    108_[4, 1, 6, 7, 8, 3, 0, 0, 8, 1, 0, 0, 0, 20, 2]    (6)
bravo2.A2_8    106_[0, 0, 2, 4, 9, 8, 0, 7, 4, 7, 2, 4, 0, 14, 12]    (6)
bravo2.A1_6    105_[17, 8, 4, 8, 10, 21, 0, 0, 0, 8, 3, 0, 6, 1, 2]    (6)
bravo2.D1_5    104_[4, 0, 2, 0, 4, 4, 1, 10, 2, 12, 1, 0, 0, 1, 4]    (6)
bravo1.A1_3    104_[2, 2, 5, 0, 4, 8, 1, 1, 15, 1, 2, 0, 4, 26, 3]    (6)
bravo1.A2_3    104_[1, 0, 3, 1, 7, 0, 1, 15, 3, 4, 1, 0, 6, 2, 7]    (6)
bravo3.A1_6    101_[7, 1, 1, 5, 3, 4, 2, 6, 3, 8, 17, 0, 4, 1, 1]    (6)
bravo3.D2_5    99_[4, 10, 8, 4, 0, 7, 21, 0, 6, 7, 2, 12, 1, 5, 5]    (6)
bravo1.D3_21    98_[9, 0, 1, 15, 3, 0, 7, 8, 0, 6, 12, 9, 0, 4, 2]    (6)
bravo1.D2_17    96_[9, 15, 1, 6, 23, 2, 3, 3, 8, 0, 5, 8, 5, 0, 6]    (6)
bravo1.D4_2    94_[4, 6, 4, 4, 17, 8, 0, 3, 0, 3, 0, 3, 3, 5, 4]    (6)
bravo1.D1_8    92_[0, 26, 0, 1, 2, 4, 1, 19, 2, 2, 19, 3, 14, 6, 1]    (6)
bravo2.D2_5    89_[2, 21, 1, 3, 2, 10, 6, 3, 4, 12, 16, 1, 0, 0, 3]    (6)
bravo1.A4_23    76_[10, 0, 8, 2, 9, 4, 1, 1, 7, 1, 4, 7, 5, 0, 5]    (6)

index: 18
ball:29
average: 5.29
bravos:
bravo1.D3_2    111_[1, 7, 0, 1, 18, 7, 1, 0, 0, 9, 0, 0, 0, 1, 0]    (29)
bravo3.D6_5    110_[13, 6, 3, 2, 2, 10, 0, 1, 6, 0, 0, 2, 6, 14, 0]    (29)
bravo1.D4_5    109_[2, 8, 2, 4, 6, 10, 0, 1, 9, 0, 2, 2, 1, 5, 0]    (29)
bravo3.A6_5    104_[2, 7, 2, 1, 0, 7, 6, 15, 8, 7, 11, 2, 5, 0, 25]    (29)
bravo2.A5_9    98_[10, 4, 2, 14, 0, 3, 8, 11, 3, 5, 4, 11, 0, 6, 4]    (29)
bravo1.A3_26    97_[5, 2, 0, 2, 1, 0, 5, 3, 8, 3, 2, 1, 9, 1, 0]    (29)
bravo2.D5_8    96_[1, 10, 0, 12, 0, 1, 0, 1, 11, 1, 1, 7, 16, 12, 4]    (29)
bravo3.D5_9    93_[2, 3, 4, 2, 12, 1, 34, 14, 15, 2, 11, 9, 14, 5, 1]    (29)
bravo1.A4_20    91_[0, 4, 5, 9, 11, 1, 0, 5, 2, 5, 1, 12, 2, 1, 8]    (29)
bravo2.D6_7    87_[6, 6, 7, 5, 2, 9, 0, 14, 6, 5, 8, 1, 0, 0, 4]    (29)
bravo1.A5_8    86_[5, 1, 1, 2, 1, 3, 10, 4, 2, 2, 0, 8, 1, 2, 6]    (29)
bravo2.A6_7    85_[1, 3, 6, 10, 6, 9, 0, 5, 5, 18, 5, 8, 13, 13, 0]    (29)
bravo3.A5_7    73_[10, 1, 6, 39, 1, 0, 5, 4, 4, 7, 3, 0, 0, 13, 7]    (29)
bravo1.D5_13    61_[16, 22, 1, 8, 11, 37, 10, 9, 8, 7, 1, 4, 15, 0, 3]    (29)

index: 19
ball:11
average: 5.25
bravos:
bravo2.D2_7    110_[4, 0, 4, 4, 3, 4, 0, 25, 16, 5, 0, 0, 2, 9, 17]    (11)
bravo1.A1_6    107_[6, 0, 0, 1, 9, 4, 4, 4, 3, 6, 0, 5, 0, 0, 3]    (11)
bravo1.A2_4    107_[5, 0, 4, 9, 5, 18, 3, 0, 6, 1, 2, 2, 0, 2, 3]    (11)
bravo3.D3_4    107_[1, 0, 21, 9, 6, 3, 4, 9, 7, 1, 4, 2, 14, 2, 1]    (11)
bravo3.A1_5    106_[4, 7, 5, 0, 11, 3, 0, 7, 2, 0, 0, 0, 3, 16, 2]    (11)
bravo1.D4_10    106_[1, 1, 6, 2, 4, 7, 7, 4, 3, 5, 9, 5, 11, 7, 2]    (11)
bravo2.D3_3    105_[1, 3, 3, 3, 2, 6, 0, 8, 7, 0, 4, 3, 4, 0, 0]    (11)
bravo2.D1_6    104_[7, 8, 4, 7, 0, 1, 11, 8, 7, 0, 5, 2, 3, 3, 5]    (11)
bravo3.A3_10    101_[12, 9, 0, 9, 2, 5, 2, 0, 3, 0, 16, 7, 10, 0, 6]    (11)
bravo2.A2_6    99_[4, 0, 3, 4, 3, 7, 22, 3, 1, 2, 2, 5, 0, 4, 3]    (11)
bravo1.D3_23    99_[3, 1, 5, 3, 5, 11, 0, 4, 8, 1, 4, 11, 0, 0, 5]    (11)
bravo2.A1_5    97_[4, 7, 5, 0, 11, 3, 0, 10, 0, 0, 0, 14, 1, 0, 2]    (11)
bravo1.A3_5    96_[2, 0, 0, 2, 14, 0, 3, 1, 6, 17, 0, 8, 2, 0, 1]    (11)
bravo3.D1_5    94_[9, 16, 9, 5, 1, 2, 3, 18, 2, 3, 1, 10, 11, 2, 0]    (11)
bravo1.D1_5    94_[8, 7, 3, 12, 2, 0, 3, 0, 1, 1, 14, 2, 7, 5, 4]    (11)
bravo3.D2_7    94_[4, 0, 8, 3, 0, 20, 8, 5, 2, 0, 2, 3, 9, 0, 7]    (11)
bravo3.A2_6    93_[4, 1, 12, 6, 16, 9, 4, 22, 3, 4, 0, 14, 0, 1, 2]    (11)
bravo1.A4_15    92_[17, 3, 5, 0, 1, 3, 1, 7, 2, 2, 6, 9, 19, 4, 1]    (11)
bravo2.A3_11    91_[5, 8, 7, 13, 5, 0, 1, 0, 3, 3, 1, 9, 5, 9, 2]    (11)
bravo1.D2_16    80_[4, 12, 5, 6, 7, 3, 1, 4, 4, 6, 1, 2, 0, 2, 7]    (11)

index: 20
ball:21
average: 5.22
bravos:
bravo2.D3_1    126_[1, 6, 4, 0, 6, 5, 0, 0, 0, 4, 17, 2, 3, 1, 1]    (21)
bravo1.A3_14    116_[1, 2, 6, 4, 0, 0, 14, 2, 1, 4, 3, 8, 0, 2, 4]    (21)
bravo1.D4_18    112_[4, 4, 2, 0, 2, 12, 1, 0, 3, 0, 0, 2, 21, 2, 3]    (21)
bravo3.D4_6    109_[17, 2, 3, 8, 0, 1, 3, 9, 1, 0, 0, 4, 4, 0, 13]    (21)
bravo2.D5_3    109_[2, 1, 0, 0, 27, 0, 3, 2, 4, 2, 3, 4, 1, 0, 2]    (21)
bravo2.D4_5    108_[0, 4, 18, 3, 8, 1, 1, 2, 6, 1, 4, 1, 2, 0, 0]    (21)
bravo3.D5_3    107_[4, 1, 7, 3, 19, 0, 2, 8, 2, 5, 0, 0, 2, 2, 6]    (21)
bravo3.D3_2    107_[0, 6, 5, 0, 0, 0, 4, 4, 5, 6, 2, 4, 3, 1, 2]    (21)
bravo1.D3_14    105_[3, 3, 2, 0, 1, 4, 14, 6, 2, 2, 2, 2, 1, 1, 0]    (21)
bravo2.A3_13    102_[14, 8, 0, 2, 1, 0, 0, 1, 17, 4, 1, 1, 3, 0, 3]    (21)
bravo3.A3_12    100_[7, 1, 0, 3, 10, 6, 16, 5, 0, 3, 5, 2, 0, 2, 4]    (21)
bravo3.A4_10    96_[1, 0, 16, 13, 5, 3, 1, 1, 0, 2, 1, 0, 1, 2, 5]    (21)
bravo1.A5_12    82_[16, 5, 0, 5, 2, 3, 2, 10, 1, 1, 9, 4, 0, 0, 14]    (21)
bravo1.A4_7    80_[5, 1, 6, 0, 2, 6, 0, 8, 11, 8, 0, 6, 1, 6, 3]    (21)
bravo1.D5_9    78_[2, 1, 9, 8, 5, 8, 16, 8, 5, 0, 3, 3, 21, 5, 0]    (21)
bravo2.A4_11    74_[1, 18, 7, 0, 10, 4, 0, 7, 10, 1, 0, 9, 24, 7, 13]    (21)
bravo2.A5_14    42_[5, 14, 27, 14, 7, 21, 1, 3, 1, 34, 19, 15, 10, 11, 57]    (21)
bravo3.A5_13    35_[11, 11, 2, 10, 25, 1, 9, 6, 8, 1, 0, 25, 2, 32, 6]    (21)

index: 21
ball:12
average: 5.12
bravos:
bravo1.D2_15    122_[1, 2, 0, 1, 0, 14, 7, 1, 5, 2, 5, 0, 0, 8, 20]    (12)
bravo2.D1_4    114_[5, 11, 6, 6, 2, 3, 5, 2, 7, 2, 5, 1, 1, 7, 2]    (12)
bravo3.D4_8    113_[2, 3, 12, 7, 3, 0, 4, 1, 2, 2, 0, 0, 12, 0, 3]    (12)
bravo1.A4_5    105_[0, 2, 1, 23, 1, 0, 3, 1, 0, 6, 13, 5, 1, 5, 2]    (12)
bravo3.D2_10    104_[2, 2, 1, 11, 8, 7, 5, 13, 4, 3, 1, 0, 1, 0, 3]    (12)
bravo3.D1_2    101_[2, 4, 2, 5, 0, 1, 1, 2, 3, 8, 2, 20, 5, 0, 11]    (12)
bravo1.D1_1    100_[6, 1, 4, 18, 4, 11, 0, 3, 8, 1, 0, 0, 7, 0, 1]    (12)
bravo2.D2_10    100_[1, 1, 5, 6, 1, 9, 6, 4, 1, 1, 8, 0, 0, 5, 0]    (12)
bravo3.A4_8    100_[0, 0, 4, 3, 4, 8, 8, 4, 3, 0, 13, 6, 0, 2, 2]    (12)
bravo1.A2_5    99_[3, 0, 6, 3, 1, 0, 11, 3, 13, 20, 8, 6, 15, 0, 22]    (12)
bravo2.A1_7    98_[5, 0, 12, 0, 0, 30, 1, 3, 8, 5, 3, 1, 12, 3, 7]    (12)
bravo3.A2_3    97_[6, 0, 1, 1, 7, 6, 13, 7, 17, 0, 0, 2, 7, 13, 7]    (12)
bravo2.D3_13    96_[4, 2, 4, 12, 4, 1, 5, 14, 6, 3, 11, 1, 6, 4, 2]    (12)
bravo2.A4_7    96_[2, 1, 1, 2, 2, 6, 5, 0, 7, 21, 4, 3, 1, 3, 2]    (12)
bravo2.A3_1    95_[20, 19, 23, 10, 0, 2, 2, 8, 10, 6, 3, 8, 0, 13, 6]    (12)
bravo3.A3_1    95_[19, 0, 19, 23, 5, 4, 0, 2, 2, 8, 10, 1, 1, 0, 1]    (12)
bravo1.D3_25    90_[4, 3, 2, 32, 1, 1, 3, 0, 3, 2, 5, 6, 5, 9, 11]    (12)
bravo2.A2_3    87_[6, 4, 7, 6, 13, 7, 3, 1, 10, 0, 4, 7, 13, 7, 0]    (12)
bravo3.D3_13    87_[4, 6, 13, 10, 0, 1, 13, 10, 1, 11, 3, 6, 0, 2, 6]    (12)
bravo1.A3_3    86_[1, 6, 15, 0, 9, 9, 4, 2, 0, 2, 8, 12, 1, 1, 6]    (12)
bravo2.D4_9    85_[15, 15, 4, 0, 8, 0, 25, 1, 2, 19, 0, 13, 14, 4, 3]    (12)
bravo3.A1_8    85_[2, 5, 7, 2, 1, 12, 0, 1, 21, 1, 0, 9, 18, 6, 7]    (12)
bravo1.A1_10    83_[1, 3, 1, 12, 12, 0, 14, 1, 0, 0, 3, 8, 16, 11, 13]    (12)
bravo1.D4_20    76_[12, 1, 0, 6, 0, 0, 8, 18, 8, 1, 2, 6, 1, 1, 3]    (12)

index: 22
ball:13
average: 5.09
bravos:
bravo2.D2_1    116_[0, 0, 0, 5, 4, 0, 6, 2, 0, 4, 1, 2, 9, 9, 0]    (13)
bravo1.A4_2    111_[13, 1, 8, 1, 1, 8, 0, 5, 9, 0, 0, 4, 0, 5, 1]    (13)
bravo2.A4_6    109_[0, 9, 1, 2, 0, 2, 10, 0, 7, 0, 3, 0, 4, 6, 2]    (13)
bravo3.D2_3    107_[14, 7, 8, 11, 0, 8, 4, 1, 0, 1, 6, 2, 4, 8, 15]    (13)
bravo2.D4_10    106_[1, 4, 3, 15, 2, 5, 1, 8, 1, 6, 0, 4, 0, 1, 0]    (13)
bravo1.A2_8    104_[4, 1, 16, 2, 6, 5, 2, 5, 0, 0, 3, 4, 7, 10, 3]    (13)
bravo2.A2_12    102_[7, 7, 1, 4, 8, 4, 2, 4, 6, 2, 1, 6, 4, 0, 1]    (13)
bravo2.A3_7    101_[9, 2, 17, 0, 1, 3, 2, 2, 0, 1, 5, 1, 6, 5, 9]    (13)
bravo1.A3_2    101_[3, 1, 0, 3, 3, 0, 12, 8, 1, 4, 2, 4, 6, 9, 4]    (13)
bravo3.A3_7    101_[2, 4, 4, 4, 15, 3, 1, 6, 6, 0, 1, 3, 0, 5, 13]    (13)
bravo2.D3_7    100_[12, 2, 6, 0, 6, 6, 1, 5, 0, 3, 3, 7, 2, 1, 3]    (13)
bravo3.D3_7    100_[4, 2, 6, 3, 2, 0, 7, 0, 5, 8, 9, 9, 0, 5, 15]    (13)
bravo2.D5_6    100_[0, 18, 0, 4, 6, 20, 2, 2, 0, 2, 14, 3, 2, 13, 4]    (13)
bravo3.D4_11    93_[1, 8, 1, 3, 12, 16, 0, 13, 9, 3, 18, 2, 0, 2, 2]    (13)
bravo3.A4_5    92_[1, 13, 9, 1, 4, 1, 6, 3, 15, 0, 15, 8, 5, 6, 0]    (13)
bravo1.D5_2    90_[8, 9, 0, 6, 4, 0, 1, 15, 0, 4, 1, 2, 12, 13, 0]    (13)
bravo1.D2_12    86_[2, 3, 1, 3, 24, 3, 0, 0, 2, 4, 7, 0, 5, 8, 20]    (13)
bravo3.A2_10    85_[22, 0, 7, 2, 26, 12, 3, 0, 9, 4, 3, 7, 0, 6, 3]    (13)
bravo1.D4_23    79_[5, 17, 12, 1, 0, 5, 5, 23, 1, 3, 7, 18, 0, 9, 2]    (13)
bravo2.A5_11    68_[2, 5, 33, 3, 3, 3, 14, 6, 5, 3, 16, 0, 18, 1, 36]    (13)
bravo1.D3_26    67_[1, 6, 15, 0, 9, 9, 4, 3, 28, 13, 11, 7, 6, 5, 14]    (13)
bravo1.A5_19    29_[1, 31, 63, 20, 15, 2, 0, 22, 58]    (13)

index: 23
ball:5
average: 4.67
bravos:
bravo1.D3_13    108_[0, 11, 0, 3, 6, 4, 1, 1, 2, 11, 1, 4, 0, 4, 10]    (5)
bravo1.D2_10    106_[10, 1, 1, 5, 7, 5, 1, 1, 12, 12, 1, 2, 2, 11, 1]    (5)
bravo1.A1_7    100_[4, 5, 6, 5, 9, 8, 0, 9, 4, 9, 9, 4, 0, 1, 6]    (5)
bravo1.A3_15    98_[7, 2, 0, 1, 19, 12, 2, 2, 1, 0, 12, 1, 1, 6, 1]    (5)
bravo1.A2_10    93_[6, 8, 4, 7, 1, 0, 9, 0, 0, 1, 6, 7, 12, 1, 11]    (5)
bravo1.D1_4    88_[1, 12, 8, 10, 14, 1, 2, 2, 13, 16, 4, 1, 13, 3, 5]    (5)

index: 24
ball:20
average: 4.38
bravos:
bravo3.A5_6    125_[1, 9, 5, 2, 8, 0, 8, 5, 1, 5, 2, 2, 0, 4, 5]    (20)
bravo2.D2_3    116_[5, 0, 5, 1, 2, 3, 0, 7, 1, 1, 1, 1, 0, 4, 12]    (20)
bravo1.A2_15    116_[3, 3, 7, 4, 8, 2, 0, 5, 3, 3, 5, 0, 1, 8, 0]    (20)
bravo2.A3_3    112_[4, 0, 1, 0, 2, 2, 4, 0, 5, 10, 2, 7, 1, 1, 15]    (20)
bravo2.A5_6    112_[0, 0, 9, 5, 7, 3, 0, 8, 0, 0, 3, 1, 8, 2, 0]    (20)
bravo1.A3_8    110_[9, 0, 1, 13, 1, 3, 0, 6, 9, 0, 3, 11, 3, 2, 15]    (20)
bravo3.A2_12    108_[8, 0, 4, 9, 3, 1, 2, 0, 2, 0, 5, 0, 12, 1, 0]    (20)
bravo3.D2_1    107_[0, 0, 9, 2, 9, 0, 0, 3, 1, 1, 0, 0, 8, 6, 14]    (20)
bravo2.D6_4    103_[1, 4, 1, 3, 5, 0, 9, 1, 26, 5, 7, 0, 0, 1, 5]    (20)
bravo3.A3_3    101_[4, 1, 4, 2, 13, 3, 4, 2, 11, 20, 2, 1, 1, 1, 2]    (20)
bravo1.D3_20    100_[2, 0, 0, 10, 1, 5, 7, 0, 1, 0, 9, 3, 5, 4, 6]    (20)
bravo1.A5_3    98_[1, 12, 0, 3, 0, 1, 1, 18, 10, 0, 5, 9, 2, 0, 5]    (20)
bravo2.A2_10    97_[5, 2, 21, 0, 2, 14, 1, 6, 9, 7, 1, 0, 0, 5, 2]    (20)
bravo2.D3_11    97_[3, 1, 4, 3, 4, 0, 24, 0, 7, 0, 1, 5, 1, 2, 3]    (20)
bravo3.A4_1    96_[2, 1, 0, 5, 5, 1, 1, 3, 4, 1, 22, 1, 20, 1, 1]    (20)
bravo3.D3_11    95_[5, 4, 1, 19, 1, 3, 15, 0, 4, 2, 8, 7, 4, 8, 2]    (20)
bravo1.D2_5    92_[13, 4, 7, 19, 5, 0, 11, 2, 1, 8, 1, 1, 1, 2, 0]    (20)
bravo1.A4_4    92_[3, 2, 7, 9, 0, 7, 2, 8, 9, 4, 2, 0, 7, 4, 1]    (20)
bravo2.A4_1    91_[2, 1, 0, 11, 3, 3, 3, 0, 1, 19, 4, 20, 1, 1, 2]    (20)
bravo3.D5_10    87_[5, 4, 2, 5, 0, 20, 10, 2, 1, 7, 3, 8, 4, 2, 3]    (20)
bravo2.D5_11    86_[2, 12, 0, 3, 0, 12, 5, 0, 13, 3, 15, 0, 1, 1, 14]    (20)
bravo1.D4_21    78_[0, 2, 1, 1, 2, 9, 20, 4, 2, 7, 19, 0, 17, 11, 1]    (20)
bravo2.D4_15    66_[6, 8, 0, 8, 8, 5, 35, 3, 1, 7, 8, 0, 0, 15, 5]    (20)
bravo3.D4_15    59_[6, 9, 8, 14, 10, 28, 10, 6, 1, 16, 16, 4, 4, 1, 8]    (20)
bravo2.A6_10    54_[10, 4, 2, 15, 3, 7, 38, 0, 0, 3, 2, 14, 10, 14, 2]    (20)
bravo1.D5_18    40_[14, 0, 8, 56, 2, 8, 3, 32, 1, 1, 10, 28, 3, 32]    (20)

index: 25
ball:10
average: 4.29
bravos:
bravo1.A4_8    114_[8, 2, 0, 11, 7, 10, 5, 1, 1, 0, 4, 1, 2, 2, 9]    (10)
bravo3.D2_4    112_[8, 8, 2, 0, 0, 11, 1, 0, 0, 3, 1, 6, 5, 2, 13]    (10)
bravo3.A3_5    112_[6, 1, 0, 2, 12, 4, 3, 8, 1, 2, 3, 0, 6, 4, 6]    (10)
bravo2.D1_1    112_[1, 2, 5, 3, 5, 11, 9, 3, 8, 0, 3, 0, 1, 10, 1]    (10)
bravo2.D4_7    111_[0, 8, 9, 4, 3, 5, 4, 2, 2, 0, 4, 1, 0, 6, 6]    (10)
bravo3.D1_1    110_[5, 5, 8, 13, 9, 5, 1, 0, 1, 8, 0, 0, 5, 3, 0]    (10)
bravo1.A2_2    105_[5, 2, 1, 1, 12, 4, 4, 3, 8, 1, 1, 0, 1, 1, 5]    (10)
bravo1.D4_17    105_[0, 4, 1, 0, 2, 1, 13, 0, 5, 5, 5, 8, 6, 9, 6]    (10)
bravo3.D4_4    104_[5, 0, 9, 0, 1, 0, 7, 4, 10, 1, 0, 0, 6, 2, 4]    (10)
bravo2.A4_9    102_[1, 4, 3, 3, 9, 3, 7, 0, 0, 3, 3, 5, 7, 3, 2]    (10)
bravo2.D2_4    102_[1, 2, 5, 1, 6, 0, 4, 1, 5, 0, 4, 2, 0, 1, 0]    (10)
bravo2.A2_9    101_[5, 1, 20, 0, 10, 2, 9, 1, 4, 0, 8, 4, 3, 3, 10]    (10)
bravo1.A1_4    101_[0, 5, 1, 0, 1, 4, 1, 6, 4, 4, 6, 5, 12, 1, 1]    (10)
bravo2.D3_9    99_[14, 5, 12, 27, 4, 1, 7, 0, 7, 1, 8, 12, 2, 2, 3]    (10)
bravo2.A3_5    99_[2, 3, 5, 4, 3, 3, 2, 2, 16, 2, 1, 6, 5, 1, 3]    (10)
bravo1.A3_1    98_[8, 7, 1, 17, 2, 6, 13, 1, 0, 2, 7, 0, 0, 8, 16]    (10)
bravo3.A4_12    97_[4, 0, 3, 10, 7, 7, 32, 2, 1, 9, 1, 7, 0, 0, 5]    (10)
bravo3.A2_9    93_[5, 15, 7, 2, 7, 2, 7, 3, 11, 2, 5, 2, 3, 10, 11]    (10)
bravo1.D1_7    93_[4, 2, 9, 2, 10, 21, 3, 1, 8, 19, 1, 4, 0, 2, 5]    (10)
bravo3.D3_9    93_[2, 0, 8, 4, 2, 13, 1, 8, 0, 13, 0, 3, 1, 1, 15]    (10)
bravo2.A1_10    86_[5, 1, 13, 3, 3, 2, 15, 4, 3, 0, 2, 0, 18, 0, 7]    (10)
bravo1.D2_18    83_[4, 1, 4, 3, 19, 1, 10, 11, 12, 10, 2, 2, 9, 0, 28]    (10)
bravo1.D3_27    77_[5, 0, 3, 3, 0, 12, 8, 1, 7, 4, 10, 2, 2, 8, 6]    (10)
bravo3.A1_9    61_[5, 13, 4, 0, 3, 1, 12, 10, 8, 1, 14, 5, 5, 0, 5]    (10)

index: 26
ball:22
average: 4.22
bravos:
bravo1.A3_16    116_[0, 1, 9, 0, 3, 2, 3, 4, 3, 2, 3, 3, 3, 1, 10]    (22)
bravo1.D3_12    111_[2, 4, 1, 7, 2, 1, 6, 12, 2, 4, 9, 0, 5, 2, 12]    (22)
bravo3.D6_1    110_[8, 2, 2, 1, 8, 0, 3, 1, 4, 17, 5, 2, 3, 9, 7]    (22)
bravo3.A4_7    109_[12, 1, 0, 3, 0, 5, 4, 5, 3, 2, 1, 13, 6, 6, 2]    (22)
bravo1.A4_11    109_[4, 0, 1, 2, 2, 3, 14, 1, 2, 0, 1, 4, 1, 12, 1]    (22)
bravo1.D4_14    108_[3, 12, 5, 4, 1, 1, 7, 4, 0, 1, 0, 4, 2, 5, 7]    (22)
bravo2.D4_8    102_[1, 2, 0, 0, 0, 5, 3, 1, 3, 8, 1, 3, 0, 0, 1]    (22)
bravo3.A5_5    100_[0, 6, 5, 6, 4, 5, 7, 1, 4, 1, 2, 3, 0, 30, 0]    (22)
bravo2.A4_8    99_[0, 12, 0, 0, 7, 6, 2, 3, 3, 1, 2, 0, 12, 0, 15]    (22)
bravo2.A6_6    96_[6, 16, 1, 4, 0, 6, 12, 4, 0, 24, 2, 4, 6, 6, 1]    (22)
bravo3.D4_9    93_[1, 2, 1, 8, 13, 2, 2, 0, 1, 3, 18, 1, 9, 1, 2]    (22)
bravo2.A5_5    91_[5, 1, 5, 17, 7, 8, 2, 3, 0, 18, 11, 2, 4, 1, 2]    (22)
bravo2.D6_8    86_[1, 8, 3, 0, 7, 1, 4, 3, 1, 0, 15, 1, 5, 13, 3]    (22)
bravo1.D5_8    85_[5, 1, 3, 4, 7, 7, 4, 14, 8, 1, 0, 6, 0, 5, 1]    (22)
bravo1.A5_13    65_[4, 8, 9, 8, 12, 18, 3, 6, 2, 2, 3, 2, 3, 1, 0]    (22)
bravo3.D5_11    61_[15, 1, 2, 0, 1, 29, 3, 1, 18, 1, 6, 3, 1, 3, 1]    (22)
bravo2.D5_12    57_[1, 3, 9, 9, 4, 22, 24, 0, 0, 12, 3, 0, 5, 27, 3]    (22)
bravo3.A6_9    42_[8, 2, 0, 1, 0, 9, 8, 13, 6, 7, 26, 13, 4, 13, 21]    (22)

index: 27
ball:8
average: 4.06
bravos:
bravo3.D3_8    125_[5, 4, 5, 2, 0, 1, 0, 0, 8, 4, 0, 3, 0, 4, 0]    (8)
bravo3.A3_6    120_[1, 1, 7, 1, 3, 1, 8, 2, 4, 3, 3, 4, 3, 0, 0]    (8)
bravo1.D2_8    117_[15, 2, 2, 2, 2, 0, 0, 2, 6, 1, 5, 5, 14, 3, 8]    (8)
bravo2.A3_6    117_[1, 0, 3, 0, 3, 0, 0, 1, 3, 2, 11, 0, 13, 3, 3]    (8)
bravo2.A1_4    115_[2, 3, 2, 1, 0, 14, 6, 1, 0, 1, 0, 3, 0, 1, 1]    (8)
bravo1.A2_12    114_[8, 1, 12, 3, 0, 1, 3, 1, 1, 3, 0, 8, 10, 5, 11]    (8)
bravo3.A1_4    113_[6, 2, 1, 0, 18, 2, 1, 0, 1, 0, 4, 1, 8, 1, 4]    (8)
bravo1.D1_2    108_[4, 0, 9, 11, 3, 2, 3, 4, 2, 4, 12, 1, 5, 0, 4]    (8)
bravo3.A2_2    104_[2, 9, 0, 6, 16, 4, 6, 14, 0, 0, 10, 10, 7, 5, 10]    (8)
bravo3.D1_6    103_[4, 6, 6, 0, 1, 0, 4, 1, 7, 2, 8, 4, 3, 7, 6]    (8)
bravo2.A2_2    100_[2, 0, 3, 4, 0, 23, 4, 6, 15, 0, 0, 9, 18, 5, 10]    (8)
bravo2.D2_11    99_[5, 1, 6, 13, 1, 0, 21, 2, 1, 12, 5, 9, 3, 10, 5]    (8)
bravo2.D1_7    98_[3, 1, 0, 0, 11, 8, 1, 3, 2, 7, 1, 5, 4, 11, 6]    (8)
bravo1.A3_10    98_[0, 0, 3, 15, 9, 0, 1, 18, 3, 8, 1, 6, 5, 3, 15]    (8)
bravo2.D3_8    96_[5, 13, 4, 9, 1, 7, 1, 11, 2, 5, 1, 21, 3, 1, 0]    (8)
bravo1.A1_9    89_[1, 3, 6, 2, 11, 0, 2, 1, 2, 2, 1, 17, 1, 2, 39]    (8)
bravo1.D3_18    85_[6, 4, 1, 2, 11, 8, 0, 3, 2, 7, 3, 1, 6, 14, 2]    (8)
bravo3.D2_11    78_[3, 5, 2, 0, 12, 13, 8, 2, 0, 0, 11, 12, 8, 12, 0]    (8)

index: 28
ball:19
average: 4.0
bravos:
bravo1.D3_5    110_[0, 12, 8, 0, 18, 18, 13, 3, 4, 1, 7, 1, 0, 1, 13]    (19)
bravo1.D2_1    105_[0, 3, 17, 2, 6, 0, 2, 5, 2, 1, 12, 2, 6, 4, 0]    (19)
bravo1.A4_16    104_[1, 0, 0, 0, 3, 7, 0, 0, 10, 9, 2, 7, 8, 8, 19]    (19)
bravo1.D4_9    102_[7, 0, 3, 8, 0, 4, 3, 0, 0, 1, 6, 13, 3, 0, 5]    (19)
bravo1.A2_19    93_[0, 12, 2, 17, 5, 4, 7, 14, 1, 17, 4, 5, 5, 12, 4]    (19)
bravo1.D5_5    91_[1, 11, 2, 4, 7, 6, 10, 9, 9, 0, 8, 1, 3, 6, 1]    (19)
bravo1.A3_23    78_[6, 0, 2, 5, 7, 2, 4, 2, 6, 3, 0, 14, 10, 5, 5]    (19)
bravo1.A5_16    62_[17, 3, 11, 2, 3, 4, 1, 8, 4, 25, 1, 13, 17, 3, 9]    (19)

index: 29
ball:7
average: 3.69
bravos:
bravo1.D2_13    118_[0, 2, 11, 10, 16, 1, 0, 5, 4, 1, 5, 5, 3, 14, 2]    (7)
bravo3.D1_3    117_[5, 1, 0, 10, 5, 2, 0, 1, 0, 3, 2, 9, 8, 0, 0]    (7)
bravo3.D2_6    115_[4, 0, 13, 4, 0, 2, 0, 4, 8, 9, 10, 2, 2, 4, 1]    (7)
bravo2.D2_6    114_[7, 2, 0, 4, 0, 2, 17, 5, 0, 10, 1, 1, 2, 0, 5]    (7)
bravo2.D1_3    112_[11, 3, 9, 0, 0, 1, 7, 0, 1, 2, 13, 11, 2, 4, 2]    (7)
bravo2.A2_7    112_[4, 1, 0, 8, 2, 0, 14, 10, 9, 5, 3, 0, 4, 3, 4]    (7)
bravo2.A3_8    105_[5, 4, 5, 0, 10, 9, 6, 7, 6, 0, 3, 8, 6, 4, 0]    (7)
bravo3.A2_7    103_[4, 11, 1, 0, 0, 14, 22, 3, 3, 5, 1, 1, 9, 13, 0]    (7)
bravo2.D3_6    103_[1, 2, 2, 6, 2, 0, 3, 1, 0, 6, 0, 4, 2, 1, 2]    (7)
bravo3.D3_6    99_[1, 3, 8, 8, 0, 0, 8, 10, 0, 11, 10, 3, 3, 7, 2]    (7)
bravo3.A3_8    98_[5, 4, 1, 6, 1, 0, 0, 11, 1, 0, 6, 7, 0, 5, 7]    (7)
bravo1.D3_19    95_[0, 0, 3, 20, 5, 1, 5, 10, 8, 2, 4, 6, 6, 2, 4]    (7)
bravo2.A1_8    92_[4, 2, 1, 1, 4, 12, 1, 4, 3, 6, 1, 0, 1, 0, 10]    (7)
bravo3.A1_7    89_[4, 0, 1, 12, 11, 19, 1, 3, 14, 2, 15, 11, 3, 5, 3]    (7)
bravo1.A2_7    88_[0, 3, 18, 9, 3, 6, 4, 11, 2, 0, 20, 3, 3, 0, 3]    (7)
bravo1.A3_9    87_[4, 10, 1, 5, 8, 1, 0, 9, 3, 13, 7, 3, 2, 21, 1]    (7)

index: 30
ball:3
average: 3.39
bravos:
bravo1.D3_15    114_[1, 2, 6, 4, 0, 2, 12, 2, 1, 8, 9, 2, 3, 1, 2]    (3)
bravo2.D3_4    113_[6, 4, 4, 9, 2, 1, 2, 6, 3, 4, 7, 4, 4, 1, 2]    (3)
bravo3.A1_3    111_[2, 0, 9, 8, 3, 0, 3, 17, 3, 11, 0, 10, 12, 0, 2]    (3)
bravo3.A2_5    110_[5, 1, 1, 7, 0, 2, 14, 3, 6, 0, 5, 1, 4, 2, 2]    (3)
bravo2.A3_10    110_[2, 1, 2, 5, 4, 14, 8, 3, 15, 4, 0, 0, 8, 9, 1]    (3)
bravo3.A3_13    109_[2, 2, 11, 3, 2, 4, 0, 3, 4, 18, 3, 1, 2, 1, 3]    (3)
bravo1.A3_13    109_[0, 1, 12, 4, 2, 3, 1, 1, 1, 3, 2, 8, 2, 3, 0]    (3)
bravo1.A2_6    107_[9, 8, 3, 2, 5, 3, 2, 20, 1, 2, 13, 3, 1, 6, 5]    (3)
bravo3.D3_1    106_[1, 4, 1, 4, 10, 4, 0, 2, 1, 27, 0, 6, 4, 1, 2]    (3)
bravo1.A1_5    103_[3, 2, 4, 22, 0, 2, 0, 6, 6, 3, 2, 8, 18, 1, 2]    (3)
bravo2.D2_9    101_[4, 2, 0, 1, 10, 7, 1, 0, 4, 0, 11, 7, 7, 1, 2]    (3)
bravo2.A2_4    100_[2, 4, 4, 5, 15, 0, 3, 0, 6, 2, 0, 21, 1, 3, 0]    (3)
bravo2.A1_3    99_[2, 0, 9, 8, 3, 4, 21, 12, 10, 12, 0, 2, 6, 0, 2]    (3)
bravo3.D1_7    96_[2, 0, 3, 1, 21, 3, 27, 2, 5, 10, 5, 4, 13, 15, 3]    (3)
bravo2.D1_8    94_[4, 2, 0, 0, 0, 2, 4, 2, 6, 0, 9, 1, 0, 4, 2]    (3)
bravo1.D1_6    92_[3, 11, 2, 8, 4, 0, 5, 2, 4, 0, 0, 0, 1, 5, 4]    (3)
bravo3.D2_8    88_[7, 8, 4, 4, 10, 1, 7, 2, 7, 12, 0, 7, 0, 0, 8]    (3)
bravo1.D2_14    84_[6, 10, 15, 8, 0, 4, 14, 2, 11, 9, 3, 5, 5, 2, 1]    (3)

index: 31
ball:1
average: 3.33
bravos:
bravo2.A1_1    115_[1, 0, 1, 0, 3, 4, 3, 5, 1, 0, 8, 12, 4, 0, 0]    (1)
bravo3.A1_1    114_[1, 0, 1, 0, 3, 4, 3, 5, 1, 0, 8, 12, 4, 0, 0]    (1)
bravo1.A1_1    105_[0, 0, 2, 3, 4, 3, 5, 0, 0, 0, 8, 12, 4, 1, 6]    (1)
bravo1.D1_10    88_[10, 12, 5, 0, 4, 3, 3, 4, 4, 5, 1, 22, 3, 0, 5]    (1)
bravo2.D1_10    78_[6, 19, 4, 16, 2, 6, 5, 1, 0, 4, 16, 7, 12, 6, 0]    (1)
bravo3.D1_9    75_[2, 2, 6, 1, 0, 2, 7, 4, 16, 6, 2, 0, 2, 23, 2]    (1)

index: 32
ball:23
average: 3.14
bravos:
bravo2.A4_2    117_[6, 3, 0, 3, 0, 2, 0, 2, 0, 2, 4, 14, 7, 16, 2]    (23)
bravo3.A4_2    117_[6, 3, 5, 6, 0, 4, 21, 20, 2, 0, 2, 2, 2, 5, 6]    (23)
bravo3.D3_5    116_[5, 0, 2, 7, 8, 3, 0, 1, 3, 3, 4, 1, 6, 0, 3]    (23)
bravo3.A3_9    110_[0, 3, 0, 10, 1, 5, 1, 4, 11, 2, 9, 6, 3, 1, 19]    (23)
bravo2.A6_5    108_[2, 7, 2, 0, 0, 1, 6, 0, 22, 1, 5, 2, 15, 0, 21]    (23)
bravo3.A5_3    106_[0, 1, 10, 1, 0, 0, 3, 1, 6, 1, 24, 6, 9, 4, 5]    (23)
bravo2.D3_5    103_[5, 11, 19, 20, 1, 8, 2, 0, 8, 3, 2, 4, 4, 3, 0]    (23)
bravo1.D4_16    102_[4, 7, 0, 0, 0, 1, 0, 3, 5, 1, 11, 2, 5, 0, 1]    (23)
bravo3.D6_4    100_[1, 3, 0, 3, 9, 10, 2, 13, 14, 7, 2, 5, 12, 7, 10]    (23)
bravo1.D3_1    99_[5, 8, 3, 2, 16, 14, 2, 9, 3, 2, 2, 0, 2, 5, 9]    (23)
bravo2.A5_3    99_[0, 1, 10, 1, 0, 4, 8, 1, 22, 1, 6, 9, 0, 6, 2]    (23)
bravo2.A3_9    94_[0, 5, 3, 8, 3, 0, 1, 5, 3, 0, 0, 0, 13, 1, 5]    (23)
bravo3.A6_6    89_[1, 3, 0, 23, 7, 2, 6, 7, 0, 17, 10, 0, 13, 4, 9]    (23)
bravo1.A5_7    89_[0, 2, 0, 0, 2, 7, 1, 6, 3, 6, 16, 4, 1, 9, 1]    (23)
bravo1.A4_9    88_[4, 0, 1, 1, 4, 0, 5, 1, 5, 3, 0, 6, 13, 2, 3]    (23)
bravo1.D5_14    83_[0, 12, 11, 6, 1, 5, 4, 6, 3, 11, 1, 8, 12, 3, 13]    (23)
bravo2.D4_14    81_[1, 2, 16, 1, 0, 5, 19, 1, 19, 9, 10, 7, 0, 8, 6]    (23)
bravo1.A3_27    73_[1, 7, 0, 1, 26, 2, 10, 0, 6, 4, 34, 2, 0, 0, 3]    (23)
bravo3.D4_14    66_[1, 2, 7, 1, 6, 1, 1, 4, 10, 30, 3, 5, 3, 0, 5]    (23)
bravo2.D6_9    64_[5, 6, 12, 16, 14, 8, 31, 0, 3, 8, 6, 1, 10, 0, 11]    (23)
bravo2.D5_14    37_[12, 12, 11, 19, 0, 11, 11, 0, 3, 2, 0, 8, 18, 0, 11]    (23)
bravo3.D5_13    35_[10, 6, 4, 0, 1, 15, 40, 2, 12, 1, 7, 23, 27, 31, 14]    (23)

index: 33
ball:24
average: 3.0
bravos:
bravo1.A3_25    105_[5, 4, 16, 0, 0, 7, 5, 1, 1, 8, 14, 12, 1, 6, 4]    (24)
bravo1.D3_3    101_[5, 2, 0, 2, 1, 0, 9, 8, 3, 1, 2, 2, 17, 6, 8]    (24)
bravo1.A4_19    94_[1, 5, 4, 0, 7, 5, 17, 5, 1, 0, 6, 7, 1, 9, 1]    (24)
bravo1.A5_10    90_[0, 3, 2, 3, 1, 3, 3, 0, 4, 5, 0, 4, 7, 13, 0]    (24)
bravo1.D4_6    84_[7, 15, 6, 2, 4, 3, 26, 2, 5, 2, 0, 6, 5, 6, 12]    (24)
bravo1.D5_11    66_[0, 20, 14, 0, 0, 0, 7, 7, 29, 17, 2, 3, 7, 5, 7]    (24)

