continues1
19_3: 16: [3, 8, 13, 19, 23, 29]: [3, 1, 1, 1, 2, 1, 1, 2, 1, 2, 2, 1, 1, 1, 2, 2]: 2
11_2: 15: [5, 9, 11, 15, 21, 27]: [2, 2, 1, 1, 1, 1, 1, 2, 2, 1, 2, 2, 1, 1, 2]: 1
17_6: 15: [5, 8, 15, 21, 26, 28]: [1, 3, 2, 1, 2, 2, 2, 1, 2, 1, 3, 1, 2, 1, 1]: 1
6_8: 14: [12, 14, 15, 23, 24, 26]: [2, 2, 1, 1, 2, 2, 1, 1, 2, 4, 1, 1, 1, 1]: 1
12_3: 13: [4, 9, 13, 19, 24, 29]: [1, 2, 2, 2, 1, 3, 1, 1, 1, 1, 1, 2, 1]: 1
3_7: 12: [6, 7, 11, 17, 21, 29]: [1, 1, 1, 2, 2, 2, 3, 1, 1, 2, 1, 2]: 1
4_7: 12: [7, 7, 8, 18, 25, 32]: [2, 1, 1, 2, 2, 1, 2, 2, 2, 2, 1, 2]: 1
9_2: 12: [2, 6, 11, 17, 23, 29]: [2, 1, 2, 1, 1, 1, 1, 1, 2, 2, 1, 1]: 2
13_7: 11: [3, 5, 6, 12, 19, 30]: [1, 2, 1, 1, 3, 1, 1, 1, 1, 2, 2]: 1
6_10: 11: [10, 14, 16, 22, 26, 30]: [1, 2, 1, 2, 2, 2, 3, 1, 1, 1, 1]: 1
2_7: 10: [7, 8, 9, 14, 24, 29]: [1, 1, 1, 4, 2, 1, 1, 1, 1, 2]: 0
3_6: 10: [7, 8, 19, 22, 27, 31]: [1, 1, 1, 1, 1, 1, 3, 2, 2, 1]: 1
14_7: 10: [7, 8, 12, 16, 25, 27]: [1, 2, 1, 1, 3, 1, 1, 1, 1, 2]: 0
15_8: 10: [9, 14, 12, 21, 26, 29]: [3, 1, 2, 1, 3, 2, 3, 2, 3, 1]: 0
3_10: 10: [10, 11, 15, 18, 24, 27]: [1, 3, 3, 1, 1, 2, 1, 1, 2, 1]: 1
11_8: 9: [7, 10, 12, 22, 27, 28]: [2, 1, 1, 1, 1, 1, 1, 1, 1]: 1
1_7: 8: [2, 8, 12, 17, 23, 27]: [2, 1, 3, 2, 2, 1, 1, 1]: 2
12_6: 8: [5, 10, 13, 19, 23, 28]: [3, 1, 2, 1, 2, 1, 2, 1]: 3
17_9: 8: [6, 8, 9, 16, 22, 28]: [2, 2, 2, 1, 1, 1, 2, 2]: 1
2_10: 8: [6, 9, 15, 20, 23, 27]: [3, 2, 1, 1, 1, 3, 3, 3]: 1
continues0
2_8: 4: [6, 11, 15, 20, 27, 31]: [0, 0, 0, 0, 2, 2, 2, 1, 0, 2, 2]: 0
10_6: 4: [7, 9, 14, 20, 24, 25]: [0, 0, 0, 0, 3, 2, 1, 1, 1, 1, 1]: 0
2_1: 3: [4, 10, 14, 23, 26, 29]: [0, 0, 0, 1, 0, 2, 1, 0, 1, 0, 1]: 1
9_8: 2: [8, 11, 16, 22, 24, 29]: [0, 0, 3, 1, 2, 1, 2, 0, 0, 3, 1]: 1
13_1: 2: [4, 11, 12, 21, 27, 31]: [0, 0, 2, 0, 1, 0, 1, 1, 0, 1, 0]: 0
13_2: 2: [3, 7, 11, 18, 24, 31]: [0, 0, 3, 1, 0, 2, 1, 2, 0, 0, 1]: 1
16_1: 2: [4, 9, 13, 21, 24, 27]: [0, 0, 1, 1, 0, 0, 1, 1, 1, 2, 0]: 1
2_3: 1: [3, 8, 12, 18, 24, 29]: [0, 2, 0, 1, 2, 3, 0, 0, 3, 2, 0]: 1
4_2: 1: [3, 7, 11, 19, 26, 30]: [0, 1, 1, 2, 1, 0, 1, 2, 3, 2, 0]: 0
5_7: 1: [8, 13, 12, 16, 25, 31]: [0, 1, 0, 0, 0, 1, 1, 2, 2, 1, 2]: 1
6_9: 1: [10, 14, 15, 23, 25, 26]: [0, 1, 0, 1, 0, 2, 1, 1, 2, 1, 0]: 1
7_2: 1: [2, 5, 10, 17, 23, 27]: [0, 2, 1, 2, 1, 1, 0, 1, 1, 1, 2]: 3
8_1: 1: [4, 11, 13, 22, 23, 26]: [0, 2, 1, 2, 0, 2, 2, 0, 2, 1, 0]: 3
8_7: 1: [6, 9, 11, 15, 22, 30]: [0, 1, 1, 3, 1, 0, 2, 0, 2, 1, 0]: 1
8_8: 1: [7, 11, 13, 18, 21, 25]: [0, 1, 0, 2, 2, 2, 2, 3, 1, 0, 2]: 2
10_1: 1: [2, 8, 13, 23, 27, 30]: [0, 1, 0, 0, 2, 1, 2, 0, 1, 1, 1]: 2
14_9: 1: [4, 10, 13, 20, 25, 28]: [0, 2, 1, 0, 1, 0, 2, 3, 2, 0, 3]: 1
15_9: 1: [9, 13, 13, 22, 26, 29]: [0, 1, 0, 1, 0, 2, 1, 3, 1, 0, 0]: 2
19_6: 1: [3, 9, 14, 26, 29, 31]: [0, 1, 1, 3, 1, 3, 2, 2, 1, 0, 0]: 0
19_9: 1: [6, 12, 14, 22, 28, 29]: [0, 2, 0, 2, 4, 2, 0, 1, 1, 2, 1]: 1
20_9: 1: [7, 13, 14, 23, 26, 28]: [0, 2, 0, 2, 3, 1, 1, 0, 2, 0, 1]: 2
5_10: 1: [10, 12, 16, 20, 25, 29]: [0, 1, 1, 0, 1, 1, 0, 2, 1, 1, 1]: 0
14_10: 1: [6, 11, 15, 20, 26, 28]: [0, 2, 2, 0, 1, 1, 1, 1, 1, 1, 2]: 0
15_10: 1: [7, 13, 14, 21, 27, 29]: [0, 2, 1, 1, 0, 3, 1, 1, 2, 0, 0]: 1
19_10: 1: [7, 12, 15, 21, 26, 28]: [0, 2, 1, 0, 2, 2, 1, 2, 1, 1, 0]: 0
1_0: 0: [4, 8, 13, 18, 24, 26]: [2, 0, 0, 1, 0, 0, 0, 0, 0, 1, 2]: 2
1_1: 0: [4, 12, 17, 24, 28, 30]: [1, 0, 2, 0, 2, 2, 0, 1, 1, 1, 1]: 1
1_2: 0: [2, 7, 11, 16, 22, 28]: [2, 1, 3, 0, 2, 0, 0, 1, 1, 1, 2]: 1
1_3: 0: [3, 8, 13, 17, 23, 28]: [1, 3, 0, 2, 0, 1, 1, 1, 2, 2, 1]: 3
1_4: 0: [4, 9, 14, 19, 24, 29]: [2, 2, 0, 1, 1, 2, 0, 2, 0, 0, 0]: 0
1_5: 0: [4, 9, 14, 19, 23, 28]: [2, 2, 0, 1, 2, 3, 0, 2, 1, 0, 2]: 1
1_6: 0: [2, 9, 17, 19, 26, 28]: [2, 1, 0, 1, 1, 2, 1, 1, 1, 1, 0]: 1
1_7: 0: [2, 8, 12, 17, 23, 27]: [2, 1, 3, 2, 2, 1, 1, 1, 0, 1, 1]: 2
1_8: 0: [1, 8, 12, 16, 25, 28]: [1, 0, 2, 1, 2, 2, 1, 0, 1, 0, 1]: 0
1_9: 0: [1, 8, 12, 16, 25, 27]: [3, 1, 1, 0, 0, 1, 0, 0, 1, 0, 1]: 0
2_0: 0: [6, 9, 15, 20, 23, 27]: [3, 2, 1, 1, 1, 3, 3, 3, 0, 0, 0]: 1
2_2: 0: [3, 7, 10, 16, 24, 28]: [1, 0, 3, 2, 0, 2, 2, 1, 1, 2, 2]: 0
2_4: 0: [4, 8, 12, 18, 23, 28]: [2, 2, 0, 1, 1, 3, 0, 0, 0, 1, 1]: 2
2_5: 0: [4, 9, 14, 19, 24, 28]: [2, 2, 0, 1, 0, 2, 0, 1, 0, 1, 2]: 0
2_6: 0: [2, 6, 15, 22, 25, 30]: [1, 0, 2, 1, 1, 2, 1, 2, 1, 1, 2]: 1
2_7: 0: [7, 8, 9, 14, 24, 29]: [1, 1, 1, 4, 2, 1, 1, 1, 1, 2, 0]: 0
2_9: 0: [5, 11, 15, 21, 25, 29]: [2, 2, 0, 2, 1, 0, 2, 3, 1, 1, 0]: 1
3_0: 0: [10, 11, 15, 18, 24, 27]: [1, 3, 3, 1, 1, 2, 1, 1, 2, 1, 0]: 1
3_1: 0: [4, 11, 17, 27, 27, 30]: [1, 1, 2, 1, 0, 3, 0, 0, 0, 0, 3]: 1
3_2: 0: [4, 7, 11, 19, 25, 28]: [2, 1, 1, 2, 1, 0, 0, 2, 1, 3, 0]: 0
3_3: 0: [3, 8, 13, 19, 23, 29]: [2, 2, 1, 1, 0, 3, 0, 1, 2, 1, 2]: 2
3_4: 0: [4, 9, 13, 18, 23, 29]: [2, 3, 0, 2, 1, 1, 0, 1, 0, 2, 0]: 3
3_5: 0: [4, 9, 14, 19, 23, 28]: [3, 2, 0, 2, 1, 3, 0, 1, 1, 1, 2]: 1
3_6: 0: [7, 8, 19, 22, 27, 31]: [1, 1, 1, 1, 1, 1, 3, 2, 2, 1, 0]: 1
3_7: 0: [6, 7, 11, 17, 21, 29]: [1, 1, 1, 2, 2, 2, 3, 1, 1, 2, 1]: 1
3_8: 0: [8, 10, 11, 15, 25, 29]: [1, 2, 0, 2, 0, 0, 1, 1, 0, 0, 0]: 0
3_9: 0: [9, 10, 13, 16, 25, 27]: [1, 2, 0, 1, 3, 2, 0, 1, 0, 2, 1]: 1
4_0: 0: [9, 12, 14, 19, 25, 30]: [1, 1, 1, 0, 1, 1, 0, 1, 0, 1, 0]: 0
4_1: 0: [4, 10, 14, 22, 29, 29]: [2, 0, 0, 1, 2, 1, 1, 2, 0, 2, 0]: 1
4_3: 0: [5, 9, 15, 20, 25, 30]: [2, 1, 2, 1, 0, 1, 0, 0, 2, 2, 0]: 1
4_4: 0: [5, 9, 14, 19, 24, 30]: [2, 1, 1, 2, 2, 2, 0, 2, 0, 1, 1]: 1
4_5: 0: [4, 9, 14, 19, 24, 28]: [3, 2, 0, 1, 2, 3, 0, 2, 1, 1, 1]: 0
4_6: 0: [9, 7, 12, 22, 30, 33]: [2, 1, 1, 1, 3, 2, 1, 0, 0, 1, 0]: 1
4_7: 0: [7, 7, 8, 18, 25, 32]: [2, 1, 1, 2, 2, 1, 2, 2, 2, 2, 1]: 1
4_8: 0: [7, 12, 13, 24, 26, 31]: [2, 3, 0, 1, 0, 2, 0, 2, 0, 2, 1]: 1
4_9: 0: [7, 11, 13, 21, 26, 30]: [2, 2, 0, 3, 2, 0, 1, 2, 0, 1, 1]: 1
5_0: 0: [10, 12, 16, 20, 25, 29]: [0, 1, 1, 0, 1, 1, 0, 2, 1, 1, 1]: 0
5_1: 0: [2, 8, 14, 20, 25, 28]: [1, 3, 1, 0, 0, 0, 1, 1, 1, 1, 1]: 0
5_2: 0: [4, 7, 12, 18, 26, 30]: [2, 1, 1, 0, 0, 1, 2, 0, 2, 1, 1]: 1
5_3: 0: [4, 9, 13, 19, 24, 29]: [2, 2, 1, 0, 0, 1, 2, 2, 1, 2, 0]: 1
5_4: 0: [5, 10, 14, 19, 24, 29]: [1, 1, 0, 0, 2, 1, 0, 2, 1, 1, 1]: 1
5_5: 0: [4, 9, 13, 18, 23, 28]: [2, 2, 0, 2, 2, 1, 0, 2, 0, 1, 2]: 3
5_6: 0: [9, 13, 15, 19, 26, 32]: [2, 2, 4, 1, 0, 1, 3, 1, 2, 0, 1]: 1
5_8: 0: [11, 10, 14, 21, 26, 29]: [3, 1, 0, 1, 2, 1, 0, 2, 1, 0, 0]: 0
5_9: 0: [11, 10, 15, 20, 26, 29]: [2, 1, 1, 2, 0, 1, 0, 1, 0, 2, 1]: 0
6_0: 0: [10, 14, 16, 22, 26, 30]: [1, 2, 1, 2, 2, 2, 3, 1, 1, 1, 1]: 1
6_1: 0: [3, 10, 14, 23, 25, 29]: [1, 0, 1, 0, 1, 1, 1, 2, 1, 1, 2]: 1
6_2: 0: [4, 8, 13, 18, 24, 30]: [1, 0, 2, 2, 1, 2, 1, 2, 2, 0, 2]: 2
6_3: 0: [4, 9, 13, 19, 23, 29]: [1, 2, 2, 0, 1, 2, 0, 1, 2, 1, 0]: 2
6_4: 0: [4, 8, 13, 18, 23, 29]: [1, 1, 0, 1, 1, 2, 0, 2, 1, 0, 1]: 3
6_5: 0: [4, 8, 13, 18, 23, 28]: [2, 2, 0, 1, 1, 3, 0, 2, 0, 0, 2]: 3
6_6: 0: [10, 16, 18, 22, 26, 28]: [1, 2, 1, 1, 1, 0, 1, 2, 1, 1, 0]: 2
6_7: 0: [12, 13, 15, 19, 23, 30]: [1, 2, 0, 3, 1, 4, 1, 1, 2, 1, 1]: 2
6_8: 0: [12, 14, 15, 23, 24, 26]: [2, 2, 1, 1, 2, 2, 1, 1, 2, 4, 1]: 1
7_0: 0: [7, 12, 15, 22, 26, 30]: [1, 3, 0, 0, 1, 3, 2, 1, 0, 1, 0]: 1
7_1: 0: [4, 8, 14, 22, 24, 26]: [1, 0, 1, 1, 2, 1, 1, 1, 0, 1, 1]: 1
7_3: 0: [4, 8, 14, 20, 24, 29]: [1, 1, 3, 0, 1, 2, 1, 0, 1, 2, 1]: 0
7_4: 0: [4, 8, 13, 18, 23, 29]: [2, 1, 0, 1, 1, 2, 0, 2, 0, 1, 1]: 3
7_5: 0: [4, 9, 14, 19, 23, 28]: [2, 2, 0, 2, 1, 2, 0, 1, 0, 1, 2]: 1
7_6: 0: [5, 10, 12, 22, 29, 31]: [1, 3, 1, 2, 2, 0, 1, 0, 1, 0, 1]: 2
7_7: 0: [10, 11, 13, 21, 28, 31]: [2, 2, 0, 1, 0, 2, 1, 3, 1, 1, 2]: 1
7_8: 0: [8, 12, 15, 21, 26, 29]: [2, 3, 1, 1, 1, 1, 0, 1, 0, 0, 0]: 0
7_9: 0: [7, 10, 13, 20, 24, 27]: [1, 0, 0, 2, 0, 2, 1, 3, 3, 2, 1]: 1
8_0: 0: [9, 12, 17, 21, 25, 28]: [1, 2, 1, 1, 1, 2, 1, 1, 0, 3, 0]: 1
8_2: 0: [4, 7, 11, 17, 22, 28]: [2, 2, 1, 0, 2, 2, 2, 3, 2, 1, 1]: 2
8_3: 0: [4, 9, 14, 19, 24, 29]: [2, 3, 1, 2, 0, 2, 2, 2, 3, 1, 0]: 0
8_4: 0: [4, 8, 13, 18, 23, 28]: [2, 3, 0, 1, 1, 1, 0, 0, 1, 2, 1]: 3
8_5: 0: [4, 8, 13, 19, 23, 28]: [2, 2, 0, 1, 1, 3, 0, 1, 1, 1, 2]: 2
8_6: 0: [8, 15, 17, 24, 27, 31]: [1, 1, 0, 1, 1, 0, 3, 0, 2, 0, 1]: 1
8_9: 0: [7, 12, 16, 20, 24, 26]: [2, 2, 0, 3, 0, 1, 1, 1, 1, 2, 1]: 0
9_0: 0: [7, 12, 15, 20, 23, 29]: [1, 2, 0, 0, 2, 1, 0, 2, 1, 2, 1]: 1
9_1: 0: [6, 9, 16, 25, 25, 27]: [1, 1, 1, 1, 0, 2, 0, 0, 2, 0, 1]: 0
9_2: 0: [2, 6, 11, 17, 23, 29]: [2, 1, 2, 1, 1, 1, 1, 1, 2, 2, 1]: 2
9_3: 0: [3, 8, 12, 17, 23, 29]: [1, 1, 2, 2, 0, 3, 1, 2, 2, 2, 0]: 2
9_4: 0: [4, 8, 13, 18, 23, 29]: [2, 1, 0, 2, 1, 2, 0, 2, 0, 2, 1]: 3
9_5: 0: [4, 8, 14, 19, 24, 28]: [2, 2, 0, 1, 1, 3, 0, 2, 0, 0, 2]: 0
9_6: 0: [6, 11, 15, 22, 28, 32]: [1, 0, 1, 0, 2, 1, 1, 2, 2, 0, 0]: 1
9_7: 0: [6, 11, 16, 21, 26, 30]: [2, 0, 0, 0, 0, 1, 0, 2, 1, 1, 2]: 0
9_9: 0: [6, 10, 14, 21, 23, 29]: [4, 1, 0, 1, 3, 0, 1, 1, 1, 2, 2]: 1
10_0: 0: [7, 14, 18, 21, 26, 28]: [2, 3, 0, 1, 2, 1, 1, 1, 0, 0, 1]: 1
10_2: 0: [2, 7, 13, 21, 26, 30]: [2, 0, 2, 0, 1, 0, 1, 1, 1, 1, 2]: 1
10_3: 0: [3, 9, 13, 19, 24, 30]: [1, 2, 2, 2, 0, 3, 1, 1, 0, 1, 1]: 1
10_4: 0: [5, 10, 15, 20, 25, 30]: [2, 1, 0, 1, 2, 2, 0, 2, 1, 2, 1]: 1
10_5: 0: [4, 9, 14, 19, 24, 28]: [2, 2, 0, 2, 1, 3, 0, 2, 1, 1, 2]: 0
10_7: 0: [6, 10, 11, 15, 21, 26]: [3, 3, 1, 2, 1, 1, 0, 2, 1, 2, 1]: 0
10_8: 0: [7, 12, 16, 20, 24, 28]: [1, 1, 2, 0, 4, 2, 1, 2, 1, 3, 0]: 0
10_9: 0: [6, 11, 15, 21, 26, 27]: [2, 2, 0, 1, 2, 2, 2, 3, 1, 2, 2]: 0
11_0: 0: [6, 12, 15, 21, 25, 28]: [1, 1, 0, 2, 1, 2, 1, 0, 1, 1, 2]: 0
11_1: 0: [2, 9, 14, 19, 22, 25]: [2, 2, 2, 1, 1, 1, 2, 0, 2, 0, 2]: 1
11_2: 0: [5, 9, 11, 15, 21, 27]: [2, 2, 1, 1, 1, 1, 1, 2, 2, 1, 2]: 1
11_3: 0: [4, 9, 13, 19, 23, 29]: [2, 2, 1, 1, 1, 3, 0, 1, 1, 1, 2]: 2
11_4: 0: [5, 9, 14, 19, 23, 29]: [1, 1, 0, 2, 2, 2, 0, 2, 0, 2, 1]: 2
11_5: 0: [4, 9, 14, 18, 23, 28]: [2, 2, 0, 2, 2, 3, 0, 2, 1, 1, 1]: 2
11_6: 0: [5, 9, 9, 15, 21, 25]: [1, 1, 0, 1, 3, 1, 2, 0, 0, 3, 1]: 1
11_7: 0: [6, 6, 7, 16, 23, 29]: [2, 1, 3, 2, 1, 2, 0, 3, 1, 1, 1]: 1
11_8: 0: [7, 10, 12, 22, 27, 28]: [2, 1, 1, 1, 1, 1, 1, 1, 1, 0, 0]: 1
11_9: 0: [7, 11, 13, 22, 27, 28]: [1, 0, 1, 3, 0, 1, 1, 1, 0, 1, 0]: 2
12_0: 0: [8, 12, 18, 20, 24, 28]: [2, 2, 0, 1, 2, 1, 1, 1, 1, 1, 2]: 1
12_1: 0: [1, 10, 18, 26, 28, 28]: [2, 1, 1, 1, 0, 2, 0, 2, 2, 2, 2]: 1
12_2: 0: [3, 6, 12, 20, 26, 30]: [3, 0, 1, 0, 0, 2, 0, 1, 4, 2, 0]: 0
12_3: 0: [4, 9, 13, 19, 24, 29]: [1, 2, 2, 2, 1, 3, 1, 1, 1, 1, 1]: 1
12_4: 0: [4, 9, 13, 19, 23, 29]: [1, 3, 1, 1, 1, 2, 0, 2, 1, 1, 1]: 2
12_5: 0: [4, 9, 14, 19, 24, 28]: [2, 2, 0, 1, 1, 3, 0, 2, 1, 1, 2]: 0
12_6: 0: [5, 10, 13, 19, 23, 28]: [3, 1, 2, 1, 2, 1, 2, 1, 0, 3, 2]: 3
12_7: 0: [2, 8, 10, 19, 21, 29]: [1, 1, 0, 0, 1, 1, 1, 2, 0, 3, 1]: 0
12_8: 0: [5, 13, 16, 19, 21, 29]: [1, 3, 1, 0, 1, 3, 2, 1, 1, 2, 1]: 2
12_9: 0: [6, 13, 17, 19, 23, 28]: [1, 4, 0, 2, 0, 2, 1, 0, 1, 1, 1]: 3
13_0: 0: [8, 12, 13, 22, 22, 28]: [1, 1, 1, 0, 1, 2, 1, 1, 0, 1, 1]: 2
13_3: 0: [3, 8, 14, 19, 24, 29]: [2, 1, 1, 2, 0, 2, 1, 2, 3, 2, 1]: 0
13_4: 0: [4, 9, 14, 19, 24, 29]: [2, 1, 1, 1, 2, 2, 0, 1, 0, 1, 1]: 0
13_5: 0: [4, 9, 14, 19, 24, 28]: [2, 2, 0, 2, 1, 3, 0, 1, 1, 1, 2]: 0
13_6: 0: [4, 9, 9, 20, 22, 28]: [2, 1, 1, 0, 1, 3, 1, 0, 2, 2, 0]: 1
13_7: 0: [3, 5, 6, 12, 19, 30]: [1, 2, 1, 1, 3, 1, 1, 1, 1, 2, 2]: 1
13_8: 0: [5, 9, 8, 17, 18, 26]: [2, 1, 0, 2, 2, 0, 1, 1, 1, 2, 0]: 3
13_9: 0: [7, 11, 11, 20, 20, 26]: [1, 1, 1, 1, 0, 1, 0, 1, 1, 2, 2]: 0
14_0: 0: [6, 11, 15, 20, 26, 28]: [0, 2, 2, 0, 1, 1, 1, 1, 1, 1, 2]: 0
14_1: 0: [5, 12, 14, 22, 27, 28]: [1, 0, 0, 2, 2, 1, 3, 1, 0, 1, 2]: 2
14_2: 0: [4, 7, 10, 17, 23, 28]: [1, 1, 1, 1, 1, 1, 2, 0, 1, 3, 2]: 2
14_3: 0: [4, 8, 13, 17, 23, 29]: [1, 1, 2, 0, 2, 2, 1, 2, 0, 2, 1]: 3
14_4: 0: [4, 9, 13, 18, 23, 29]: [2, 2, 0, 1, 0, 3, 0, 1, 0, 1, 1]: 3
14_5: 0: [4, 9, 14, 18, 23, 28]: [2, 2, 0, 2, 1, 3, 0, 1, 1, 0, 2]: 2
14_6: 0: [5, 10, 15, 21, 29, 30]: [1, 1, 0, 2, 2, 1, 2, 1, 3, 1, 2]: 1
14_7: 0: [7, 8, 12, 16, 25, 27]: [1, 2, 1, 1, 3, 1, 1, 1, 1, 2, 0]: 0
14_8: 0: [3, 7, 12, 19, 26, 28]: [1, 2, 1, 1, 0, 3, 2, 1, 1, 0, 2]: 0
15_0: 0: [7, 13, 14, 21, 27, 29]: [0, 2, 1, 1, 0, 3, 1, 1, 2, 0, 0]: 1
15_1: 0: [4, 10, 14, 24, 27, 29]: [1, 1, 0, 0, 0, 2, 2, 2, 2, 3, 3]: 0
15_2: 0: [3, 6, 10, 18, 25, 28]: [1, 1, 4, 1, 2, 0, 0, 1, 3, 0, 1]: 1
15_3: 0: [4, 8, 13, 18, 24, 29]: [1, 2, 2, 1, 2, 2, 1, 0, 2, 1, 1]: 2
15_4: 0: [4, 9, 14, 19, 24, 28]: [2, 2, 0, 1, 2, 2, 0, 2, 0, 1, 0]: 0
15_5: 0: [4, 9, 14, 18, 23, 28]: [2, 2, 0, 1, 1, 3, 0, 2, 1, 0, 2]: 2
15_6: 0: [6, 11, 13, 25, 29, 32]: [2, 0, 0, 3, 1, 2, 0, 1, 1, 1, 3]: 1
15_7: 0: [7, 10, 9, 17, 25, 29]: [1, 0, 0, 0, 0, 1, 1, 1, 2, 1, 1]: 1
15_8: 0: [9, 14, 12, 21, 26, 29]: [3, 1, 2, 1, 3, 2, 3, 2, 3, 1, 0]: 0
16_0: 0: [6, 10, 13, 20, 25, 28]: [2, 3, 2, 0, 0, 1, 1, 2, 1, 1, 1]: 1
16_2: 0: [3, 7, 11, 17, 24, 28]: [1, 0, 1, 0, 0, 1, 3, 2, 2, 3, 0]: 1
16_3: 0: [4, 8, 13, 18, 24, 29]: [2, 2, 0, 0, 1, 3, 0, 0, 0, 2, 1]: 2
16_4: 0: [4, 9, 13, 18, 23, 29]: [2, 2, 0, 1, 0, 1, 0, 2, 0, 1, 0]: 3
16_5: 0: [4, 9, 14, 19, 23, 28]: [2, 2, 0, 1, 1, 3, 0, 2, 0, 0, 2]: 1
16_6: 0: [5, 11, 13, 23, 26, 31]: [3, 1, 1, 2, 0, 2, 1, 1, 2, 2, 1]: 3
16_7: 0: [5, 7, 8, 15, 22, 27]: [1, 2, 1, 2, 0, 1, 1, 3, 1, 1, 1]: 2
16_8: 0: [6, 9, 14, 22, 24, 29]: [2, 3, 2, 1, 0, 0, 0, 2, 0, 1, 0]: 1
16_9: 0: [5, 9, 14, 23, 25, 29]: [1, 2, 2, 0, 1, 2, 1, 3, 2, 1, 0]: 2
17_0: 0: [9, 9, 11, 16, 21, 25]: [1, 2, 2, 0, 1, 1, 1, 0, 1, 0, 2]: 0
17_1: 0: [3, 10, 13, 19, 25, 30]: [1, 1, 0, 0, 0, 2, 1, 4, 0, 1, 1]: 1
17_2: 0: [4, 9, 11, 16, 23, 29]: [1, 2, 3, 0, 0, 1, 0, 2, 2, 2, 1]: 1
17_3: 0: [3, 8, 13, 18, 24, 29]: [2, 1, 1, 2, 0, 3, 0, 2, 0, 2, 1]: 2
17_4: 0: [4, 9, 13, 18, 23, 29]: [2, 1, 1, 1, 1, 2, 0, 1, 1, 1, 1]: 3
17_5: 0: [4, 9, 14, 19, 24, 28]: [3, 2, 0, 2, 1, 3, 0, 1, 1, 1, 2]: 0
17_6: 0: [5, 8, 15, 21, 26, 28]: [1, 3, 2, 1, 2, 2, 2, 1, 2, 1, 3]: 1
17_7: 0: [9, 6, 9, 13, 20, 28]: [3, 0, 0, 1, 0, 1, 1, 1, 2, 0, 3]: 1
17_8: 0: [7, 9, 10, 14, 22, 28]: [1, 2, 1, 2, 1, 1, 2, 0, 1, 0, 1]: 1
17_9: 0: [6, 8, 9, 16, 22, 28]: [2, 2, 2, 1, 1, 1, 2, 2, 0, 0, 0]: 1
18_0: 0: [8, 12, 16, 22, 26, 30]: [2, 1, 1, 3, 1, 1, 0, 1, 2, 2, 2]: 1
18_1: 0: [6, 12, 17, 24, 26, 30]: [1, 3, 0, 2, 0, 1, 3, 0, 3, 1, 0]: 1
18_2: 0: [5, 6, 11, 16, 22, 29]: [1, 1, 2, 1, 0, 1, 0, 2, 1, 0, 0]: 2
18_3: 0: [4, 8, 13, 19, 24, 29]: [1, 1, 2, 1, 0, 1, 0, 2, 3, 3, 2]: 1
18_4: 0: [4, 8, 13, 17, 23, 28]: [2, 2, 1, 1, 1, 1, 0, 0, 0, 1, 1]: 3
18_5: 0: [4, 9, 14, 19, 23, 28]: [3, 2, 0, 2, 2, 2, 0, 1, 1, 1, 1]: 1
18_6: 0: [4, 10, 15, 18, 25, 29]: [1, 1, 2, 0, 1, 2, 2, 1, 1, 2, 0]: 1
18_7: 0: [6, 14, 14, 16, 21, 29]: [1, 0, 2, 2, 1, 1, 1, 1, 2, 0, 1]: 0
18_8: 0: [6, 9, 12, 20, 23, 27]: [1, 2, 1, 1, 2, 0, 1, 0, 2, 2, 1]: 1
18_9: 0: [7, 10, 13, 21, 24, 26]: [1, 1, 1, 1, 1, 0, 4, 1, 2, 1, 1]: 1
19_0: 0: [7, 12, 15, 21, 26, 28]: [0, 2, 1, 0, 2, 2, 1, 2, 1, 1, 0]: 0
19_1: 0: [5, 9, 13, 22, 26, 27]: [1, 0, 1, 3, 1, 2, 1, 2, 2, 0, 1]: 3
19_2: 0: [5, 6, 10, 18, 23, 28]: [2, 0, 2, 0, 1, 3, 1, 2, 2, 1, 0]: 3
19_3: 0: [3, 8, 13, 19, 23, 29]: [3, 1, 1, 1, 2, 1, 1, 2, 1, 2, 2]: 2
19_4: 0: [5, 9, 14, 19, 23, 29]: [2, 3, 0, 1, 0, 2, 0, 2, 1, 1, 1]: 2
19_5: 0: [4, 9, 14, 19, 23, 28]: [2, 2, 0, 2, 1, 2, 0, 2, 1, 1, 2]: 1
19_7: 0: [9, 10, 10, 22, 25, 30]: [2, 2, 1, 1, 1, 3, 0, 2, 1, 1, 1]: 1
19_8: 0: [6, 12, 14, 24, 29, 30]: [1, 1, 1, 2, 2, 2, 0, 2, 2, 1, 0]: 0
20_0: 0: [7, 13, 16, 22, 26, 28]: [1, 1, 1, 1, 0, 1, 1, 1, 2, 1, 0]: 2
20_1: 0: [4, 10, 13, 23, 25, 29]: [2, 1, 3, 0, 0, 1, 0, 0, 2, 2, 1]: 2
20_2: 0: [4, 7, 11, 19, 24, 29]: [2, 1, 1, 0, 1, 3, 1, 2, 2, 1, 2]: 0
20_3: 0: [4, 8, 13, 19, 25, 30]: [2, 1, 1, 0, 1, 3, 1, 0, 3, 1, 1]: 1
20_4: 0: [4, 8, 14, 19, 23, 29]: [2, 2, 0, 1, 0, 0, 0, 1, 0, 2, 0]: 1
20_5: 0: [4, 9, 14, 19, 24, 28]: [2, 2, 0, 1, 1, 3, 0, 1, 0, 0, 2]: 0
20_6: 0: [6, 10, 12, 17, 26, 25]: [1, 0, 0, 0, 0, 0, 2, 0, 2, 1, 1]: 1
20_7: 0: [8, 8, 9, 12, 22, 23]: [1, 1, 1, 1, 2, 0, 0, 0, 2, 0, 1]: 2
20_8: 0: [6, 12, 13, 20, 26, 27]: [2, 0, 1, 2, 2, 1, 1, 3, 0, 0, 0]: 1
1_10: 0: [4, 8, 13, 18, 24, 26]: [2, 0, 0, 1, 0, 0, 0, 0, 0, 1, 2]: 2
2_10: 0: [6, 9, 15, 20, 23, 27]: [3, 2, 1, 1, 1, 3, 3, 3, 0, 0, 0]: 1
3_10: 0: [10, 11, 15, 18, 24, 27]: [1, 3, 3, 1, 1, 2, 1, 1, 2, 1, 0]: 1
4_10: 0: [9, 12, 14, 19, 25, 30]: [1, 1, 1, 0, 1, 1, 0, 1, 0, 1, 0]: 0
6_10: 0: [10, 14, 16, 22, 26, 30]: [1, 2, 1, 2, 2, 2, 3, 1, 1, 1, 1]: 1
7_10: 0: [7, 12, 15, 22, 26, 30]: [1, 3, 0, 0, 1, 3, 2, 1, 0, 1, 0]: 1
8_10: 0: [9, 12, 17, 21, 25, 28]: [1, 2, 1, 1, 1, 2, 1, 1, 0, 3, 0]: 1
9_10: 0: [7, 12, 15, 20, 23, 29]: [1, 2, 0, 0, 2, 1, 0, 2, 1, 2, 1]: 1
10_10: 0: [7, 14, 18, 21, 26, 28]: [2, 3, 0, 1, 2, 1, 1, 1, 0, 0, 1]: 1
11_10: 0: [6, 12, 15, 21, 25, 28]: [1, 1, 0, 2, 1, 2, 1, 0, 1, 1, 2]: 0
12_10: 0: [8, 12, 18, 20, 24, 28]: [2, 2, 0, 1, 2, 1, 1, 1, 1, 1, 2]: 1
13_10: 0: [8, 12, 13, 22, 22, 28]: [1, 1, 1, 0, 1, 2, 1, 1, 0, 1, 1]: 2
16_10: 0: [6, 10, 13, 20, 25, 28]: [2, 3, 2, 0, 0, 1, 1, 2, 1, 1, 1]: 1
17_10: 0: [9, 9, 11, 16, 21, 25]: [1, 2, 2, 0, 1, 1, 1, 0, 1, 0, 2]: 0
18_10: 0: [8, 12, 16, 22, 26, 30]: [2, 1, 1, 3, 1, 1, 0, 1, 2, 2, 2]: 1
20_10: 0: [7, 13, 16, 22, 26, 28]: [1, 1, 1, 1, 0, 1, 1, 1, 2, 1, 0]: 2
