
predict number: 1
('18_8&0%9_6&0%3_6&0%11_8&0%6_8&0%15_2&0%15_7&0%15_10&0%18_3&0', 4)
len:17 predict: [5, 7, 8, 9, 10, 11, 12, 13, 15, 17, 19, 20, 21, 22, 23, 25, 26]:

predict number: 2
('18_8&0%9_6&0%10_7&0%11_8&0%6_8&0%15_2&0%5_10&0%12_10&0%15_7&0', 4)
len:20 predict: [5, 7, 8, 9, 10, 11, 12, 13, 14, 17, 18, 19, 20, 21, 22, 23, 24, 25, 26, 27]:

predict number: 3
('18_8&0%9_6&0%10_7&0%11_8&0%6_8&0%15_2&0%5_10&0%12_10&0%15_10&0', 4)
len:20 predict: [5, 7, 8, 9, 10, 11, 12, 13, 14, 17, 18, 19, 20, 21, 22, 23, 24, 25, 26, 27]:

predict number: 4
('18_8&0%9_6&0%10_7&0%11_8&0%6_8&0%15_2&0%5_10&0%12_10&0%18_3&0', 4)
len:21 predict: [5, 7, 8, 9, 10, 11, 12, 13, 14, 15, 17, 18, 19, 20, 21, 22, 23, 24, 25, 26, 27]:

predict number: 5
('18_8&0%9_6&0%10_7&0%11_8&0%6_8&0%15_2&0%5_10&0%15_7&0%15_10&0', 4)
len:19 predict: [5, 7, 8, 9, 10, 11, 12, 13, 14, 17, 19, 20, 21, 22, 23, 24, 25, 26, 27]:

len:5 all-inter:[14, 15, 18, 24, 27]
len:16 intersection:[5, 7, 8, 9, 10, 11, 12, 13, 17, 19, 20, 21, 22, 23, 25, 26]

