continues1
5_9: 12: [2, 11, 13, 20, 26, 30]: [1, 1, 1, 1, 2, 1, 1, 1, 1, 1, 1, 1]: 2
7_7: 12: [5, 12, 22, 22, 24, 28]: [2, 1, 3, 2, 1, 1, 1, 2, 2, 2, 2, 1]: 0
15_1: 12: [2, 8, 12, 17, 25, 32]: [3, 1, 2, 2, 1, 2, 1, 2, 1, 1, 1, 2]: 0
6_2: 11: [3, 10, 13, 18, 24, 31]: [2, 1, 1, 2, 1, 1, 2, 1, 1, 1, 1]: 1
1_9: 10: [7, 16, 18, 22, 26, 31]: [1, 1, 2, 2, 1, 1, 1, 1, 1, 2]: 2
2_2: 10: [2, 6, 9, 18, 25, 30]: [2, 2, 1, 1, 1, 1, 2, 2, 2, 2]: 1
6_1: 10: [2, 7, 15, 19, 26, 31]: [2, 1, 2, 1, 1, 1, 2, 1, 2, 2]: 1
5_6: 8: [0, 9, 16, 19, 26, 30]: [1, 1, 2, 1, 1, 1, 2, 2]: 2
14_3: 8: [2, 6, 12, 17, 24, 28]: [1, 2, 1, 2, 1, 3, 1, 1]: 0
18_9: 8: [6, 12, 14, 20, 26, 30]: [1, 2, 2, 1, 2, 1, 1, 1]: 3
13_3: 7: [2, 8, 11, 17, 22, 29]: [1, 1, 1, 1, 1, 1, 1]: 0
14_1: 7: [0, 5, 10, 16, 25, 27]: [2, 1, 1, 3, 1, 2, 1]: 1
16_3: 7: [2, 6, 11, 16, 22, 26]: [1, 1, 1, 2, 4, 2, 2]: 1
16_7: 7: [7, 11, 13, 22, 30, 31]: [1, 1, 1, 1, 2, 1, 1]: 2
17_3: 7: [3, 7, 12, 17, 23, 28]: [1, 1, 1, 1, 2, 1, 1]: 0
20_3: 7: [3, 6, 11, 17, 22, 27]: [1, 1, 1, 1, 1, 2, 1]: 0
11_10: 7: [5, 10, 15, 22, 25, 29]: [2, 2, 1, 1, 3, 1, 1]: 0
18_10: 7: [6, 12, 16, 21, 25, 30]: [2, 1, 1, 1, 1, 1, 2]: 2
1_1: 6: [3, 7, 13, 23, 28, 32]: [1, 1, 1, 2, 1, 2]: 0
1_8: 6: [9, 17, 19, 22, 26, 32]: [1, 1, 1, 1, 1, 3]: 0
continues0
1_6: 5: [5, 16, 17, 22, 25, 31]: [0, 0, 0, 0, 0, 1, 1, 1, 1, 0, 1]: 2
3_6: 3: [1, 11, 14, 19, 26, 32]: [0, 0, 0, 1, 2, 1, 2, 0, 0, 0, 2]: 2
8_3: 3: [3, 7, 11, 17, 21, 26]: [0, 0, 0, 2, 1, 3, 2, 1, 0, 2, 1]: 0
5_3: 2: [4, 7, 12, 17, 22, 27]: [0, 0, 2, 0, 1, 2, 2, 0, 2, 0, 1]: 0
5_8: 2: [3, 13, 13, 19, 24, 29]: [0, 0, 2, 2, 1, 1, 2, 0, 1, 0, 1]: 0
9_3: 2: [3, 6, 12, 17, 23, 27]: [0, 0, 2, 1, 2, 0, 1, 1, 1, 2, 1]: 0
13_1: 2: [1, 5, 12, 14, 26, 34]: [0, 0, 1, 1, 0, 1, 2, 2, 1, 1, 2]: 2
4_10: 2: [6, 11, 14, 20, 26, 30]: [0, 0, 1, 2, 2, 2, 3, 1, 0, 2, 1]: 3
7_10: 2: [7, 11, 17, 21, 27, 31]: [0, 0, 1, 2, 1, 1, 2, 2, 2, 0, 1]: 1
2_3: 1: [2, 7, 11, 16, 22, 27]: [0, 2, 1, 2, 3, 2, 1, 1, 2, 2, 1]: 1
2_7: 1: [6, 11, 14, 20, 25, 29]: [0, 2, 2, 0, 2, 2, 0, 0, 1, 2, 0]: 2
2_9: 1: [6, 12, 16, 21, 26, 29]: [0, 1, 2, 3, 2, 2, 1, 1, 0, 1, 2]: 1
3_2: 1: [4, 6, 12, 18, 23, 31]: [0, 1, 0, 2, 0, 3, 0, 0, 0, 0, 0]: 1
3_8: 1: [6, 13, 16, 22, 26, 30]: [0, 1, 1, 2, 0, 2, 0, 1, 0, 0, 1]: 2
4_1: 1: [4, 9, 16, 23, 28, 32]: [0, 1, 0, 1, 1, 1, 2, 1, 1, 2, 0]: 1
4_2: 1: [4, 9, 14, 20, 25, 32]: [0, 3, 2, 3, 1, 2, 2, 1, 3, 2, 0]: 2
4_3: 1: [4, 8, 12, 17, 22, 29]: [0, 1, 0, 1, 1, 2, 3, 1, 1, 2, 1]: 0
4_6: 1: [1, 15, 17, 23, 27, 31]: [0, 1, 2, 1, 0, 1, 1, 0, 1, 0, 1]: 2
6_3: 1: [3, 8, 12, 18, 22, 28]: [0, 1, 1, 2, 2, 3, 1, 0, 2, 1, 2]: 0
6_6: 1: [1, 15, 20, 23, 24, 30]: [0, 2, 0, 1, 1, 1, 2, 2, 2, 0, 2]: 3
6_9: 1: [5, 11, 17, 22, 26, 31]: [0, 1, 0, 2, 1, 0, 1, 1, 0, 0, 1]: 1
7_8: 1: [3, 13, 19, 20, 24, 30]: [0, 1, 1, 1, 1, 0, 0, 0, 3, 0, 1]: 2
8_1: 1: [1, 5, 9, 16, 23, 30]: [0, 1, 2, 1, 1, 2, 2, 0, 2, 2, 1]: 3
8_7: 1: [2, 8, 10, 22, 22, 28]: [0, 1, 0, 0, 1, 3, 0, 1, 1, 0, 1]: 0
9_6: 1: [5, 16, 19, 21, 27, 31]: [0, 1, 2, 1, 1, 1, 2, 0, 1, 0, 2]: 2
10_8: 1: [5, 11, 12, 19, 25, 28]: [0, 2, 1, 1, 0, 1, 0, 0, 0, 2, 1]: 0
11_8: 1: [7, 15, 16, 21, 24, 29]: [0, 3, 0, 1, 1, 2, 1, 0, 1, 1, 0]: 1
11_9: 1: [5, 11, 13, 21, 26, 29]: [0, 2, 0, 1, 2, 1, 1, 0, 0, 0, 1]: 0
12_2: 1: [2, 5, 11, 18, 26, 33]: [0, 2, 2, 2, 0, 1, 0, 1, 1, 2, 2]: 0
13_6: 1: [3, 11, 18, 23, 26, 30]: [0, 1, 0, 1, 0, 3, 1, 0, 1, 1, 1]: 1
13_8: 1: [4, 15, 19, 23, 26, 29]: [0, 2, 2, 1, 0, 3, 1, 1, 0, 0, 1]: 0
14_7: 1: [4, 16, 16, 21, 25, 29]: [0, 1, 0, 0, 2, 0, 1, 0, 1, 1, 1]: 1
15_8: 1: [8, 14, 16, 23, 30, 32]: [0, 1, 1, 2, 0, 1, 2, 1, 0, 0, 1]: 3
15_9: 1: [8, 14, 16, 24, 29, 31]: [0, 2, 1, 1, 3, 1, 1, 2, 1, 0, 1]: 3
16_1: 1: [4, 7, 12, 16, 20, 29]: [0, 3, 1, 2, 1, 0, 2, 0, 0, 1, 1]: 2
16_2: 1: [4, 11, 14, 20, 25, 33]: [0, 1, 0, 4, 1, 2, 1, 1, 1, 0, 0]: 2
16_8: 1: [6, 11, 14, 24, 29, 31]: [0, 1, 0, 1, 1, 2, 0, 1, 1, 2, 1]: 2
16_9: 1: [5, 11, 14, 24, 28, 31]: [0, 3, 0, 2, 0, 1, 2, 1, 0, 0, 1]: 2
17_9: 1: [5, 15, 16, 20, 26, 31]: [0, 3, 2, 0, 2, 1, 1, 0, 3, 1, 0]: 3
18_1: 1: [2, 5, 10, 13, 24, 30]: [0, 2, 2, 3, 1, 2, 1, 0, 3, 1, 1]: 1
18_2: 1: [3, 6, 10, 16, 22, 29]: [0, 1, 1, 1, 1, 1, 2, 1, 0, 0, 1]: 1
18_6: 1: [4, 11, 14, 21, 24, 29]: [0, 1, 1, 0, 2, 1, 0, 0, 2, 1, 0]: 1
19_2: 1: [3, 7, 11, 20, 27, 31]: [0, 1, 1, 1, 1, 2, 1, 0, 3, 1, 1]: 2
19_6: 1: [3, 8, 15, 21, 26, 30]: [0, 2, 2, 1, 2, 3, 1, 1, 0, 1, 0]: 1
19_8: 1: [1, 9, 15, 20, 25, 28]: [0, 3, 1, 2, 1, 1, 2, 1, 2, 2, 0]: 2
20_8: 1: [8, 15, 18, 21, 24, 28]: [0, 3, 0, 1, 1, 1, 2, 0, 1, 0, 1]: 0
2_10: 1: [5, 10, 15, 22, 24, 29]: [0, 2, 1, 0, 1, 2, 1, 1, 1, 1, 1]: 0
3_10: 1: [6, 12, 15, 22, 26, 30]: [0, 1, 2, 1, 1, 0, 0, 0, 1, 1, 2]: 1
8_10: 1: [6, 11, 13, 23, 25, 30]: [0, 3, 1, 1, 2, 1, 0, 0, 0, 2, 0]: 1
15_10: 1: [7, 14, 17, 22, 26, 30]: [0, 1, 1, 3, 2, 0, 1, 1, 2, 0, 2]: 2
19_10: 1: [2, 9, 14, 20, 26, 29]: [0, 2, 1, 2, 0, 0, 2, 1, 1, 2, 1]: 2
20_10: 1: [7, 13, 18, 20, 25, 29]: [0, 1, 0, 1, 0, 1, 4, 0, 1, 1, 1]: 1
1_0: 0: [6, 15, 18, 21, 25, 31]: [2, 1, 1, 2, 0, 2, 3, 0, 0, 2, 2]: 1
1_1: 0: [3, 7, 13, 23, 28, 32]: [1, 1, 1, 2, 1, 2, 0, 1, 0, 1, 2]: 0
1_2: 0: [2, 8, 13, 20, 26, 30]: [2, 1, 0, 1, 1, 4, 1, 1, 1, 0, 2]: 2
1_3: 0: [4, 8, 13, 18, 23, 28]: [1, 0, 1, 2, 1, 2, 2, 2, 0, 2, 3]: 0
1_4: 0: [5, 10, 16, 20, 24, 29]: [0, 1, 1, 2, 3, 2, 1, 0, 1, 1, 1]: 2
1_5: 0: [5, 10, 15, 20, 24, 29]: [2, 2, 1, 1, 0, 2, 1, 0, 2, 1, 1]: 1
1_7: 0: [10, 17, 19, 23, 27, 31]: [1, 0, 0, 2, 0, 2, 0, 0, 2, 3, 3]: 1
1_8: 0: [9, 17, 19, 22, 26, 32]: [1, 1, 1, 1, 1, 3, 0, 1, 0, 3, 1]: 0
1_9: 0: [7, 16, 18, 22, 26, 31]: [1, 1, 2, 2, 1, 1, 1, 1, 1, 2, 0]: 2
2_0: 0: [5, 10, 15, 22, 24, 29]: [0, 2, 1, 0, 1, 2, 1, 1, 1, 1, 1]: 0
2_1: 0: [1, 7, 9, 13, 29, 33]: [1, 2, 0, 1, 1, 3, 0, 0, 4, 1, 0]: 1
2_2: 0: [2, 6, 9, 18, 25, 30]: [2, 2, 1, 1, 1, 1, 2, 2, 2, 2, 0]: 1
2_4: 0: [4, 10, 15, 19, 24, 29]: [1, 3, 1, 1, 1, 3, 2, 0, 1, 1, 1]: 0
2_5: 0: [4, 9, 14, 19, 24, 29]: [2, 1, 1, 1, 1, 2, 2, 0, 2, 1, 1]: 1
2_6: 0: [3, 11, 14, 21, 26, 30]: [2, 1, 1, 0, 0, 0, 0, 1, 0, 1, 1]: 2
2_8: 0: [5, 12, 15, 21, 25, 29]: [2, 1, 1, 1, 2, 2, 0, 0, 2, 2, 2]: 0
3_0: 0: [6, 12, 15, 22, 26, 30]: [0, 1, 2, 1, 1, 0, 0, 0, 1, 1, 2]: 1
3_1: 0: [1, 10, 14, 20, 26, 28]: [3, 1, 2, 2, 0, 1, 0, 1, 0, 1, 0]: 3
3_3: 0: [3, 6, 11, 15, 21, 27]: [2, 0, 0, 1, 2, 2, 0, 2, 0, 1, 0]: 0
3_4: 0: [4, 9, 14, 18, 23, 29]: [0, 0, 1, 0, 1, 2, 0, 0, 2, 1, 0]: 1
3_5: 0: [5, 9, 14, 19, 23, 29]: [2, 2, 1, 1, 1, 1, 1, 0, 2, 1, 2]: 1
3_7: 0: [4, 12, 18, 24, 27, 28]: [1, 2, 0, 3, 0, 1, 0, 1, 1, 0, 1]: 0
3_9: 0: [4, 11, 14, 21, 26, 30]: [1, 3, 2, 2, 1, 2, 0, 0, 0, 0, 1]: 2
4_0: 0: [6, 11, 14, 20, 26, 30]: [0, 0, 1, 2, 2, 2, 3, 1, 0, 2, 1]: 3
4_4: 0: [5, 10, 14, 19, 23, 29]: [1, 1, 1, 0, 1, 2, 1, 0, 2, 1, 0]: 1
4_5: 0: [4, 9, 14, 19, 24, 29]: [1, 2, 1, 1, 0, 2, 1, 0, 3, 1, 1]: 1
4_7: 0: [1, 11, 11, 19, 25, 31]: [1, 2, 0, 2, 2, 1, 2, 0, 1, 2, 1]: 2
4_8: 0: [2, 10, 12, 20, 27, 32]: [1, 2, 1, 2, 1, 0, 2, 0, 1, 1, 1]: 1
4_9: 0: [5, 10, 12, 18, 26, 31]: [1, 0, 0, 1, 0, 2, 2, 0, 0, 1, 2]: 1
5_0: 0: [3, 9, 15, 23, 26, 30]: [1, 1, 2, 2, 1, 1, 0, 0, 2, 2, 1]: 1
5_1: 0: [1, 6, 13, 23, 28, 33]: [1, 1, 0, 0, 2, 2, 2, 1, 2, 0, 0]: 1
5_2: 0: [2, 6, 9, 20, 27, 32]: [1, 1, 0, 2, 0, 2, 2, 1, 1, 0, 2]: 1
5_4: 0: [4, 9, 15, 19, 24, 29]: [1, 2, 2, 1, 0, 2, 1, 0, 2, 1, 0]: 0
5_5: 0: [4, 9, 14, 19, 24, 29]: [2, 1, 1, 1, 1, 1, 1, 0, 2, 1, 1]: 1
5_6: 0: [0, 9, 16, 19, 26, 30]: [1, 1, 2, 1, 1, 1, 2, 2, 0, 1, 2]: 2
5_7: 0: [3, 12, 16, 19, 24, 29]: [2, 1, 0, 1, 1, 1, 1, 2, 0, 1, 1]: 1
5_9: 0: [2, 11, 13, 20, 26, 30]: [1, 1, 1, 1, 2, 1, 1, 1, 1, 1, 1]: 2
6_0: 0: [4, 9, 15, 20, 24, 29]: [1, 0, 1, 3, 2, 0, 2, 1, 1, 3, 1]: 1
6_1: 0: [2, 7, 15, 19, 26, 31]: [2, 1, 2, 1, 1, 1, 2, 1, 2, 2, 0]: 1
6_2: 0: [3, 10, 13, 18, 24, 31]: [2, 1, 1, 2, 1, 1, 2, 1, 1, 1, 1]: 1
6_4: 0: [5, 10, 15, 19, 24, 29]: [1, 0, 0, 1, 1, 2, 1, 0, 2, 1, 1]: 0
6_5: 0: [5, 9, 14, 19, 24, 29]: [2, 1, 1, 1, 1, 2, 1, 0, 3, 1, 1]: 1
6_7: 0: [4, 13, 17, 24, 26, 29]: [1, 3, 1, 1, 1, 1, 0, 0, 3, 2, 2]: 0
6_8: 0: [4, 11, 16, 23, 25, 31]: [1, 1, 1, 1, 0, 1, 0, 1, 0, 2, 1]: 2
7_0: 0: [7, 11, 17, 21, 27, 31]: [0, 0, 1, 2, 1, 1, 2, 2, 2, 0, 1]: 1
7_1: 0: [2, 9, 15, 20, 27, 31]: [1, 2, 0, 0, 0, 0, 1, 1, 0, 0, 1]: 2
7_2: 0: [2, 7, 10, 16, 22, 31]: [2, 1, 0, 2, 2, 1, 2, 1, 1, 1, 3]: 2
7_3: 0: [3, 7, 12, 16, 23, 28]: [1, 0, 2, 1, 3, 2, 2, 1, 2, 0, 2]: 1
7_4: 0: [4, 10, 14, 19, 24, 29]: [1, 1, 1, 1, 1, 3, 1, 0, 2, 1, 1]: 1
7_5: 0: [4, 9, 14, 19, 24, 29]: [2, 2, 1, 1, 1, 1, 1, 0, 3, 1, 1]: 1
7_6: 0: [3, 14, 20, 22, 26, 32]: [1, 2, 0, 3, 1, 0, 0, 1, 1, 2, 2]: 2
7_7: 0: [5, 12, 22, 22, 24, 28]: [2, 1, 3, 2, 1, 1, 1, 2, 2, 2, 2]: 0
7_9: 0: [4, 11, 17, 20, 26, 31]: [1, 2, 1, 3, 1, 0, 1, 1, 0, 1, 1]: 2
8_0: 0: [6, 11, 13, 23, 25, 30]: [0, 3, 1, 1, 2, 1, 0, 0, 0, 2, 0]: 1
8_2: 0: [3, 8, 11, 16, 22, 30]: [1, 2, 0, 3, 1, 1, 1, 0, 0, 2, 3]: 2
8_4: 0: [4, 9, 14, 18, 23, 28]: [1, 2, 1, 1, 1, 3, 1, 0, 2, 1, 0]: 1
8_5: 0: [4, 9, 14, 19, 24, 29]: [2, 2, 1, 1, 0, 2, 1, 0, 3, 1, 2]: 1
8_6: 0: [0, 8, 9, 22, 22, 28]: [1, 1, 2, 3, 0, 0, 1, 2, 1, 2, 2]: 0
8_8: 0: [3, 9, 10, 20, 21, 29]: [2, 2, 1, 1, 1, 1, 0, 1, 0, 0, 1]: 1
8_9: 0: [5, 11, 12, 21, 24, 29]: [1, 2, 2, 1, 3, 1, 0, 2, 1, 1, 0]: 0
9_0: 0: [4, 9, 12, 21, 24, 27]: [1, 3, 1, 2, 0, 1, 0, 0, 1, 1, 0]: 0
9_1: 0: [5, 8, 15, 18, 22, 29]: [1, 1, 0, 0, 2, 1, 2, 0, 1, 0, 2]: 0
9_2: 0: [2, 5, 7, 12, 20, 31]: [1, 1, 0, 2, 0, 3, 0, 3, 1, 2, 2]: 2
9_4: 0: [4, 9, 14, 18, 23, 29]: [1, 1, 1, 1, 0, 2, 1, 0, 2, 1, 1]: 1
9_5: 0: [5, 9, 14, 19, 24, 28]: [2, 2, 1, 1, 1, 1, 1, 0, 2, 1, 2]: 1
9_7: 0: [6, 15, 17, 23, 26, 32]: [2, 1, 0, 0, 3, 3, 0, 1, 0, 0, 1]: 0
9_8: 0: [4, 12, 13, 22, 25, 29]: [1, 1, 3, 1, 2, 2, 0, 1, 1, 1, 1]: 0
9_9: 0: [4, 10, 13, 22, 25, 28]: [2, 2, 2, 1, 0, 1, 0, 0, 2, 3, 1]: 0
10_0: 0: [6, 13, 17, 21, 24, 28]: [1, 0, 1, 2, 2, 3, 2, 0, 0, 1, 2]: 0
10_1: 0: [0, 10, 12, 21, 27, 32]: [1, 3, 0, 1, 2, 1, 1, 1, 1, 1, 1]: 0
10_2: 0: [2, 7, 10, 19, 24, 32]: [2, 1, 2, 2, 1, 0, 1, 2, 1, 1, 0]: 0
10_3: 0: [3, 7, 12, 16, 22, 28]: [1, 0, 1, 1, 2, 2, 0, 1, 1, 0, 3]: 1
10_4: 0: [4, 9, 14, 19, 23, 29]: [1, 3, 1, 2, 2, 2, 2, 0, 3, 1, 1]: 1
10_5: 0: [4, 9, 14, 19, 24, 29]: [2, 1, 1, 1, 0, 1, 1, 0, 3, 1, 2]: 1
10_6: 0: [3, 13, 12, 21, 26, 29]: [1, 2, 1, 0, 2, 2, 2, 0, 1, 2, 2]: 0
10_7: 0: [4, 8, 11, 19, 24, 27]: [1, 2, 1, 0, 2, 1, 1, 0, 1, 1, 1]: 0
10_9: 0: [5, 12, 14, 20, 25, 29]: [2, 1, 1, 0, 1, 1, 0, 1, 0, 1, 1]: 2
11_0: 0: [5, 10, 15, 22, 25, 29]: [2, 2, 1, 1, 3, 1, 1, 0, 0, 1, 1]: 0
11_1: 0: [1, 9, 15, 19, 27, 31]: [2, 0, 1, 2, 0, 1, 1, 0, 1, 2, 1]: 2
11_2: 0: [2, 9, 13, 20, 27, 33]: [2, 2, 1, 1, 2, 0, 1, 2, 1, 1, 2]: 1
11_3: 0: [3, 6, 11, 17, 21, 28]: [2, 1, 2, 0, 1, 2, 2, 0, 2, 1, 1]: 0
11_4: 0: [4, 9, 14, 18, 23, 29]: [1, 1, 0, 1, 1, 2, 1, 0, 2, 1, 1]: 1
11_5: 0: [4, 9, 14, 19, 24, 29]: [1, 2, 1, 1, 0, 1, 1, 0, 2, 1, 1]: 1
11_6: 0: [2, 11, 14, 20, 23, 30]: [1, 1, 1, 2, 1, 1, 0, 2, 0, 2, 1]: 3
11_7: 0: [7, 13, 15, 21, 23, 27]: [1, 2, 2, 0, 2, 1, 0, 1, 0, 0, 1]: 0
12_0: 0: [6, 12, 17, 22, 26, 30]: [2, 1, 0, 2, 2, 0, 2, 0, 0, 0, 0]: 1
12_1: 0: [2, 6, 11, 15, 28, 32]: [2, 2, 1, 2, 0, 2, 3, 0, 0, 1, 1]: 0
12_3: 0: [3, 6, 12, 16, 22, 28]: [1, 2, 1, 0, 2, 2, 0, 0, 0, 1, 1]: 1
12_4: 0: [4, 9, 14, 19, 24, 29]: [1, 1, 1, 1, 1, 1, 1, 0, 2, 1, 1]: 1
12_5: 0: [4, 9, 14, 19, 24, 29]: [2, 1, 1, 1, 0, 2, 1, 0, 1, 1, 1]: 1
12_6: 0: [4, 11, 17, 23, 28, 30]: [2, 0, 1, 1, 0, 2, 1, 2, 2, 1, 0]: 1
12_7: 0: [4, 12, 19, 23, 27, 27]: [1, 0, 0, 1, 1, 0, 1, 2, 2, 0, 1]: 0
12_8: 0: [5, 11, 17, 23, 27, 29]: [1, 1, 1, 0, 2, 1, 1, 2, 2, 2, 0]: 0
12_9: 0: [6, 11, 16, 22, 26, 29]: [1, 0, 1, 1, 2, 2, 2, 1, 2, 2, 0]: 1
13_0: 0: [5, 11, 16, 24, 27, 31]: [1, 3, 0, 1, 0, 1, 3, 1, 2, 0, 1]: 2
13_2: 0: [1, 7, 10, 16, 22, 32]: [1, 1, 1, 2, 1, 1, 0, 0, 4, 1, 0]: 2
13_3: 0: [2, 8, 11, 17, 22, 29]: [1, 1, 1, 1, 1, 1, 1, 0, 2, 2, 1]: 0
13_4: 0: [4, 9, 14, 19, 24, 29]: [1, 0, 1, 0, 0, 3, 2, 0, 1, 1, 0]: 1
13_5: 0: [4, 9, 14, 19, 24, 29]: [2, 2, 2, 1, 0, 2, 1, 0, 2, 1, 1]: 1
13_7: 0: [5, 14, 20, 23, 25, 27]: [2, 0, 1, 1, 0, 3, 0, 1, 1, 1, 1]: 2
13_9: 0: [5, 12, 16, 23, 27, 29]: [2, 0, 0, 2, 1, 2, 1, 1, 3, 0, 0]: 1
14_0: 0: [5, 11, 15, 21, 26, 28]: [2, 2, 0, 2, 0, 2, 1, 0, 0, 0, 2]: 0
14_1: 0: [0, 5, 10, 16, 25, 27]: [2, 1, 1, 3, 1, 2, 1, 0, 2, 0, 0]: 1
14_2: 0: [2, 5, 12, 15, 23, 30]: [2, 2, 1, 2, 0, 3, 0, 1, 3, 2, 0]: 1
14_3: 0: [2, 6, 12, 17, 24, 28]: [1, 2, 1, 2, 1, 3, 1, 1, 0, 1, 1]: 0
14_4: 0: [4, 9, 15, 19, 24, 29]: [1, 1, 1, 1, 1, 2, 2, 0, 1, 1, 0]: 0
14_5: 0: [5, 9, 14, 19, 24, 29]: [2, 1, 2, 1, 1, 1, 1, 0, 1, 1, 1]: 1
14_6: 0: [2, 15, 16, 20, 27, 31]: [2, 0, 0, 3, 1, 1, 1, 2, 2, 1, 1]: 3
14_8: 0: [5, 17, 19, 22, 28, 29]: [2, 0, 1, 0, 3, 1, 0, 0, 1, 1, 2]: 0
14_9: 0: [6, 14, 17, 22, 28, 29]: [3, 3, 0, 1, 0, 1, 2, 0, 0, 1, 1]: 1
15_0: 0: [7, 14, 17, 22, 26, 30]: [0, 1, 1, 3, 2, 0, 1, 1, 2, 0, 2]: 2
15_1: 0: [2, 8, 12, 17, 25, 32]: [3, 1, 2, 2, 1, 2, 1, 2, 1, 1, 1]: 0
15_2: 0: [3, 10, 14, 19, 26, 32]: [1, 3, 2, 0, 2, 1, 1, 1, 0, 0, 2]: 1
15_3: 0: [3, 8, 12, 16, 21, 27]: [1, 0, 1, 1, 2, 3, 1, 1, 1, 1, 2]: 1
15_4: 0: [4, 9, 14, 18, 24, 29]: [0, 0, 1, 1, 0, 2, 2, 0, 3, 1, 0]: 1
15_5: 0: [5, 9, 14, 19, 24, 29]: [2, 2, 1, 1, 0, 2, 1, 0, 3, 1, 1]: 1
15_6: 0: [4, 10, 15, 20, 29, 34]: [3, 0, 1, 2, 0, 0, 2, 0, 0, 1, 1]: 1
15_7: 0: [9, 16, 18, 23, 31, 33]: [1, 0, 1, 1, 1, 2, 1, 1, 0, 0, 1]: 2
16_0: 0: [4, 9, 14, 22, 26, 30]: [1, 1, 1, 2, 1, 1, 0, 1, 1, 3, 2]: 2
16_3: 0: [2, 6, 11, 16, 22, 26]: [1, 1, 1, 2, 4, 2, 2, 0, 0, 1, 0]: 1
16_4: 0: [4, 9, 14, 18, 24, 29]: [0, 0, 1, 2, 1, 2, 0, 0, 2, 1, 2]: 1
16_5: 0: [5, 9, 14, 19, 24, 29]: [2, 2, 1, 1, 0, 1, 1, 0, 2, 1, 1]: 1
16_6: 0: [2, 13, 14, 20, 25, 29]: [1, 1, 1, 0, 0, 0, 0, 0, 0, 1, 2]: 2
16_7: 0: [7, 11, 13, 22, 30, 31]: [1, 1, 1, 1, 2, 1, 1, 0, 1, 0, 1]: 2
17_0: 0: [5, 14, 18, 22, 27, 31]: [2, 1, 1, 2, 0, 1, 1, 0, 0, 1, 1]: 2
17_1: 0: [3, 6, 10, 19, 23, 31]: [1, 2, 0, 1, 1, 0, 1, 1, 1, 2, 0]: 1
17_2: 0: [4, 8, 11, 17, 22, 31]: [1, 2, 0, 1, 1, 1, 2, 0, 0, 0, 1]: 1
17_3: 0: [3, 7, 12, 17, 23, 28]: [1, 1, 1, 1, 2, 1, 1, 0, 1, 2, 1]: 0
17_4: 0: [4, 9, 14, 19, 24, 29]: [1, 1, 1, 0, 0, 1, 1, 0, 3, 0, 0]: 1
17_5: 0: [4, 9, 14, 19, 24, 29]: [2, 1, 1, 1, 1, 1, 1, 0, 2, 1, 1]: 1
17_6: 0: [6, 13, 20, 23, 28, 32]: [3, 1, 2, 1, 1, 0, 1, 2, 2, 3, 3]: 1
17_7: 0: [5, 15, 19, 22, 26, 31]: [3, 1, 1, 1, 0, 0, 0, 2, 1, 0, 0]: 1
17_8: 0: [5, 15, 18, 22, 26, 31]: [1, 1, 1, 0, 0, 1, 0, 1, 1, 1, 2]: 1
18_0: 0: [6, 12, 16, 21, 25, 30]: [2, 1, 1, 1, 1, 1, 2, 0, 3, 1, 1]: 2
18_3: 0: [2, 7, 11, 15, 23, 27]: [2, 2, 0, 0, 1, 2, 3, 0, 3, 1, 1]: 0
18_4: 0: [4, 8, 14, 19, 24, 29]: [1, 1, 1, 1, 0, 2, 1, 0, 2, 1, 1]: 1
18_5: 0: [4, 9, 14, 19, 24, 29]: [1, 1, 1, 2, 0, 2, 1, 0, 3, 1, 2]: 1
18_7: 0: [3, 10, 16, 22, 26, 30]: [1, 2, 2, 3, 0, 2, 2, 0, 1, 0, 1]: 2
18_8: 0: [6, 12, 15, 20, 25, 30]: [1, 1, 0, 0, 1, 0, 1, 0, 0, 3, 1]: 2
18_9: 0: [6, 12, 14, 20, 26, 30]: [1, 2, 2, 1, 2, 1, 1, 1, 0, 1, 1]: 3
19_0: 0: [2, 9, 14, 20, 26, 29]: [0, 2, 1, 2, 0, 0, 2, 1, 1, 2, 1]: 2
19_1: 0: [1, 7, 10, 19, 28, 31]: [1, 1, 1, 1, 0, 2, 1, 2, 0, 2, 0]: 2
19_3: 0: [3, 7, 11, 16, 23, 28]: [2, 1, 1, 1, 2, 2, 0, 0, 2, 2, 1]: 1
19_4: 0: [4, 10, 15, 20, 24, 29]: [1, 3, 1, 1, 0, 2, 1, 0, 2, 1, 0]: 1
19_5: 0: [4, 9, 14, 19, 24, 29]: [2, 2, 1, 1, 0, 2, 1, 0, 2, 1, 1]: 1
19_7: 0: [3, 10, 16, 21, 25, 29]: [1, 0, 2, 1, 2, 1, 3, 0, 1, 2, 0]: 1
19_9: 0: [1, 8, 11, 19, 25, 28]: [1, 1, 2, 0, 0, 0, 2, 1, 2, 2, 1]: 1
20_0: 0: [7, 13, 18, 20, 25, 29]: [0, 1, 0, 1, 0, 1, 4, 0, 1, 1, 1]: 1
20_1: 0: [0, 8, 12, 17, 25, 31]: [1, 0, 0, 3, 1, 0, 3, 0, 1, 2, 0]: 1
20_2: 0: [2, 10, 13, 18, 24, 32]: [2, 0, 1, 1, 3, 2, 2, 1, 2, 1, 0]: 0
20_3: 0: [3, 6, 11, 17, 22, 27]: [1, 1, 1, 1, 1, 2, 1, 0, 1, 0, 1]: 0
20_4: 0: [4, 9, 14, 19, 23, 29]: [0, 0, 0, 0, 1, 2, 1, 0, 2, 1, 0]: 1
20_5: 0: [5, 9, 14, 19, 24, 28]: [2, 2, 0, 1, 0, 2, 1, 0, 2, 1, 2]: 1
20_6: 0: [7, 13, 18, 21, 25, 29]: [1, 1, 1, 2, 0, 1, 0, 0, 1, 1, 1]: 0
20_7: 0: [8, 16, 19, 22, 24, 27]: [1, 2, 0, 1, 4, 1, 3, 1, 1, 2, 1]: 1
20_9: 0: [7, 14, 17, 19, 26, 28]: [1, 2, 0, 2, 0, 0, 1, 1, 1, 0, 0]: 1
1_10: 0: [6, 15, 18, 21, 25, 31]: [2, 1, 1, 2, 0, 2, 3, 0, 0, 2, 2]: 1
5_10: 0: [3, 9, 15, 23, 26, 30]: [1, 1, 2, 2, 1, 1, 0, 0, 2, 2, 1]: 1
6_10: 0: [4, 9, 15, 20, 24, 29]: [1, 0, 1, 3, 2, 0, 2, 1, 1, 3, 1]: 1
9_10: 0: [4, 9, 12, 21, 24, 27]: [1, 3, 1, 2, 0, 1, 0, 0, 1, 1, 0]: 0
10_10: 0: [6, 13, 17, 21, 24, 28]: [1, 0, 1, 2, 2, 3, 2, 0, 0, 1, 2]: 0
11_10: 0: [5, 10, 15, 22, 25, 29]: [2, 2, 1, 1, 3, 1, 1, 0, 0, 1, 1]: 0
12_10: 0: [6, 12, 17, 22, 26, 30]: [2, 1, 0, 2, 2, 0, 2, 0, 0, 0, 0]: 1
13_10: 0: [5, 11, 16, 24, 27, 31]: [1, 3, 0, 1, 0, 1, 3, 1, 2, 0, 1]: 2
14_10: 0: [5, 11, 15, 21, 26, 28]: [2, 2, 0, 2, 0, 2, 1, 0, 0, 0, 2]: 0
16_10: 0: [4, 9, 14, 22, 26, 30]: [1, 1, 1, 2, 1, 1, 0, 1, 1, 3, 2]: 2
17_10: 0: [5, 14, 18, 22, 27, 31]: [2, 1, 1, 2, 0, 1, 1, 0, 0, 1, 1]: 2
18_10: 0: [6, 12, 16, 21, 25, 30]: [2, 1, 1, 1, 1, 1, 2, 0, 3, 1, 1]: 2
