30
less5
400_4___1__    14   1  [0, 0, 0, 0, 0, 3, 2, 2, 1, 2, 0, 1, 2, 1]  (2, 4)
400_5___1__    14   1  [0, 0, 0, 0, 4, 2, 2, 1, 2, 0, 1, 1, 0, 1]  (1, 4)
400_3___1__    12   1  [0, 0, 0, 0, 7, 2, 1, 2, 0, 1, 2, 1]  (4, 5)
600_4___1__    12   0  [0, 0, 0, 2, 1, 4, 2, 1, 3, 1, 2, 1]  (4, 7)
600_5___1__    12   0  [0, 0, 0, 6, 2, 2, 1, 2, 0, 1, 2, 1]  (4, 4)
400_2___1__    11   1  [0, 0, 6, 2, 2, 1, 2, 0, 1, 2, 1]  (2, 4)
1000_2___1__    11   1  [0, 0, 9, 2, 1, 1, 1, 1, 0, 1, 1]  (4, 6)
1000_4___1__    11   1  [0, 0, 0, 8, 2, 1, 3, 1, 1, 0, 1]  (4, 6)
400_1___1__    10   1  [0, 0, 6, 5, 1, 2, 0, 1, 2, 1]  (4, 4)
600_3___1__    10   1  [0, 0, 0, 8, 2, 1, 3, 1, 2, 1]  (4, 11)
1000_1___1__    10   2  [0, 4, 4, 2, 1, 1, 1, 1, 2, 1]  (4, 6)
1000_3___1__    10   1  [0, 0, 9, 2, 1, 1, 1, 1, 2, 1]  (4, 9)
1000_5___1__    10   1  [0, 0, 0, 8, 2, 1, 3, 1, 2, 1]  (4, 4)
600_2___1__    9   1  [0, 0, 9, 2, 1, 3, 1, 2, 1]  (4, 7)
600_1___1__    7   1  [0, 0, 4, 7, 1, 8, 1]  (4, 7)
part_in:(1, 11), all_in:(4, 4), all_out:(1, 11)
less8
400_5___2__    15   1  [2, 0, 0, 1, 1, 1, 0, 0, 2, 1, 0, 1, 1, 4]  (12, 16)
400_2___2__    14   0  [1, 1, 0, 2, 3, 0, 0, 3, 0, 2, 1, 2, 1]  (12, 15)
600_3___2__    14   1  [0, 1, 0, 0, 1, 3, 0, 0, 3, 0, 2, 4, 1]  (8, 12)
600_4___2__    14   2  [0, 0, 0, 0, 1, 3, 0, 0, 3, 0, 2, 4, 1]  (10, 12)
600_5___2__    14   2  [0, 0, 1, 1, 3, 0, 0, 3, 0, 0, 6, 0, 0]  (11, 12)
1000_3___2__    14   2  [1, 0, 0, 1, 3, 0, 0, 2, 0, 0, 1, 2, 4]  (9, 12)
1000_4___2__    14   4  [1, 1, 3, 0, 0, 2, 0, 0, 1, 0, 1, 1, 2]  (10, 12)
1000_5___2__    14   4  [0, 0, 1, 3, 0, 0, 3, 0, 1, 0, 1, 3, 0]  (11, 12)
600_2___2__    13   2  [1, 0, 2, 3, 0, 0, 2, 0, 0, 4, 2, 1]  (11, 12)
400_3___2__    12   2  [1, 0, 0, 1, 3, 0, 0, 4, 2, 1, 4]  (12, 15)
400_4___2__    12   4  [0, 0, 1, 1, 1, 0, 0, 4, 2, 1, 4]  (12, 18)
1000_2___2__    12   2  [1, 3, 3, 0, 0, 2, 0, 0, 1, 0, 5, 0]  (12, 12)
600_1___2__    11   2  [0, 0, 1, 1, 3, 0, 0, 3, 0, 9]  (12, 12)
1000_1___2__    11   2  [1, 3, 3, 0, 0, 2, 0, 0, 1, 2, 4]  (11, 12)
400_1___2__    10   0  [3, 7, 0, 0, 3, 0, 4, 2, 1]  (12, 15)
part_in:(8, 18), all_in:(12, 12), all_out:(8, 18)
less9
400_4___3__    10   1  [0, 0, 0, 1, 2, 3, 2, 5, 1, 4]  (9, 12)
600_3___3__    10   1  [0, 0, 0, 1, 2, 3, 2, 4, 0, 6]  (4, 12)
600_5___3__    10   1  [0, 0, 0, 1, 2, 3, 2, 4, 0, 6]  (9, 12)
1000_1___3__    10   1  [0, 0, 0, 4, 3, 2, 3, 1, 1, 4]  (7, 12)
1000_3___3__    10   1  [0, 0, 0, 4, 3, 2, 3, 1, 1, 4]  (7, 12)
1000_4___3__    10   1  [0, 0, 0, 4, 3, 2, 3, 1, 1, 4]  (9, 12)
400_2___3__    9   1  [0, 0, 0, 4, 3, 2, 5, 1, 4]  (11, 12)
400_3___3__    9   1  [0, 0, 0, 4, 3, 2, 5, 1, 4]  (7, 12)
400_5___3__    9   1  [0, 0, 0, 1, 2, 3, 2, 5, 6]  (10, 12)
600_2___3__    9   1  [0, 0, 0, 4, 3, 2, 5, 1, 4]  (8, 12)
1000_2___3__    9   1  [1, 0, 4, 3, 2, 3, 1, 1, 4]  (7, 12)
600_4___3__    8   1  [0, 0, 0, 1, 6, 2, 5, 6]  (8, 12)
1000_5___3__    8   1  [0, 0, 0, 8, 2, 5, 1, 4]  (11, 12)
400_1___3__    7   1  [1, 0, 8, 2, 5, 1, 4]  (8, 12)
600_1___3__    6   1  [0, 0, 0, 8, 2, 12]  (8, 12)
part_in:(4, 10), all_in:(11, 12), all_out:(4, 12)
less10
400_4___4__    17   0  [1, 0, 1, 0, 0, 0, 0, 0, 1, 0, 0, 1, 1, 3, 1, 2, 1]  (0, 4)
400_5___4__    17   0  [1, 0, 1, 0, 0, 1, 0, 1, 0, 0, 1, 0, 0, 5, 1, 0, 1]  (0, 4)
400_3___4__    16   0  [1, 2, 0, 0, 0, 0, 0, 1, 0, 0, 1, 1, 3, 1, 2, 1]  (0, 4)
600_4___4__    16   0  [1, 0, 2, 0, 0, 0, 1, 0, 0, 0, 1, 5, 1, 0, 1, 1]  (0, 4)
600_5___4__    16   0  [1, 0, 2, 0, 0, 0, 0, 0, 0, 0, 0, 1, 5, 1, 2, 1]  (1, 4)
1000_3___4__    16   0  [1, 4, 0, 0, 0, 1, 0, 0, 1, 0, 0, 3, 0, 0, 2, 1]  (0, 4)
600_2___4__    15   0  [1, 3, 0, 0, 0, 0, 0, 0, 0, 0, 1, 5, 1, 2, 1]  (1, 4)
600_3___4__    15   0  [1, 0, 2, 0, 0, 0, 1, 0, 0, 0, 1, 5, 1, 2, 1]  (0, 4)
1000_4___4__    15   0  [1, 4, 0, 0, 2, 0, 0, 1, 0, 0, 3, 1, 0, 1, 1]  (2, 4)
600_1___4__    13   0  [1, 3, 0, 0, 0, 0, 0, 1, 0, 1, 7, 2, 1]  (1, 4)
1000_2___4__    13   0  [1, 4, 0, 1, 1, 0, 0, 1, 0, 2, 3, 2, 1]  (2, 4)
1000_5___4__    13   0  [1, 0, 3, 0, 0, 0, 1, 0, 0, 1, 1, 8, 1]  (2, 4)
400_1___4__    12   0  [1, 4, 1, 0, 0, 1, 0, 1, 6, 0, 2, 1]  (2, 4)
400_2___4__    12   0  [1, 4, 1, 0, 1, 0, 0, 1, 5, 1, 2, 1]  (2, 4)
1000_1___4__    11   0  [1, 4, 0, 0, 0, 2, 0, 1, 7, 2, 1]  (1, 4)
part_in:(0, 1), all_in:(2, 4), all_out:(0, 4)
row1
400_5___5__    16   0  [1, 0, 0, 0, 3, 0, 1, 1, 4, 1, 0, 0, 0, 2, 0, 0]  (0, 4)
400_4___5__    15   0  [1, 0, 0, 0, 3, 0, 1, 6, 1, 0, 0, 0, 2, 0, 0]  (1, 4)
600_2___5__    14   0  [1, 0, 0, 0, 6, 3, 2, 0, 0, 0, 1, 2, 0, 0]  (2, 4)
600_5___5__    14   0  [1, 0, 0, 0, 0, 5, 6, 1, 0, 1, 0, 1, 0, 0]  (3, 4)
1000_2___5__    14   0  [1, 0, 0, 0, 6, 6, 0, 0, 0, 1, 0, 1, 0, 0]  (3, 4)
400_2___5__    13   0  [1, 0, 0, 0, 3, 2, 6, 1, 0, 1, 2, 0, 0]  (3, 4)
400_3___5__    13   0  [1, 0, 0, 0, 3, 2, 6, 1, 0, 1, 2, 0, 0]  (1, 4)
600_1___5__    13   0  [1, 0, 0, 0, 6, 6, 0, 0, 0, 1, 2, 0, 0]  (2, 4)
600_3___5__    13   0  [1, 0, 0, 0, 0, 5, 6, 1, 0, 1, 2, 0, 0]  (1, 4)
600_4___5__    13   0  [1, 0, 0, 0, 0, 12, 1, 0, 1, 0, 1, 0, 0]  (2, 4)
1000_3___5__    13   0  [1, 0, 0, 0, 6, 6, 1, 0, 1, 0, 1, 0, 0]  (2, 4)
1000_4___5__    13   0  [1, 0, 0, 0, 13, 1, 0, 1, 0, 0, 0, 0, 0]  (2, 4)
1000_5___5__    13   0  [1, 0, 0, 0, 6, 6, 1, 0, 1, 0, 1, 0, 0]  (2, 4)
400_1___5__    12   0  [1, 0, 0, 0, 6, 6, 1, 0, 1, 2, 0, 0]  (4, 5)
1000_1___5__    12   0  [1, 0, 0, 0, 6, 6, 1, 0, 1, 2, 0, 0]  (3, 4)
part_in:(0, 2), all_in:(3, 4), all_out:(0, 4)
row2
600_3___6__    13   0  [1, 2, 5, 0, 3, 0, 0, 1, 1, 0, 2, 2]  (29, 31)
400_4___6__    12   0  [1, 0, 1, 5, 0, 3, 0, 0, 4, 0, 1, 2]  (28, 29)
600_1___6__    12   0  [0, 0, 2, 5, 0, 3, 0, 0, 1, 2, 2, 2]  (29, 29)
600_2___6__    12   0  [4, 5, 0, 3, 0, 0, 1, 2, 0, 1, 2]  (29, 29)
600_5___6__    12   0  [1, 0, 1, 10, 0, 0, 1, 1, 0, 0, 1, 2]  (29, 30)
1000_5___6__    12   1  [1, 1, 2, 3, 3, 0, 0, 4, 0, 1, 2]  (29, 37)
400_2___6__    11   0  [3, 0, 5, 0, 3, 0, 0, 4, 0, 1, 2]  (28, 29)
400_3___6__    11   0  [1, 2, 3, 2, 3, 0, 0, 4, 0, 1, 2]  (29, 30)
600_4___6__    11   0  [1, 0, 1, 11, 0, 1, 1, 0, 0, 1, 2]  (29, 31)
1000_2___6__    11   4  [0, 6, 3, 0, 0, 1, 2, 0, 1, 2]  (27, 29)
400_5___6__    10   0  [1, 2, 6, 3, 0, 0, 4, 0, 1, 2]  (29, 36)
1000_3___6__    10   2  [2, 6, 3, 0, 0, 1, 2, 0, 1, 2]  (29, 33)
1000_4___6__    9   1  [3, 6, 4, 0, 4, 0, 1, 2]  (29, 35)
400_1___6__    7   0  [10, 0, 3, 0, 0, 7, 2]  (29, 30)
1000_1___6__    7   12  [3, 0, 0, 1, 3, 1, 2]  (27, 29)
part_in:(27, 37), all_in:(29, 29), all_out:(27, 37)
row3
600_5___7__    13   0  [1, 0, 1, 0, 6, 2, 2, 0, 1, 0, 0, 1, 2]  (13, 16)
600_3___7__    12   0  [1, 2, 0, 5, 0, 2, 3, 1, 0, 2, 2]  (15, 16)
1000_3___7__    12   0  [0, 0, 2, 0, 6, 2, 2, 0, 2, 0, 1, 2]  (13, 16)
600_2___7__    11   0  [1, 2, 7, 2, 3, 1, 0, 0, 1, 2]  (16, 16)
600_4___7__    11   0  [1, 0, 1, 0, 6, 6, 1, 0, 0, 1, 2]  (14, 16)
1000_2___7__    11   0  [1, 2, 7, 2, 2, 0, 2, 0, 1, 2]  (16, 18)
1000_4___7__    11   0  [0, 0, 2, 0, 5, 0, 9, 0, 1, 2]  (11, 16)
400_3___7__    10   0  [1, 2, 0, 2, 6, 3, 2, 0, 1, 2]  (15, 16)
1000_5___7__    10   0  [0, 3, 0, 5, 0, 9, 0, 1, 2]  (10, 16)
400_1___7__    9   0  [5, 5, 3, 2, 3, 0, 1, 2]  (13, 16)
400_4___7__    9   0  [1, 0, 1, 0, 6, 9, 0, 1, 2]  (16, 17)
400_5___7__    9   0  [0, 0, 2, 0, 9, 6, 0, 1, 2]  (10, 16)
1000_1___7__    9   0  [5, 5, 0, 3, 2, 2, 0, 4]  (16, 17)
400_2___7__    8   0  [1, 3, 9, 3, 2, 0, 1, 2]  (16, 16)
600_1___7__    8   0  [0, 0, 3, 9, 3, 2, 5]  (16, 16)
part_in:(10, 18), all_in:(16, 16), all_out:(10, 18)
row4
600_4___8__    18   0  [0, 0, 1, 1, 1, 1, 0, 0, 0, 1, 1, 1, 0, 1, 1, 1, 0, 1]  (1, 1)
600_5___8__    18   1  [0, 1, 1, 1, 1, 0, 0, 0, 1, 1, 0, 0, 0, 1, 1, 1, 0, 1]  (1, 2)
600_3___8__    16   0  [0, 0, 1, 3, 2, 0, 0, 1, 1, 1, 0, 1, 1, 1, 0, 1]  (0, 1)
400_4___8__    15   0  [1, 1, 1, 1, 2, 0, 0, 1, 1, 1, 0, 3, 1, 0, 1]  (1, 2)
600_1___8__    15   1  [0, 5, 1, 0, 0, 0, 1, 0, 0, 2, 1, 1, 1, 0, 1]  (0, 1)
600_2___8__    15   0  [0, 0, 1, 3, 1, 0, 0, 0, 3, 2, 1, 1, 1, 0, 1]  (0, 1)
1000_3___8__    15   2  [1, 1, 1, 1, 0, 0, 0, 1, 1, 1, 0, 3, 1, 0, 1]  (0, 1)
400_5___8__    14   2  [1, 1, 1, 3, 0, 1, 1, 0, 1, 3, 1, 0, 1]  (1, 1)
400_3___8__    13   2  [1, 1, 1, 2, 0, 0, 1, 1, 1, 4, 1, 0, 1]  (1, 2)
1000_4___8__    13   4  [1, 1, 2, 0, 0, 1, 1, 1, 2, 1, 1, 0, 1]  (0, 1)
400_2___8__    11   2  [1, 3, 2, 0, 4, 0, 0, 4, 1, 0, 1]  (1, 1)
1000_1___8__    11   4  [3, 1, 0, 0, 2, 1, 0, 1, 3, 2, 1]  (1, 1)
1000_2___8__    11   4  [3, 1, 0, 0, 2, 1, 1, 0, 3, 2, 1]  (1, 1)
1000_5___8__    11   6  [1, 2, 0, 0, 1, 1, 6, 1, 0, 0, 0]  (0, 1)
400_1___8__    10   2  [1, 3, 2, 0, 4, 0, 3, 1, 2, 1]  (0, 1)
part_in:(0, 2), all_in:(1, 1), all_out:(0, 2)
sum16
600_5___9__    15   0  [1, 1, 0, 1, 4, 0, 2, 1, 1, 1, 1, 0, 1, 0, 0]  (30, 39)
1000_3___9__    15   2  [1, 0, 1, 0, 1, 0, 1, 2, 0, 0, 5, 0, 2, 0]  (25, 39)
1000_4___9__    13   0  [1, 2, 1, 0, 2, 1, 2, 1, 1, 3, 0, 3]  (31, 39)
1000_5___9__    13   0  [4, 1, 0, 2, 1, 2, 1, 1, 3, 0, 2, 0]  (30, 39)
600_3___9__    12   0  [3, 0, 2, 2, 1, 2, 1, 1, 3, 0, 3]  (32, 39)
600_4___9__    12   0  [1, 2, 1, 0, 4, 2, 1, 1, 3, 0, 2, 0]  (30, 39)
400_4___9__    11   0  [1, 1, 0, 1, 5, 2, 1, 1, 3, 0, 3]  (33, 39)
400_5___9__    10   0  [1, 2, 1, 5, 2, 1, 5, 0, 1, 1]  (29, 39)
400_3___9__    8   0  [3, 0, 7, 2, 1, 5, 0, 3]  (35, 39)
600_2___9__    8   0  [4, 7, 2, 1, 1, 4, 3]  (37, 39)
1000_1___9__    8   0  [1, 2, 1, 0, 4, 2, 7, 4]  (36, 39)
1000_2___9__    8   4  [0, 1, 0, 4, 2, 8, 3]  (37, 39)
400_2___9__    7   4  [0, 7, 2, 1, 6, 1, 1]  (36, 39)
400_1___9__    6   5  [7, 2, 1, 5, 2, 1]  (39, 39)
600_1___9__    6   5  [1, 0, 4, 6, 2, 5]  (36, 39)
part_in:(25, 36), all_in:(37, 39), all_out:(25, 39)
gap16
600_4___10__    10   6  [0, 2, 2, 2, 1, 1, 2, 0, 2, 1]  (23, 26)
400_5___10__    9   6  [0, 4, 0, 2, 0, 0, 4, 0, 4]  (23, 25)
600_2___10__    9   7  [2, 2, 2, 1, 1, 3, 2, 1]  (23, 23)
600_3___10__    9   6  [0, 2, 2, 2, 3, 2, 0, 4]  (23, 26)
400_1___10__    8   6  [0, 5, 1, 0, 6, 0, 2, 1]  (23, 27)
400_4___10__    8   6  [0, 4, 0, 2, 0, 5, 0, 4]  (23, 24)
1000_3___10__    8   6  [0, 2, 1, 3, 1, 4, 0, 4]  (21, 23)
400_3___10__    7   6  [0, 5, 2, 1, 4, 0, 4]  (23, 23)
1000_1___10__    7   6  [0, 5, 2, 3, 3, 4]  (20, 23)
1000_4___10__    7   6  [0, 8, 1, 1, 2, 0, 4]  (23, 24)
600_1___10__    6   7  [2, 5, 3, 3, 2, 1]  (23, 24)
600_5___10__    6   6  [0, 5, 2, 6, 0, 4]  (23, 26)
400_2___10__    5   6  [0, 5, 2, 7, 4]  (23, 24)
1000_2___10__    5   7  [5, 2, 0, 6, 4]  (22, 23)
1000_5___10__    5   6  [0, 5, 9, 0, 4]  (23, 24)
part_in:(20, 27), all_in:(23, 23), all_out:(20, 27)
sum25
1000_3___11__    14   1  [0, 1, 4, 0, 2, 0, 0, 3, 0, 0, 1, 0, 0, 3]  (23, 52)
400_5___11__    12   2  [1, 3, 1, 2, 0, 4, 0, 2, 0, 0, 1, 1]  (23, 52)
1000_4___11__    12   1  [0, 6, 0, 2, 0, 4, 0, 2, 0, 0, 2, 0]  (23, 52)
400_4___11__    10   2  [1, 5, 2, 0, 4, 0, 2, 0, 0, 3]  (30, 52)
600_3___11__    10   1  [0, 7, 8, 0, 2, 0, 0, 1, 0, 0]  (23, 52)
600_4___11__    10   2  [1, 5, 2, 5, 0, 2, 0, 0, 2, 0]  (22, 52)
1000_5___11__    10   1  [0, 4, 1, 4, 4, 0, 2, 0, 0, 3]  (23, 52)
400_3___11__    9   2  [7, 3, 4, 1, 1, 0, 0, 1, 1]  (32, 52)
600_5___11__    9   2  [1, 5, 2, 5, 0, 2, 0, 0, 3]  (23, 52)
1000_1___11__    9   2  [5, 0, 0, 2, 5, 4, 0, 1, 1]  (37, 52)
1000_2___11__    9   1  [0, 6, 0, 2, 5, 3, 1, 2, 0]  (38, 52)
400_1___11__    8   2  [7, 8, 3, 0, 0, 1, 0, 0]  (43, 52)
400_2___11__    8   10  [8, 1, 1, 0, 0, 1, 0, 0]  (39, 52)
600_2___11__    8   1  [0, 7, 8, 0, 2, 1, 2, 0]  (31, 52)
600_1___11__    7   2  [7, 2, 5, 0, 4, 2, 0]  (29, 52)
part_in:(22, 42), all_in:(43, 52), all_out:(22, 52)
gap25
1000_1___12__    11   2  [6, 1, 0, 3, 0, 2, 0, 2, 2, 1]  (6, 9)
600_3___12__    9   2  [3, 2, 2, 6, 0, 3, 1, 0, 1]  (6, 14)
600_4___12__    9   2  [3, 2, 2, 6, 0, 3, 1, 0, 1]  (6, 14)
1000_2___12__    9   9  [2, 1, 1, 0, 2, 0, 2, 2, 1]  (6, 9)
1000_4___12__    9   2  [3, 2, 2, 4, 3, 2, 1, 0, 1]  (6, 16)
400_3___12__    8   5  [0, 10, 1, 1, 2, 1, 0, 1]  (6, 12)
400_5___12__    8   6  [2, 5, 1, 0, 5, 1, 0, 1]  (6, 13)
1000_5___12__    8   6  [2, 2, 4, 3, 2, 1, 0, 1]  (6, 17)
400_4___12__    7   6  [2, 5, 1, 6, 1, 0, 1]  (6, 13)
600_2___12__    7   9  [1, 0, 7, 0, 4, 0, 1]  (6, 13)
600_5___12__    7   6  [2, 2, 4, 6, 1, 0, 1]  (6, 15)
1000_3___12__    7   6  [2, 2, 4, 3, 2, 1, 2]  (6, 14)
400_1___12__    6   6  [2, 5, 3, 4, 2, 1]  (6, 12)
400_2___12__    6   9  [7, 1, 1, 2, 2, 1]  (6, 12)
600_1___12__    6   2  [6, 1, 0, 7, 6, 1]  (6, 16)
part_in:(10, 17), all_in:(6, 9), all_out:(6, 17)
sum34
1000_3___13__    15   1  [2, 0, 2, 0, 3, 3, 1, 0, 0, 1, 0, 1, 0, 1]  (21, 51)
400_5___13__    12   4  [0, 7, 3, 1, 0, 2, 0, 1, 0, 0, 0]  (18, 51)
400_3___13__    11   1  [2, 0, 7, 3, 1, 0, 2, 0, 1, 0, 1]  (30, 51)
600_5___13__    11   4  [0, 7, 5, 0, 1, 0, 0, 1, 1, 0]  (19, 51)
1000_4___13__    11   1  [3, 2, 0, 3, 3, 1, 0, 2, 0, 4]  (18, 51)
1000_5___13__    11   5  [2, 4, 3, 1, 0, 2, 0, 1, 0, 1]  (16, 51)
600_3___13__    10   1  [2, 0, 7, 3, 1, 0, 2, 0, 1, 2]  (23, 51)
1000_1___13__    10   1  [3, 2, 4, 3, 2, 1, 1, 2, 1]  (38, 51)
400_4___13__    9   4  [0, 7, 3, 1, 0, 2, 0, 4]  (28, 51)
600_4___13__    9   4  [0, 7, 3, 1, 0, 2, 0, 4]  (21, 51)
1000_2___13__    9   1  [2, 0, 2, 0, 3, 3, 2, 8]  (40, 51)
400_1___13__    8   5  [7, 3, 2, 0, 2, 1, 0, 1]  (40, 51)
600_2___13__    7   1  [2, 0, 7, 3, 2, 2, 5]  (31, 51)
400_2___13__    6   4  [0, 7, 3, 5, 3, 1]  (36, 51)
600_1___13__    3   5  [7, 6, 8]  (31, 51)
part_in:(16, 39), all_in:(40, 51), all_out:(16, 51)
gap12
400_1___14__    13   2  [0, 4, 0, 3, 0, 1, 4, 0, 1, 0, 0, 0, 1]  (9, 15)
400_4___14__    13   2  [0, 4, 0, 3, 0, 1, 4, 0, 1, 0, 0, 0, 1]  (3, 15)
400_2___14__    12   2  [0, 4, 0, 3, 0, 6, 0, 1, 0, 0, 0, 1]  (7, 15)
400_3___14__    12   2  [0, 4, 0, 3, 0, 6, 0, 1, 0, 0, 0, 1]  (3, 15)
400_5___14__    12   2  [0, 4, 0, 3, 0, 6, 0, 1, 0, 0, 0, 1]  (2, 15)
600_3___14__    12   3  [5, 0, 2, 0, 1, 2, 2, 1, 0, 0, 0, 1]  (1, 15)
600_5___14__    12   2  [0, 5, 0, 2, 0, 1, 5, 1, 0, 0, 0, 1]  (2, 15)
1000_5___14__    12   2  [0, 5, 3, 2, 4, 0, 1, 0, 0, 0, 1]  (0, 15)
600_4___14__    11   2  [0, 5, 3, 0, 1, 5, 1, 0, 0, 0, 1]  (1, 15)
1000_1___14__    11   2  [0, 4, 0, 3, 0, 6, 0, 2, 0, 0, 1]  (5, 15)
1000_3___14__    11   2  [0, 5, 3, 2, 4, 0, 1, 0, 0, 0, 1]  (2, 15)
1000_4___14__    11   2  [0, 5, 3, 4, 2, 0, 1, 0, 0, 0, 1]  (0, 15)
600_2___14__    10   3  [5, 3, 0, 1, 4, 0, 2, 0, 0, 1]  (2, 15)
600_1___14__    9   3  [5, 3, 0, 1, 5, 2, 0, 0, 1]  (0, 15)
1000_2___14__    9   3  [5, 3, 2, 4, 0, 2, 0, 0, 1]  (6, 15)
part_in:(0, 8), all_in:(9, 15), all_out:(0, 15)
gap23
1000_4___15__    16   0  [0, 0, 2, 1, 0, 0, 2, 0, 3, 1, 1, 0, 2, 1, 1]  (2, 3)
400_5___15__    15   0  [0, 0, 2, 1, 1, 2, 0, 2, 0, 3, 0, 2, 1, 1]  (2, 3)
1000_5___15__    15   0  [0, 0, 2, 1, 0, 3, 0, 3, 1, 1, 0, 2, 1, 1]  (2, 2)
1000_3___15__    13   0  [0, 3, 1, 0, 0, 2, 0, 3, 3, 0, 4, 1]  (2, 3)
400_4___15__    12   0  [0, 0, 2, 1, 1, 2, 0, 3, 3, 0, 6]  (2, 2)
1000_1___15__    12   1  [0, 4, 0, 3, 0, 3, 3, 0, 1, 2, 1]  (2, 3)
1000_2___15__    12   1  [0, 4, 0, 0, 2, 0, 3, 3, 0, 4, 1]  (2, 3)
400_3___15__    11   0  [0, 0, 2, 3, 2, 0, 3, 3, 0, 6]  (1, 2)
600_4___15__    11   1  [0, 4, 0, 3, 0, 2, 0, 1, 2, 6]  (2, 3)
400_2___15__    10   2  [2, 3, 2, 0, 3, 3, 0, 4, 1]  (0, 2)
600_3___15__    10   1  [0, 6, 2, 0, 2, 0, 1, 2, 6]  (2, 3)
600_5___15__    10   0  [0, 0, 4, 5, 3, 1, 2, 4, 1]  (2, 2)
400_1___15__    9   1  [0, 9, 0, 3, 3, 0, 1, 2, 1]  (0, 2)
600_1___15__    9   1  [0, 6, 3, 3, 4, 1, 2, 1]  (2, 4)
600_2___15__    7   1  [0, 10, 3, 4, 4, 1]  (2, 3)
part_in:(0, 3), all_in:(2, 2), all_out:(0, 3)
gap34
1000_2___16__    14   0  [0, 3, 1, 2, 0, 0, 1, 3, 0, 1, 1, 0, 4]  (1, 4)
1000_5___16__    14   0  [0, 3, 1, 2, 0, 2, 3, 0, 0, 0, 1, 0, 4]  (1, 4)
400_4___16__    13   0  [0, 4, 0, 1, 0, 0, 6, 0, 2, 0, 0, 3, 0]  (1, 8)
1000_1___16__    13   0  [0, 3, 1, 3, 6, 0, 1, 0, 1, 2, 0, 0]  (1, 3)
1000_3___16__    13   0  [0, 3, 1, 3, 6, 0, 1, 1, 0, 2, 0, 0]  (1, 5)
400_1___16__    12   0  [0, 3, 1, 2, 0, 6, 0, 3, 0, 2, 0, 0]  (1, 9)
400_2___16__    12   0  [0, 3, 4, 0, 6, 0, 2, 0, 0, 2, 0, 0]  (1, 9)
400_5___16__    12   0  [0, 5, 1, 0, 0, 6, 0, 1, 1, 0, 1, 2]  (1, 3)
600_4___16__    12   0  [0, 3, 1, 3, 0, 5, 0, 1, 1, 0, 1, 2]  (1, 6)
600_5___16__    12   0  [0, 5, 2, 0, 0, 5, 0, 0, 0, 1, 0, 4]  (1, 6)
1000_4___16__    12   0  [0, 3, 1, 3, 6, 0, 1, 1, 0, 3, 0]  (1, 4)
400_3___16__    10   0  [0, 7, 0, 0, 6, 0, 2, 0, 0, 4]  (1, 8)
600_1___16__    10   0  [0, 3, 1, 4, 2, 2, 0, 1, 2, 4]  (1, 8)
600_2___16__    10   0  [0, 5, 4, 2, 2, 0, 1, 1, 0, 4]  (1, 6)
600_3___16__    10   0  [0, 5, 3, 0, 5, 0, 1, 1, 0, 4]  (1, 7)
part_in:(4, 9), all_in:(1, 3), all_out:(1, 9)
gap45
400_3___17__    15   0  [0, 1, 1, 2, 1, 1, 2, 3, 0, 0, 2, 0, 0, 0, 1]  (2, 3)
1000_1___17__    14   0  [0, 0, 0, 1, 3, 0, 1, 2, 3, 0, 0, 3, 1, 1]  (2, 3)
1000_2___17__    14   0  [0, 1, 1, 3, 0, 0, 0, 2, 3, 0, 0, 3, 2, 0]  (1, 3)
400_1___17__    13   0  [0, 1, 1, 2, 0, 0, 1, 2, 3, 1, 1, 1, 3]  (3, 3)
600_1___17__    13   1  [1, 1, 2, 0, 0, 1, 2, 3, 0, 0, 1, 1, 3]  (3, 3)
600_4___17__    13   1  [1, 1, 2, 0, 0, 1, 2, 3, 0, 0, 2, 0, 3]  (3, 4)
600_5___17__    13   1  [1, 1, 2, 0, 0, 1, 2, 3, 0, 0, 3, 0, 2]  (3, 6)
1000_3___17__    13   1  [1, 1, 3, 0, 0, 0, 2, 3, 1, 2, 0, 1, 1]  (3, 5)
1000_5___17__    13   1  [1, 1, 3, 0, 1, 2, 3, 3, 0, 0, 0, 0, 1]  (3, 10)
400_2___17__    12   0  [0, 1, 1, 2, 0, 0, 1, 2, 3, 1, 3, 3]  (2, 3)
400_4___17__    12   0  [0, 1, 1, 3, 0, 1, 2, 3, 1, 2, 0, 3]  (3, 3)
400_5___17__    12   1  [1, 1, 3, 0, 1, 2, 3, 4, 0, 0, 0, 1]  (3, 7)
600_2___17__    12   1  [1, 1, 2, 0, 0, 1, 2, 3, 0, 0, 3, 3]  (3, 3)
600_3___17__    12   1  [1, 1, 2, 1, 1, 2, 3, 0, 0, 3, 0, 2]  (3, 3)
1000_4___17__    12   1  [1, 1, 0, 2, 2, 2, 3, 1, 1, 0, 0, 3]  (3, 8)
part_in:(1, 10), all_in:(3, 3), all_out:(1, 10)
gap56
600_5___18__    17   0  [0, 1, 1, 0, 0, 0, 0, 0, 0, 0, 0, 6, 1, 0, 3, 0, 0]  (2, 9)
400_5___18__    16   0  [0, 3, 0, 1, 0, 0, 0, 0, 0, 6, 1, 0, 1, 1, 0, 0]  (2, 9)
400_3___18__    15   1  [1, 1, 0, 1, 0, 0, 0, 0, 0, 6, 1, 2, 1, 0, 0]  (2, 6)
400_4___18__    15   0  [0, 3, 0, 1, 0, 0, 0, 0, 0, 6, 1, 2, 1, 0, 0]  (2, 7)
1000_3___18__    15   1  [4, 1, 0, 0, 0, 0, 0, 3, 2, 1, 2, 0, 0, 0, 0]  (2, 4)
1000_5___18__    15   1  [1, 2, 1, 0, 0, 0, 0, 0, 2, 3, 1, 0, 3, 0, 0]  (2, 6)
600_3___18__    14   1  [1, 2, 2, 0, 0, 0, 0, 5, 0, 1, 0, 3, 0, 0]  (2, 10)
600_4___18__    14   0  [0, 3, 0, 1, 0, 0, 0, 0, 0, 6, 1, 4, 0, 0]  (2, 10)
1000_2___18__    14   1  [2, 1, 1, 0, 0, 0, 0, 0, 6, 1, 3, 0, 0, 0]  (2, 6)
1000_4___18__    14   1  [1, 2, 1, 0, 0, 0, 0, 0, 2, 3, 1, 4, 0, 0]  (2, 7)
400_2___18__    12   4  [1, 1, 0, 0, 0, 0, 0, 6, 1, 4, 0, 0]  (2, 4)
1000_1___18__    12   6  [1, 0, 0, 0, 0, 0, 6, 1, 3, 0, 0, 0]  (2, 5)
400_1___18__    11   6  [1, 0, 0, 0, 0, 0, 6, 1, 4, 0, 0]  (2, 4)
600_1___18__    11   6  [1, 0, 0, 0, 0, 0, 6, 1, 4, 0, 0]  (2, 7)
600_2___18__    10   6  [2, 0, 0, 0, 0, 6, 1, 4, 0, 0]  (2, 7)
part_in:(5, 10), all_in:(2, 4), all_out:(2, 10)
ball
1000_3___19__    15   2  [1, 0, 0, 2, 3, 1, 1, 2, 1, 0, 0, 0, 0, 1, 0]  (1, 2)
600_4___19__    13   2  [0, 1, 0, 2, 3, 1, 1, 4, 1, 0, 0, 1, 0]  (1, 3)
400_3___19__    12   2  [2, 0, 2, 0, 2, 1, 6, 1, 0, 0, 1, 0]  (1, 2)
400_4___19__    12   3  [0, 0, 0, 2, 3, 1, 6, 1, 0, 0, 1, 0]  (1, 3)
600_5___19__    12   2  [0, 1, 0, 2, 3, 1, 1, 6, 0, 0, 2]  (1, 3)
1000_4___19__    12   5  [0, 2, 2, 2, 1, 4, 0, 0, 0, 0, 1, 0]  (1, 3)
400_5___19__    11   3  [1, 0, 2, 0, 4, 0, 7, 0, 0, 1, 0]  (1, 3)
600_2___19__    11   3  [2, 2, 5, 1, 3, 1, 0, 0, 0, 1, 0]  (1, 2)
1000_2___19__    11   6  [2, 3, 1, 1, 2, 1, 0, 0, 0, 0, 2]  (1, 2)
1000_5___19__    11   5  [0, 2, 2, 2, 1, 5, 0, 0, 0, 1, 0]  (1, 3)
600_1___19__    10   2  [0, 2, 2, 5, 1, 6, 0, 0, 1, 0]  (1, 2)
600_3___19__    10   3  [2, 2, 5, 1, 4, 0, 0, 0, 0, 2]  (1, 2)
400_1___19__    9   6  [2, 2, 0, 1, 8, 0, 0, 1, 0]  (1, 2)
400_2___19__    9   6  [2, 0, 4, 6, 1, 0, 0, 1, 0]  (1, 2)
1000_1___19__    9   3  [2, 2, 5, 1, 2, 3, 0, 0, 2]  (1, 1)
part_in:(3, 3), all_in:(1, 2), all_out:(1, 3)
ball_column
1000_5___20__    10   1  [2, 0, 4, 1, 0, 1, 3, 2, 4, 1]  (11, 12)
400_1___20__    8   4  [0, 2, 3, 0, 1, 6, 4, 1]  (9, 12)
600_5___20__    8   1  [2, 5, 2, 1, 0, 5, 4, 1]  (12, 13)
1000_2___20__    8   1  [1, 0, 0, 7, 1, 0, 5, 6]  (4, 12)
1000_3___20__    7   1  [1, 1, 1, 4, 0, 8, 6]  (8, 12)
400_2___20__    6   1  [3, 2, 4, 1, 6, 6]  (9, 12)
1000_1___20__    6   5  [4, 1, 0, 1, 6, 6]  (4, 12)
400_5___20__    5   1  [6, 1, 2, 8, 6]  (12, 14)
600_2___20__    5   1  [2, 10, 0, 5, 6]  (7, 12)
600_4___20__    5   1  [11, 1, 6, 4, 1]  (12, 13)
1000_4___20__    5   1  [3, 7, 1, 6, 6]  (9, 12)
400_3___20__    4   1  [3, 7, 8, 6]  (8, 12)
400_4___20__    4   1  [6, 4, 8, 6]  (11, 12)
600_1___20__    4   4  [10, 0, 10, 1]  (8, 12)
600_3___20__    3   1  [14, 5, 6]  (10, 12)
part_in:(4, 14), all_in:(12, 12), all_out:(4, 14)
blue_sort
600_5___21__    12   1  [4, 0, 3, 0, 7, 0, 1, 1, 0, 1, 0]  (9, 13)
400_4___21__    11   0  [0, 4, 0, 3, 0, 2, 4, 4, 1, 0, 0]  (5, 9)
1000_5___21__    10   1  [4, 0, 4, 7, 2, 1, 0, 0, 0, 0]  (8, 9)
400_5___21__    9   1  [4, 0, 3, 0, 7, 4, 1, 0, 0]  (7, 9)
600_3___21__    9   1  [4, 0, 3, 0, 10, 1, 2, 0]  (9, 12)
600_4___21__    9   1  [4, 0, 3, 0, 7, 2, 1, 2, 0]  (9, 12)
1000_3___21__    9   1  [4, 0, 4, 2, 4, 5, 0, 0, 0]  (9, 10)
1000_2___21__    8   1  [5, 4, 2, 4, 2, 0, 3, 0]  (9, 11)
600_2___21__    7   1  [5, 3, 11, 0, 0, 2, 0]  (9, 9)
1000_1___21__    7   1  [10, 2, 7, 0, 2, 0, 0]  (9, 13)
1000_4___21__    7   1  [4, 0, 4, 7, 4, 2, 0]  (8, 9)
400_3___21__    6   0  [0, 9, 8, 6, 0, 0]  (7, 9)
600_1___21__    6   1  [5, 3, 11, 1, 2, 0]  (6, 9)
400_2___21__    4   1  [9, 8, 7, 0]  (8, 9)
400_1___21__    3   1  [18, 7, 0]  (9, 9)
part_in:(5, 13), all_in:(9, 9), all_out:(5, 13)
