continues1
19_3: 17: [6, 8, 13, 16, 20, 28]: [2, 3, 1, 1, 1, 2, 1, 1, 2, 1, 2, 2, 1, 1, 1, 2, 2]: 2
11_2: 16: [3, 9, 14, 18, 24, 31]: [1, 2, 2, 1, 1, 1, 1, 1, 2, 2, 1, 2, 2, 1, 1, 2]: 0
17_6: 16: [6, 8, 13, 16, 23, 31]: [1, 1, 3, 2, 1, 2, 2, 2, 1, 2, 1, 3, 1, 2, 1, 1]: 2
6_8: 15: [6, 6, 11, 17, 26, 30]: [1, 2, 2, 1, 1, 2, 2, 1, 1, 2, 4, 1, 1, 1, 1]: 3
12_3: 14: [4, 8, 12, 18, 22, 30]: [1, 1, 2, 2, 2, 1, 3, 1, 1, 1, 1, 1, 2, 1]: 2
3_7: 13: [4, 11, 16, 19, 25, 33]: [1, 1, 1, 1, 2, 2, 2, 3, 1, 1, 2, 1, 2]: 3
4_7: 13: [7, 8, 11, 14, 23, 30]: [1, 2, 1, 1, 2, 2, 1, 2, 2, 2, 2, 1, 2]: 2
9_2: 13: [4, 8, 12, 17, 21, 30]: [2, 2, 1, 2, 1, 1, 1, 1, 1, 2, 2, 1, 1]: 2
13_7: 12: [5, 12, 15, 19, 24, 31]: [1, 1, 2, 1, 1, 3, 1, 1, 1, 1, 2, 2]: 0
6_10: 12: [2, 6, 10, 16, 23, 29]: [1, 1, 2, 1, 2, 2, 2, 3, 1, 1, 1, 1]: 1
3_6: 11: [9, 13, 16, 18, 22, 30]: [1, 1, 1, 1, 1, 1, 1, 3, 2, 2, 1]: 3
3_10: 11: [2, 6, 11, 13, 22, 32]: [1, 1, 3, 3, 1, 1, 2, 1, 1, 2, 1]: 2
11_8: 10: [7, 12, 17, 23, 27, 31]: [1, 2, 1, 1, 1, 1, 1, 1, 1, 1]: 0
1_7: 9: [1, 8, 10, 15, 22, 29]: [2, 2, 1, 3, 2, 2, 1, 1, 1]: 0
12_6: 9: [4, 7, 9, 11, 20, 31]: [3, 3, 1, 2, 1, 2, 1, 2, 1]: 2
17_9: 9: [4, 8, 11, 17, 22, 32]: [1, 2, 2, 2, 1, 1, 1, 2, 2]: 2
2_10: 9: [2, 7, 11, 17, 22, 28]: [1, 3, 2, 1, 1, 1, 3, 3, 3]: 1
8_10: 9: [3, 6, 10, 19, 24, 30]: [1, 1, 2, 1, 1, 1, 2, 1, 1]: 1
4_6: 8: [3, 3, 9, 16, 21, 30]: [1, 2, 1, 1, 1, 3, 2, 1]: 2
11_1: 8: [3, 5, 11, 17, 22, 29]: [1, 2, 2, 2, 1, 1, 1, 2]: 1
continues0
2_8: 5: [2, 8, 12, 19, 24, 28]: [0, 0, 0, 0, 0, 2, 2, 2, 1, 0, 2]: 0
10_6: 5: [5, 15, 18, 19, 20, 27]: [0, 0, 0, 0, 0, 3, 2, 1, 1, 1, 1]: 0
13_1: 3: [3, 8, 9, 14, 17, 29]: [0, 0, 0, 2, 0, 1, 0, 1, 1, 0, 1]: 0
4_2: 2: [5, 9, 15, 19, 24, 30]: [0, 0, 1, 1, 2, 1, 0, 1, 2, 3, 2]: 1
19_6: 2: [6, 12, 16, 19, 25, 31]: [0, 0, 1, 1, 3, 1, 3, 2, 2, 1, 0]: 1
5_10: 2: [3, 9, 12, 19, 23, 30]: [0, 0, 1, 1, 0, 1, 1, 0, 2, 1, 1]: 1
14_10: 2: [3, 6, 12, 18, 21, 29]: [0, 0, 2, 2, 0, 1, 1, 1, 1, 1, 1]: 0
19_10: 2: [2, 6, 9, 16, 21, 29]: [0, 0, 2, 1, 0, 2, 2, 1, 2, 1, 1]: 1
1_8: 1: [1, 8, 11, 17, 21, 29]: [0, 1, 0, 2, 1, 2, 2, 1, 0, 1, 0]: 1
1_9: 1: [2, 8, 12, 19, 24, 30]: [0, 3, 1, 1, 0, 0, 1, 0, 0, 1, 0]: 1
2_2: 1: [2, 8, 11, 18, 23, 28]: [0, 1, 0, 3, 2, 0, 2, 2, 1, 1, 2]: 1
2_7: 1: [2, 8, 14, 20, 25, 29]: [0, 1, 1, 1, 4, 2, 1, 1, 1, 1, 2]: 0
3_2: 1: [2, 7, 10, 15, 21, 30]: [0, 2, 1, 1, 2, 1, 0, 0, 2, 1, 3]: 1
3_8: 1: [3, 8, 14, 17, 24, 33]: [0, 1, 2, 0, 2, 0, 0, 1, 1, 0, 0]: 0
5_1: 1: [4, 5, 10, 18, 23, 30]: [0, 1, 3, 1, 0, 0, 0, 1, 1, 1, 1]: 2
5_8: 1: [6, 11, 13, 23, 24, 30]: [0, 3, 1, 0, 1, 2, 1, 0, 2, 1, 0]: 3
5_9: 1: [5, 8, 12, 19, 22, 32]: [0, 2, 1, 1, 2, 0, 1, 0, 1, 0, 2]: 0
7_3: 1: [4, 6, 11, 16, 20, 29]: [0, 1, 1, 3, 0, 1, 2, 1, 0, 1, 2]: 3
7_8: 1: [7, 9, 13, 19, 21, 29]: [0, 2, 3, 1, 1, 1, 1, 0, 1, 0, 0]: 1
8_3: 1: [3, 7, 12, 15, 20, 30]: [0, 2, 3, 1, 2, 0, 2, 2, 2, 3, 1]: 1
8_9: 1: [6, 9, 13, 21, 25, 32]: [0, 2, 2, 0, 3, 0, 1, 1, 1, 1, 2]: 1
9_1: 1: [4, 6, 8, 14, 16, 28]: [0, 1, 1, 1, 1, 0, 2, 0, 0, 2, 0]: 2
9_7: 1: [7, 12, 14, 17, 22, 28]: [0, 2, 0, 0, 0, 0, 1, 0, 2, 1, 1]: 0
10_7: 1: [4, 10, 17, 21, 23, 31]: [0, 3, 3, 1, 2, 1, 1, 0, 2, 1, 2]: 1
10_8: 1: [4, 8, 14, 20, 23, 31]: [0, 1, 1, 2, 0, 4, 2, 1, 2, 1, 3]: 1
10_9: 1: [4, 9, 12, 20, 22, 31]: [0, 2, 2, 0, 1, 2, 2, 2, 3, 1, 2]: 1
12_2: 1: [4, 9, 13, 18, 22, 31]: [0, 3, 0, 1, 0, 0, 2, 0, 1, 4, 2]: 2
12_7: 1: [7, 10, 12, 14, 23, 29]: [0, 1, 1, 0, 0, 1, 1, 1, 2, 0, 3]: 0
13_3: 1: [5, 7, 11, 15, 20, 30]: [0, 2, 1, 1, 2, 0, 2, 1, 2, 3, 2]: 2
13_9: 1: [5, 9, 14, 18, 23, 31]: [0, 1, 1, 1, 1, 0, 1, 0, 1, 1, 2]: 0
14_7: 1: [6, 11, 12, 17, 20, 27]: [0, 1, 2, 1, 1, 3, 1, 1, 1, 1, 2]: 1
14_8: 1: [5, 8, 13, 17, 20, 26]: [0, 1, 2, 1, 1, 0, 3, 2, 1, 1, 0]: 2
15_1: 1: [3, 6, 7, 12, 18, 28]: [0, 1, 1, 0, 0, 0, 2, 2, 2, 2, 3]: 0
15_8: 1: [2, 8, 15, 22, 24, 31]: [0, 3, 1, 2, 1, 3, 2, 3, 2, 3, 1]: 0
18_7: 1: [3, 8, 14, 17, 21, 32]: [0, 1, 0, 2, 2, 1, 1, 1, 1, 2, 0]: 0
19_8: 1: [5, 7, 13, 19, 25, 33]: [0, 1, 1, 1, 2, 2, 2, 0, 2, 2, 1]: 1
20_2: 1: [2, 6, 13, 16, 23, 30]: [0, 2, 1, 1, 0, 1, 3, 1, 2, 2, 1]: 3
4_10: 1: [3, 6, 8, 13, 19, 26]: [0, 1, 1, 1, 0, 1, 1, 0, 1, 0, 1]: 2
11_10: 1: [3, 7, 12, 18, 23, 28]: [0, 1, 1, 0, 2, 1, 2, 1, 0, 1, 1]: 0
17_10: 1: [4, 8, 11, 17, 22, 32]: [0, 1, 2, 2, 0, 1, 1, 1, 0, 1, 0]: 2
1_0: 0: [1, 8, 11, 17, 23, 29]: [2, 2, 0, 0, 1, 0, 0, 0, 0, 0, 1]: 1
1_1: 0: [7, 9, 13, 15, 21, 28]: [1, 1, 0, 2, 0, 2, 2, 0, 1, 1, 1]: 1
1_2: 0: [3, 10, 14, 16, 22, 30]: [1, 2, 1, 3, 0, 2, 0, 0, 1, 1, 1]: 2
1_3: 0: [4, 8, 15, 18, 23, 31]: [3, 1, 3, 0, 2, 0, 1, 1, 1, 2, 2]: 1
1_4: 0: [4, 9, 14, 18, 24, 29]: [0, 2, 2, 0, 1, 1, 2, 0, 2, 0, 0]: 1
1_5: 0: [4, 9, 14, 18, 23, 29]: [1, 2, 2, 0, 1, 2, 3, 0, 2, 1, 0]: 1
1_6: 0: [3, 10, 14, 20, 25, 30]: [1, 2, 1, 0, 1, 1, 2, 1, 1, 1, 1]: 1
1_7: 0: [1, 8, 10, 15, 22, 29]: [2, 2, 1, 3, 2, 2, 1, 1, 1, 0, 1]: 0
2_0: 0: [2, 7, 11, 17, 22, 28]: [1, 3, 2, 1, 1, 1, 3, 3, 3, 0, 0]: 1
2_1: 0: [2, 5, 8, 12, 18, 30]: [1, 0, 0, 0, 1, 0, 2, 1, 0, 1, 0]: 1
2_3: 0: [4, 7, 13, 19, 23, 30]: [1, 0, 2, 0, 1, 2, 3, 0, 0, 3, 2]: 3
2_4: 0: [4, 9, 14, 19, 23, 29]: [2, 2, 2, 0, 1, 1, 3, 0, 0, 0, 1]: 1
2_5: 0: [4, 9, 14, 19, 23, 29]: [0, 2, 2, 0, 1, 0, 2, 0, 1, 0, 1]: 1
2_6: 0: [6, 10, 16, 19, 25, 31]: [1, 1, 0, 2, 1, 1, 2, 1, 2, 1, 1]: 1
2_9: 0: [5, 8, 13, 20, 24, 30]: [1, 2, 2, 0, 2, 1, 0, 2, 3, 1, 1]: 2
3_0: 0: [2, 6, 11, 13, 22, 32]: [1, 1, 3, 3, 1, 1, 2, 1, 1, 2, 1]: 2
3_1: 0: [2, 3, 6, 13, 22, 27]: [1, 1, 1, 2, 1, 0, 3, 0, 0, 0, 0]: 1
3_3: 0: [3, 6, 9, 15, 20, 29]: [2, 2, 2, 1, 1, 0, 3, 0, 1, 2, 1]: 0
3_4: 0: [4, 8, 13, 19, 23, 29]: [3, 2, 3, 0, 2, 1, 1, 0, 1, 0, 2]: 2
3_5: 0: [4, 9, 14, 19, 24, 29]: [1, 3, 2, 0, 2, 1, 3, 0, 1, 1, 1]: 1
3_6: 0: [9, 13, 16, 18, 22, 30]: [1, 1, 1, 1, 1, 1, 1, 3, 2, 2, 1]: 3
3_7: 0: [4, 11, 16, 19, 25, 33]: [1, 1, 1, 1, 2, 2, 2, 3, 1, 1, 2]: 3
3_9: 0: [4, 6, 14, 17, 21, 31]: [1, 1, 2, 0, 1, 3, 2, 0, 1, 0, 2]: 1
4_0: 0: [3, 6, 8, 13, 19, 26]: [0, 1, 1, 1, 0, 1, 1, 0, 1, 0, 1]: 2
4_1: 0: [5, 6, 14, 20, 22, 27]: [1, 2, 0, 0, 1, 2, 1, 1, 2, 0, 2]: 0
4_3: 0: [5, 8, 14, 18, 23, 30]: [1, 2, 1, 2, 1, 0, 1, 0, 0, 2, 2]: 1
4_4: 0: [4, 9, 14, 19, 23, 28]: [1, 2, 1, 1, 2, 2, 2, 0, 2, 0, 1]: 1
4_5: 0: [4, 9, 14, 19, 24, 28]: [0, 3, 2, 0, 1, 2, 3, 0, 2, 1, 1]: 1
4_6: 0: [3, 3, 9, 16, 21, 30]: [1, 2, 1, 1, 1, 3, 2, 1, 0, 0, 1]: 2
4_7: 0: [7, 8, 11, 14, 23, 30]: [1, 2, 1, 1, 2, 2, 1, 2, 2, 2, 2]: 2
4_8: 0: [6, 9, 12, 14, 20, 27]: [1, 2, 3, 0, 1, 0, 2, 0, 2, 0, 2]: 0
4_9: 0: [5, 9, 11, 14, 20, 28]: [1, 2, 2, 0, 3, 2, 0, 1, 2, 0, 1]: 1
5_0: 0: [3, 9, 12, 19, 23, 30]: [0, 0, 1, 1, 0, 1, 1, 0, 2, 1, 1]: 1
5_2: 0: [4, 8, 15, 20, 25, 33]: [1, 2, 1, 1, 0, 0, 1, 2, 0, 2, 1]: 1
5_3: 0: [4, 7, 13, 19, 23, 31]: [1, 2, 2, 1, 0, 0, 1, 2, 2, 1, 2]: 2
5_4: 0: [4, 9, 14, 19, 24, 29]: [1, 1, 1, 0, 0, 2, 1, 0, 2, 1, 1]: 1
5_5: 0: [5, 9, 14, 19, 24, 29]: [3, 2, 2, 0, 2, 2, 1, 0, 2, 0, 1]: 0
5_6: 0: [6, 12, 13, 20, 23, 31]: [1, 2, 2, 4, 1, 0, 1, 3, 1, 2, 0]: 1
5_7: 0: [6, 12, 14, 24, 23, 29]: [1, 0, 1, 0, 0, 0, 1, 1, 2, 2, 1]: 0
6_0: 0: [2, 6, 10, 16, 23, 29]: [1, 1, 2, 1, 2, 2, 2, 3, 1, 1, 1]: 1
6_1: 0: [5, 5, 9, 15, 21, 28]: [1, 1, 0, 1, 0, 1, 1, 1, 2, 1, 1]: 0
6_2: 0: [5, 8, 16, 19, 25, 30]: [2, 1, 0, 2, 2, 1, 2, 1, 2, 2, 0]: 2
6_3: 0: [6, 9, 12, 17, 22, 29]: [2, 1, 2, 2, 0, 1, 2, 0, 1, 2, 1]: 0
6_4: 0: [5, 9, 14, 18, 23, 28]: [3, 1, 1, 0, 1, 1, 2, 0, 2, 1, 0]: 0
6_5: 0: [4, 9, 14, 19, 23, 28]: [3, 2, 2, 0, 1, 1, 3, 0, 2, 0, 0]: 1
6_6: 0: [6, 10, 9, 16, 25, 31]: [2, 1, 2, 1, 1, 1, 0, 1, 2, 1, 1]: 1
6_7: 0: [7, 8, 11, 17, 27, 30]: [2, 1, 2, 0, 3, 1, 4, 1, 1, 2, 1]: 2
6_8: 0: [6, 6, 11, 17, 26, 30]: [1, 2, 2, 1, 1, 2, 2, 1, 1, 2, 4]: 3
6_9: 0: [4, 6, 10, 16, 25, 31]: [1, 0, 1, 0, 1, 0, 2, 1, 1, 2, 1]: 2
7_0: 0: [3, 5, 9, 15, 18, 30]: [1, 1, 3, 0, 0, 1, 3, 2, 1, 0, 1]: 1
7_1: 0: [6, 7, 13, 17, 22, 28]: [1, 1, 0, 1, 1, 2, 1, 1, 1, 0, 1]: 1
7_2: 0: [4, 7, 13, 16, 22, 30]: [3, 0, 2, 1, 2, 1, 1, 0, 1, 1, 1]: 4
7_4: 0: [4, 8, 13, 18, 23, 29]: [3, 2, 1, 0, 1, 1, 2, 0, 2, 0, 1]: 2
7_5: 0: [4, 9, 14, 19, 24, 29]: [1, 2, 2, 0, 2, 1, 2, 0, 1, 0, 1]: 1
7_6: 0: [6, 6, 14, 20, 25, 32]: [2, 1, 3, 1, 2, 2, 0, 1, 0, 1, 0]: 0
7_7: 0: [8, 10, 15, 20, 24, 29]: [1, 2, 2, 0, 1, 0, 2, 1, 3, 1, 1]: 0
7_9: 0: [5, 7, 12, 18, 20, 31]: [1, 1, 0, 0, 2, 0, 2, 1, 3, 3, 2]: 0
8_0: 0: [3, 6, 10, 19, 24, 30]: [1, 1, 2, 1, 1, 1, 2, 1, 1, 0, 3]: 1
8_1: 0: [3, 4, 11, 18, 22, 27]: [3, 0, 2, 1, 2, 0, 2, 2, 0, 2, 1]: 2
8_2: 0: [5, 8, 15, 21, 25, 29]: [2, 2, 2, 1, 0, 2, 2, 2, 3, 2, 1]: 0
8_4: 0: [4, 8, 13, 18, 23, 28]: [3, 2, 3, 0, 1, 1, 1, 0, 0, 1, 2]: 2
8_5: 0: [4, 9, 14, 19, 23, 29]: [2, 2, 2, 0, 1, 1, 3, 0, 1, 1, 1]: 1
8_6: 0: [6, 8, 13, 23, 27, 31]: [1, 1, 1, 0, 1, 1, 0, 3, 0, 2, 0]: 1
8_7: 0: [7, 7, 12, 21, 26, 30]: [1, 0, 1, 1, 3, 1, 0, 2, 0, 2, 1]: 2
8_8: 0: [5, 7, 12, 20, 25, 30]: [2, 0, 1, 0, 2, 2, 2, 2, 3, 1, 0]: 1
9_0: 0: [4, 7, 11, 15, 21, 29]: [1, 1, 2, 0, 0, 2, 1, 0, 2, 1, 2]: 2
9_2: 0: [4, 8, 12, 17, 21, 30]: [2, 2, 1, 2, 1, 1, 1, 1, 1, 2, 2]: 2
9_3: 0: [5, 8, 11, 16, 21, 29]: [2, 1, 1, 2, 2, 0, 3, 1, 2, 2, 2]: 2
9_4: 0: [4, 8, 13, 18, 23, 28]: [3, 2, 1, 0, 2, 1, 2, 0, 2, 0, 2]: 2
9_5: 0: [4, 9, 14, 19, 24, 29]: [0, 2, 2, 0, 1, 1, 3, 0, 2, 0, 0]: 1
9_6: 0: [5, 8, 10, 17, 21, 28]: [1, 1, 0, 1, 0, 2, 1, 1, 2, 2, 0]: 0
9_8: 0: [7, 12, 17, 20, 25, 31]: [1, 0, 0, 3, 1, 2, 1, 2, 0, 0, 3]: 0
9_9: 0: [8, 11, 16, 20, 27, 32]: [1, 4, 1, 0, 1, 3, 0, 1, 1, 1, 2]: 2
10_0: 0: [3, 8, 10, 18, 22, 30]: [1, 2, 3, 0, 1, 2, 1, 1, 1, 0, 0]: 1
10_1: 0: [2, 5, 12, 16, 18, 29]: [2, 0, 1, 0, 0, 2, 1, 2, 0, 1, 1]: 1
10_2: 0: [3, 8, 13, 16, 22, 31]: [1, 2, 0, 2, 0, 1, 0, 1, 1, 1, 1]: 2
10_3: 0: [5, 7, 13, 16, 21, 30]: [1, 1, 2, 2, 2, 0, 3, 1, 1, 0, 1]: 3
10_4: 0: [4, 8, 14, 18, 23, 29]: [1, 2, 1, 0, 1, 2, 2, 0, 2, 1, 2]: 1
10_5: 0: [4, 9, 14, 19, 24, 29]: [0, 2, 2, 0, 2, 1, 3, 0, 2, 1, 1]: 1
11_0: 0: [3, 7, 12, 18, 23, 28]: [0, 1, 1, 0, 2, 1, 2, 1, 0, 1, 1]: 0
11_1: 0: [3, 5, 11, 17, 22, 29]: [1, 2, 2, 2, 1, 1, 1, 2, 0, 2, 0]: 1
11_2: 0: [3, 9, 14, 18, 24, 31]: [1, 2, 2, 1, 1, 1, 1, 1, 2, 2, 1]: 0
11_3: 0: [4, 9, 14, 19, 24, 31]: [2, 2, 2, 1, 1, 1, 3, 0, 1, 1, 1]: 1
11_4: 0: [5, 9, 14, 19, 23, 29]: [2, 1, 1, 0, 2, 2, 2, 0, 2, 0, 2]: 0
11_5: 0: [5, 9, 14, 19, 24, 29]: [2, 2, 2, 0, 2, 2, 3, 0, 2, 1, 1]: 0
11_6: 0: [7, 10, 15, 19, 25, 31]: [1, 1, 1, 0, 1, 3, 1, 2, 0, 0, 3]: 0
11_7: 0: [8, 14, 18, 22, 27, 32]: [1, 2, 1, 3, 2, 1, 2, 0, 3, 1, 1]: 0
11_8: 0: [7, 12, 17, 23, 27, 31]: [1, 2, 1, 1, 1, 1, 1, 1, 1, 1, 0]: 0
11_9: 0: [7, 10, 16, 21, 27, 32]: [2, 1, 0, 1, 3, 0, 1, 1, 1, 0, 1]: 1
12_0: 0: [3, 8, 10, 11, 21, 28]: [1, 2, 2, 0, 1, 2, 1, 1, 1, 1, 1]: 1
12_1: 0: [6, 8, 12, 15, 20, 31]: [1, 2, 1, 1, 1, 0, 2, 0, 2, 2, 2]: 0
12_3: 0: [4, 8, 12, 18, 22, 30]: [1, 1, 2, 2, 2, 1, 3, 1, 1, 1, 1]: 2
12_4: 0: [4, 8, 13, 18, 23, 28]: [2, 1, 3, 1, 1, 1, 2, 0, 2, 1, 1]: 2
12_5: 0: [5, 9, 14, 19, 24, 28]: [0, 2, 2, 0, 1, 1, 3, 0, 2, 1, 1]: 0
12_6: 0: [4, 7, 9, 11, 20, 31]: [3, 3, 1, 2, 1, 2, 1, 2, 1, 0, 3]: 2
12_8: 0: [6, 10, 12, 13, 22, 28]: [2, 1, 3, 1, 0, 1, 3, 2, 1, 1, 2]: 1
12_9: 0: [4, 9, 12, 13, 20, 29]: [3, 1, 4, 0, 2, 0, 2, 1, 0, 1, 1]: 2
13_0: 0: [3, 8, 13, 15, 20, 30]: [2, 1, 1, 1, 0, 1, 2, 1, 1, 0, 1]: 2
13_2: 0: [3, 7, 11, 16, 22, 31]: [1, 0, 0, 3, 1, 0, 2, 1, 2, 0, 0]: 2
13_4: 0: [4, 8, 14, 19, 23, 29]: [0, 2, 1, 1, 1, 2, 2, 0, 1, 0, 1]: 1
13_5: 0: [4, 9, 14, 19, 24, 29]: [0, 2, 2, 0, 2, 1, 3, 0, 1, 1, 1]: 1
13_6: 0: [8, 10, 13, 20, 21, 30]: [1, 2, 1, 1, 0, 1, 3, 1, 0, 2, 2]: 2
13_7: 0: [5, 12, 15, 19, 24, 31]: [1, 1, 2, 1, 1, 3, 1, 1, 1, 1, 2]: 0
13_8: 0: [5, 11, 15, 19, 25, 31]: [3, 2, 1, 0, 2, 2, 0, 1, 1, 1, 2]: 1
14_0: 0: [3, 6, 12, 18, 21, 29]: [0, 0, 2, 2, 0, 1, 1, 1, 1, 1, 1]: 0
14_1: 0: [1, 4, 10, 16, 19, 29]: [2, 1, 0, 0, 2, 2, 1, 3, 1, 0, 1]: 2
14_2: 0: [1, 6, 12, 16, 20, 29]: [2, 1, 1, 1, 1, 1, 1, 2, 0, 1, 3]: 1
14_3: 0: [4, 7, 12, 16, 21, 29]: [3, 1, 1, 2, 0, 2, 2, 1, 2, 0, 2]: 2
14_4: 0: [4, 8, 14, 18, 23, 29]: [3, 2, 2, 0, 1, 0, 3, 0, 1, 0, 1]: 1
14_5: 0: [4, 9, 14, 18, 23, 29]: [2, 2, 2, 0, 2, 1, 3, 0, 1, 1, 0]: 1
14_6: 0: [1, 11, 10, 15, 23, 32]: [1, 1, 1, 0, 2, 2, 1, 2, 1, 3, 1]: 1
14_9: 0: [5, 8, 13, 19, 22, 29]: [1, 0, 2, 1, 0, 1, 0, 2, 3, 2, 0]: 1
15_0: 0: [2, 9, 14, 20, 24, 31]: [1, 0, 2, 1, 1, 0, 3, 1, 1, 2, 0]: 0
15_2: 0: [4, 8, 14, 19, 24, 31]: [1, 1, 1, 4, 1, 2, 0, 0, 1, 3, 0]: 1
15_3: 0: [4, 7, 11, 15, 21, 29]: [2, 1, 2, 2, 1, 2, 2, 1, 0, 2, 1]: 2
15_4: 0: [5, 9, 14, 18, 23, 29]: [0, 2, 2, 0, 1, 2, 2, 0, 2, 0, 1]: 0
15_5: 0: [5, 9, 14, 19, 24, 29]: [2, 2, 2, 0, 1, 1, 3, 0, 2, 1, 0]: 0
15_6: 0: [3, 8, 16, 20, 25, 30]: [1, 2, 0, 0, 3, 1, 2, 0, 1, 1, 1]: 2
15_7: 0: [2, 8, 15, 23, 24, 31]: [1, 1, 0, 0, 0, 0, 1, 1, 1, 2, 1]: 0
15_9: 0: [2, 8, 15, 20, 23, 31]: [2, 0, 1, 0, 1, 0, 2, 1, 3, 1, 0]: 0
16_0: 0: [2, 7, 10, 20, 24, 30]: [1, 2, 3, 2, 0, 0, 1, 1, 2, 1, 1]: 1
16_1: 0: [2, 4, 12, 17, 22, 25]: [1, 0, 0, 1, 1, 0, 0, 1, 1, 1, 2]: 1
16_2: 0: [2, 6, 11, 17, 24, 29]: [1, 1, 0, 1, 0, 0, 1, 3, 2, 2, 3]: 1
16_3: 0: [4, 7, 13, 18, 22, 28]: [2, 2, 2, 0, 0, 1, 3, 0, 0, 0, 2]: 2
16_4: 0: [4, 8, 13, 18, 23, 28]: [3, 2, 2, 0, 1, 0, 1, 0, 2, 0, 1]: 2
16_5: 0: [4, 9, 14, 19, 24, 29]: [1, 2, 2, 0, 1, 1, 3, 0, 2, 0, 0]: 1
16_6: 0: [5, 4, 10, 20, 25, 32]: [3, 3, 1, 1, 2, 0, 2, 1, 1, 2, 2]: 1
16_7: 0: [2, 8, 10, 17, 24, 32]: [2, 1, 2, 1, 2, 0, 1, 1, 3, 1, 1]: 0
16_8: 0: [3, 9, 11, 19, 26, 32]: [1, 2, 3, 2, 1, 0, 0, 0, 2, 0, 1]: 2
16_9: 0: [2, 7, 10, 17, 24, 31]: [2, 1, 2, 2, 0, 1, 2, 1, 3, 2, 1]: 0
17_0: 0: [4, 8, 11, 17, 22, 32]: [0, 1, 2, 2, 0, 1, 1, 1, 0, 1, 0]: 2
17_1: 0: [3, 7, 14, 19, 24, 30]: [1, 1, 1, 0, 0, 0, 2, 1, 4, 0, 1]: 1
17_2: 0: [2, 7, 15, 19, 23, 30]: [1, 1, 2, 3, 0, 0, 1, 0, 2, 2, 2]: 1
17_3: 0: [5, 9, 13, 17, 21, 29]: [2, 2, 1, 1, 2, 0, 3, 0, 2, 0, 2]: 1
17_4: 0: [4, 8, 14, 18, 23, 29]: [3, 2, 1, 1, 1, 1, 2, 0, 1, 1, 1]: 1
17_5: 0: [5, 9, 14, 19, 23, 28]: [0, 3, 2, 0, 2, 1, 3, 0, 1, 1, 1]: 0
17_6: 0: [6, 8, 13, 16, 23, 31]: [1, 1, 3, 2, 1, 2, 2, 2, 1, 2, 1]: 2
17_7: 0: [3, 9, 14, 17, 24, 31]: [1, 3, 0, 0, 1, 0, 1, 1, 1, 2, 0]: 0
17_8: 0: [4, 10, 13, 18, 24, 33]: [1, 1, 2, 1, 2, 1, 1, 2, 0, 1, 0]: 2
17_9: 0: [4, 8, 11, 17, 22, 32]: [1, 2, 2, 2, 1, 1, 1, 2, 2, 0, 0]: 2
18_0: 0: [3, 6, 11, 15, 18, 31]: [1, 2, 1, 1, 3, 1, 1, 0, 1, 2, 2]: 1
18_1: 0: [3, 5, 9, 10, 17, 30]: [1, 1, 3, 0, 2, 0, 1, 3, 0, 3, 1]: 1
18_2: 0: [2, 8, 13, 16, 22, 30]: [2, 1, 1, 2, 1, 0, 1, 0, 2, 1, 0]: 3
18_3: 0: [4, 7, 11, 15, 20, 29]: [1, 1, 1, 2, 1, 0, 1, 0, 2, 3, 3]: 2
18_4: 0: [4, 8, 13, 18, 23, 28]: [3, 2, 2, 1, 1, 1, 1, 0, 0, 0, 1]: 2
18_5: 0: [4, 9, 14, 19, 23, 28]: [1, 3, 2, 0, 2, 2, 2, 0, 1, 1, 1]: 1
18_6: 0: [5, 8, 10, 14, 20, 33]: [1, 1, 1, 2, 0, 1, 2, 2, 1, 1, 2]: 0
18_8: 0: [3, 8, 14, 17, 20, 32]: [1, 1, 2, 1, 1, 2, 0, 1, 0, 2, 2]: 0
18_9: 0: [3, 7, 12, 14, 19, 31]: [1, 1, 1, 1, 1, 1, 0, 4, 1, 2, 1]: 0
19_0: 0: [2, 6, 9, 16, 21, 29]: [0, 0, 2, 1, 0, 2, 2, 1, 2, 1, 1]: 1
19_1: 0: [8, 8, 13, 17, 22, 29]: [3, 1, 0, 1, 3, 1, 2, 1, 2, 2, 0]: 1
19_2: 0: [4, 7, 13, 20, 27, 30]: [3, 2, 0, 2, 0, 1, 3, 1, 2, 2, 1]: 3
19_3: 0: [6, 8, 13, 16, 20, 28]: [2, 3, 1, 1, 1, 2, 1, 1, 2, 1, 2]: 2
19_4: 0: [5, 8, 14, 19, 23, 28]: [2, 2, 3, 0, 1, 0, 2, 0, 2, 1, 1]: 0
19_5: 0: [4, 9, 14, 18, 23, 28]: [1, 2, 2, 0, 2, 1, 2, 0, 2, 1, 1]: 1
19_7: 0: [5, 7, 16, 21, 26, 33]: [1, 2, 2, 1, 1, 1, 3, 0, 2, 1, 1]: 2
19_9: 0: [4, 10, 14, 18, 24, 33]: [1, 0, 2, 0, 2, 4, 2, 0, 1, 1, 2]: 1
20_0: 0: [2, 9, 11, 16, 23, 30]: [2, 1, 1, 1, 1, 0, 1, 1, 1, 2, 1]: 3
20_1: 0: [4, 5, 8, 15, 22, 28]: [2, 2, 1, 3, 0, 0, 1, 0, 0, 2, 2]: 1
20_3: 0: [5, 7, 12, 17, 22, 29]: [1, 2, 1, 1, 0, 1, 3, 1, 0, 3, 1]: 0
20_4: 0: [5, 9, 14, 19, 23, 29]: [1, 2, 2, 0, 1, 0, 0, 0, 1, 0, 2]: 0
20_5: 0: [4, 9, 14, 19, 23, 28]: [0, 2, 2, 0, 1, 1, 3, 0, 1, 0, 0]: 1
20_6: 0: [6, 11, 15, 20, 25, 33]: [1, 1, 0, 0, 0, 0, 0, 2, 0, 2, 1]: 1
20_7: 0: [3, 11, 15, 20, 27, 31]: [2, 1, 1, 1, 1, 2, 0, 0, 0, 2, 0]: 1
20_8: 0: [3, 10, 14, 19, 26, 30]: [1, 2, 0, 1, 2, 2, 1, 1, 3, 0, 0]: 2
20_9: 0: [4, 10, 13, 19, 25, 30]: [2, 0, 2, 0, 2, 3, 1, 1, 0, 2, 0]: 3
1_10: 0: [1, 8, 11, 17, 23, 29]: [2, 2, 0, 0, 1, 0, 0, 0, 0, 0, 1]: 1
2_10: 0: [2, 7, 11, 17, 22, 28]: [1, 3, 2, 1, 1, 1, 3, 3, 3, 0, 0]: 1
3_10: 0: [2, 6, 11, 13, 22, 32]: [1, 1, 3, 3, 1, 1, 2, 1, 1, 2, 1]: 2
6_10: 0: [2, 6, 10, 16, 23, 29]: [1, 1, 2, 1, 2, 2, 2, 3, 1, 1, 1]: 1
7_10: 0: [3, 5, 9, 15, 18, 30]: [1, 1, 3, 0, 0, 1, 3, 2, 1, 0, 1]: 1
8_10: 0: [3, 6, 10, 19, 24, 30]: [1, 1, 2, 1, 1, 1, 2, 1, 1, 0, 3]: 1
9_10: 0: [4, 7, 11, 15, 21, 29]: [1, 1, 2, 0, 0, 2, 1, 0, 2, 1, 2]: 2
10_10: 0: [3, 8, 10, 18, 22, 30]: [1, 2, 3, 0, 1, 2, 1, 1, 1, 0, 0]: 1
12_10: 0: [3, 8, 10, 11, 21, 28]: [1, 2, 2, 0, 1, 2, 1, 1, 1, 1, 1]: 1
13_10: 0: [3, 8, 13, 15, 20, 30]: [2, 1, 1, 1, 0, 1, 2, 1, 1, 0, 1]: 2
15_10: 0: [2, 9, 14, 20, 24, 31]: [1, 0, 2, 1, 1, 0, 3, 1, 1, 2, 0]: 0
16_10: 0: [2, 7, 10, 20, 24, 30]: [1, 2, 3, 2, 0, 0, 1, 1, 2, 1, 1]: 1
18_10: 0: [3, 6, 11, 15, 18, 31]: [1, 2, 1, 1, 3, 1, 1, 0, 1, 2, 2]: 1
20_10: 0: [2, 9, 11, 16, 23, 30]: [2, 1, 1, 1, 1, 0, 1, 1, 1, 2, 1]: 3
