30
sum_all
200_5___9__    11   0  [1, 5, 4, 2, 2, 0, 1, 2, 0, 1, 0]  (100, 104)
300_4___9__    10   0  [7, 4, 2, 1, 0, 0, 1, 2, 0, 2]  (100, 111)
100_3___9__    9   0  [2, 1, 2, 7, 3, 1, 2, 0, 2]  (100, 122)
100_5___9__    9   2  [0, 1, 2, 7, 3, 1, 2, 0, 2]  (100, 115)
300_5___9__    9   0  [1, 5, 4, 2, 3, 1, 2, 0, 2]  (100, 105)
100_1___9__    8   3  [4, 7, 3, 1, 1, 1, 1, 0]  (100, 128)
100_4___9__    8   0  [1, 2, 2, 7, 5, 2, 0, 2]  (100, 121)
200_1___9__    8   0  [7, 7, 3, 1, 2, 1, 0, 0]  (100, 117)
200_4___9__    8   0  [7, 7, 2, 0, 1, 2, 0, 2]  (100, 112)
300_3___9__    8   0  [7, 7, 2, 0, 1, 2, 0, 2]  (100, 110)
200_2___9__    7   0  [7, 7, 2, 2, 2, 1, 1]  (100, 121)
200_3___9__    7   0  [7, 7, 2, 2, 2, 0, 2]  (100, 116)
300_2___9__    7   0  [2, 4, 7, 1, 3, 3, 2]  (100, 130)
100_2___9__    6   0  [2, 4, 7, 5, 3, 2]  (100, 141)
300_1___9__    4   8  [7, 5, 3, 2]  (100, 110)
part_in:(105, 130), all_in:(100, 104), all_out:(100, 130)
blue
200_4___22__    13   1  [1, 0, 3, 1, 0, 0, 1, 3, 1, 2, 0, 0, 3]  (5, 15)
100_1___22__    12   1  [1, 0, 3, 1, 1, 1, 3, 1, 2, 0, 0, 3]  (4, 15)
100_5___22__    12   1  [1, 0, 3, 1, 1, 3, 1, 1, 2, 0, 0, 3]  (-1, 15)
100_3___22__    11   1  [1, 0, 3, 3, 1, 3, 1, 2, 0, 0, 3]  (7, 15)
100_4___22__    11   1  [1, 0, 3, 3, 1, 3, 1, 2, 0, 0, 3]  (7, 15)
200_1___22__    11   1  [1, 0, 3, 1, 1, 1, 3, 1, 2, 0, 4]  (5, 15)
200_3___22__    11   1  [1, 0, 3, 1, 1, 1, 4, 0, 3, 0, 3]  (6, 15)
200_5___22__    11   1  [1, 0, 3, 3, 1, 1, 1, 1, 3, 0, 3]  (1, 15)
300_5___22__    11   1  [2, 1, 1, 3, 1, 3, 1, 2, 0, 0, 3]  (2, 15)
100_2___22__    10   1  [1, 0, 3, 3, 1, 5, 2, 0, 0, 3]  (1, 15)
300_4___22__    10   1  [2, 1, 1, 3, 1, 3, 1, 3, 0, 3]  (6, 15)
300_3___22__    9   1  [2, 3, 3, 1, 5, 2, 0, 0, 3]  (6, 15)
200_2___22__    8   1  [1, 0, 3, 1, 1, 1, 9, 4]  (4, 15)
300_1___22__    6   1  [2, 3, 3, 7, 3, 4]  (9, 15)
300_2___22__    5   1  [2, 3, 3, 11, 4]  (6, 15)
part_in:(-1, 6), all_in:(7, 15), all_out:(-1, 15)
blue_sort
100_3___23__    11   1  [1, 0, 3, 5, 0, 0, 3, 0, 1, 4, 0]  (3, 15)
200_3___23__    11   1  [1, 0, 8, 0, 0, 0, 4, 1, 2, 1, 0]  (9, 15)
200_4___23__    11   1  [1, 0, 8, 0, 0, 0, 4, 1, 2, 1, 0]  (8, 15)
100_2___23__    10   1  [1, 0, 3, 5, 0, 0, 4, 1, 4, 0]  (8, 15)
200_2___23__    10   1  [2, 3, 4, 0, 6, 1, 2, 0, 0, 0]  (2, 15)
200_5___23__    10   1  [1, 0, 8, 0, 0, 0, 6, 2, 1, 0]  (2, 15)
100_4___23__    9   3  [0, 3, 5, 0, 0, 6, 2, 1, 0]  (4, 15)
100_5___23__    9   1  [1, 0, 3, 6, 0, 6, 2, 1, 0]  (1, 15)
200_1___23__    9   1  [0, 0, 0, 8, 7, 1, 2, 1, 0]  (5, 15)
300_4___23__    8   3  [0, 10, 0, 4, 1, 2, 1, 0]  (3, 15)
300_3___23__    7   4  [11, 4, 1, 0, 1, 1, 0]  (2, 15)
100_1___23__    6   3  [0, 9, 0, 7, 4, 0]  (8, 15)
300_5___23__    6   1  [1, 0, 11, 6, 4, 0]  (3, 15)
300_1___23__    5   4  [10, 5, 1, 4, 0]  (8, 15)
300_2___23__    5   4  [11, 6, 2, 1, 0]  (9, 15)
part_in:(1, 8), all_in:(9, 15), all_out:(1, 15)
less8
100_2___2__    12   1  [0, 2, 0, 2, 2, 2, 1, 0, 1, 2, 1, 3]  (5, 6)
300_5___2__    11   0  [0, 3, 0, 2, 2, 1, 1, 0, 2, 4, 3]  (6, 7)
200_5___2__    10   1  [4, 2, 0, 1, 1, 1, 0, 2, 2, 5]  (5, 6)
300_4___2__    10   1  [4, 0, 1, 2, 1, 2, 0, 1, 2, 5]  (6, 6)
100_1___2__    9   1  [0, 2, 0, 2, 2, 2, 4, 2, 5]  (5, 6)
100_3___2__    9   1  [0, 3, 2, 2, 4, 0, 1, 2, 5]  (4, 6)
100_4___2__    9   1  [3, 0, 2, 2, 4, 2, 2, 1, 3]  (4, 6)
100_5___2__    9   1  [4, 2, 2, 3, 0, 2, 2, 1, 3]  (5, 6)
300_1___2__    9   1  [0, 3, 2, 2, 4, 2, 2, 1, 3]  (6, 6)
300_2___2__    8   1  [4, 2, 2, 4, 2, 2, 1, 3]  (6, 6)
200_1___2__    7   1  [0, 6, 2, 2, 4, 2, 5]  (3, 6)
200_3___2__    7   0  [0, 0, 6, 2, 7, 2, 5]  (3, 6)
200_4___2__    7   1  [4, 2, 2, 7, 2, 3, 1]  (4, 6)
300_3___2__    7   1  [4, 2, 4, 2, 0, 1, 8]  (5, 6)
200_2___2__    6   1  [0, 6, 2, 7, 2, 5]  (3, 6)
part_in:(3, 7), all_in:(6, 6), all_out:(3, 7)
gap25
100_5___13__    12   4  [0, 0, 1, 0, 1, 1, 0, 1, 2, 3, 2, 2]  (10, 15)
200_5___13__    11   1  [1, 1, 0, 1, 0, 1, 1, 0, 1, 2, 9]  (9, 15)
100_2___13__    10   2  [1, 0, 0, 1, 0, 3, 0, 4, 6, 2]  (4, 15)
100_4___13__    10   4  [0, 0, 1, 0, 3, 0, 4, 1, 4, 2]  (9, 15)
200_3___13__    10   1  [1, 1, 0, 1, 0, 3, 0, 4, 6, 2]  (6, 15)
200_1___13__    9   0  [2, 1, 0, 2, 3, 0, 4, 5, 3]  (4, 15)
200_4___13__    9   1  [1, 1, 0, 1, 0, 3, 0, 4, 9]  (7, 15)
100_3___13__    8   4  [0, 0, 1, 0, 3, 0, 4, 9]  (11, 15)
300_2___13__    8   5  [0, 2, 3, 0, 4, 1, 4, 2]  (2, 15)
300_3___13__    8   5  [0, 2, 3, 0, 4, 1, 4, 2]  (7, 15)
100_1___13__    7   5  [0, 2, 3, 0, 4, 1, 7]  (5, 15)
200_2___13__    7   5  [3, 0, 2, 0, 4, 1, 7]  (2, 15)
300_4___13__    7   5  [0, 2, 3, 0, 4, 1, 7]  (6, 15)
300_5___13__    7   5  [0, 2, 3, 0, 4, 3, 5]  (8, 15)
300_1___13__    6   0  [4, 3, 3, 5, 1, 7]  (6, 15)
part_in:(2, 10), all_in:(11, 15), all_out:(2, 15)
sum34
100_1___14__    9   0  [2, 4, 1, 2, 2, 1, 0, 3, 5]  (29, 44)
100_3___14__    9   3  [4, 1, 5, 2, 2, 0, 2, 1, 0]  (29, 40)
100_4___14__    9   5  [2, 1, 1, 3, 2, 2, 0, 2, 2]  (29, 39)
100_5___14__    9   3  [1, 2, 1, 5, 2, 0, 2, 2, 2]  (29, 37)
200_2___14__    9   1  [1, 0, 5, 1, 3, 2, 3, 4, 0]  (29, 42)
200_5___14__    9   3  [0, 5, 5, 1, 0, 2, 0, 2, 2]  (29, 35)
300_2___14__    9   1  [1, 6, 5, 2, 2, 0, 1, 0, 2]  (29, 46)
300_5___14__    9   4  [3, 1, 1, 3, 1, 0, 3, 2, 2]  (29, 37)
100_2___14__    8   1  [1, 4, 1, 5, 2, 3, 2, 2]  (29, 51)
200_1___14__    8   3  [0, 5, 5, 1, 0, 2, 0, 5]  (29, 40)
200_3___14__    8   8  [1, 2, 2, 2, 2, 0, 4, 0]  (29, 39)
200_4___14__    8   4  [5, 5, 1, 0, 2, 0, 2, 2]  (29, 39)
300_1___14__    8   0  [2, 6, 5, 2, 2, 0, 1, 3]  (29, 38)
300_4___14__    7   8  [1, 5, 2, 2, 0, 2, 2]  (29, 38)
300_3___14__    6   10  [5, 2, 2, 0, 4, 0]  (29, 37)
part_in:(36, 51), all_in:(29, 35), all_out:(29, 51)
gap12
100_5___15__    13   0  [1, 5, 1, 0, 1, 0, 1, 1, 4, 1, 0, 1, 0]  (1, 7)
100_3___15__    11   0  [1, 5, 1, 3, 3, 3, 0, 1, 0, 1, 0]  (5, 7)
300_5___15__    11   0  [1, 3, 1, 1, 3, 1, 1, 4, 1, 2, 0]  (7, 7)
100_1___15__    10   0  [1, 5, 1, 3, 3, 1, 4, 0, 1, 0]  (4, 7)
100_4___15__    10   2  [5, 1, 3, 1, 1, 4, 1, 0, 1, 0]  (4, 7)
200_4___15__    10   2  [5, 1, 3, 1, 1, 1, 2, 1, 0, 2]  (7, 9)
300_4___15__    10   0  [1, 3, 1, 1, 3, 1, 1, 6, 2, 0]  (7, 7)
100_2___15__    9   2  [5, 1, 3, 3, 4, 1, 0, 1, 0]  (5, 7)
200_1___15__    9   0  [1, 1, 1, 3, 3, 1, 1, 6, 3]  (7, 8)
200_2___15__    9   0  [1, 1, 3, 1, 3, 3, 6, 2, 0]  (7, 8)
200_5___15__    9   2  [5, 1, 3, 1, 1, 1, 2, 1, 3]  (7, 7)
300_3___15__    9   0  [1, 7, 3, 3, 1, 2, 1, 2, 0]  (6, 7)
200_3___15__    8   0  [1, 5, 1, 3, 1, 1, 6, 3]  (7, 10)
300_2___15__    7   0  [1, 7, 3, 3, 6, 2, 0]  (7, 7)
300_1___15__    6   0  [1, 7, 3, 3, 6, 3]  (7, 7)
part_in:(1, 10), all_in:(7, 7), all_out:(1, 10)
sum16
100_1___10__    11   3  [3, 1, 6, 1, 1, 1, 2, 0, 0, 0, 0]  (34, 44)
100_3___10__    11   0  [2, 1, 1, 8, 1, 0, 2, 1, 0, 1, 1]  (34, 43)
100_4___10__    11   0  [2, 1, 1, 1, 6, 1, 0, 2, 1, 0, 3]  (34, 42)
100_5___10__    11   0  [2, 1, 3, 6, 1, 0, 0, 1, 1, 0, 3]  (34, 42)
200_2___10__    11   2  [0, 5, 6, 1, 0, 2, 1, 0, 0, 0, 1]  (34, 39)
200_5___10__    11   0  [2, 5, 6, 1, 0, 0, 1, 1, 0, 0, 2]  (34, 35)
300_5___10__    11   3  [3, 1, 3, 2, 1, 0, 0, 1, 1, 0, 3]  (33, 34)
200_1___10__    10   3  [3, 1, 6, 1, 1, 1, 2, 0, 0, 1]  (34, 37)
200_3___10__    10   0  [2, 1, 3, 6, 1, 0, 2, 2, 0, 2]  (34, 35)
200_4___10__    10   0  [2, 1, 3, 6, 1, 0, 0, 1, 1, 4]  (34, 34)
300_3___10__    10   0  [2, 12, 1, 0, 0, 1, 1, 0, 1, 1]  (34, 35)
300_2___10__    9   0  [1, 0, 12, 1, 3, 1, 0, 1, 1]  (34, 40)
300_4___10__    9   0  [8, 6, 1, 0, 0, 1, 2, 1, 1]  (34, 36)
100_2___10__    8   0  [2, 5, 6, 1, 3, 1, 2, 1]  (34, 46)
300_1___10__    7   2  [0, 12, 1, 1, 1, 4, 1]  (34, 35)
part_in:(33, 44), all_in:(34, 34), all_out:(33, 44)
sum25
100_3___12__    13   0  [0, 0, 4, 2, 2, 2, 3, 0, 0, 1, 0, 1, 1]  (37, 41)
100_1___12__    12   1  [0, 4, 2, 2, 2, 3, 1, 1, 0, 1, 0, 0]  (37, 43)
100_2___12__    11   0  [0, 0, 4, 2, 2, 2, 4, 0, 1, 2, 1]  (37, 46)
100_4___12__    11   0  [0, 0, 4, 2, 2, 2, 3, 1, 1, 0, 3]  (37, 39)
300_3___12__    11   0  [1, 4, 5, 2, 1, 1, 1, 1, 0, 1, 1]  (37, 37)
300_2___12__    10   0  [0, 0, 4, 8, 1, 1, 1, 1, 2, 1]  (37, 43)
300_4___12__    10   0  [1, 4, 5, 2, 1, 1, 1, 2, 1, 1]  (37, 38)
100_5___12__    9   2  [4, 2, 2, 2, 3, 1, 1, 0, 3]  (35, 37)
200_4___12__    9   0  [1, 4, 5, 2, 3, 1, 1, 0, 3]  (37, 39)
200_5___12__    9   0  [1, 4, 5, 2, 3, 1, 1, 0, 3]  (35, 37)
200_1___12__    8   2  [4, 8, 3, 1, 1, 0, 1, 1]  (37, 41)
200_3___12__    8   2  [4, 5, 2, 3, 1, 1, 0, 3]  (37, 41)
300_5___12__    8   2  [4, 5, 2, 3, 1, 1, 0, 3]  (34, 37)
200_2___12__    7   1  [0, 4, 14, 1, 0, 1, 1]  (37, 42)
300_1___12__    7   1  [0, 4, 8, 3, 1, 1, 4]  (37, 37)
part_in:(34, 46), all_in:(37, 37), all_out:(34, 46)
gap23
200_1___16__    11   1  [3, 0, 0, 0, 8, 0, 1, 0, 0, 5, 0]  (1, 2)
100_2___16__    10   0  [5, 0, 1, 7, 2, 0, 0, 2, 2, 0]  (2, 3)
100_4___16__    10   0  [4, 0, 0, 1, 7, 2, 0, 0, 2, 3]  (2, 2)
100_5___16__    10   0  [4, 0, 0, 1, 7, 2, 0, 0, 2, 3]  (2, 4)
200_4___16__    10   1  [3, 0, 0, 1, 7, 0, 1, 0, 0, 6]  (2, 2)
200_5___16__    10   1  [3, 0, 0, 1, 7, 0, 1, 0, 0, 6]  (2, 3)
300_2___16__    10   5  [0, 0, 9, 2, 0, 0, 1, 0, 2, 0]  (1, 2)
300_5___16__    10   1  [3, 0, 0, 1, 7, 2, 0, 0, 2, 3]  (2, 4)
100_1___16__    9   0  [5, 0, 1, 7, 2, 0, 0, 2, 3]  (1, 2)
100_3___16__    9   5  [0, 0, 1, 7, 2, 0, 0, 2, 3]  (2, 3)
200_2___16__    9   1  [3, 0, 0, 9, 2, 0, 0, 5, 0]  (1, 2)
200_3___16__    9   1  [3, 0, 0, 9, 2, 0, 0, 5, 0]  (1, 2)
300_3___16__    9   5  [0, 0, 9, 2, 0, 0, 2, 2, 0]  (2, 2)
300_4___16__    9   5  [0, 0, 1, 7, 2, 0, 0, 2, 3]  (1, 2)
300_1___16__    7   5  [0, 0, 9, 2, 0, 6, 0]  (1, 2)
part_in:(1, 4), all_in:(2, 2), all_out:(1, 4)
gap45
100_1___18__    11   1  [0, 1, 4, 3, 2, 2, 1, 1, 0, 1, 2]  (1, 10)
100_3___18__    11   1  [0, 1, 3, 0, 3, 2, 4, 1, 0, 2, 1]  (3, 10)
100_5___18__    11   1  [0, 1, 4, 3, 0, 1, 4, 1, 0, 2, 1]  (2, 10)
200_1___18__    11   1  [0, 1, 1, 2, 3, 2, 2, 3, 0, 0, 3]  (3, 10)
200_5___18__    11   1  [0, 1, 4, 3, 0, 1, 2, 3, 0, 2, 1]  (3, 10)
300_3___18__    11   1  [0, 1, 1, 2, 3, 2, 1, 4, 0, 2, 1]  (2, 10)
300_4___18__    11   1  [0, 1, 4, 3, 0, 1, 1, 4, 0, 2, 1]  (2, 10)
100_2___18__    10   1  [0, 1, 4, 3, 2, 2, 1, 1, 0, 4]  (0, 10)
100_4___18__    10   1  [0, 1, 4, 3, 2, 4, 1, 0, 2, 1]  (3, 10)
200_2___18__    10   1  [0, 1, 4, 3, 1, 0, 2, 3, 0, 4]  (1, 10)
200_3___18__    10   1  [0, 6, 3, 1, 0, 2, 3, 0, 2, 1]  (4, 10)
300_2___18__    10   1  [0, 1, 1, 2, 3, 2, 2, 3, 0, 4]  (0, 10)
200_4___18__    9   1  [0, 6, 3, 2, 2, 3, 0, 2, 1]  (3, 10)
300_5___18__    9   2  [1, 4, 3, 0, 1, 2, 3, 0, 4]  (1, 10)
300_1___18__    7   2  [1, 4, 3, 2, 6, 0, 4]  (1, 10)
part_in:(0, 3), all_in:(4, 10), all_out:(0, 10)
row3
100_4___7__    11   0  [4, 0, 1, 0, 0, 1, 3, 7, 2, 0, 0]  (8, 8)
100_5___7__    11   0  [4, 0, 1, 0, 0, 1, 3, 8, 1, 0, 0]  (6, 8)
200_5___7__    11   0  [4, 0, 1, 0, 0, 1, 3, 7, 2, 0, 0]  (7, 8)
100_2___7__    10   0  [5, 1, 0, 0, 1, 5, 0, 4, 3, 0]  (6, 8)
100_3___7__    10   0  [4, 0, 1, 0, 0, 1, 11, 2, 0, 0]  (8, 9)
200_3___7__    10   0  [4, 0, 1, 0, 0, 10, 2, 2, 0, 0]  (6, 8)
200_4___7__    10   0  [4, 0, 1, 0, 0, 5, 7, 2, 0, 0]  (6, 8)
300_1___7__    10   0  [4, 0, 1, 0, 0, 5, 7, 0, 2, 0]  (8, 9)
300_2___7__    10   5  [0, 1, 0, 0, 5, 1, 6, 0, 1, 0]  (7, 8)
200_1___7__    9   5  [0, 1, 0, 0, 0, 12, 0, 2, 0]  (8, 8)
200_2___7__    9   5  [0, 1, 0, 0, 0, 12, 0, 2, 0]  (8, 8)
300_3___7__    9   5  [0, 1, 0, 0, 5, 1, 7, 1, 0]  (8, 9)
300_5___7__    9   0  [4, 0, 1, 0, 0, 5, 1, 9, 0]  (8, 8)
100_1___7__    8   6  [1, 0, 0, 1, 12, 1, 0, 0]  (8, 10)
300_4___7__    8   5  [0, 1, 0, 0, 5, 1, 9, 0]  (8, 9)
part_in:(6, 9), all_in:(8, 8), all_out:(6, 9)
gap16
100_3___11__    14   2  [0, 0, 2, 0, 0, 1, 0, 1, 2, 3, 1, 0, 2, 1]  (22, 26)
200_5___11__    13   1  [1, 0, 2, 0, 0, 2, 1, 2, 3, 1, 0, 2, 1]  (24, 26)
100_2___11__    12   2  [0, 0, 2, 0, 0, 1, 2, 2, 3, 1, 0, 4]  (14, 26)
100_4___11__    12   1  [2, 2, 0, 0, 2, 1, 2, 3, 1, 0, 2, 1]  (21, 26)
200_4___11__    12   1  [2, 2, 0, 0, 2, 1, 2, 3, 1, 0, 2, 1]  (21, 26)
300_3___11__    12   1  [0, 1, 3, 2, 2, 2, 3, 1, 0, 1, 0, 1]  (19, 26)
100_5___11__    11   3  [3, 0, 0, 2, 1, 1, 0, 3, 2, 2, 1]  (20, 26)
200_1___11__    11   3  [0, 3, 3, 0, 0, 2, 3, 1, 1, 1, 1]  (18, 26)
300_5___11__    11   1  [5, 0, 0, 2, 1, 1, 0, 3, 2, 2, 1]  (22, 26)
200_2___11__    10   4  [2, 0, 3, 1, 2, 3, 1, 0, 2, 1]  (16, 26)
300_1___11__    10   4  [3, 2, 0, 1, 2, 3, 1, 0, 1, 2]  (18, 26)
300_2___11__    10   4  [2, 3, 0, 1, 2, 3, 1, 0, 1, 2]  (14, 26)
300_4___11__    10   1  [6, 0, 1, 0, 1, 2, 3, 1, 0, 4]  (20, 26)
200_3___11__    9   1  [2, 2, 0, 3, 1, 6, 2, 1, 2]  (21, 26)
100_1___11__    8   2  [0, 0, 4, 4, 6, 1, 3, 1]  (16, 26)
part_in:(14, 23), all_in:(24, 26), all_out:(14, 26)
ball_column
100_4___21__    12   2  [2, 0, 2, 2, 2, 0, 1, 3, 0, 2, 1, 0]  (2, 4)
100_3___21__    11   2  [2, 0, 2, 2, 3, 1, 3, 0, 2, 1, 0]  (2, 4)
100_2___21__    10   2  [2, 0, 2, 5, 0, 1, 3, 0, 4, 0]  (4, 5)
200_2___21__    10   2  [2, 0, 2, 1, 3, 0, 1, 2, 1, 5]  (4, 5)
200_3___21__    10   2  [2, 0, 2, 5, 0, 1, 3, 0, 2, 2]  (3, 4)
200_4___21__    10   2  [2, 0, 2, 5, 0, 1, 3, 0, 4, 0]  (3, 4)
200_5___21__    10   1  [0, 2, 0, 2, 5, 0, 1, 3, 0, 5]  (4, 4)
300_3___21__    10   0  [1, 2, 0, 9, 1, 4, 0, 1, 1, 0]  (4, 4)
300_4___21__    10   0  [1, 2, 0, 8, 0, 1, 2, 0, 0, 5]  (4, 4)
100_1___21__    9   2  [2, 0, 2, 5, 0, 1, 4, 0, 4]  (4, 4)
100_5___21__    9   2  [2, 6, 2, 0, 1, 3, 0, 2, 2]  (3, 4)
200_1___21__    9   0  [1, 2, 0, 2, 1, 3, 6, 0, 5]  (4, 4)
300_1___21__    9   2  [2, 0, 8, 0, 4, 1, 3, 0, 0]  (3, 4)
300_2___21__    9   0  [1, 2, 0, 9, 1, 4, 0, 2, 1]  (3, 4)
300_5___21__    8   2  [2, 0, 8, 0, 1, 2, 1, 5]  (4, 5)
part_in:(2, 5), all_in:(4, 4), all_out:(2, 5)
less9
100_3___3__    14   0  [1, 1, 0, 0, 1, 2, 0, 3, 1, 1, 3, 1, 0, 1]  (5, 6)
100_4___3__    14   2  [1, 0, 0, 1, 2, 0, 3, 1, 1, 3, 1, 0, 0, 0]  (5, 6)
100_5___3__    14   2  [1, 0, 0, 1, 2, 0, 1, 1, 1, 1, 3, 1, 0, 1]  (4, 5)
200_4___3__    14   0  [1, 2, 0, 4, 0, 1, 1, 1, 1, 0, 2, 1, 0, 1]  (5, 7)
100_2___3__    13   0  [1, 1, 0, 0, 4, 0, 5, 0, 0, 3, 1, 0, 1]  (5, 8)
200_5___3__    13   0  [1, 2, 0, 4, 0, 1, 1, 1, 1, 3, 1, 0, 1]  (5, 5)
200_3___3__    12   2  [2, 0, 4, 0, 1, 3, 1, 0, 2, 1, 0, 1]  (5, 7)
300_3___3__    12   2  [2, 0, 4, 0, 1, 3, 1, 0, 2, 1, 0, 1]  (5, 8)
300_5___3__    12   2  [2, 0, 4, 0, 1, 1, 1, 1, 0, 2, 2, 1]  (5, 5)
300_4___3__    11   2  [2, 0, 4, 0, 1, 3, 1, 0, 2, 2, 1]  (5, 7)
200_2___3__    10   2  [2, 0, 4, 0, 5, 1, 3, 1, 0, 1]  (5, 8)
300_1___3__    10   2  [2, 0, 4, 0, 1, 4, 0, 0, 2, 4]  (5, 6)
300_2___3__    10   2  [2, 0, 4, 0, 1, 3, 0, 0, 3, 4]  (5, 7)
100_1___3__    9   2  [2, 0, 4, 0, 7, 3, 1, 0, 1]  (5, 9)
200_1___3__    9   2  [2, 0, 4, 0, 7, 3, 1, 0, 1]  (5, 8)
part_in:(4, 8), all_in:(5, 5), all_out:(4, 8)
less10
200_5___4__    17   0  [0, 2, 1, 1, 1, 1, 3, 2, 0, 0, 0, 0, 0, 0, 1, 0, 0]  (0, 0)
200_3___4__    16   1  [4, 1, 1, 1, 3, 1, 0, 0, 0, 0, 0, 0, 0, 1, 0, 0]  (0, 1)
200_4___4__    15   0  [0, 4, 1, 1, 1, 3, 1, 0, 3, 0, 0, 0, 0, 0, 0]  (0, 0)
100_2___4__    14   1  [2, 1, 1, 1, 1, 3, 2, 1, 1, 0, 0, 1, 0, 0]  (0, 4)
100_5___4__    14   0  [0, 2, 1, 1, 1, 1, 3, 3, 2, 0, 0, 1, 0, 0]  (0, 1)
100_1___4__    13   1  [2, 1, 1, 1, 1, 3, 3, 2, 0, 0, 1, 0, 0]  (0, 3)
100_3___4__    12   1  [2, 1, 1, 1, 1, 3, 6, 0, 0, 1, 0, 0]  (0, 1)
100_4___4__    12   1  [2, 1, 1, 1, 1, 3, 6, 0, 0, 1, 0, 0]  (0, 1)
200_2___4__    12   1  [4, 3, 0, 6, 0, 0, 2, 0, 0, 1, 0, 0]  (0, 3)
300_2___4__    12   1  [4, 1, 1, 1, 3, 3, 2, 0, 0, 1, 0, 0]  (0, 2)
300_4___4__    12   6  [1, 1, 1, 3, 2, 0, 2, 0, 0, 1, 0, 0]  (0, 2)
300_5___4__    12   1  [6, 1, 1, 3, 2, 0, 2, 0, 0, 1, 0, 0]  (0, 0)
300_3___4__    11   6  [1, 1, 1, 3, 3, 2, 0, 0, 1, 0, 0]  (0, 3)
200_1___4__    10   4  [1, 3, 0, 5, 2, 1, 0, 1, 2, 0]  (0, 2)
300_1___4__    9   0  [5, 3, 1, 3, 3, 2, 1, 2, 0]  (0, 1)
part_in:(2, 4), all_in:(0, 1), all_out:(0, 4)
less5
300_2___1__    15   0  [0, 0, 3, 3, 1, 1, 2, 0, 1, 0, 0, 0, 1, 1, 1]  (0, 2)
300_4___1__    15   0  [1, 3, 3, 1, 1, 1, 0, 0, 1, 0, 0, 0, 1, 1, 1]  (0, 2)
100_3___1__    14   0  [0, 0, 3, 3, 1, 1, 1, 0, 0, 3, 0, 1, 1, 1]  (0, 2)
300_3___1__    14   0  [1, 3, 2, 0, 3, 1, 0, 0, 2, 0, 0, 1, 1, 1]  (0, 2)
100_1___1__    13   0  [0, 0, 3, 3, 1, 1, 2, 2, 1, 0, 1, 1, 1]  (0, 2)
100_4___1__    13   0  [1, 3, 3, 1, 1, 1, 0, 0, 1, 2, 1, 1, 1]  (0, 2)
100_5___1__    13   0  [1, 3, 3, 1, 1, 1, 0, 0, 1, 2, 1, 1, 1]  (1, 2)
200_4___1__    13   0  [1, 3, 3, 1, 1, 1, 1, 2, 0, 0, 1, 1, 1]  (0, 2)
300_1___1__    13   0  [1, 3, 2, 0, 1, 1, 1, 0, 3, 1, 1, 1, 1]  (0, 2)
100_2___1__    12   0  [0, 0, 3, 3, 1, 1, 2, 0, 4, 1, 1, 1]  (0, 2)
200_2___1__    12   0  [0, 0, 3, 3, 1, 1, 3, 2, 1, 1, 1, 1]  (0, 2)
200_5___1__    12   0  [1, 3, 3, 1, 1, 1, 1, 3, 0, 1, 1, 1]  (1, 2)
300_5___1__    12   0  [1, 3, 3, 1, 1, 1, 0, 0, 4, 1, 1, 1]  (0, 2)
200_3___1__    11   0  [1, 3, 3, 1, 1, 3, 3, 0, 1, 1, 1]  (0, 2)
200_1___1__    10   0  [1, 3, 3, 1, 2, 4, 2, 1, 1, 1]  (1, 2)
part_in:(0, 0), all_in:(1, 2), all_out:(0, 2)
row2
200_3___6__    14   0  [2, 1, 0, 1, 0, 0, 0, 3, 0, 1, 2, 5, 0, 0]  (10, 10)
300_4___6__    13   3  [1, 0, 2, 0, 4, 0, 1, 2, 0, 1, 2, 0, 0]  (9, 10)
100_2___6__    12   0  [2, 2, 2, 0, 4, 0, 1, 3, 1, 2, 0, 0]  (10, 12)
100_3___6__    12   0  [2, 2, 2, 0, 4, 0, 1, 3, 1, 2, 0, 0]  (10, 10)
100_4___6__    12   0  [2, 1, 0, 2, 0, 4, 0, 5, 1, 2, 0, 0]  (10, 10)
100_5___6__    12   0  [2, 1, 0, 2, 0, 4, 0, 5, 1, 2, 0, 0]  (10, 11)
200_2___6__    12   3  [2, 1, 0, 0, 0, 3, 0, 1, 3, 4, 0, 0]  (8, 10)
200_4___6__    12   0  [2, 1, 0, 2, 0, 4, 0, 5, 1, 2, 0, 0]  (9, 10)
200_5___6__    12   0  [2, 1, 0, 2, 0, 4, 0, 5, 1, 2, 0, 0]  (9, 10)
300_2___6__    12   3  [2, 2, 0, 4, 0, 1, 3, 1, 1, 0, 0, 0]  (10, 11)
300_3___6__    12   3  [2, 3, 4, 0, 1, 2, 0, 1, 1, 0, 0, 0]  (9, 10)
300_5___6__    12   3  [1, 0, 2, 0, 4, 0, 1, 3, 1, 2, 0, 0]  (10, 10)
100_1___6__    11   3  [2, 2, 0, 1, 2, 0, 5, 1, 2, 0, 0]  (8, 10)
200_1___6__    11   3  [2, 1, 0, 0, 0, 3, 6, 1, 2, 0, 0]  (8, 10)
300_1___6__    10   0  [2, 2, 3, 4, 0, 4, 0, 4, 0, 0]  (8, 10)
part_in:(8, 12), all_in:(10, 10), all_out:(8, 12)
gap56
300_4___19__    16   1  [0, 2, 0, 0, 1, 0, 3, 0, 0, 1, 2, 0, 2, 0, 1, 0]  (4, 5)
200_4___19__    15   1  [0, 3, 0, 1, 0, 3, 2, 0, 1, 0, 0, 2, 0, 1, 0]  (4, 5)
200_5___19__    15   0  [0, 0, 2, 0, 2, 0, 3, 2, 0, 1, 1, 2, 0, 1, 0]  (4, 7)
300_3___19__    15   1  [0, 2, 0, 0, 2, 3, 0, 0, 0, 0, 2, 3, 0, 1, 0]  (4, 4)
300_5___19__    15   1  [0, 2, 0, 2, 0, 3, 0, 0, 1, 1, 1, 2, 0, 1, 0]  (4, 6)
100_2___19__    14   1  [0, 3, 1, 0, 0, 3, 2, 0, 1, 1, 0, 2, 1, 0]  (4, 4)
100_4___19__    14   0  [0, 0, 3, 2, 0, 3, 2, 0, 2, 0, 2, 0, 1, 0]  (4, 6)
100_5___19__    14   0  [0, 0, 2, 0, 2, 0, 3, 2, 0, 3, 2, 0, 1, 0]  (4, 7)
200_2___19__    14   1  [0, 3, 0, 1, 0, 3, 2, 0, 1, 1, 2, 0, 1, 0]  (4, 5)
300_1___19__    14   0  [0, 0, 3, 0, 2, 1, 1, 0, 4, 0, 1, 2, 1, 0]  (4, 4)
200_3___19__    13   0  [0, 0, 3, 0, 1, 0, 3, 2, 0, 6, 0, 1, 0]  (4, 5)
300_2___19__    13   1  [0, 3, 0, 2, 1, 1, 0, 1, 0, 4, 2, 1, 0]  (4, 4)
100_1___19__    12   0  [0, 0, 3, 1, 0, 0, 3, 2, 2, 5, 1, 0]  (4, 5)
200_1___19__    11   1  [0, 3, 1, 1, 3, 2, 2, 4, 0, 1, 0]  (4, 4)
100_3___19__    10   1  [0, 3, 3, 3, 2, 0, 6, 0, 1, 0]  (4, 5)
part_in:(6, 7), all_in:(4, 5), all_out:(4, 7)
row1
100_2___5__    18   0  [0, 0, 0, 0, 0, 0, 0, 0, 1, 0, 0, 3, 5, 0, 0, 1, 1, 0]  (0, 1)
100_4___5__    18   0  [1, 0, 0, 1, 0, 0, 1, 1, 0, 2, 1, 1, 1, 0, 0, 1, 1, 0]  (1, 1)
100_5___5__    18   0  [1, 0, 0, 1, 1, 0, 0, 1, 0, 2, 1, 1, 1, 0, 0, 1, 1, 0]  (1, 1)
100_3___5__    17   0  [0, 0, 0, 0, 1, 0, 0, 0, 0, 0, 0, 3, 1, 5, 1, 1, 0]  (1, 1)
100_1___5__    16   0  [0, 0, 0, 1, 0, 0, 1, 0, 0, 0, 3, 3, 3, 1, 1, 0]  (0, 1)
200_1___5__    16   0  [0, 0, 0, 2, 0, 1, 0, 0, 0, 2, 0, 6, 0, 1, 1, 0]  (1, 2)
300_2___5__    15   0  [0, 0, 3, 2, 0, 1, 2, 0, 1, 3, 0, 0, 1, 1, 0]  (1, 1)
200_2___5__    14   0  [0, 0, 3, 2, 0, 0, 0, 2, 0, 6, 0, 1, 1, 0]  (1, 1)
200_3___5__    14   0  [0, 0, 0, 2, 2, 0, 1, 2, 0, 1, 5, 1, 1, 0]  (1, 2)
200_5___5__    14   0  [0, 0, 0, 2, 3, 1, 2, 0, 3, 1, 1, 1, 1, 0]  (1, 2)
300_1___5__    14   0  [1, 3, 2, 0, 1, 2, 0, 4, 0, 0, 0, 1, 1, 0]  (1, 1)
300_5___5__    14   0  [1, 1, 1, 0, 2, 1, 3, 0, 2, 1, 1, 1, 1, 0]  (1, 1)
200_4___5__    13   0  [1, 0, 2, 3, 1, 2, 0, 3, 2, 0, 1, 1, 0]  (1, 2)
300_3___5__    12   0  [1, 3, 2, 0, 1, 2, 0, 6, 0, 1, 1, 0]  (0, 1)
300_4___5__    11   0  [1, 3, 0, 2, 5, 5, 0, 0, 1, 1, 0]  (0, 1)
part_in:(0, 2), all_in:(1, 1), all_out:(0, 2)
gap34
100_3___17__    15   0  [1, 0, 0, 3, 0, 1, 2, 2, 0, 0, 0, 0, 0, 3, 2]  (2, 3)
100_4___17__    14   0  [1, 1, 3, 0, 1, 2, 2, 0, 1, 0, 0, 3, 0, 1]  (3, 3)
100_5___17__    14   0  [1, 0, 4, 0, 1, 4, 0, 0, 1, 0, 0, 3, 0, 1]  (3, 4)
200_2___17__    14   0  [1, 1, 1, 0, 0, 0, 1, 6, 0, 0, 0, 0, 3, 2]  (-1, 3)
300_3___17__    14   2  [0, 0, 1, 1, 0, 1, 3, 2, 0, 1, 0, 3, 0, 1]  (3, 3)
200_1___17__    13   0  [1, 0, 0, 1, 1, 0, 1, 3, 2, 2, 0, 3, 2]  (-1, 3)
200_5___17__    13   2  [3, 0, 0, 0, 1, 2, 2, 0, 1, 0, 0, 3, 2]  (2, 3)
200_3___17__    12   2  [1, 2, 0, 0, 1, 2, 3, 0, 1, 0, 3, 2]  (0, 3)
200_4___17__    12   0  [1, 1, 2, 0, 0, 1, 2, 3, 2, 0, 3, 2]  (0, 3)
300_5___17__    12   2  [0, 2, 1, 0, 1, 5, 0, 2, 0, 3, 0, 1]  (2, 3)
100_1___17__    11   0  [1, 0, 0, 3, 0, 1, 6, 2, 0, 3, 2]  (2, 3)
100_2___17__    11   0  [1, 0, 0, 3, 0, 1, 8, 0, 0, 3, 2]  (0, 3)
300_1___17__    11   0  [1, 0, 0, 1, 1, 2, 3, 5, 0, 3, 2]  (2, 3)
300_2___17__    11   0  [1, 0, 0, 1, 1, 2, 3, 5, 0, 3, 2]  (1, 3)
300_4___17__    11   2  [0, 2, 1, 0, 1, 2, 3, 2, 0, 3, 2]  (2, 3)
part_in:(-1, 4), all_in:(3, 3), all_out:(-1, 4)
ball
100_4___20__    18   0  [0, 0, 1, 0, 3, 0, 1, 1, 0, 0, 1, 1, 0, 0, 1, 2, 0, 0]  (1, 1)
200_4___20__    18   0  [0, 0, 1, 2, 1, 0, 1, 1, 0, 0, 1, 1, 0, 0, 1, 2, 0, 0]  (1, 1)
200_5___20__    18   0  [0, 0, 1, 2, 2, 1, 1, 0, 0, 1, 1, 0, 0, 0, 0, 2, 0, 0]  (1, 1)
100_1___20__    17   0  [0, 0, 1, 4, 0, 1, 1, 0, 0, 1, 1, 0, 0, 1, 0, 1, 1]  (1, 2)
100_2___20__    17   0  [0, 0, 1, 4, 0, 1, 1, 0, 0, 1, 1, 0, 0, 1, 0, 1, 1]  (1, 2)
100_3___20__    17   0  [0, 0, 1, 4, 0, 1, 1, 0, 0, 1, 1, 0, 0, 0, 0, 2, 1]  (1, 1)
100_5___20__    17   0  [0, 0, 1, 4, 0, 1, 1, 0, 0, 1, 1, 0, 0, 0, 0, 2, 1]  (1, 1)
200_2___20__    17   0  [0, 0, 1, 2, 1, 0, 1, 1, 0, 0, 1, 1, 0, 0, 1, 2, 1]  (1, 2)
200_3___20__    16   0  [0, 0, 1, 5, 1, 1, 0, 0, 1, 1, 0, 0, 1, 2, 0, 0]  (1, 1)
300_5___20__    16   0  [0, 0, 1, 4, 0, 1, 1, 0, 0, 1, 1, 0, 0, 1, 2, 1]  (1, 2)
300_2___20__    15   0  [0, 0, 1, 5, 1, 1, 0, 0, 1, 1, 0, 0, 1, 2, 1]  (1, 1)
300_3___20__    15   0  [0, 0, 1, 5, 1, 1, 0, 0, 1, 1, 0, 0, 1, 2, 1]  (1, 2)
300_4___20__    15   0  [0, 0, 1, 5, 1, 1, 0, 0, 1, 1, 0, 0, 1, 2, 1]  (1, 1)
200_1___20__    14   0  [0, 0, 1, 5, 1, 1, 0, 0, 3, 0, 0, 1, 2, 1]  (1, 1)
300_1___20__    14   0  [0, 0, 1, 5, 1, 1, 0, 0, 3, 0, 0, 1, 2, 1]  (1, 1)
part_in:(3, 2), all_in:(1, 2), all_out:(1, 2)
row4
100_5___8__    21   1  [0, 0, 1, 1, 0, 0, 0, 1, 0, 0, 0, 1, 1, 1, 0, 0, 0, 1, 0, 0, 0]  (0, 1)
100_2___8__    20   1  [0, 0, 1, 1, 0, 0, 0, 1, 0, 0, 0, 1, 0, 2, 0, 0, 0, 2, 0, 0]  (0, 1)
100_4___8__    20   1  [0, 0, 1, 1, 0, 0, 0, 1, 0, 0, 0, 1, 3, 0, 0, 0, 1, 0, 0, 0]  (0, 1)
200_4___8__    20   1  [0, 0, 1, 1, 0, 0, 0, 1, 0, 0, 0, 1, 3, 1, 0, 0, 0, 0, 0, 0]  (0, 1)
200_5___8__    20   1  [0, 0, 1, 1, 0, 0, 0, 1, 0, 0, 0, 1, 3, 0, 0, 0, 1, 0, 0, 0]  (0, 1)
300_4___8__    20   1  [0, 0, 1, 1, 0, 0, 0, 1, 0, 0, 0, 1, 1, 1, 1, 0, 1, 0, 0, 0]  (1, 1)
200_2___8__    19   1  [0, 0, 1, 1, 0, 0, 0, 1, 0, 0, 0, 1, 1, 1, 1, 0, 2, 0, 0]  (0, 1)
200_3___8__    19   1  [0, 0, 1, 1, 0, 0, 0, 1, 0, 0, 0, 1, 3, 1, 0, 0, 1, 0, 0]  (0, 1)
300_2___8__    19   1  [0, 0, 1, 1, 0, 0, 0, 1, 0, 0, 0, 1, 1, 1, 1, 0, 2, 0, 0]  (0, 1)
300_3___8__    19   1  [0, 0, 1, 1, 0, 0, 0, 1, 0, 0, 0, 1, 1, 1, 1, 0, 2, 0, 0]  (1, 1)
300_5___8__    19   1  [0, 0, 1, 1, 0, 0, 0, 1, 0, 0, 0, 1, 1, 1, 1, 0, 2, 0, 0]  (0, 1)
100_3___8__    18   1  [0, 0, 1, 1, 0, 0, 0, 1, 0, 0, 0, 1, 3, 1, 0, 2, 0, 0]  (0, 1)
200_1___8__    18   1  [0, 0, 1, 1, 0, 0, 0, 1, 0, 0, 0, 1, 3, 1, 0, 2, 0, 0]  (0, 1)
300_1___8__    18   1  [0, 0, 1, 1, 0, 0, 0, 1, 0, 0, 0, 1, 1, 1, 1, 0, 2, 1]  (0, 1)
100_1___8__    17   1  [0, 0, 3, 0, 0, 0, 1, 0, 0, 0, 1, 3, 1, 0, 2, 0, 0]  (0, 1)
part_in:(0, -1), all_in:(0, 1), all_out:(0, 1)
