continues1
1_3: 13: [4, 8, 12, 18, 23, 27]: [1, 1, 1, 1, 1, 1, 3, 2, 3, 2, 1, 3, 3]: 2
2_2: 13: [4, 9, 17, 22, 25, 29]: [1, 2, 2, 1, 2, 3, 1, 3, 1, 1, 2, 1, 1]: 1
18_2: 12: [3, 7, 10, 19, 22, 26]: [1, 1, 2, 1, 3, 3, 2, 2, 1, 1, 1, 3]: 0
2_1: 9: [1, 9, 17, 23, 27, 30]: [1, 2, 1, 2, 2, 1, 1, 2, 2]: 2
2_3: 9: [4, 9, 13, 18, 22, 26]: [1, 2, 1, 1, 1, 3, 2, 1, 3]: 1
4_9: 9: [5, 10, 17, 21, 24, 30]: [2, 1, 1, 1, 1, 1, 2, 1, 2]: 2
7_3: 8: [4, 8, 15, 21, 25, 29]: [2, 1, 1, 1, 2, 2, 2, 1]: 1
15_3: 8: [4, 8, 14, 19, 23, 28]: [2, 1, 1, 1, 1, 1, 2, 3]: 2
2_6: 6: [1, 6, 15, 18, 23, 21]: [2, 1, 2, 2, 1, 1]: 2
2_8: 6: [6, 13, 19, 24, 28, 30]: [1, 1, 1, 2, 2, 1]: 3
5_2: 6: [4, 10, 14, 22, 24, 29]: [2, 1, 3, 1, 2, 3]: 0
7_10: 6: [6, 13, 16, 21, 28, 31]: [1, 1, 1, 3, 2, 2]: 2
12_1: 5: [3, 11, 19, 23, 27, 30]: [1, 1, 1, 2, 3]: 1
15_2: 5: [3, 7, 11, 16, 23, 28]: [3, 1, 2, 1, 1]: 1
18_10: 5: [6, 11, 18, 23, 27, 29]: [2, 1, 3, 3, 1]: 2
1_6: 4: [3, 9, 17, 22, 26, 30]: [1, 1, 2, 1]: 2
1_7: 4: [5, 11, 16, 22, 26, 30]: [2, 3, 1, 1]: 1
8_1: 4: [4, 10, 14, 23, 25, 29]: [2, 1, 1, 2]: 0
9_7: 4: [2, 4, 12, 24, 27, 30]: [1, 1, 1, 1]: 1
13_1: 4: [1, 3, 11, 18, 19, 24]: [2, 1, 2, 2]: 1
continues0
13_7: 5: [5, 11, 15, 17, 23, 30]: [0, 0, 0, 0, 0, 1, 2, 3, 1, 1, 0]: 2
13_3: 3: [4, 10, 16, 21, 26, 28]: [0, 0, 0, 1, 2, 1, 2, 3, 2, 2, 1]: 1
13_10: 3: [5, 9, 18, 22, 26, 26]: [0, 0, 0, 2, 0, 1, 1, 1, 1, 2, 1]: 1
10_2: 2: [3, 6, 11, 17, 21, 27]: [0, 0, 1, 1, 0, 2, 1, 1, 2, 1, 1]: 2
10_6: 2: [4, 7, 13, 20, 27, 29]: [0, 0, 2, 0, 0, 2, 1, 3, 1, 0, 2]: 0
11_7: 2: [7, 14, 17, 23, 29, 31]: [0, 0, 1, 1, 2, 3, 0, 1, 0, 1, 0]: 1
12_10: 2: [6, 11, 18, 21, 26, 31]: [0, 0, 1, 1, 0, 1, 1, 2, 2, 1, 0]: 2
1_8: 1: [6, 19, 22, 29, 31, 33]: [0, 3, 0, 2, 1, 1, 0, 0, 1, 2, 1]: 1
1_9: 1: [6, 13, 16, 23, 26, 31]: [0, 1, 0, 1, 0, 1, 0, 2, 0, 0, 0]: 1
3_2: 1: [4, 9, 17, 21, 23, 27]: [0, 1, 2, 1, 1, 1, 1, 2, 4, 0, 1]: 1
3_3: 1: [4, 9, 13, 17, 22, 27]: [0, 2, 1, 2, 0, 3, 0, 2, 0, 0, 1]: 1
3_7: 1: [3, 12, 18, 24, 27, 32]: [0, 2, 2, 0, 1, 1, 3, 1, 1, 1, 0]: 1
4_1: 1: [3, 11, 13, 18, 23, 28]: [0, 2, 1, 2, 0, 0, 1, 1, 0, 0, 0]: 2
4_3: 1: [4, 8, 13, 19, 23, 28]: [0, 1, 1, 0, 2, 3, 1, 3, 1, 1, 2]: 2
4_6: 1: [4, 6, 11, 11, 22, 24]: [0, 1, 2, 1, 2, 1, 0, 1, 3, 1, 0]: 1
4_7: 1: [3, 9, 13, 16, 23, 30]: [0, 1, 2, 2, 2, 2, 1, 2, 2, 2, 1]: 1
5_6: 1: [0, 7, 14, 16, 18, 30]: [0, 2, 0, 3, 1, 0, 2, 1, 0, 1, 1]: 2
6_6: 1: [8, 12, 15, 18, 21, 25]: [0, 1, 1, 1, 2, 0, 0, 3, 1, 1, 0]: 2
6_7: 1: [6, 13, 18, 22, 28, 31]: [0, 2, 0, 0, 2, 1, 0, 2, 1, 1, 0]: 3
7_2: 1: [4, 6, 12, 14, 19, 26]: [0, 1, 2, 1, 2, 3, 1, 3, 2, 0, 2]: 1
