30
gap45
300_1___18__    11   2  [1, 3, 0, 3, 0, 2, 0, 1, 0, 0, 6]  (2, 7)
300_4___18__    11   2  [2, 2, 0, 3, 1, 1, 0, 2, 0, 1, 4]  (1, 7)
300_5___18__    11   2  [2, 2, 0, 3, 1, 1, 0, 2, 0, 1, 4]  (1, 7)
100_3___18__    10   1  [0, 2, 2, 4, 1, 1, 0, 5, 1, 2]  (1, 7)
100_5___18__    10   2  [2, 2, 0, 3, 3, 0, 3, 1, 3, 0]  (1, 7)
300_2___18__    10   2  [5, 0, 3, 3, 0, 1, 0, 0, 1, 4]  (3, 7)
300_3___18__    10   2  [2, 2, 0, 3, 3, 0, 2, 0, 1, 4]  (4, 7)
100_1___18__    9   1  [0, 5, 4, 1, 1, 0, 8, 0, 0]  (5, 7)
100_2___18__    9   1  [0, 5, 4, 1, 1, 0, 5, 3, 0]  (3, 7)
100_4___18__    8   1  [0, 2, 2, 4, 3, 0, 5, 4]  (3, 7)
200_5___18__    8   2  [2, 2, 0, 7, 0, 2, 2, 4]  (4, 7)
200_3___18__    7   1  [0, 6, 3, 3, 0, 5, 4]  (3, 7)
200_2___18__    6   2  [6, 7, 0, 5, 1, 2]  (4, 7)
200_4___18__    6   2  [5, 0, 7, 0, 5, 4]  (4, 7)
200_1___18__    4   2  [6, 7, 0, 10]  (3, 7)
part_in:(1, 4), all_in:(5, 7), all_out:(1, 7)
less8
200_4___2__    11   0  [0, 0, 2, 3, 3, 0, 0, 1, 0, 7, 2]  (3, 5)
100_1___2__    10   0  [1, 3, 1, 3, 2, 0, 0, 0, 7, 2]  (4, 5)
100_5___2__    10   0  [4, 2, 0, 3, 0, 0, 0, 1, 7, 2]  (5, 5)
100_3___2__    9   0  [5, 1, 5, 0, 0, 0, 0, 7, 2]  (4, 5)
200_3___2__    9   0  [4, 3, 2, 1, 0, 0, 1, 7, 2]  (3, 5)
200_5___2__    9   0  [0, 3, 3, 3, 0, 0, 2, 7, 2]  (4, 5)
100_4___2__    8   0  [7, 5, 0, 0, 0, 0, 7, 2]  (5, 5)
200_2___2__    8   0  [4, 3, 2, 2, 0, 1, 7, 2]  (3, 5)
300_3___2__    8   3  [1, 8, 0, 0, 1, 1, 5, 2]  (5, 6)
100_2___2__    7   0  [11, 1, 0, 0, 1, 7, 2]  (4, 5)
300_4___2__    7   3  [1, 8, 0, 2, 1, 5, 2]  (5, 5)
300_5___2__    7   3  [1, 8, 0, 0, 1, 7, 2]  (5, 5)
200_1___2__    6   0  [8, 2, 2, 2, 7, 2]  (3, 5)
300_2___2__    6   12  [1, 0, 0, 1, 7, 2]  (5, 5)
300_1___2__    5   12  [2, 0, 1, 7, 2]  (3, 5)
part_in:(3, 6), all_in:(5, 5), all_out:(3, 6)
row2
100_4___6__    10   0  [2, 5, 3, 1, 1, 2, 2, 3, 0, 0]  (11, 13)
100_5___6__    9   0  [2, 5, 3, 1, 1, 2, 2, 4, 0]  (11, 13)
200_5___6__    9   0  [2, 7, 1, 1, 1, 2, 6, 0, 0]  (11, 11)
300_4___6__    9   0  [2, 5, 1, 3, 1, 2, 6, 0, 0]  (9, 11)
100_1___6__    8   0  [2, 2, 2, 7, 2, 6, 0, 0]  (11, 14)
100_2___6__    8   0  [5, 2, 3, 6, 2, 3, 0, 0]  (11, 13)
200_4___6__    8   0  [2, 7, 1, 1, 1, 2, 6, 1]  (11, 11)
300_1___6__    8   0  [2, 5, 5, 1, 2, 6, 0, 0]  (11, 11)
300_5___6__    8   0  [2, 4, 0, 5, 1, 2, 7, 0]  (11, 11)
100_3___6__    7   0  [2, 5, 7, 2, 6, 0, 0]  (11, 13)
200_3___6__    7   0  [2, 7, 1, 1, 1, 9, 1]  (11, 12)
300_2___6__    7   0  [8, 5, 1, 2, 6, 0, 0]  (11, 11)
300_3___6__    7   0  [2, 5, 5, 1, 2, 6, 1]  (11, 12)
200_2___6__    6   0  [2, 7, 3, 1, 9, 1]  (11, 11)
200_1___6__    5   0  [10, 3, 1, 9, 1]  (11, 12)
part_in:(9, 14), all_in:(11, 11), all_out:(9, 14)
row3
100_5___7__    10   1  [1, 6, 2, 1, 1, 2, 1, 0, 4, 0]  (4, 6)
300_5___7__    10   0  [2, 4, 0, 0, 2, 3, 2, 2, 4, 0]  (6, 7)
100_4___7__    8   3  [6, 2, 1, 1, 2, 2, 4, 0]  (5, 6)
200_5___7__    8   0  [2, 3, 2, 2, 3, 2, 7, 0]  (6, 6)
100_2___7__    7   7  [1, 0, 2, 6, 2, 4, 0]  (5, 6)
200_4___7__    7   0  [2, 3, 2, 2, 3, 2, 8]  (4, 6)
100_3___7__    6   3  [5, 0, 2, 6, 7, 0]  (5, 6)
200_2___7__    6   0  [5, 3, 2, 3, 2, 8]  (4, 6)
200_3___7__    6   0  [2, 6, 2, 3, 2, 8]  (4, 6)
300_1___7__    6   8  [0, 0, 2, 6, 7, 0]  (6, 7)
300_2___7__    6   8  [0, 0, 2, 6, 7, 0]  (5, 6)
300_3___7__    6   3  [4, 0, 0, 2, 6, 8]  (5, 6)
300_4___7__    6   3  [5, 0, 2, 6, 7, 0]  (6, 8)
100_1___7__    5   7  [1, 0, 9, 7, 0]  (5, 6)
200_1___7__    5   0  [2, 0, 5, 9, 8]  (5, 6)
part_in:(4, 8), all_in:(6, 6), all_out:(4, 8)
sum16
100_3___10__    11   4  [0, 0, 1, 3, 1, 0, 3, 3, 1, 0, 2]  (34, 44)
100_5___10__    11   0  [3, 0, 0, 1, 3, 1, 0, 3, 3, 2, 2]  (34, 40)
300_4___10__    11   4  [0, 0, 1, 3, 1, 3, 0, 3, 1, 0, 2]  (34, 35)
300_5___10__    11   4  [0, 0, 1, 1, 1, 1, 4, 3, 1, 0, 2]  (34, 38)
100_2___10__    10   5  [0, 1, 2, 2, 0, 3, 3, 1, 0, 2]  (34, 41)
100_4___10__    10   4  [0, 0, 1, 3, 1, 4, 3, 1, 0, 2]  (34, 40)
200_2___10__    10   0  [3, 0, 0, 1, 3, 10, 1, 0, 0, 1]  (34, 38)
200_5___10__    10   0  [3, 0, 0, 1, 3, 1, 4, 3, 2, 2]  (34, 35)
200_1___10__    9   0  [3, 0, 0, 4, 0, 10, 1, 0, 2]  (34, 36)
300_3___10__    9   4  [0, 0, 1, 5, 4, 3, 1, 0, 2]  (34, 38)
200_4___10__    8   4  [0, 0, 1, 3, 10, 1, 0, 2]  (32, 34)
300_2___10__    8   4  [0, 0, 1, 5, 8, 1, 0, 2]  (34, 40)
100_1___10__    7   2  [2, 0, 12, 3, 1, 0, 2]  (34, 39)
200_3___10__    7   4  [0, 0, 1, 3, 10, 2, 2]  (34, 39)
300_1___10__    7   4  [0, 0, 1, 14, 1, 0, 2]  (34, 40)
part_in:(32, 44), all_in:(34, 34), all_out:(32, 44)
gap12
200_5___15__    12   0  [0, 0, 0, 2, 3, 2, 1, 4, 0, 0, 3, 2]  (3, 3)
200_4___15__    11   1  [0, 0, 2, 3, 2, 1, 4, 0, 0, 3, 2]  (3, 6)
100_4___15__    10   0  [2, 2, 1, 1, 4, 4, 0, 0, 3, 2]  (3, 4)
100_5___15__    10   0  [1, 0, 2, 3, 4, 4, 0, 0, 3, 2]  (3, 3)
200_2___15__    10   0  [1, 0, 2, 3, 2, 1, 4, 0, 4, 2]  (1, 3)
200_3___15__    10   0  [1, 0, 2, 3, 2, 1, 4, 0, 4, 2]  (3, 3)
100_1___15__    9   3  [2, 0, 2, 4, 4, 0, 4, 1, 0]  (3, 3)
200_1___15__    9   0  [2, 2, 3, 2, 1, 4, 0, 4, 2]  (3, 5)
300_4___15__    9   3  [4, 1, 4, 4, 0, 0, 3, 1, 0]  (3, 4)
100_3___15__    8   0  [2, 2, 3, 4, 4, 0, 4, 2]  (3, 5)
300_2___15__    8   3  [6, 4, 4, 0, 0, 3, 1, 0]  (3, 3)
300_5___15__    8   2  [0, 6, 4, 4, 0, 0, 3, 2]  (3, 4)
100_2___15__    7   3  [2, 3, 4, 4, 0, 4, 2]  (3, 4)
300_1___15__    7   3  [6, 4, 4, 0, 0, 3, 2]  (3, 5)
300_3___15__    7   3  [6, 4, 4, 0, 0, 3, 2]  (3, 5)
part_in:(1, 6), all_in:(3, 3), all_out:(1, 6)
gap34
100_4___17__    15   2  [1, 1, 1, 0, 0, 0, 2, 1, 3, 1, 0, 1, 1, 0, 0]  (3, 7)
100_3___17__    14   2  [1, 1, 2, 0, 0, 2, 1, 3, 1, 0, 1, 1, 0, 0]  (1, 7)
100_5___17__    14   2  [1, 1, 2, 0, 0, 2, 1, 1, 1, 1, 2, 1, 0, 0]  (2, 7)
100_1___17__    11   2  [1, 1, 2, 0, 9, 1, 2, 0, 0, 0, 0]  (2, 7)
100_2___17__    10   2  [1, 1, 2, 0, 9, 1, 0, 1, 2, 0]  (2, 7)
200_5___17__    10   2  [1, 1, 2, 0, 5, 1, 1, 1, 5, 0]  (3, 7)
300_3___17__    9   4  [4, 0, 3, 3, 1, 1, 1, 3, 0]  (3, 7)
300_5___17__    9   4  [4, 0, 3, 1, 1, 1, 1, 5, 0]  (0, 7)
200_2___17__    8   2  [3, 2, 0, 3, 5, 5, 1, 0]  (7, 9)
300_1___17__    8   7  [1, 0, 6, 0, 3, 2, 2, 0]  (3, 7)
300_2___17__    8   7  [1, 0, 6, 0, 3, 2, 2, 0]  (3, 7)
300_4___17__    8   4  [4, 0, 3, 3, 1, 1, 5, 0]  (3, 7)
200_1___17__    7   2  [6, 0, 0, 8, 5, 1, 0]  (7, 7)
200_3___17__    7   4  [4, 0, 9, 2, 2, 1, 0]  (7, 7)
200_4___17__    7   2  [3, 2, 0, 9, 1, 5, 0]  (5, 7)
part_in:(0, 9), all_in:(7, 7), all_out:(0, 9)
blue
100_4___22__    11   0  [0, 1, 3, 0, 3, 6, 0, 0, 0, 3, 2]  (10, 11)
100_5___22__    11   0  [0, 1, 3, 0, 3, 5, 1, 0, 0, 3, 2]  (10, 10)
300_5___22__    11   0  [0, 1, 2, 0, 0, 5, 4, 0, 0, 0, 6]  (10, 11)
100_2___22__    10   0  [0, 5, 0, 3, 2, 3, 0, 0, 0, 6]  (8, 10)
200_4___22__    10   0  [3, 2, 0, 4, 4, 1, 0, 0, 3, 2]  (10, 12)
300_4___22__    10   0  [2, 2, 0, 0, 5, 5, 0, 0, 3, 2]  (10, 13)
100_1___22__    9   0  [0, 5, 0, 3, 7, 0, 0, 3, 2]  (10, 11)
100_3___22__    9   0  [0, 1, 3, 0, 3, 7, 0, 0, 6]  (6, 10)
200_3___22__    9   0  [6, 0, 4, 4, 1, 0, 0, 3, 2]  (8, 10)
200_2___22__    8   0  [6, 0, 1, 2, 4, 2, 0, 6]  (9, 10)
200_5___22__    8   0  [6, 0, 1, 8, 0, 0, 0, 6]  (10, 10)
200_1___22__    7   0  [6, 0, 9, 2, 0, 3, 2]  (10, 12)
300_1___22__    7   0  [5, 0, 0, 12, 0, 4, 1]  (10, 10)
300_2___22__    7   0  [5, 0, 0, 11, 0, 0, 6]  (9, 10)
300_3___22__    7   0  [5, 0, 0, 5, 6, 0, 6]  (9, 10)
part_in:(6, 13), all_in:(10, 10), all_out:(6, 13)
less9
300_5___3__    14   1  [0, 0, 4, 1, 2, 0, 1, 1, 1, 1, 1, 2, 0, 0]  (1, 5)
300_4___3__    13   0  [0, 0, 0, 4, 1, 2, 0, 1, 1, 1, 1, 1, 4]  (1, 3)
100_4___3__    12   1  [0, 0, 4, 1, 2, 0, 2, 0, 3, 1, 1, 2]  (1, 1)
100_5___3__    12   1  [0, 0, 4, 1, 2, 0, 3, 3, 1, 1, 0, 1]  (1, 4)
200_2___3__    12   1  [0, 0, 4, 1, 2, 0, 3, 2, 0, 1, 1, 2]  (1, 1)
200_3___3__    12   1  [0, 0, 4, 1, 2, 0, 3, 2, 0, 1, 1, 2]  (1, 2)
100_1___3__    11   1  [0, 0, 2, 1, 0, 0, 7, 3, 1, 1, 2]  (1, 1)
100_2___3__    11   1  [0, 0, 4, 0, 0, 2, 4, 3, 1, 1, 2]  (1, 2)
100_3___3__    11   1  [0, 0, 4, 1, 2, 0, 2, 0, 3, 3, 2]  (1, 3)
200_1___3__    11   1  [0, 0, 4, 1, 2, 1, 2, 2, 0, 3, 2]  (1, 1)
200_4___3__    11   1  [0, 0, 4, 1, 2, 0, 3, 3, 1, 1, 2]  (1, 3)
200_5___3__    11   1  [0, 0, 4, 1, 2, 0, 3, 3, 1, 1, 2]  (1, 5)
300_2___3__    11   1  [0, 0, 4, 1, 2, 0, 3, 1, 1, 4, 1]  (1, 3)
300_3___3__    10   1  [0, 0, 4, 1, 2, 0, 3, 1, 1, 6]  (1, 2)
300_1___3__    9   1  [0, 0, 4, 1, 3, 3, 3, 1, 4]  (1, 3)
part_in:(3, 5), all_in:(1, 2), all_out:(1, 5)
less10
300_5___4__    17   2  [1, 1, 0, 0, 1, 3, 0, 0, 0, 1, 0, 0, 0, 1, 1, 1, 0]  (0, 1)
200_3___4__    14   2  [1, 1, 0, 0, 6, 1, 0, 0, 0, 0, 2, 1, 1, 0]  (0, 1)
200_4___4__    14   2  [1, 1, 0, 0, 1, 4, 1, 1, 0, 1, 1, 1, 1, 0]  (0, 1)
300_4___4__    14   2  [1, 1, 0, 2, 3, 0, 1, 1, 0, 0, 2, 1, 1, 0]  (0, 0)
100_3___4__    13   2  [1, 0, 0, 0, 2, 1, 2, 1, 1, 0, 5, 1, 0]  (0, 2)
100_5___4__    13   2  [2, 0, 0, 2, 4, 0, 2, 0, 1, 1, 1, 1, 0]  (0, 1)
200_1___4__    13   0  [1, 1, 1, 0, 2, 4, 0, 2, 0, 3, 1, 1, 0]  (0, 0)
200_5___4__    13   0  [1, 3, 0, 2, 4, 3, 0, 0, 0, 1, 1, 1, 0]  (0, 1)
300_3___4__    13   2  [1, 1, 0, 0, 1, 3, 0, 1, 1, 0, 5, 1, 0]  (0, 0)
300_1___4__    12   2  [1, 1, 0, 2, 4, 1, 1, 0, 3, 1, 1, 0]  (0, 1)
100_2___4__    11   2  [3, 0, 2, 1, 2, 3, 0, 3, 1, 1, 0]  (0, 2)
100_4___4__    11   2  [2, 0, 0, 2, 4, 3, 0, 3, 1, 1, 0]  (0, 1)
200_2___4__    11   0  [1, 1, 1, 0, 7, 3, 0, 3, 1, 1, 0]  (0, 0)
300_2___4__    10   2  [3, 0, 2, 4, 3, 0, 3, 1, 1, 0]  (0, 1)
100_1___4__    9   2  [3, 0, 2, 4, 3, 0, 3, 1, 2]  (0, 1)
part_in:(2, 2), all_in:(0, 1), all_out:(0, 2)
sum25
100_3___12__    15   3  [2, 1, 1, 1, 1, 0, 2, 0, 0, 0, 0, 0, 2, 1, 0]  (32, 47)
100_5___12__    15   0  [5, 1, 1, 1, 1, 0, 2, 0, 0, 0, 0, 0, 2, 1, 0]  (32, 40)
300_5___12__    15   2  [0, 0, 1, 3, 1, 1, 3, 0, 1, 0, 0, 2, 0, 0, 0]  (32, 36)
100_4___12__    14   6  [1, 1, 1, 1, 0, 2, 0, 0, 0, 0, 0, 2, 1, 0]  (32, 42)
200_5___12__    14   0  [1, 0, 2, 1, 1, 1, 1, 3, 2, 0, 0, 2, 1, 0]  (32, 36)
300_3___12__    14   2  [0, 2, 3, 1, 1, 3, 0, 1, 0, 0, 2, 0, 0, 0]  (32, 39)
300_4___12__    14   3  [0, 1, 1, 1, 1, 1, 3, 0, 1, 0, 0, 2, 1, 0]  (32, 33)
300_2___12__    12   3  [2, 3, 1, 1, 3, 0, 1, 0, 0, 2, 1, 0]  (32, 39)
100_1___12__    11   2  [3, 3, 1, 2, 2, 0, 1, 0, 0, 4, 0]  (32, 38)
100_2___12__    11   2  [3, 3, 1, 2, 2, 0, 1, 0, 0, 4, 0]  (32, 43)
200_4___12__    11   3  [2, 1, 1, 1, 5, 2, 0, 0, 2, 1, 0]  (32, 34)
300_1___12__    11   3  [2, 3, 1, 5, 2, 0, 0, 2, 0, 0, 0]  (32, 39)
200_1___12__    10   0  [5, 3, 1, 5, 2, 0, 0, 2, 1, 0]  (32, 36)
200_3___12__    10   2  [0, 2, 3, 1, 8, 0, 0, 2, 1, 0]  (32, 41)
200_2___12__    9   0  [5, 3, 1, 8, 0, 0, 2, 1, 0]  (32, 37)
part_in:(34, 47), all_in:(32, 33), all_out:(32, 47)
gap25
100_3___13__    15   3  [1, 1, 1, 1, 1, 1, 1, 1, 0, 3, 0, 0, 0, 0, 0]  (4, 22)
100_4___13__    13   3  [1, 1, 1, 1, 1, 1, 1, 2, 3, 0, 1, 0, 0]  (7, 22)
200_3___13__    12   3  [3, 1, 1, 1, 1, 1, 1, 4, 0, 1, 0, 0]  (14, 22)
300_4___13__    12   3  [1, 1, 3, 1, 1, 1, 1, 4, 0, 1, 0, 0]  (11, 22)
300_5___13__    12   3  [1, 1, 1, 1, 1, 1, 1, 6, 0, 1, 0, 0]  (7, 22)
100_2___13__    11   3  [3, 3, 1, 1, 1, 1, 4, 0, 1, 0, 0]  (9, 22)
100_5___13__    11   3  [1, 1, 3, 1, 1, 1, 2, 3, 0, 2, 0]  (5, 22)
200_2___13__    11   3  [3, 3, 1, 1, 1, 1, 4, 0, 1, 0, 0]  (19, 22)
200_4___13__    11   3  [3, 3, 1, 1, 1, 1, 4, 0, 1, 0, 0]  (14, 22)
200_5___13__    11   3  [1, 1, 3, 1, 1, 1, 6, 0, 1, 0, 0]  (11, 22)
300_3___13__    11   3  [1, 1, 3, 1, 1, 3, 4, 0, 1, 0, 0]  (16, 22)
100_1___13__    10   5  [1, 3, 1, 1, 1, 1, 4, 0, 2, 0]  (15, 22)
300_1___13__    10   7  [3, 1, 1, 0, 2, 4, 0, 1, 0, 0]  (13, 22)
300_2___13__    10   7  [3, 1, 1, 0, 2, 4, 0, 1, 0, 0]  (14, 22)
200_1___13__    9   3  [3, 3, 1, 1, 1, 7, 1, 0, 0]  (17, 22)
part_in:(4, 18), all_in:(19, 22), all_out:(4, 22)
sum34
100_4___14__    14   5  [0, 1, 1, 1, 0, 3, 1, 0, 0, 0, 0, 3, 0, 0]  (33, 42)
100_5___14__    14   0  [4, 0, 3, 1, 0, 3, 1, 0, 0, 0, 0, 2, 1, 0]  (33, 41)
100_1___14__    13   2  [2, 0, 3, 1, 0, 3, 1, 1, 0, 0, 3, 0, 0]  (33, 39)
100_2___14__    13   2  [2, 0, 3, 1, 0, 3, 2, 0, 0, 0, 3, 0, 0]  (33, 43)
100_3___14__    13   2  [2, 0, 3, 1, 0, 3, 1, 0, 0, 0, 0, 4, 0]  (33, 49)
200_2___14__    13   0  [4, 0, 3, 1, 0, 0, 2, 3, 0, 0, 2, 1, 0]  (33, 37)
200_1___14__    12   0  [4, 0, 5, 0, 3, 3, 0, 0, 2, 0, 0, 0]  (33, 39)
200_5___14__    12   0  [4, 0, 3, 1, 0, 3, 3, 0, 0, 2, 1, 0]  (33, 33)
300_3___14__    12   2  [2, 0, 3, 1, 0, 3, 3, 0, 0, 2, 1, 0]  (33, 43)
300_4___14__    12   5  [0, 3, 1, 0, 3, 3, 0, 0, 2, 0, 0, 0]  (33, 37)
200_3___14__    11   5  [0, 3, 1, 0, 3, 3, 0, 0, 2, 1, 0]  (33, 41)
200_4___14__    11   5  [0, 3, 1, 0, 3, 3, 0, 0, 2, 1, 0]  (33, 33)
300_2___14__    11   5  [0, 5, 0, 3, 3, 0, 0, 2, 0, 0, 0]  (33, 44)
300_5___14__    11   5  [0, 3, 1, 0, 3, 3, 0, 0, 2, 1, 0]  (33, 38)
300_1___14__    9   5  [0, 5, 0, 3, 3, 0, 0, 2, 2]  (33, 43)
part_in:(38, 49), all_in:(33, 37), all_out:(33, 49)
gap23
100_3___16__    16   1  [1, 0, 0, 0, 2, 0, 1, 0, 1, 1, 2, 2, 1, 0, 0, 1]  (3, 8)
100_4___16__    14   1  [1, 1, 0, 2, 0, 1, 0, 1, 1, 2, 2, 1, 1, 1]  (2, 8)
100_5___16__    14   1  [1, 1, 0, 0, 1, 0, 1, 0, 1, 1, 2, 4, 1, 1]  (3, 8)
200_3___16__    12   1  [4, 2, 0, 1, 0, 1, 1, 7, 0, 0, 0, 0]  (4, 8)
200_5___16__    12   1  [1, 2, 2, 0, 1, 0, 1, 1, 7, 1, 0, 0]  (2, 8)
300_4___16__    12   0  [0, 4, 0, 1, 0, 1, 0, 1, 1, 7, 1, 1]  (5, 8)
200_2___16__    11   1  [4, 2, 0, 1, 0, 1, 1, 7, 0, 0, 1]  (5, 8)
200_4___16__    11   1  [4, 2, 0, 1, 0, 1, 1, 7, 1, 0, 0]  (4, 8)
300_2___16__    11   1  [4, 0, 1, 0, 2, 1, 0, 0, 7, 1, 1]  (7, 8)
300_3___16__    11   0  [0, 4, 0, 1, 0, 2, 1, 1, 7, 1, 1]  (8, 8)
100_1___16__    10   1  [4, 2, 0, 4, 1, 2, 4, 0, 0, 1]  (7, 8)
100_2___16__    10   1  [4, 2, 0, 2, 1, 1, 2, 4, 1, 1]  (4, 8)
200_1___16__    10   1  [4, 2, 0, 0, 1, 1, 1, 7, 1, 1]  (6, 8)
300_5___16__    10   1  [4, 3, 1, 0, 1, 1, 1, 5, 1, 1]  (4, 8)
300_1___16__    9   1  [4, 0, 1, 0, 4, 1, 7, 1, 1]  (6, 8)
part_in:(2, 6), all_in:(7, 8), all_out:(2, 8)
ball_column
100_5___21__    14   0  [0, 1, 1, 0, 4, 0, 2, 0, 0, 1, 0, 1, 4, 1]  (1, 3)
100_3___21__    12   3  [2, 4, 0, 2, 0, 0, 1, 0, 1, 3, 0, 1]  (2, 3)
100_4___21__    12   3  [1, 0, 4, 0, 2, 0, 0, 1, 2, 3, 0, 1]  (0, 3)
300_5___21__    12   0  [2, 0, 6, 0, 2, 0, 0, 1, 0, 1, 4, 1]  (2, 3)
100_1___21__    11   3  [0, 1, 4, 0, 2, 1, 1, 2, 3, 0, 1]  (2, 3)
100_2___21__    11   0  [2, 2, 4, 0, 2, 1, 1, 2, 3, 0, 1]  (2, 3)
200_5___21__    11   0  [2, 1, 5, 0, 2, 1, 1, 2, 3, 0, 1]  (2, 3)
300_1___21__    11   3  [4, 2, 0, 2, 0, 0, 1, 2, 3, 0, 1]  (2, 3)
300_2___21__    11   3  [4, 2, 0, 2, 0, 2, 0, 1, 3, 0, 1]  (3, 4)
300_3___21__    11   1  [1, 7, 0, 2, 1, 1, 0, 1, 3, 0, 1]  (3, 4)
300_4___21__    11   3  [3, 3, 0, 2, 1, 1, 0, 1, 3, 0, 1]  (3, 3)
200_3___21__    10   0  [2, 0, 2, 3, 0, 2, 1, 1, 6, 2]  (1, 3)
200_1___21__    9   3  [3, 3, 0, 2, 1, 1, 6, 0, 1]  (1, 3)
200_2___21__    9   3  [3, 3, 0, 2, 1, 1, 6, 0, 1]  (2, 3)
200_4___21__    9   0  [2, 7, 0, 2, 1, 1, 2, 3, 2]  (2, 3)
part_in:(0, 4), all_in:(3, 3), all_out:(0, 4)
blue_sort
100_1___23__    12   2  [1, 5, 2, 0, 2, 0, 2, 0, 1, 2, 0, 0]  (3, 5)
100_3___23__    12   2  [1, 4, 0, 2, 0, 3, 2, 0, 1, 2, 0, 0]  (3, 3)
100_4___23__    12   2  [1, 5, 2, 0, 0, 2, 2, 0, 1, 2, 0, 0]  (3, 7)
100_5___23__    12   2  [1, 0, 3, 0, 2, 0, 3, 3, 1, 2, 0, 0]  (3, 6)
200_5___23__    12   2  [1, 1, 2, 0, 1, 1, 3, 2, 2, 2, 0, 0]  (3, 12)
300_4___23__    12   2  [1, 0, 3, 0, 2, 0, 3, 2, 2, 2, 0, 0]  (3, 11)
100_2___23__    11   2  [1, 5, 2, 0, 3, 2, 0, 1, 2, 0, 0]  (3, 4)
200_3___23__    11   2  [1, 1, 3, 2, 0, 3, 3, 1, 1, 1, 0]  (3, 8)
200_4___23__    11   2  [1, 1, 3, 2, 0, 3, 5, 1, 0, 0, 0]  (3, 11)
300_5___23__    11   4  [0, 4, 0, 2, 0, 2, 2, 2, 2, 0, 0]  (3, 11)
200_2___23__    10   2  [1, 5, 2, 0, 3, 3, 1, 1, 1, 0]  (3, 5)
300_2___23__    10   4  [5, 2, 0, 3, 1, 0, 0, 1, 3, 0]  (3, 5)
300_3___23__    10   2  [1, 5, 2, 0, 3, 2, 0, 1, 3, 0]  (3, 7)
200_1___23__    9   4  [5, 2, 0, 5, 0, 2, 1, 1, 0]  (3, 7)
300_1___23__    9   4  [5, 2, 0, 3, 2, 0, 1, 3, 0]  (3, 5)
part_in:(5, 12), all_in:(3, 4), all_out:(3, 12)
less5
100_4___1__    15   1  [1, 6, 1, 0, 0, 0, 0, 1, 1, 0, 0, 3, 0, 0, 0]  (1, 4)
100_5___1__    15   1  [1, 1, 4, 1, 0, 0, 0, 0, 1, 1, 1, 3, 0, 0, 0]  (0, 4)
200_3___1__    14   1  [1, 5, 0, 1, 0, 0, 3, 1, 0, 0, 3, 0, 0, 0]  (3, 4)
200_4___1__    14   3  [5, 0, 1, 0, 0, 0, 2, 1, 0, 0, 3, 0, 0, 0]  (1, 4)
200_5___1__    14   3  [5, 0, 1, 0, 0, 0, 2, 1, 0, 0, 3, 0, 0, 0]  (0, 4)
300_5___1__    14   0  [0, 1, 8, 0, 0, 0, 0, 1, 1, 0, 0, 4, 0, 0]  (1, 4)
100_3___1__    13   1  [1, 6, 1, 0, 0, 1, 1, 1, 0, 0, 4, 0, 0]  (1, 4)
200_2___1__    13   1  [1, 5, 2, 0, 0, 3, 1, 0, 0, 3, 0, 0, 0]  (4, 5)
300_3___1__    13   1  [1, 6, 1, 0, 0, 0, 2, 1, 1, 3, 0, 0, 0]  (3, 4)
300_4___1__    13   1  [1, 6, 1, 0, 0, 0, 2, 1, 1, 3, 0, 0, 0]  (2, 4)
100_2___1__    12   1  [1, 6, 1, 0, 2, 1, 1, 0, 0, 4, 0, 0]  (1, 4)
200_1___1__    12   1  [1, 6, 1, 5, 0, 0, 0, 0, 3, 0, 0, 0]  (3, 4)
100_1___1__    11   1  [8, 1, 0, 2, 1, 1, 0, 0, 4, 0, 0]  (3, 4)
300_1___1__    11   1  [10, 0, 0, 0, 2, 1, 1, 3, 0, 0, 0]  (2, 4)
300_2___1__    10   9  [2, 1, 0, 2, 1, 0, 0, 4, 0, 0]  (3, 4)
part_in:(0, 5), all_in:(4, 4), all_out:(0, 5)
sum_all
100_5___9__    14   0  [5, 1, 1, 1, 1, 2, 1, 1, 0, 0, 2, 0, 0, 0]  (99, 121)
100_2___9__    13   2  [3, 3, 1, 1, 0, 1, 1, 1, 0, 0, 2, 1, 0]  (99, 128)
100_4___9__    13   6  [1, 1, 1, 1, 2, 1, 0, 0, 0, 0, 2, 1, 0]  (99, 124)
100_3___9__    12   6  [3, 1, 1, 0, 1, 1, 1, 0, 0, 2, 1, 0]  (99, 140)
100_1___9__    11   2  [3, 3, 1, 1, 2, 1, 1, 0, 0, 4, 0]  (99, 115)
200_2___9__    11   0  [5, 3, 1, 4, 3, 0, 0, 2, 0, 0, 0]  (99, 112)
200_5___9__    11   0  [5, 3, 1, 1, 2, 3, 0, 0, 2, 1, 0]  (99, 103)
300_3___9__    11   4  [1, 3, 1, 1, 2, 3, 0, 0, 2, 1, 0]  (99, 123)
300_4___9__    11   4  [1, 3, 1, 1, 2, 3, 0, 0, 2, 1, 0]  (99, 107)
300_5___9__    11   4  [1, 3, 1, 1, 2, 3, 0, 0, 2, 1, 0]  (99, 112)
200_1___9__    10   0  [5, 3, 1, 4, 3, 0, 0, 2, 1, 0]  (99, 113)
200_3___9__    10   6  [3, 1, 1, 2, 3, 0, 0, 2, 1, 0]  (99, 121)
200_4___9__    10   6  [3, 1, 1, 2, 3, 0, 0, 2, 1, 0]  (99, 99)
300_1___9__    10   6  [3, 1, 1, 2, 3, 0, 0, 2, 1, 0]  (99, 123)
300_2___9__    10   6  [3, 1, 1, 2, 3, 0, 0, 2, 1, 0]  (99, 124)
part_in:(104, 140), all_in:(99, 103), all_out:(99, 140)
gap16
100_3___11__    13   1  [1, 1, 4, 1, 0, 1, 0, 0, 5, 0, 1, 1, 0]  (15, 30)
100_4___11__    13   1  [1, 1, 4, 1, 0, 1, 0, 0, 5, 0, 1, 1, 0]  (16, 30)
100_5___11__    13   1  [1, 1, 4, 1, 0, 1, 0, 0, 5, 0, 1, 1, 0]  (15, 30)
100_1___11__    12   3  [1, 4, 1, 0, 1, 0, 0, 5, 0, 1, 1, 0]  (23, 30)
200_3___11__    12   3  [6, 1, 0, 1, 0, 0, 5, 0, 1, 0, 0, 0]  (21, 30)
200_4___11__    12   3  [6, 1, 0, 1, 0, 0, 5, 0, 1, 0, 0, 0]  (24, 30)
200_5___11__    12   3  [1, 4, 1, 0, 1, 0, 0, 5, 0, 1, 1, 0]  (17, 30)
300_1___11__    12   3  [1, 4, 1, 0, 1, 0, 0, 5, 0, 1, 1, 0]  (24, 30)
300_2___11__    12   3  [1, 4, 1, 0, 1, 0, 0, 5, 0, 1, 1, 0]  (23, 30)
300_3___11__    12   3  [1, 4, 1, 0, 1, 0, 0, 5, 0, 1, 1, 0]  (25, 30)
300_5___11__    12   3  [1, 4, 1, 0, 1, 0, 0, 5, 0, 1, 1, 0]  (18, 30)
100_2___11__    11   3  [6, 1, 0, 1, 0, 0, 5, 0, 1, 1, 0]  (18, 30)
200_1___11__    11   3  [6, 1, 0, 1, 0, 0, 5, 0, 1, 1, 0]  (27, 30)
200_2___11__    11   3  [6, 1, 0, 1, 0, 0, 5, 0, 2, 0, 0]  (24, 30)
300_4___11__    11   3  [1, 4, 1, 0, 1, 0, 0, 5, 0, 3, 0]  (23, 30)
part_in:(15, 26), all_in:(27, 30), all_out:(15, 30)
gap56
300_4___19__    16   0  [2, 0, 2, 1, 0, 0, 1, 0, 1, 1, 1, 1, 0, 3, 0, 0]  (5, 7)
300_5___19__    16   0  [2, 0, 2, 1, 0, 0, 1, 0, 1, 1, 1, 1, 0, 3, 0, 0]  (5, 6)
200_4___19__    15   0  [0, 1, 3, 2, 0, 1, 0, 1, 3, 1, 0, 1, 1, 0, 0]  (4, 5)
200_2___19__    14   1  [5, 1, 0, 0, 1, 2, 1, 1, 1, 0, 1, 1, 0, 0]  (3, 5)
200_3___19__    14   1  [1, 3, 2, 0, 1, 0, 1, 1, 1, 1, 0, 3, 0, 0]  (2, 5)
300_3___19__    14   0  [0, 1, 3, 1, 0, 0, 1, 0, 1, 3, 1, 0, 4, 0]  (3, 5)
100_1___19__    13   0  [0, 5, 2, 0, 1, 0, 1, 1, 1, 1, 0, 4, 0]  (4, 5)
100_4___19__    13   0  [2, 3, 3, 1, 0, 1, 1, 1, 1, 0, 3, 0, 0]  (2, 5)
200_1___19__    13   1  [0, 4, 3, 1, 2, 1, 1, 1, 0, 1, 1, 0, 0]  (4, 5)
300_1___19__    13   3  [0, 2, 2, 0, 1, 0, 1, 3, 0, 0, 0, 4, 0]  (5, 6)
300_2___19__    13   1  [5, 2, 0, 1, 0, 1, 1, 1, 1, 0, 3, 0, 0]  (4, 5)
100_2___19__    12   0  [6, 3, 1, 0, 1, 1, 1, 1, 0, 3, 0, 0]  (3, 5)
100_5___19__    12   3  [3, 3, 1, 0, 1, 1, 1, 1, 0, 3, 0, 0]  (3, 5)
200_5___19__    12   3  [3, 2, 0, 1, 0, 1, 3, 1, 0, 3, 0, 0]  (3, 5)
100_3___19__    11   3  [3, 3, 1, 0, 1, 1, 1, 1, 0, 4, 0]  (2, 5)
part_in:(2, 7), all_in:(5, 5), all_out:(2, 7)
row1
100_3___5__    20   1  [0, 0, 0, 1, 0, 0, 0, 0, 1, 0, 0, 0, 1, 1, 1, 0, 3, 0, 0, 0]  (0, 1)
300_5___5__    19   1  [0, 0, 1, 1, 0, 1, 1, 0, 0, 4, 0, 0, 0, 0, 1, 0, 0, 0, 0]  (0, 1)
100_4___5__    18   1  [0, 0, 3, 0, 0, 0, 1, 0, 0, 0, 3, 1, 0, 0, 2, 0, 0, 0]  (0, 1)
100_5___5__    18   1  [0, 0, 1, 1, 0, 0, 0, 1, 0, 0, 0, 3, 1, 1, 2, 0, 0, 0]  (0, 1)
300_3___5__    18   1  [0, 0, 1, 1, 0, 3, 0, 0, 4, 0, 0, 0, 0, 1, 0, 0, 0, 0]  (0, 1)
300_4___5__    18   1  [0, 0, 3, 0, 1, 1, 0, 0, 0, 3, 0, 0, 0, 0, 2, 0, 0, 0]  (0, 1)
100_1___5__    17   1  [0, 0, 0, 3, 0, 0, 1, 0, 0, 0, 3, 1, 0, 3, 0, 0, 0]  (0, 1)
100_2___5__    17   1  [0, 0, 0, 2, 0, 0, 0, 1, 0, 0, 0, 3, 1, 4, 0, 0, 0]  (0, 1)
200_4___5__    16   0  [0, 0, 0, 4, 3, 0, 0, 0, 3, 1, 0, 0, 2, 0, 0, 0]  (1, 1)
200_5___5__    16   1  [0, 0, 4, 3, 0, 0, 0, 2, 0, 1, 0, 0, 2, 0, 0, 0]  (0, 1)
300_1___5__    16   1  [0, 0, 3, 0, 1, 1, 0, 0, 4, 1, 0, 0, 2, 0, 0, 0]  (0, 1)
300_2___5__    16   1  [0, 0, 3, 0, 1, 1, 0, 0, 4, 1, 0, 0, 2, 0, 0, 0]  (0, 1)
200_1___5__    15   1  [0, 0, 0, 3, 1, 1, 0, 0, 4, 1, 0, 0, 2, 0, 1]  (0, 1)
200_2___5__    15   1  [0, 0, 4, 1, 1, 0, 0, 4, 1, 0, 0, 2, 0, 0, 0]  (1, 1)
200_3___5__    15   1  [0, 0, 4, 3, 0, 0, 3, 0, 1, 0, 0, 2, 0, 0, 0]  (1, 1)
part_in:(0, -1), all_in:(0, 1), all_out:(0, 1)
ball
200_4___20__    20   0  [0, 1, 0, 0, 1, 0, 0, 0, 1, 0, 2, 0, 1, 0, 0, 0, 3, 0, 0, 0]  (0, 1)
200_5___20__    20   0  [0, 1, 0, 0, 0, 0, 0, 0, 0, 1, 0, 2, 0, 2, 0, 0, 3, 0, 0, 0]  (0, 1)
100_1___20__    19   0  [2, 0, 0, 1, 0, 1, 0, 0, 2, 0, 0, 1, 0, 0, 0, 3, 0, 0, 0]  (1, 1)
100_5___20__    19   0  [0, 1, 0, 0, 1, 0, 1, 1, 2, 0, 0, 1, 0, 0, 0, 3, 0, 0, 0]  (0, 1)
200_2___20__    19   3  [0, 0, 0, 1, 0, 0, 1, 0, 1, 0, 0, 1, 0, 0, 0, 3, 0, 0, 0]  (0, 1)
300_5___20__    19   0  [0, 1, 0, 0, 1, 0, 1, 1, 1, 1, 0, 1, 0, 0, 0, 3, 0, 0, 0]  (0, 1)
100_2___20__    18   0  [2, 0, 0, 1, 0, 1, 0, 0, 2, 0, 0, 2, 0, 0, 3, 0, 0, 0]  (1, 1)
100_3___20__    18   0  [2, 0, 0, 1, 0, 0, 0, 1, 2, 0, 0, 2, 0, 0, 3, 0, 0, 0]  (1, 1)
100_4___20__    18   0  [2, 0, 0, 1, 0, 1, 1, 2, 0, 0, 1, 0, 0, 0, 3, 0, 0, 0]  (0, 1)
200_3___20__    18   1  [1, 0, 0, 1, 0, 1, 1, 0, 1, 0, 0, 2, 0, 0, 3, 0, 0, 0]  (0, 1)
300_1___20__    17   1  [1, 0, 0, 2, 1, 1, 2, 0, 0, 1, 0, 0, 0, 3, 0, 0, 0]  (1, 1)
300_2___20__    17   0  [0, 1, 0, 0, 2, 1, 1, 3, 0, 1, 0, 0, 0, 3, 0, 0, 0]  (1, 1)
300_3___20__    17   1  [1, 0, 0, 2, 1, 1, 1, 1, 0, 1, 0, 0, 0, 3, 0, 0, 0]  (1, 1)
300_4___20__    17   1  [1, 0, 0, 2, 1, 1, 1, 1, 0, 1, 0, 0, 0, 3, 0, 0, 0]  (1, 1)
200_1___20__    15   3  [0, 0, 2, 1, 1, 2, 0, 0, 2, 0, 0, 3, 0, 0, 0]  (1, 1)
part_in:(0, -1), all_in:(0, 1), all_out:(0, 1)
row4
300_4___8__    22   1  [0, 0, 0, 0, 0, 0, 1, 0, 0, 0, 1, 0, 0, 1, 0, 0, 0, 0, 1, 0, 1, 1]  (0, 2)
300_5___8__    22   1  [1, 0, 0, 0, 0, 0, 0, 0, 0, 0, 1, 0, 0, 1, 0, 0, 0, 0, 1, 0, 1, 1]  (0, 2)
300_3___8__    21   1  [0, 0, 0, 0, 0, 0, 1, 0, 0, 0, 1, 0, 2, 0, 0, 0, 0, 1, 0, 1, 1]  (1, 2)
100_1___8__    19   0  [0, 0, 0, 0, 0, 0, 0, 1, 1, 0, 1, 0, 2, 0, 1, 2, 0, 1, 1]  (0, 2)
100_5___8__    19   1  [0, 0, 0, 0, 0, 0, 1, 1, 0, 1, 0, 2, 0, 0, 0, 2, 0, 1, 1]  (1, 2)
300_2___8__    19   1  [0, 0, 0, 0, 0, 0, 1, 0, 0, 0, 1, 0, 2, 0, 1, 0, 1, 2, 1]  (1, 2)
100_2___8__    18   1  [0, 0, 0, 0, 0, 0, 1, 1, 0, 1, 0, 2, 0, 0, 0, 2, 0, 3]  (0, 2)
100_3___8__    18   1  [0, 0, 0, 0, 0, 0, 1, 1, 0, 1, 0, 2, 0, 0, 0, 2, 0, 3]  (1, 2)
100_4___8__    18   1  [0, 0, 0, 0, 0, 0, 1, 1, 0, 1, 0, 2, 0, 0, 0, 2, 0, 3]  (1, 2)
200_5___8__    18   1  [0, 0, 0, 0, 0, 0, 1, 1, 0, 1, 0, 2, 0, 1, 2, 0, 1, 1]  (1, 2)
200_4___8__    17   1  [0, 0, 0, 0, 0, 0, 1, 0, 0, 2, 0, 2, 0, 1, 2, 0, 3]  (1, 2)
300_1___8__    17   1  [1, 0, 0, 0, 0, 0, 0, 1, 2, 0, 2, 0, 1, 0, 1, 2, 1]  (1, 2)
200_1___8__    16   1  [0, 0, 0, 0, 0, 0, 1, 1, 2, 0, 2, 0, 1, 2, 0, 3]  (1, 2)
200_2___8__    16   1  [0, 0, 0, 0, 0, 0, 1, 1, 2, 0, 2, 0, 1, 2, 0, 3]  (2, 2)
200_3___8__    16   1  [0, 0, 0, 0, 0, 0, 1, 1, 2, 0, 2, 0, 1, 2, 0, 3]  (1, 2)
part_in:(0, 0), all_in:(1, 2), all_out:(0, 2)
