30
less5
600_4___1__    10   1  [0, 1, 0, 2, 2, 2, 1, 8, 1, 1]  (1, 4)
600_5___1__    10   1  [3, 2, 2, 2, 1, 0, 3, 3, 1, 1]  (1, 3)
1000_4___1__    10   1  [0, 2, 3, 0, 0, 2, 1, 8, 1, 1]  (1, 2)
400_4___1__    8   1  [0, 0, 7, 2, 1, 8, 1, 1]  (0, 1)
400_5___1__    8   1  [0, 0, 3, 4, 1, 6, 5, 1]  (0, 1)
600_3___1__    8   1  [0, 1, 0, 5, 4, 0, 7, 3]  (1, 7)
400_3___1__    7   1  [0, 0, 3, 3, 2, 1, 12]  (0, 1)
600_2___1__    7   1  [2, 0, 2, 2, 5, 7, 3]  (1, 9)
1000_5___1__    7   1  [3, 3, 2, 1, 10, 1, 1]  (0, 1)
400_1___1__    6   1  [0, 0, 5, 4, 11, 2]  (1, 5)
400_2___1__    6   1  [0, 0, 7, 2, 10, 3]  (0, 1)
1000_1___1__    6   1  [0, 1, 0, 12, 1, 8]  (1, 4)
1000_2___1__    6   1  [3, 3, 2, 7, 4, 3]  (1, 3)
1000_3___1__    6   1  [3, 6, 7, 4, 1, 1]  (1, 6)
600_1___1__    4   1  [2, 12, 8, 2]  (1, 10)
part_in:(0, 9), all_in:(1, 1), all_out:(0, 9)
less8
400_4___2__    15   1  [0, 2, 0, 1, 0, 2, 1, 1, 3, 1, 0, 1, 0, 0, 1]  (11, 16)
600_4___2__    13   1  [1, 1, 0, 1, 3, 1, 1, 3, 2, 1, 0, 0, 1]  (14, 16)
1000_5___2__    13   1  [1, 1, 0, 1, 3, 1, 1, 3, 1, 0, 0, 0, 3]  (15, 16)
400_5___2__    12   5  [0, 1, 3, 1, 1, 3, 1, 0, 1, 0, 0, 1]  (13, 16)
400_3___2__    11   1  [0, 2, 0, 1, 3, 3, 3, 1, 0, 2, 2]  (13, 16)
600_1___2__    11   1  [3, 0, 1, 3, 3, 2, 0, 2, 1, 0, 2]  (11, 16)
600_2___2__    11   1  [3, 0, 1, 1, 1, 3, 3, 2, 1, 0, 2]  (11, 16)
600_5___2__    11   1  [1, 1, 0, 1, 3, 1, 1, 3, 2, 1, 3]  (14, 16)
1000_4___2__    11   1  [1, 1, 0, 1, 3, 3, 5, 0, 0, 0, 3]  (15, 16)
400_1___2__    10   1  [0, 3, 1, 3, 3, 3, 1, 0, 2, 2]  (13, 16)
400_2___2__    10   2  [2, 0, 1, 3, 3, 3, 2, 1, 0, 2]  (14, 16)
1000_1___2__    10   1  [3, 0, 1, 3, 0, 4, 1, 2, 0, 4]  (13, 16)
1000_2___2__    10   1  [3, 0, 1, 3, 0, 2, 3, 2, 0, 4]  (14, 16)
600_3___2__    9   3  [1, 0, 1, 3, 3, 3, 2, 1, 3]  (11, 16)
1000_3___2__    9   1  [3, 0, 1, 3, 3, 3, 2, 1, 3]  (12, 16)
part_in:(11, 14), all_in:(15, 16), all_out:(11, 16)
less9
400_5___3__    10   1  [5, 3, 0, 0, 0, 2, 3, 2, 0, 3]  (16, 19)
400_3___3__    9   1  [5, 4, 0, 0, 2, 2, 3, 0, 3]  (12, 19)
600_4___3__    9   1  [0, 4, 4, 0, 0, 2, 6, 0, 3]  (9, 19)
600_5___3__    9   1  [2, 2, 4, 0, 0, 2, 6, 0, 3]  (11, 19)
1000_5___3__    9   1  [2, 3, 2, 0, 0, 0, 9, 0, 3]  (14, 19)
400_4___3__    8   1  [0, 9, 0, 0, 2, 6, 0, 3]  (11, 19)
600_3___3__    8   1  [0, 3, 5, 0, 3, 6, 0, 3]  (5, 19)
1000_1___3__    8   1  [0, 1, 8, 3, 0, 1, 3, 4]  (11, 19)
1000_2___3__    8   1  [2, 6, 0, 0, 6, 3, 0, 3]  (9, 19)
600_1___3__    7   1  [2, 2, 5, 3, 6, 0, 3]  (5, 19)
1000_3___3__    7   1  [2, 7, 0, 6, 3, 0, 3]  (8, 19)
1000_4___3__    7   1  [0, 9, 0, 0, 9, 0, 3]  (12, 19)
400_1___3__    6   1  [5, 5, 3, 0, 5, 4]  (5, 19)
400_2___3__    6   1  [5, 4, 0, 10, 0, 3]  (11, 19)
600_2___3__    6   1  [10, 0, 3, 6, 0, 3]  (6, 19)
part_in:(5, 15), all_in:(16, 19), all_out:(5, 19)
less10
600_5___4__    13   1  [2, 2, 0, 0, 1, 2, 1, 0, 2, 4, 0, 0, 1]  (5, 7)
1000_4___4__    13   1  [0, 1, 3, 0, 1, 0, 1, 1, 3, 4, 0, 0, 1]  (6, 7)
1000_5___4__    13   1  [2, 3, 0, 1, 0, 1, 1, 0, 2, 4, 0, 0, 1]  (7, 8)
600_2___4__    12   1  [2, 2, 0, 2, 3, 0, 0, 2, 4, 0, 0, 1]  (1, 7)
600_3___4__    12   1  [0, 1, 3, 2, 2, 1, 0, 2, 4, 0, 0, 1]  (1, 7)
600_4___4__    12   1  [2, 3, 0, 1, 2, 1, 0, 2, 4, 0, 0, 1]  (1, 7)
400_1___4__    11   4  [3, 0, 1, 2, 0, 0, 0, 2, 5, 0, 1]  (5, 7)
400_5___4__    11   1  [2, 3, 2, 2, 1, 0, 2, 4, 0, 0, 1]  (7, 11)
600_1___4__    11   1  [2, 3, 2, 1, 1, 0, 0, 2, 5, 0, 1]  (0, 7)
1000_1___4__    11   1  [0, 1, 3, 2, 1, 2, 0, 2, 5, 0, 1]  (2, 7)
1000_3___4__    11   4  [3, 0, 1, 0, 3, 2, 0, 4, 0, 0, 1]  (4, 7)
400_2___4__    10   1  [2, 3, 0, 2, 1, 1, 3, 4, 0, 2]  (7, 9)
400_4___4__    10   4  [3, 2, 2, 1, 0, 2, 4, 0, 0, 1]  (7, 10)
1000_2___4__    10   4  [3, 0, 1, 0, 3, 3, 4, 0, 0, 1]  (2, 7)
400_3___4__    9   4  [3, 2, 2, 0, 0, 3, 4, 0, 2]  (7, 8)
part_in:(0, 11), all_in:(7, 7), all_out:(0, 11)
row1
1000_5___5__    14   3  [2, 5, 0, 2, 0, 1, 0, 0, 0, 0, 0, 0, 2, 0]  (0, 1)
600_4___5__    13   3  [1, 0, 1, 3, 0, 2, 0, 1, 0, 2, 0, 0, 3]  (0, 4)
400_4___5__    12   2  [0, 1, 0, 5, 0, 3, 1, 0, 2, 0, 0, 3]  (0, 1)
600_5___5__    12   3  [1, 0, 1, 3, 0, 2, 0, 1, 0, 3, 0, 3]  (0, 1)
1000_2___5__    12   3  [2, 4, 0, 0, 2, 0, 1, 0, 2, 0, 0, 3]  (0, 2)
1000_4___5__    12   3  [1, 0, 5, 0, 2, 0, 1, 0, 2, 1, 1, 1]  (0, 1)
400_5___5__    11   3  [2, 5, 0, 3, 1, 0, 0, 0, 1, 3, 0]  (0, 0)
1000_1___5__    11   3  [2, 4, 0, 0, 3, 1, 0, 2, 0, 3, 0]  (0, 3)
400_2___5__    10   3  [1, 0, 4, 0, 0, 5, 0, 2, 1, 3]  (0, 1)
400_3___5__    10   2  [0, 2, 4, 0, 0, 5, 0, 2, 1, 3]  (0, 1)
600_3___5__    10   3  [2, 1, 3, 0, 3, 1, 0, 3, 0, 3]  (0, 7)
1000_3___5__    10   3  [2, 5, 0, 2, 0, 1, 0, 2, 1, 3]  (0, 3)
400_1___5__    9   2  [0, 2, 6, 3, 1, 0, 2, 0, 4]  (0, 5)
600_1___5__    9   3  [2, 6, 2, 0, 1, 0, 3, 3, 0]  (0, 8)
600_2___5__    9   3  [2, 5, 0, 3, 1, 0, 3, 0, 3]  (0, 6)
part_in:(2, 7), all_in:(0, 1), all_out:(0, 7)
row2
600_3___6__    10   2  [1, 2, 1, 0, 1, 2, 0, 2, 5, 3]  (16, 27)
600_4___6__    10   2  [1, 2, 1, 0, 1, 2, 0, 2, 5, 3]  (16, 23)
1000_5___6__    10   2  [1, 2, 2, 1, 0, 5, 1, 3, 1, 1]  (16, 16)
400_1___6__    9   2  [1, 4, 2, 3, 1, 0, 1, 3, 3]  (16, 25)
400_2___6__    9   2  [1, 4, 0, 1, 3, 2, 1, 3, 3]  (16, 22)
400_3___6__    9   2  [1, 3, 0, 0, 1, 3, 2, 5, 3]  (16, 21)
400_5___6__    9   2  [1, 5, 1, 0, 2, 2, 1, 3, 3]  (13, 16)
600_2___6__    9   2  [1, 4, 0, 1, 2, 0, 2, 5, 3]  (16, 26)
1000_4___6__    9   2  [4, 2, 1, 1, 1, 2, 5, 1, 1]  (16, 26)
400_4___6__    8   2  [1, 2, 2, 1, 3, 2, 5, 3]  (16, 23)
600_1___6__    8   2  [1, 4, 2, 2, 0, 1, 6, 3]  (16, 29)
600_5___6__    8   2  [1, 2, 4, 3, 2, 1, 3, 3]  (13, 16)
1000_1___6__    7   2  [1, 5, 1, 7, 0, 3, 3]  (16, 28)
1000_2___6__    7   4  [5, 1, 0, 2, 4, 3, 3]  (16, 29)
1000_3___6__    7   2  [6, 0, 1, 3, 2, 5, 3]  (16, 28)
part_in:(13, 29), all_in:(16, 16), all_out:(13, 29)
row3
600_3___7__    10   7  [0, 0, 0, 4, 0, 0, 1, 0, 4, 3]  (12, 27)
600_4___7__    10   5  [1, 0, 1, 1, 2, 0, 0, 1, 5, 3]  (18, 27)
400_5___7__    9   8  [1, 1, 0, 2, 0, 1, 1, 3, 3]  (27, 32)
1000_4___7__    9   5  [1, 0, 1, 3, 2, 1, 5, 1, 1]  (19, 27)
1000_5___7__    9   8  [1, 1, 0, 3, 1, 1, 3, 1, 1]  (27, 28)
400_1___7__    8   2  [7, 1, 4, 1, 0, 0, 3, 3]  (16, 27)
400_2___7__    8   10  [1, 3, 0, 1, 0, 0, 3, 3]  (21, 27)
400_4___7__    8   2  [5, 1, 4, 1, 1, 2, 2, 3]  (20, 27)
600_1___7__    8   4  [3, 0, 0, 4, 0, 0, 7, 3]  (10, 27)
600_2___7__    8   4  [3, 1, 1, 2, 0, 0, 7, 3]  (15, 27)
600_5___7__    8   7  [0, 1, 5, 0, 1, 1, 3, 3]  (27, 30)
1000_3___7__    8   5  [2, 1, 1, 4, 1, 0, 4, 3]  (15, 27)
1000_1___7__    7   4  [0, 2, 1, 1, 4, 2, 8]  (15, 27)
1000_2___7__    7   8  [1, 1, 4, 2, 0, 3, 3]  (15, 27)
400_3___7__    6   10  [1, 4, 1, 0, 4, 3]  (20, 27)
part_in:(10, 32), all_in:(27, 27), all_out:(10, 32)
row4
400_4___8__    16   1  [1, 0, 0, 0, 2, 0, 1, 0, 0, 1, 0, 1, 6, 0, 0, 0]  (3, 7)
400_5___8__    16   1  [1, 0, 0, 0, 2, 0, 1, 0, 0, 1, 0, 1, 4, 2, 0, 0]  (3, 7)
1000_4___8__    16   1  [0, 0, 0, 0, 0, 6, 0, 1, 0, 0, 0, 2, 1, 1, 0, 1]  (2, 7)
400_1___8__    15   1  [0, 0, 0, 0, 0, 2, 0, 1, 0, 2, 0, 0, 6, 1, 1]  (3, 7)
1000_5___8__    15   1  [0, 0, 0, 0, 0, 1, 4, 0, 1, 0, 1, 2, 3, 0, 1]  (3, 7)
400_2___8__    14   1  [1, 0, 0, 0, 2, 0, 2, 2, 0, 0, 1, 3, 2, 1]  (4, 7)
400_3___8__    14   1  [1, 0, 0, 0, 2, 0, 1, 0, 2, 0, 2, 3, 2, 1]  (5, 7)
1000_3___8__    14   1  [0, 0, 0, 0, 0, 6, 2, 0, 1, 0, 3, 1, 0, 1]  (2, 7)
600_1___8__    12   1  [1, 0, 0, 2, 0, 2, 3, 0, 0, 6, 1, 1]  (1, 7)
600_2___8__    12   1  [0, 0, 0, 0, 2, 0, 3, 2, 0, 6, 2, 1]  (1, 7)
600_3___8__    12   1  [1, 0, 0, 0, 1, 4, 2, 0, 6, 1, 0, 1]  (2, 7)
600_5___8__    12   1  [1, 0, 0, 3, 2, 1, 2, 1, 4, 1, 0, 1]  (5, 7)
600_4___8__    11   1  [1, 0, 0, 2, 0, 4, 2, 1, 6, 0, 1]  (3, 7)
1000_1___8__    10   1  [1, 0, 0, 0, 10, 0, 1, 4, 1, 1]  (2, 7)
1000_2___8__    9   1  [1, 0, 0, 0, 9, 0, 2, 6, 1]  (2, 7)
part_in:(1, 4), all_in:(5, 7), all_out:(1, 7)
sum16
600_4___9__    17   0  [0, 1, 1, 0, 0, 0, 2, 1, 1, 0, 0, 1, 3, 1, 0, 0, 1]  (35, 38)
600_2___9__    14   0  [4, 0, 1, 2, 0, 2, 0, 0, 1, 3, 1, 0, 0, 1]  (35, 38)
1000_3___9__    14   0  [3, 0, 0, 2, 3, 2, 0, 1, 2, 0, 1, 0, 0, 1]  (33, 35)
400_1___9__    13   0  [4, 0, 1, 3, 3, 0, 1, 3, 1, 0, 0, 0, 0]  (35, 36)
400_3___9__    13   0  [3, 0, 0, 1, 4, 2, 0, 1, 5, 0, 0, 0, 0]  (35, 36)
400_4___9__    13   0  [2, 1, 0, 1, 4, 1, 1, 1, 5, 0, 0, 0, 0]  (35, 38)
1000_4___9__    13   0  [2, 0, 0, 0, 6, 2, 0, 1, 3, 1, 0, 0, 1]  (34, 35)
400_5___9__    12   0  [5, 0, 0, 2, 1, 2, 0, 1, 5, 0, 0, 1]  (35, 37)
600_3___9__    12   0  [4, 2, 4, 1, 0, 0, 1, 3, 1, 0, 0, 1]  (35, 35)
1000_5___9__    12   0  [5, 1, 1, 2, 2, 0, 1, 3, 1, 0, 0, 1]  (35, 35)
400_2___9__    11   0  [4, 0, 6, 2, 0, 1, 5, 0, 0, 0, 0]  (35, 36)
600_5___9__    11   0  [4, 1, 0, 2, 1, 3, 1, 5, 0, 0, 1]  (35, 36)
1000_1___9__    10   0  [4, 0, 1, 3, 4, 4, 2, 0, 0, 1]  (34, 35)
1000_2___9__    10   0  [4, 0, 8, 0, 0, 4, 0, 1, 1, 1]  (35, 35)
600_1___9__    9   0  [5, 1, 3, 2, 0, 0, 7, 1, 1]  (35, 38)
part_in:(33, 38), all_in:(35, 35), all_out:(33, 38)
gap16
1000_5___10__    15   0  [2, 0, 2, 0, 3, 1, 0, 1, 2, 0, 1, 0, 2, 0, 0]  (24, 25)
400_5___10__    14   0  [5, 0, 0, 1, 0, 0, 2, 2, 0, 1, 1, 0, 2, 1]  (20, 25)
400_4___10__    13   0  [5, 0, 0, 1, 1, 2, 2, 1, 2, 0, 2, 0, 0]  (22, 25)
600_4___10__    13   7  [0, 5, 0, 1, 0, 0, 0, 0, 1, 0, 2, 0, 0]  (25, 25)
600_5___10__    12   0  [6, 0, 5, 0, 1, 0, 0, 3, 0, 2, 0, 0]  (24, 25)
400_1___10__    11   0  [1, 3, 3, 3, 2, 3, 1, 0, 2, 0, 0]  (25, 29)
400_3___10__    11   0  [7, 1, 1, 2, 2, 1, 2, 0, 2, 0, 0]  (25, 26)
600_2___10__    11   2  [4, 0, 3, 2, 2, 1, 2, 0, 2, 0, 0]  (25, 28)
600_3___10__    11   0  [1, 4, 0, 6, 1, 2, 2, 0, 2, 0, 0]  (25, 27)
1000_3___10__    11   4  [2, 0, 3, 1, 0, 4, 2, 0, 2, 0, 0]  (25, 27)
400_2___10__    10   0  [5, 5, 1, 0, 2, 4, 0, 2, 0, 0]  (25, 25)
600_1___10__    10   2  [5, 3, 1, 0, 1, 3, 1, 0, 2, 1]  (25, 27)
1000_2___10__    10   7  [0, 3, 1, 0, 4, 2, 0, 2, 0, 0]  (25, 27)
1000_1___10__    9   0  [6, 0, 3, 1, 0, 7, 0, 2, 1]  (25, 26)
1000_4___10__    9   4  [2, 0, 5, 0, 4, 2, 0, 2, 1]  (25, 27)
part_in:(20, 29), all_in:(25, 25), all_out:(20, 29)
sum25
1000_5___11__    15   0  [1, 0, 0, 1, 0, 0, 0, 0, 1, 0, 0, 1, 10, 0, 0]  (30, 37)
600_4___11__    14   2  [0, 0, 2, 0, 0, 2, 0, 0, 0, 0, 2, 1, 6, 0]  (30, 38)
400_4___11__    13   2  [0, 0, 1, 0, 1, 2, 0, 0, 1, 4, 5, 0, 0]  (30, 38)
600_3___11__    13   2  [1, 2, 0, 0, 2, 0, 0, 0, 0, 2, 1, 6, 0]  (30, 36)
1000_4___11__    13   0  [1, 0, 2, 0, 0, 0, 2, 0, 0, 1, 10, 0, 0]  (30, 31)
400_5___11__    12   2  [0, 0, 2, 1, 0, 1, 0, 0, 1, 4, 6, 0]  (30, 34)
600_1___11__    12   2  [1, 1, 0, 0, 0, 2, 1, 1, 4, 4, 1, 0]  (30, 36)
600_5___11__    12   2  [0, 0, 2, 1, 0, 1, 0, 0, 1, 2, 8, 0]  (30, 32)
1000_3___11__    12   0  [1, 0, 2, 1, 3, 0, 0, 1, 2, 7, 0, 0]  (30, 31)
1000_2___11__    11   0  [1, 3, 1, 0, 2, 1, 0, 0, 10, 0, 0]  (30, 30)
400_2___11__    10   2  [1, 2, 1, 2, 1, 1, 2, 7, 0, 0]  (30, 31)
400_3___11__    10   2  [0, 3, 4, 0, 0, 1, 2, 7, 0, 0]  (30, 33)
600_2___11__    10   0  [1, 1, 4, 2, 1, 1, 4, 4, 1, 0]  (30, 38)
400_1___11__    9   2  [1, 2, 3, 0, 1, 1, 10, 0, 0]  (30, 31)
1000_1___11__    9   0  [1, 1, 1, 0, 1, 2, 1, 13, 0]  (30, 30)
part_in:(32, 38), all_in:(30, 31), all_out:(30, 38)
gap25
600_4___12__    14   0  [1, 1, 2, 1, 0, 1, 0, 1, 2, 3, 0, 0, 3, 0]  (7, 16)
600_2___12__    13   0  [1, 1, 2, 1, 0, 0, 3, 2, 3, 0, 0, 2, 1]  (16, 16)
600_1___12__    12   0  [1, 1, 2, 1, 1, 1, 1, 6, 0, 0, 2, 1]  (16, 17)
1000_2___12__    12   2  [1, 2, 1, 0, 2, 4, 1, 1, 0, 0, 2, 1]  (12, 16)
1000_3___12__    12   0  [1, 1, 1, 0, 1, 0, 2, 8, 0, 0, 2, 1]  (12, 16)
400_3___12__    11   0  [3, 2, 1, 8, 1, 1, 0, 0, 2, 0, 0]  (13, 16)
400_4___12__    11   0  [3, 0, 1, 3, 6, 3, 0, 0, 2, 0, 0]  (12, 16)
600_3___12__    11   0  [1, 1, 2, 1, 3, 1, 2, 3, 0, 0, 4]  (13, 16)
1000_4___12__    11   0  [1, 1, 1, 0, 1, 0, 2, 8, 0, 0, 4]  (15, 16)
400_1___12__    10   0  [3, 2, 3, 1, 4, 3, 0, 0, 2, 1]  (14, 16)
400_2___12__    10   0  [3, 2, 10, 1, 1, 0, 0, 2, 0, 0]  (13, 16)
400_5___12__    10   0  [3, 0, 1, 3, 6, 1, 1, 0, 0, 4]  (10, 16)
600_5___12__    10   0  [1, 1, 2, 1, 8, 1, 1, 0, 0, 4]  (9, 16)
1000_1___12__    10   0  [3, 2, 2, 0, 8, 1, 0, 0, 2, 1]  (12, 16)
1000_5___12__    10   0  [1, 3, 0, 1, 3, 6, 1, 0, 0, 4]  (11, 16)
part_in:(7, 17), all_in:(16, 16), all_out:(7, 17)
sum34
400_5___13__    12   4  [1, 2, 0, 0, 0, 1, 0, 0, 4, 3, 1, 1]  (25, 39)
600_5___13__    12   4  [4, 0, 0, 0, 1, 0, 0, 2, 0, 4, 1, 1]  (25, 35)
1000_5___13__    12   4  [1, 2, 0, 0, 0, 1, 0, 0, 8, 0, 0, 1]  (25, 39)
600_2___13__    11   4  [4, 1, 0, 0, 1, 0, 2, 1, 2, 0, 3]  (25, 43)
600_3___13__    10   4  [4, 0, 0, 0, 2, 0, 2, 1, 3, 3]  (25, 37)
600_4___13__    10   4  [4, 1, 0, 1, 0, 0, 4, 3, 1, 1]  (25, 39)
400_1___13__    9   4  [4, 0, 1, 1, 0, 0, 2, 1, 7]  (25, 36)
400_2___13__    9   4  [4, 1, 0, 2, 0, 2, 1, 3, 3]  (25, 38)
600_1___13__    9   4  [4, 0, 2, 1, 0, 2, 1, 3, 3]  (25, 39)
1000_2___13__    9   9  [1, 0, 0, 1, 0, 2, 1, 3, 3]  (25, 33)
1000_3___13__    9   2  [6, 1, 0, 2, 0, 2, 1, 3, 3]  (25, 34)
1000_4___13__    9   9  [1, 0, 1, 0, 0, 4, 3, 1, 1]  (25, 34)
400_4___13__    8   6  [2, 1, 0, 2, 0, 4, 5, 1]  (25, 44)
1000_1___13__    8   4  [1, 2, 1, 3, 0, 2, 5, 3]  (25, 32)
400_3___13__    7   11  [0, 2, 0, 2, 1, 3, 3]  (25, 39)
part_in:(33, 44), all_in:(25, 32), all_out:(25, 44)
gap12
400_4___14__    12   1  [1, 0, 2, 1, 0, 1, 3, 1, 1, 3, 3, 0]  (2, 4)
400_5___14__    12   1  [1, 0, 2, 1, 0, 1, 3, 1, 1, 0, 2, 4]  (2, 3)
600_4___14__    10   1  [2, 2, 1, 0, 1, 3, 3, 3, 3, 0]  (2, 9)
600_5___14__    10   1  [2, 2, 1, 2, 3, 1, 1, 3, 3, 0]  (2, 6)
1000_2___14__    10   0  [0, 5, 8, 2, 0, 3, 0, 1, 0, 0]  (2, 4)
400_3___14__    9   1  [2, 2, 2, 1, 3, 1, 5, 3, 0]  (2, 5)
600_3___14__    9   1  [2, 2, 1, 6, 3, 0, 2, 3, 0]  (2, 7)
1000_4___14__    9   1  [2, 2, 4, 3, 3, 3, 0, 2, 0]  (2, 4)
400_2___14__    8   1  [2, 2, 2, 5, 1, 5, 3, 0]  (2, 4)
600_2___14__    8   1  [2, 2, 1, 6, 3, 3, 3, 0]  (2, 5)
1000_3___14__    8   1  [5, 8, 3, 3, 0, 1, 0, 0]  (2, 6)
1000_5___14__    8   1  [1, 0, 2, 8, 7, 0, 2, 0]  (2, 7)
400_1___14__    7   1  [2, 11, 1, 0, 4, 3, 0]  (2, 5)
600_1___14__    6   1  [2, 11, 3, 3, 3, 0]  (2, 3)
1000_1___14__    6   1  [2, 14, 0, 3, 2, 1]  (2, 5)
part_in:(4, 9), all_in:(2, 3), all_out:(2, 9)
gap23
1000_4___15__    15   2  [1, 0, 0, 0, 2, 0, 0, 1, 0, 1, 2, 0, 0, 1, 4]  (2, 5)
1000_3___15__    13   2  [1, 1, 0, 1, 2, 1, 0, 1, 2, 0, 2, 1, 2]  (2, 6)
600_1___15__    12   2  [1, 1, 0, 4, 1, 0, 1, 2, 1, 1, 1, 2]  (2, 9)
600_2___15__    12   2  [1, 1, 0, 3, 0, 1, 0, 1, 4, 1, 1, 2]  (2, 9)
600_5___15__    12   2  [1, 1, 0, 4, 1, 0, 1, 3, 0, 1, 2, 1]  (2, 4)
1000_2___15__    11   2  [1, 1, 0, 2, 1, 1, 0, 1, 2, 2, 5]  (2, 5)
1000_5___15__    11   2  [1, 1, 0, 3, 0, 1, 0, 1, 2, 5, 2]  (2, 3)
400_2___15__    10   2  [1, 1, 0, 2, 1, 1, 2, 4, 0, 5]  (2, 7)
400_5___15__    10   0  [1, 3, 0, 3, 0, 2, 1, 6, 2, 1]  (2, 5)
600_3___15__    10   2  [1, 1, 0, 3, 0, 2, 1, 4, 1, 4]  (2, 4)
400_1___15__    9   4  [1, 0, 4, 1, 2, 4, 0, 2, 2]  (2, 7)
400_4___15__    9   2  [3, 0, 3, 0, 2, 1, 3, 5, 1]  (2, 7)
600_4___15__    9   2  [1, 1, 0, 4, 2, 1, 4, 1, 4]  (2, 2)
400_3___15__    7   2  [3, 0, 4, 2, 1, 4, 6]  (2, 7)
1000_1___15__    6   4  [1, 0, 4, 1, 2, 11]  (2, 5)
part_in:(4, 9), all_in:(2, 3), all_out:(2, 9)
gap34
1000_4___16__    16   0  [0, 1, 0, 0, 4, 1, 0, 0, 1, 0, 2, 1, 0, 2, 0, 1]  (7, 7)
400_4___16__    14   0  [0, 1, 0, 0, 4, 2, 0, 1, 2, 2, 0, 2, 0, 1]  (4, 7)
1000_5___16__    14   0  [0, 1, 0, 0, 4, 2, 0, 1, 3, 1, 0, 2, 0, 1]  (6, 7)
400_1___16__    13   1  [2, 0, 0, 2, 0, 1, 0, 0, 1, 5, 0, 3, 1]  (4, 7)
400_3___16__    13   0  [0, 1, 0, 0, 4, 2, 0, 1, 5, 0, 2, 0, 1]  (3, 7)
400_5___16__    13   1  [1, 0, 0, 4, 2, 2, 2, 1, 0, 0, 2, 0, 1]  (4, 7)
600_4___16__    13   0  [0, 1, 0, 0, 4, 1, 0, 0, 7, 0, 2, 0, 1]  (3, 7)
1000_3___16__    13   0  [0, 1, 0, 0, 0, 3, 2, 0, 1, 5, 0, 3, 1]  (3, 7)
400_2___16__    12   1  [1, 0, 0, 3, 0, 2, 0, 1, 5, 0, 3, 1]  (4, 7)
600_3___16__    12   0  [0, 1, 0, 0, 4, 2, 0, 7, 0, 2, 0, 1]  (4, 7)
1000_1___16__    12   1  [2, 0, 0, 3, 1, 0, 0, 1, 5, 0, 3, 1]  (2, 7)
1000_2___16__    12   0  [0, 2, 0, 4, 2, 0, 1, 5, 0, 2, 0, 1]  (4, 7)
600_5___16__    11   1  [1, 0, 0, 4, 2, 2, 5, 0, 2, 0, 1]  (4, 7)
600_1___16__    10   1  [1, 0, 0, 4, 2, 8, 0, 2, 0, 1]  (1, 7)
600_2___16__    10   1  [2, 0, 4, 2, 0, 7, 0, 2, 0, 1]  (3, 7)
part_in:(1, 5), all_in:(6, 7), all_out:(1, 7)
gap45
1000_5___17__    15   1  [0, 1, 1, 2, 0, 1, 0, 3, 1, 1, 1, 1, 1, 0, 0]  (1, 7)
1000_4___17__    14   1  [0, 3, 0, 1, 0, 1, 4, 1, 2, 0, 1, 1, 0, 0]  (2, 7)
400_5___17__    13   1  [0, 1, 2, 1, 0, 1, 5, 0, 3, 1, 1, 0, 0]  (0, 7)
600_4___17__    13   1  [0, 3, 2, 0, 1, 5, 0, 2, 0, 1, 1, 0, 0]  (2, 7)
600_5___17__    13   1  [0, 3, 2, 0, 1, 5, 0, 1, 1, 1, 1, 0, 0]  (0, 7)
400_4___17__    12   1  [0, 4, 2, 1, 5, 0, 2, 0, 1, 1, 0, 0]  (1, 7)
600_2___17__    12   1  [0, 1, 1, 2, 0, 1, 5, 0, 3, 1, 2, 0]  (3, 7)
600_3___17__    12   1  [0, 3, 2, 0, 1, 5, 0, 3, 1, 1, 0, 0]  (4, 7)
400_1___17__    11   1  [0, 1, 1, 2, 0, 4, 2, 0, 3, 4, 0]  (2, 7)
1000_2___17__    11   1  [0, 3, 2, 0, 6, 0, 0, 0, 4, 2, 0]  (2, 7)
400_2___17__    10   1  [0, 1, 1, 0, 2, 7, 0, 5, 2, 0]  (1, 7)
400_3___17__    10   1  [0, 3, 2, 0, 1, 5, 0, 5, 2, 0]  (2, 7)
600_1___17__    10   1  [0, 3, 5, 4, 1, 0, 2, 1, 2, 0]  (6, 7)
1000_3___17__    9   1  [0, 3, 2, 3, 5, 3, 1, 2, 0]  (3, 7)
1000_1___17__    8   1  [0, 1, 1, 2, 9, 0, 4, 3]  (3, 7)
part_in:(0, 5), all_in:(6, 7), all_out:(0, 7)
gap56
600_4___18__    13   1  [0, 1, 1, 0, 2, 4, 0, 2, 0, 4, 1, 0, 0]  (7, 8)
600_5___18__    13   1  [0, 1, 1, 0, 2, 4, 0, 2, 0, 4, 1, 0, 0]  (7, 9)
400_3___18__    12   1  [0, 3, 0, 2, 1, 2, 0, 2, 5, 1, 0, 0]  (7, 7)
400_4___18__    12   1  [0, 3, 0, 2, 4, 0, 2, 0, 4, 1, 0, 0]  (4, 7)
600_1___18__    12   0  [0, 0, 1, 1, 0, 2, 1, 2, 0, 8, 1, 1]  (5, 7)
1000_1___18__    12   1  [0, 2, 0, 0, 4, 2, 0, 0, 2, 4, 1, 1]  (7, 9)
1000_2___18__    12   0  [0, 0, 2, 0, 0, 2, 1, 2, 3, 0, 6, 1]  (7, 9)
400_2___18__    11   2  [2, 0, 0, 2, 1, 2, 0, 1, 8, 0, 0]  (7, 8)
400_5___18__    11   1  [0, 3, 0, 2, 4, 3, 0, 4, 1, 0, 0]  (6, 7)
1000_4___18__    11   1  [0, 3, 0, 2, 2, 1, 4, 4, 1, 0, 0]  (7, 7)
1000_5___18__    11   1  [0, 3, 0, 0, 1, 1, 0, 1, 2, 1, 8]  (5, 7)
600_2___18__    10   0  [0, 0, 3, 0, 2, 4, 0, 8, 1, 1]  (6, 7)
600_3___18__    10   1  [0, 1, 1, 0, 2, 4, 0, 2, 5, 3]  (7, 7)
1000_3___18__    9   1  [0, 2, 0, 0, 4, 2, 9, 1, 1]  (7, 8)
400_1___18__    7   2  [3, 0, 2, 4, 11, 0, 0]  (7, 9)
part_in:(4, 9), all_in:(7, 7), all_out:(4, 9)
ball
400_1___19__    18   2  [0, 0, 0, 0, 2, 0, 1, 0, 0, 0, 0, 0, 0, 2, 0, 2, 0, 2]  (3, 4)
600_2___19__    18   2  [0, 0, 0, 0, 2, 0, 1, 0, 0, 0, 0, 0, 0, 2, 0, 2, 0, 2]  (2, 4)
1000_4___19__    18   1  [0, 0, 0, 0, 0, 2, 0, 1, 0, 0, 1, 1, 2, 0, 2, 0, 0, 1]  (3, 4)
400_2___19__    17   2  [0, 0, 0, 0, 2, 0, 1, 0, 0, 0, 0, 1, 2, 0, 2, 0, 2]  (4, 4)
400_5___19__    17   2  [0, 0, 0, 0, 2, 0, 1, 0, 0, 1, 0, 3, 0, 2, 0, 0, 1]  (4, 5)
600_4___19__    17   2  [0, 0, 0, 0, 2, 0, 1, 0, 0, 1, 0, 3, 0, 2, 0, 0, 1]  (3, 4)
600_5___19__    17   2  [0, 0, 0, 0, 2, 0, 1, 0, 0, 1, 0, 3, 0, 2, 0, 0, 1]  (4, 4)
400_3___19__    16   2  [0, 0, 0, 0, 2, 0, 1, 0, 0, 0, 0, 4, 0, 2, 0, 2]  (4, 4)
400_4___19__    16   2  [0, 0, 0, 0, 2, 0, 1, 0, 0, 1, 4, 0, 2, 0, 0, 1]  (4, 4)
600_1___19__    16   2  [0, 0, 0, 0, 2, 0, 2, 0, 0, 0, 1, 2, 0, 2, 0, 2]  (1, 4)
600_3___19__    16   2  [0, 0, 0, 0, 2, 0, 1, 0, 0, 1, 0, 3, 0, 2, 0, 2]  (2, 4)
1000_2___19__    16   2  [0, 0, 0, 0, 2, 0, 1, 0, 0, 1, 1, 2, 0, 2, 0, 2]  (2, 4)
1000_3___19__    16   1  [0, 0, 0, 0, 0, 2, 0, 1, 0, 0, 1, 4, 0, 2, 0, 2]  (3, 4)
1000_5___19__    16   2  [0, 0, 0, 0, 2, 0, 1, 0, 0, 1, 4, 0, 2, 0, 0, 1]  (3, 4)
1000_1___19__    15   2  [0, 0, 0, 0, 2, 0, 2, 0, 1, 1, 2, 0, 2, 0, 2]  (2, 4)
part_in:(1, 5), all_in:(4, 4), all_out:(1, 5)
ball_column
400_2___20__    11   2  [1, 0, 2, 0, 1, 0, 1, 2, 0, 6, 3]  (12, 12)
400_5___20__    11   2  [1, 2, 0, 2, 0, 1, 2, 4, 1, 2, 1]  (12, 17)
600_4___20__    11   2  [1, 0, 2, 0, 1, 0, 1, 0, 1, 9, 1]  (9, 12)
1000_4___20__    11   2  [1, 0, 2, 0, 1, 0, 1, 2, 6, 2, 1]  (12, 12)
400_1___20__    10   2  [1, 3, 3, 0, 0, 2, 0, 0, 7, 1]  (7, 12)
400_4___20__    10   2  [1, 2, 0, 3, 1, 2, 4, 1, 2, 1]  (12, 12)
600_5___20__    9   2  [1, 3, 0, 1, 0, 1, 2, 9, 1]  (12, 14)
1000_1___20__    9   2  [1, 3, 2, 1, 3, 0, 5, 2, 1]  (4, 12)
1000_2___20__    9   4  [2, 0, 2, 0, 0, 1, 1, 9, 1]  (6, 12)
1000_5___20__    9   4  [0, 2, 0, 2, 1, 2, 6, 2, 1]  (12, 15)
600_3___20__    8   2  [1, 0, 2, 0, 2, 2, 1, 11]  (8, 12)
400_3___20__    7   2  [1, 3, 3, 1, 2, 6, 4]  (11, 12)
600_1___20__    7   2  [1, 3, 0, 2, 2, 1, 11]  (3, 12)
600_2___20__    7   4  [0, 2, 2, 0, 2, 1, 11]  (7, 12)
1000_3___20__    7   4  [3, 3, 1, 2, 6, 2, 1]  (4, 12)
part_in:(3, 17), all_in:(12, 12), all_out:(3, 17)
blue_sort
1000_5___21__    14   1  [3, 0, 1, 0, 1, 0, 0, 0, 1, 4, 0, 2, 1, 1]  (7, 14)
400_5___21__    13   1  [1, 2, 1, 0, 1, 0, 1, 1, 1, 0, 5, 1, 1]  (8, 14)
600_4___21__    13   1  [1, 2, 1, 0, 1, 0, 1, 0, 0, 3, 4, 1, 1]  (4, 14)
1000_4___21__    13   1  [1, 1, 0, 2, 1, 0, 1, 0, 0, 4, 3, 1, 1]  (10, 14)
600_5___21__    12   1  [4, 1, 0, 1, 0, 1, 0, 0, 3, 4, 1, 1]  (4, 14)
400_3___21__    11   1  [1, 2, 2, 1, 0, 1, 1, 1, 5, 0, 3]  (8, 14)
400_2___21__    10   1  [1, 2, 2, 1, 0, 1, 1, 4, 3, 3]  (8, 14)
400_4___21__    10   1  [1, 2, 2, 1, 0, 1, 1, 8, 1, 1]  (8, 14)
1000_2___21__    10   1  [4, 2, 1, 0, 1, 0, 0, 4, 5, 1]  (7, 14)
1000_3___21__    10   1  [7, 1, 0, 1, 0, 0, 2, 1, 5, 1]  (9, 14)
400_1___21__    9   1  [4, 2, 1, 0, 1, 1, 4, 5, 1]  (7, 14)
600_2___21__    9   1  [4, 2, 1, 0, 1, 1, 8, 1, 1]  (8, 14)
600_3___21__    9   1  [4, 2, 1, 0, 1, 1, 8, 1, 1]  (9, 14)
600_1___21__    8   1  [4, 2, 1, 0, 1, 1, 8, 3]  (3, 14)
1000_1___21__    8   1  [4, 2, 1, 0, 1, 0, 0, 12]  (8, 14)
part_in:(3, 9), all_in:(10, 14), all_out:(3, 14)
