30
red1
more
('24_2___1__', 19, 0, [0, 1, 1, 0, 0, 0, 0, 0, 0, 1, 2, 0, 1, 2, 0, 0, 1, 0, 1]) (5, 6)
('50_10___1__', 18, 0, [0, 0, 0, 1, 0, 1, 0, 0, 0, 1, 2, 0, 1, 3, 0, 1, 0, 1]) (4, 5)
('7_8___1__', 17, 0, [0, 1, 1, 0, 1, 0, 1, 1, 2, 0, 1, 3, 0, 1, 0, 0, 0]) (1, 5)
('11_1___1__', 17, 0, [0, 1, 1, 0, 0, 0, 0, 0, 0, 5, 1, 2, 0, 0, 1, 0, 1]) (2, 5)
('14_6___1__', 17, 0, [0, 1, 1, 0, 0, 0, 0, 1, 1, 2, 0, 1, 3, 0, 1, 0, 1]) (5, 9)
('17_10___1__', 17, 0, [0, 3, 0, 1, 0, 0, 0, 1, 2, 0, 1, 2, 0, 0, 1, 0, 1]) (4, 5)
('25_2___1__', 17, 1, [1, 1, 0, 1, 0, 0, 0, 1, 2, 0, 1, 2, 0, 0, 1, 0, 1]) (4, 5)
('26_1___1__', 17, 1, [1, 1, 0, 0, 0, 0, 0, 0, 1, 3, 1, 2, 0, 0, 1, 0, 1]) (5, 5)
('37_1___1__', 17, 1, [0, 0, 1, 0, 0, 0, 1, 0, 1, 3, 1, 2, 1, 0, 0, 0, 1]) (4, 5)
('37_2___1__', 17, 0, [0, 1, 1, 0, 0, 0, 1, 2, 2, 0, 4, 0, 0, 1, 0, 0, 0]) (5, 5)
less
('38_8___1__', 17, 0, [0, 2, 0, 0, 1, 0, 0, 0, 1, 2, 0, 1, 3, 0, 1, 0, 1]) (1, 5)
('44_8___1__', 17, 0, [0, 1, 1, 0, 1, 0, 0, 0, 1, 2, 0, 1, 3, 0, 1, 0, 1]) (3, 5)
('45_10___1__', 17, 0, [0, 1, 1, 0, 1, 0, 0, 0, 1, 2, 0, 1, 3, 0, 1, 0, 1]) (5, 7)
('47_10___1__', 17, 1, [1, 1, 0, 1, 0, 0, 0, 1, 2, 0, 1, 2, 0, 0, 1, 0, 1]) (5, 5)
('48_1___1__', 17, 1, [1, 1, 0, 1, 0, 0, 0, 1, 3, 1, 2, 0, 0, 0, 0, 0, 1]) (4, 5)
('3_6___1__', 16, 1, [1, 1, 0, 1, 0, 1, 1, 2, 0, 1, 2, 0, 0, 1, 0, 1]) (2, 5)
('5_1___1__', 16, 1, [1, 1, 0, 1, 0, 0, 0, 1, 3, 1, 2, 0, 0, 1, 0, 1]) (3, 5)
('6_2___1__', 16, 0, [2, 1, 0, 0, 0, 0, 0, 2, 3, 1, 2, 0, 0, 1, 0, 1]) (3, 5)
('8_6___1__', 16, 1, [1, 1, 0, 1, 0, 1, 1, 2, 0, 1, 3, 0, 1, 0, 0, 0]) (3, 5)
('10_9___1__', 16, 1, [3, 0, 1, 0, 0, 0, 1, 2, 0, 1, 3, 0, 1, 0, 0, 0]) (5, 5)
('3_5___1__', 10, 1, [3, 0, 1, 1, 6, 5, 0, 1, 0, 1]) (4, 5)
('4_5___1__', 10, 1, [3, 0, 1, 1, 6, 5, 0, 1, 0, 1]) (4, 5)
('5_5___1__', 10, 1, [3, 0, 1, 1, 6, 5, 0, 1, 0, 1]) (4, 5)
('7_5___1__', 10, 1, [3, 0, 1, 1, 6, 5, 0, 1, 0, 1]) (4, 5)
('8_5___1__', 10, 1, [3, 0, 1, 1, 6, 5, 0, 1, 0, 1]) (4, 5)
('9_5___1__', 10, 1, [3, 0, 1, 1, 6, 5, 0, 1, 0, 1]) (4, 5)
('10_5___1__', 10, 1, [3, 0, 1, 1, 6, 5, 0, 1, 0, 1]) (4, 5)
('11_5___1__', 10, 1, [3, 0, 1, 1, 6, 5, 0, 1, 0, 1]) (4, 5)
('13_5___1__', 10, 1, [3, 0, 1, 1, 6, 5, 0, 1, 0, 1]) (4, 5)
('14_5___1__', 10, 1, [3, 0, 1, 1, 6, 5, 0, 1, 0, 1]) (4, 5)
('15_5___1__', 10, 1, [3, 0, 1, 1, 6, 5, 0, 1, 0, 1]) (4, 5)
('18_5___1__', 10, 1, [3, 0, 1, 1, 6, 5, 0, 1, 0, 1]) (4, 5)
('19_5___1__', 10, 1, [3, 0, 1, 1, 6, 5, 0, 1, 0, 1]) (4, 5)
('20_5___1__', 10, 1, [3, 0, 1, 1, 6, 5, 0, 1, 0, 1]) (4, 5)
('21_5___1__', 10, 1, [3, 0, 1, 1, 6, 5, 0, 1, 0, 1]) (4, 5)
('22_5___1__', 10, 1, [3, 0, 1, 1, 6, 5, 0, 1, 0, 1]) (4, 5)
('23_5___1__', 10, 1, [3, 0, 1, 1, 6, 5, 0, 1, 0, 1]) (4, 5)
('26_5___1__', 10, 1, [3, 0, 1, 1, 6, 5, 0, 1, 0, 1]) (4, 5)
('28_5___1__', 10, 1, [3, 0, 1, 1, 6, 5, 0, 1, 0, 1]) (4, 5)
('30_5___1__', 10, 1, [3, 0, 1, 1, 6, 5, 0, 1, 0, 1]) (4, 5)
part_in:(1, 9), all_in:(5, 5), all_out:(1, 9)
red2
more
('22_6___2__', 16, 1, [0, 1, 1, 2, 0, 1, 1, 1, 2, 1, 0, 0, 0, 2, 0, 0]) (7, 11)
('22_8___2__', 16, 1, [0, 1, 1, 2, 0, 1, 1, 1, 4, 0, 0, 0, 1, 0, 0, 0]) (7, 11)
('29_6___2__', 16, 1, [0, 1, 1, 3, 0, 0, 0, 0, 1, 4, 0, 0, 0, 2, 0, 0]) (7, 7)
('29_9___2__', 16, 1, [1, 0, 1, 2, 1, 0, 1, 1, 2, 1, 1, 0, 1, 0, 0, 0]) (7, 7)
('36_6___2__', 16, 0, [0, 0, 1, 1, 3, 1, 1, 1, 2, 1, 0, 0, 0, 2, 0, 0]) (7, 13)
('36_8___2__', 16, 0, [0, 0, 1, 1, 2, 2, 1, 1, 4, 0, 0, 0, 1, 0, 0, 0]) (7, 9)
('44_6___2__', 16, 1, [0, 1, 1, 2, 0, 0, 0, 1, 1, 2, 1, 0, 0, 0, 2, 1]) (5, 7)
('48_6___2__', 16, 1, [0, 1, 1, 2, 0, 1, 1, 1, 4, 0, 0, 0, 1, 0, 0, 0]) (7, 7)
('48_7___2__', 16, 0, [0, 0, 1, 1, 2, 0, 1, 1, 1, 4, 0, 0, 0, 1, 0, 1]) (7, 9)
('5_6___2__', 15, 1, [0, 1, 1, 2, 0, 3, 1, 2, 1, 0, 0, 0, 2, 0, 0]) (7, 7)
less
('6_6___2__', 15, 1, [0, 1, 1, 2, 0, 1, 1, 1, 4, 0, 0, 0, 1, 0, 1]) (7, 10)
('6_7___2__', 15, 1, [0, 1, 1, 2, 0, 1, 1, 1, 4, 0, 0, 0, 1, 0, 1]) (7, 7)
('10_6___2__', 15, 1, [0, 1, 1, 2, 2, 1, 1, 2, 1, 0, 1, 1, 0, 0, 0]) (7, 10)
('11_6___2__', 15, 0, [0, 0, 1, 1, 2, 3, 0, 1, 2, 1, 0, 0, 0, 1, 2]) (7, 8)
('17_6___2__', 15, 1, [0, 1, 1, 2, 0, 1, 1, 1, 4, 0, 0, 0, 1, 0, 1]) (7, 10)
('17_8___2__', 15, 1, [0, 3, 2, 0, 1, 1, 1, 4, 0, 0, 0, 1, 0, 0, 0]) (7, 10)
('17_9___2__', 15, 1, [0, 1, 1, 2, 0, 1, 1, 1, 4, 1, 0, 1, 0, 0, 0]) (7, 7)
('20_6___2__', 15, 1, [0, 1, 1, 2, 2, 1, 1, 4, 0, 0, 0, 1, 0, 0, 0]) (7, 10)
('21_6___2__', 15, 1, [0, 1, 1, 2, 0, 1, 1, 1, 2, 1, 0, 0, 0, 2, 1]) (7, 10)
('22_7___2__', 15, 0, [0, 0, 1, 1, 2, 0, 1, 1, 6, 0, 0, 0, 2, 0, 0]) (7, 13)
('5_2___2__', 7, 1, [2, 9, 6, 1, 0, 2, 1]) (7, 13)
('19_1___2__', 7, 0, [0, 2, 4, 2, 1, 9, 4]) (7, 9)
('28_1___2__', 7, 0, [0, 2, 4, 0, 3, 9, 4]) (7, 10)
('31_1___2__', 7, 0, [0, 2, 7, 0, 0, 9, 4]) (7, 7)
('35_1___2__', 7, 1, [2, 4, 2, 1, 6, 2, 4]) (7, 12)
('44_1___2__', 7, 1, [0, 1, 4, 2, 1, 9, 4]) (7, 10)
('11_10___2__', 8, 1, [2, 4, 4, 6, 1, 0, 1, 2]) (7, 11)
('13_1___2__', 8, 0, [0, 2, 4, 2, 1, 9, 1, 2]) (7, 10)
('26_2___2__', 8, 1, [2, 11, 4, 1, 0, 2, 0, 0]) (7, 11)
('34_1___2__', 8, 0, [0, 2, 4, 2, 1, 7, 1, 4]) (7, 12)
('36_1___2__', 8, 0, [0, 2, 4, 2, 1, 6, 2, 4]) (7, 10)
('50_6___2__', 8, 1, [0, 3, 2, 4, 1, 6, 0, 4]) (7, 9)
('5_10___2__', 9, 0, [0, 2, 1, 2, 4, 6, 1, 0, 4]) (7, 10)
('7_2___2__', 9, 0, [0, 2, 7, 1, 8, 0, 1, 0, 1]) (7, 14)
('8_5___2__', 9, 1, [0, 1, 4, 1, 2, 8, 0, 2, 1]) (7, 9)
('14_1___2__', 9, 0, [0, 2, 7, 1, 1, 4, 2, 1, 2]) (7, 11)
('17_1___2__', 9, 0, [0, 7, 2, 1, 6, 1, 0, 1, 2]) (7, 8)
('18_1___2__', 9, 0, [0, 0, 1, 7, 1, 6, 2, 1, 2]) (7, 11)
('19_2___2__', 9, 0, [0, 2, 7, 1, 6, 1, 0, 3, 0]) (7, 12)
('21_1___2__', 9, 0, [0, 2, 7, 0, 0, 4, 4, 1, 2]) (7, 9)
part_in:(5, 14), all_in:(7, 7), all_out:(5, 14)
red3
more
('43_6___3__', 18, 1, [0, 0, 0, 1, 1, 1, 0, 0, 1, 1, 1, 2, 0, 0, 1, 0, 0, 1]) (9, 20)
('38_1___3__', 16, 0, [0, 0, 1, 3, 1, 0, 0, 1, 1, 1, 2, 1, 1, 0, 0, 1]) (9, 17)
('48_6___3__', 16, 1, [0, 1, 1, 1, 1, 0, 0, 1, 1, 1, 2, 0, 0, 2, 0, 1]) (9, 18)
('4_1___3__', 15, 2, [0, 0, 1, 1, 3, 0, 0, 1, 1, 2, 0, 0, 2, 0, 1]) (9, 17)
('5_1___3__', 15, 1, [0, 0, 0, 3, 3, 0, 0, 1, 1, 2, 0, 0, 2, 0, 1]) (9, 20)
('7_7___3__', 15, 2, [1, 1, 1, 1, 0, 0, 1, 1, 1, 2, 0, 0, 2, 1, 0]) (9, 11)
('11_10___3__', 15, 1, [0, 0, 0, 1, 1, 2, 0, 1, 1, 1, 2, 1, 2, 0, 1]) (9, 14)
('14_6___3__', 15, 1, [0, 1, 1, 1, 2, 0, 1, 1, 1, 2, 0, 0, 2, 0, 1]) (9, 19)
('14_7___3__', 15, 2, [1, 1, 1, 2, 0, 1, 1, 1, 2, 0, 0, 2, 0, 0, 0]) (9, 13)
('25_7___3__', 15, 1, [0, 1, 1, 1, 2, 0, 1, 1, 1, 2, 0, 0, 2, 1, 0]) (9, 9)
less
('26_6___3__', 15, 2, [1, 1, 1, 1, 0, 0, 1, 1, 1, 2, 0, 0, 2, 1, 0]) (9, 15)
('28_7___3__', 15, 1, [0, 1, 1, 1, 3, 1, 1, 1, 2, 0, 0, 2, 0, 0, 0]) (9, 17)
('30_6___3__', 15, 1, [0, 1, 1, 1, 1, 1, 1, 1, 1, 2, 0, 0, 2, 0, 1]) (9, 11)
('32_7___3__', 15, 1, [0, 1, 1, 1, 1, 0, 0, 1, 1, 1, 2, 1, 2, 0, 1]) (9, 12)
('34_1___3__', 15, 1, [0, 0, 0, 1, 1, 2, 0, 1, 1, 1, 0, 1, 1, 2, 2]) (9, 20)
('34_6___3__', 15, 1, [0, 1, 1, 1, 1, 0, 0, 1, 1, 1, 2, 0, 0, 2, 2]) (9, 20)
('40_6___3__', 15, 1, [0, 1, 1, 1, 1, 1, 1, 1, 1, 2, 0, 0, 2, 0, 1]) (9, 19)
('43_7___3__', 15, 1, [0, 0, 0, 1, 1, 2, 0, 1, 1, 1, 2, 0, 0, 2, 2]) (9, 20)
('46_6___3__', 15, 1, [0, 1, 1, 1, 1, 1, 1, 1, 1, 2, 0, 0, 2, 1, 0]) (9, 16)
('5_6___3__', 14, 2, [1, 1, 1, 1, 0, 0, 1, 1, 1, 2, 0, 0, 2, 2]) (9, 20)
('43_2___3__', 7, 2, [1, 3, 3, 1, 1, 6, 5]) (9, 22)
('18_4___3__', 8, 2, [1, 3, 7, 1, 2, 1, 2, 2]) (9, 14)
('20_2___3__', 8, 2, [0, 0, 3, 3, 3, 4, 1, 5]) (9, 16)
('21_2___3__', 8, 2, [1, 3, 3, 1, 1, 4, 1, 5]) (9, 18)
('50_2___3__', 8, 2, [0, 0, 3, 3, 3, 4, 4, 2]) (9, 21)
('50_4___3__', 8, 2, [1, 3, 7, 1, 2, 1, 2, 2]) (9, 14)
('1_4___3__', 9, 2, [1, 3, 3, 3, 1, 2, 1, 2, 2]) (9, 14)
('1_5___3__', 9, 2, [1, 3, 3, 3, 1, 2, 1, 2, 2]) (9, 14)
('2_5___3__', 9, 2, [1, 3, 3, 3, 1, 2, 1, 2, 2]) (9, 14)
('3_5___3__', 9, 2, [1, 3, 3, 3, 1, 2, 1, 2, 2]) (9, 14)
('4_4___3__', 9, 2, [1, 3, 3, 3, 1, 2, 1, 2, 2]) (9, 14)
('4_5___3__', 9, 2, [1, 3, 3, 3, 1, 2, 1, 2, 2]) (9, 14)
('5_4___3__', 9, 2, [0, 0, 3, 3, 3, 1, 2, 4, 2]) (9, 14)
('5_5___3__', 9, 2, [1, 3, 3, 3, 1, 2, 1, 2, 2]) (9, 14)
('6_2___3__', 9, 2, [1, 3, 3, 3, 1, 2, 1, 2, 2]) (9, 19)
('7_5___3__', 9, 2, [1, 3, 3, 3, 1, 2, 1, 2, 2]) (9, 14)
('8_2___3__', 9, 2, [1, 3, 3, 3, 1, 2, 1, 2, 2]) (9, 14)
('8_5___3__', 9, 2, [1, 3, 3, 3, 1, 2, 1, 2, 2]) (9, 14)
('9_2___3__', 9, 2, [1, 3, 2, 0, 3, 1, 2, 4, 2]) (9, 18)
('9_4___3__', 9, 2, [1, 3, 3, 3, 1, 2, 1, 2, 2]) (9, 14)
part_in:(12, 22), all_in:(9, 11), all_out:(9, 22)
red4
more
('6_1___4__', 18, 0, [0, 2, 1, 0, 1, 1, 0, 0, 0, 0, 0, 2, 1, 2, 0, 0, 0, 1]) (16, 24)
('17_1___4__', 17, 0, [0, 4, 0, 1, 1, 0, 0, 0, 0, 0, 2, 1, 2, 0, 0, 0, 1]) (16, 18)
('7_6___4__', 16, 1, [2, 2, 1, 0, 0, 0, 1, 0, 0, 2, 1, 2, 0, 0, 1, 0]) (16, 16)
('10_1___4__', 16, 1, [4, 0, 1, 1, 0, 0, 0, 0, 0, 2, 1, 2, 0, 0, 0, 1]) (16, 20)
('12_6___4__', 16, 1, [2, 2, 1, 1, 0, 1, 0, 0, 2, 1, 0, 1, 0, 0, 1, 0]) (16, 22)
('13_2___4__', 16, 0, [0, 1, 0, 1, 2, 1, 0, 1, 0, 0, 2, 1, 2, 0, 0, 2]) (16, 21)
('21_10___4__', 16, 1, [0, 1, 2, 1, 1, 0, 1, 0, 0, 2, 1, 2, 0, 0, 1, 0]) (16, 24)
('46_1___4__', 16, 0, [0, 1, 2, 0, 1, 1, 0, 1, 0, 0, 4, 2, 0, 0, 0, 1]) (16, 26)
('2_1___4__', 15, 1, [1, 2, 0, 1, 2, 0, 0, 0, 0, 2, 1, 2, 0, 0, 2]) (16, 19)
('3_1___4__', 15, 1, [4, 0, 1, 2, 0, 0, 0, 0, 2, 1, 2, 0, 0, 0, 1]) (16, 20)
less
('3_6___4__', 15, 1, [2, 2, 1, 1, 0, 1, 0, 0, 2, 1, 2, 0, 0, 1, 0]) (12, 16)
('5_1___4__', 15, 1, [1, 2, 0, 1, 1, 0, 0, 0, 0, 0, 2, 1, 2, 1, 2]) (16, 25)
('7_9___4__', 15, 1, [2, 2, 1, 1, 0, 1, 0, 0, 2, 1, 2, 0, 0, 1, 0]) (16, 17)
('8_1___4__', 15, 0, [0, 1, 2, 0, 1, 2, 2, 0, 2, 1, 2, 0, 0, 0, 1]) (16, 21)
('9_1___4__', 15, 0, [0, 4, 2, 1, 0, 0, 0, 0, 0, 2, 1, 2, 0, 0, 2]) (16, 21)
('11_1___4__', 15, 0, [0, 1, 2, 0, 1, 2, 1, 0, 0, 2, 4, 0, 0, 0, 1]) (16, 20)
('11_9___4__', 15, 1, [2, 2, 1, 1, 0, 1, 0, 0, 2, 1, 2, 0, 0, 0, 1]) (16, 16)
('11_10___4__', 15, 1, [2, 2, 1, 1, 0, 1, 0, 0, 2, 1, 2, 0, 0, 0, 1]) (16, 17)
('13_1___4__', 15, 0, [0, 1, 2, 0, 1, 2, 1, 0, 0, 7, 0, 0, 0, 0, 0]) (16, 23)
('14_2___4__', 15, 1, [1, 0, 1, 0, 1, 1, 0, 2, 0, 2, 1, 2, 0, 0, 2]) (16, 19)
('2_5___4__', 9, 4, [1, 2, 2, 2, 0, 7, 0, 0, 2]) (16, 19)
('3_5___4__', 9, 4, [1, 2, 2, 2, 0, 7, 0, 0, 2]) (16, 19)
('15_2___4__', 9, 1, [4, 2, 2, 2, 0, 7, 0, 0, 2]) (16, 21)
('18_5___4__', 9, 4, [1, 2, 2, 2, 0, 7, 0, 0, 2]) (16, 19)
('19_5___4__', 9, 4, [1, 2, 2, 2, 0, 7, 0, 0, 2]) (16, 19)
('23_5___4__', 9, 4, [1, 2, 2, 2, 0, 7, 0, 0, 2]) (16, 19)
('24_5___4__', 9, 4, [1, 2, 2, 2, 0, 7, 0, 0, 2]) (16, 19)
('27_3___4__', 9, 4, [4, 2, 2, 0, 4, 2, 0, 0, 2]) (16, 20)
('34_5___4__', 9, 4, [1, 2, 2, 2, 0, 7, 0, 0, 2]) (16, 19)
('37_5___4__', 9, 4, [1, 2, 2, 2, 0, 7, 0, 0, 2]) (16, 19)
('44_5___4__', 9, 4, [1, 2, 2, 2, 0, 7, 0, 0, 2]) (16, 19)
('49_5___4__', 9, 4, [1, 2, 2, 2, 0, 7, 0, 0, 2]) (16, 19)
('1_4___4__', 10, 1, [2, 4, 2, 2, 0, 4, 2, 0, 0, 2]) (16, 19)
('1_5___4__', 10, 4, [1, 2, 2, 2, 0, 4, 2, 0, 0, 2]) (16, 19)
('1_6___4__', 10, 9, [0, 1, 1, 0, 0, 2, 1, 2, 1, 2]) (16, 20)
('5_5___4__', 10, 4, [1, 2, 2, 2, 0, 4, 2, 0, 0, 2]) (16, 19)
('7_5___4__', 10, 4, [1, 2, 2, 2, 0, 4, 2, 0, 0, 2]) (16, 19)
('8_2___4__', 10, 6, [2, 2, 2, 0, 2, 1, 2, 0, 0, 2]) (16, 20)
('8_5___4__', 10, 4, [1, 2, 2, 2, 0, 4, 2, 0, 0, 2]) (16, 19)
('10_5___4__', 10, 4, [1, 2, 2, 1, 0, 0, 2, 4, 1, 2]) (16, 19)
part_in:(12, 26), all_in:(16, 16), all_out:(12, 26)
red5
more
('11_8___5__', 17, 0, [1, 1, 1, 1, 0, 0, 0, 1, 2, 0, 1, 1, 1, 1, 1, 0, 0]) (22, 23)
('3_10___5__', 16, 0, [1, 1, 1, 1, 0, 1, 1, 2, 0, 1, 1, 1, 1, 1, 0, 0]) (23, 29)
('18_9___5__', 16, 0, [1, 1, 1, 1, 0, 0, 0, 1, 2, 0, 1, 1, 3, 1, 0, 0]) (23, 23)
('34_9___5__', 16, 0, [1, 1, 1, 1, 0, 0, 0, 1, 2, 0, 1, 1, 3, 1, 0, 0]) (22, 23)
('49_9___5__', 16, 0, [1, 1, 1, 1, 0, 0, 0, 1, 2, 0, 1, 1, 3, 1, 0, 0]) (20, 23)
('2_8___5__', 15, 0, [3, 1, 1, 0, 0, 0, 1, 2, 0, 1, 1, 3, 1, 0, 0]) (21, 23)
('9_9___5__', 15, 0, [1, 1, 1, 1, 0, 1, 1, 2, 0, 1, 1, 3, 1, 0, 0]) (21, 23)
('17_7___5__', 15, 0, [3, 1, 1, 0, 0, 0, 1, 2, 0, 1, 1, 2, 0, 2, 0]) (22, 23)
('19_7___5__', 15, 0, [3, 1, 1, 0, 0, 0, 1, 2, 0, 1, 1, 1, 1, 2, 0]) (23, 24)
('19_9___5__', 15, 0, [1, 1, 1, 1, 0, 1, 1, 2, 0, 1, 1, 3, 1, 0, 0]) (23, 23)
less
('19_10___5__', 15, 0, [1, 1, 1, 1, 0, 1, 1, 2, 0, 1, 1, 3, 1, 0, 0]) (23, 28)
('20_6___5__', 15, 0, [1, 1, 1, 1, 0, 1, 1, 2, 0, 1, 2, 1, 0, 2, 0]) (23, 23)
('20_7___5__', 15, 0, [1, 1, 1, 1, 0, 0, 0, 1, 2, 0, 1, 1, 1, 4, 0]) (21, 23)
('21_6___5__', 15, 0, [3, 1, 1, 0, 0, 0, 1, 2, 0, 1, 1, 2, 0, 2, 0]) (21, 23)
('21_7___5__', 15, 0, [1, 1, 1, 1, 0, 0, 0, 1, 2, 0, 1, 1, 3, 2, 0]) (23, 24)
('24_9___5__', 15, 0, [1, 1, 1, 2, 0, 0, 1, 2, 0, 1, 1, 3, 1, 0, 0]) (23, 24)
('28_9___5__', 15, 0, [1, 1, 1, 1, 0, 1, 1, 2, 0, 1, 1, 3, 1, 0, 0]) (23, 26)
('29_7___5__', 15, 0, [3, 1, 1, 0, 0, 0, 0, 0, 2, 0, 1, 1, 3, 2, 0]) (22, 23)
('29_9___5__', 15, 2, [1, 1, 1, 0, 0, 0, 1, 2, 0, 1, 1, 3, 1, 0, 0]) (22, 23)
('36_6___5__', 15, 0, [3, 1, 1, 0, 0, 0, 1, 2, 0, 1, 1, 0, 2, 2, 0]) (23, 25)
('16_2___5__', 7, 0, [5, 2, 3, 2, 0, 7, 3]) (23, 27)
('26_2___5__', 7, 0, [8, 3, 2, 0, 1, 5, 3]) (23, 28)
('33_2___5__', 7, 4, [4, 1, 1, 2, 0, 1, 9]) (23, 24)
('39_2___5__', 7, 0, [8, 1, 1, 3, 7, 1, 1]) (23, 28)
('2_4___5__', 8, 0, [3, 1, 2, 6, 0, 1, 7, 1]) (23, 25)
('2_5___5__', 8, 4, [1, 2, 1, 4, 0, 1, 7, 1]) (23, 24)
('3_5___5__', 8, 4, [1, 2, 1, 4, 0, 1, 7, 1]) (23, 24)
('5_5___5__', 8, 4, [1, 2, 1, 4, 0, 1, 7, 1]) (23, 24)
('6_5___5__', 8, 4, [1, 2, 1, 4, 0, 1, 7, 1]) (23, 24)
('7_5___5__', 8, 4, [1, 2, 1, 4, 0, 1, 7, 1]) (23, 24)
('8_5___5__', 8, 4, [1, 2, 1, 4, 0, 1, 7, 1]) (23, 24)
('9_5___5__', 8, 4, [1, 2, 1, 4, 0, 1, 7, 1]) (23, 24)
('10_5___5__', 8, 4, [1, 2, 1, 4, 0, 1, 7, 1]) (23, 24)
('11_1___5__', 8, 0, [0, 7, 1, 4, 0, 7, 1, 1]) (23, 24)
('11_5___5__', 8, 4, [1, 2, 1, 4, 0, 1, 7, 1]) (23, 24)
('12_4___5__', 8, 4, [1, 0, 1, 6, 0, 1, 7, 1]) (23, 24)
('12_5___5__', 8, 4, [1, 2, 1, 4, 0, 1, 7, 1]) (23, 24)
('13_5___5__', 8, 4, [1, 2, 1, 4, 0, 1, 7, 1]) (23, 24)
('14_5___5__', 8, 4, [1, 2, 1, 4, 0, 1, 7, 1]) (23, 24)
('15_5___5__', 8, 4, [1, 2, 1, 4, 0, 1, 7, 1]) (23, 24)
part_in:(20, 29), all_in:(23, 23), all_out:(20, 29)
red6
more
('2_3___6__', 20, 0, [2, 0, 1, 0, 0, 2, 0, 0, 0, 2, 1, 1, 0, 0, 0, 0, 0, 0, 0, 0]) (29, 30)
('22_6___6__', 19, 0, [2, 0, 1, 3, 0, 0, 0, 0, 2, 1, 1, 0, 0, 0, 0, 0, 0, 0, 0]) (30, 30)
('27_3___6__', 19, 0, [2, 0, 1, 0, 0, 2, 0, 0, 0, 2, 1, 1, 1, 0, 0, 0, 0, 0, 0]) (30, 30)
('27_6___6__', 19, 0, [2, 0, 1, 1, 1, 0, 0, 0, 0, 2, 1, 1, 0, 1, 0, 0, 0, 0, 0]) (30, 30)
('30_1___6__', 19, 0, [0, 1, 2, 1, 2, 0, 0, 0, 2, 1, 1, 0, 0, 0, 0, 0, 0, 0, 0]) (30, 30)
('37_6___6__', 19, 0, [2, 0, 1, 1, 2, 0, 0, 0, 2, 1, 1, 0, 0, 0, 0, 0, 0, 0, 0]) (29, 30)
('45_6___6__', 19, 3, [0, 1, 1, 1, 0, 0, 0, 0, 2, 1, 1, 0, 0, 0, 0, 0, 0, 0, 0]) (30, 32)
('47_6___6__', 19, 1, [1, 0, 1, 1, 1, 0, 0, 0, 0, 2, 1, 1, 1, 0, 0, 0, 0, 0, 0]) (30, 31)
('1_3___6__', 18, 0, [2, 0, 1, 1, 2, 0, 0, 0, 2, 1, 1, 1, 0, 0, 0, 0, 0, 0]) (30, 30)
('2_2___6__', 18, 0, [2, 2, 1, 2, 0, 0, 0, 1, 0, 1, 1, 0, 0, 1, 0, 0, 0, 0]) (30, 31)
less
('3_1___6__', 18, 0, [0, 1, 0, 1, 4, 0, 0, 0, 2, 1, 1, 0, 0, 1, 0, 0, 0, 0]) (27, 30)
('4_3___6__', 18, 0, [2, 0, 1, 1, 2, 0, 0, 0, 2, 1, 1, 1, 0, 0, 0, 0, 0, 0]) (28, 30)
('5_6___6__', 18, 0, [2, 0, 1, 1, 2, 0, 0, 0, 2, 1, 1, 1, 0, 0, 0, 0, 0, 0]) (30, 31)
('7_9___6__', 18, 0, [0, 1, 0, 0, 0, 1, 3, 0, 0, 2, 1, 1, 1, 1, 0, 0, 0, 0]) (28, 30)
('7_10___6__', 18, 0, [0, 1, 0, 0, 0, 1, 3, 0, 0, 2, 1, 1, 1, 1, 0, 0, 0, 0]) (28, 30)
('8_6___6__', 18, 1, [1, 0, 1, 1, 3, 0, 0, 2, 1, 1, 0, 0, 0, 0, 0, 0, 0, 0]) (30, 31)
('11_6___6__', 18, 0, [2, 0, 1, 1, 1, 0, 0, 0, 0, 2, 1, 1, 2, 0, 0, 0, 0, 0]) (30, 31)
('16_9___6__', 18, 0, [2, 0, 1, 4, 0, 0, 0, 2, 1, 1, 0, 0, 0, 0, 0, 0, 0, 0]) (29, 30)
('24_2___6__', 18, 0, [2, 2, 1, 2, 0, 0, 0, 2, 1, 1, 0, 0, 0, 0, 0, 0, 0, 0]) (30, 31)
('29_3___6__', 18, 0, [2, 0, 1, 1, 3, 0, 0, 2, 1, 1, 0, 0, 0, 0, 0, 0, 0, 0]) (30, 30)
('21_1___6__', 11, 0, [2, 2, 5, 1, 2, 1, 1, 4, 0, 0, 0]) (30, 30)
('22_9___6__', 11, 3, [0, 1, 5, 0, 0, 2, 1, 1, 4, 0, 1]) (30, 31)
('4_7___6__', 12, 3, [2, 1, 3, 0, 0, 2, 1, 1, 4, 0, 0, 0]) (30, 31)
('6_1___6__', 12, 0, [2, 2, 5, 0, 0, 2, 3, 3, 0, 0, 0, 0]) (30, 30)
('22_10___6__', 12, 3, [0, 1, 5, 0, 0, 2, 1, 1, 4, 0, 0, 0]) (30, 33)
('1_8___6__', 13, 3, [0, 1, 5, 0, 0, 2, 1, 1, 1, 0, 2, 0, 0]) (27, 30)
('4_1___6__', 13, 3, [2, 4, 0, 0, 0, 2, 3, 1, 1, 0, 0, 0, 0]) (27, 30)
('6_8___6__', 13, 3, [0, 1, 4, 0, 0, 0, 2, 1, 1, 4, 0, 0, 0]) (28, 30)
('13_1___6__', 13, 0, [2, 0, 1, 5, 1, 2, 1, 1, 3, 0, 0, 0, 0]) (30, 30)
('15_8___6__', 13, 3, [0, 1, 5, 0, 0, 2, 1, 1, 1, 1, 1, 0, 0]) (30, 30)
('17_1___6__', 13, 0, [2, 2, 4, 0, 0, 0, 2, 3, 3, 0, 0, 0, 0]) (26, 30)
('27_1___6__', 13, 0, [2, 2, 5, 0, 0, 2, 1, 1, 3, 0, 0, 0, 0]) (27, 30)
('29_9___6__', 13, 3, [0, 1, 3, 1, 0, 0, 2, 1, 1, 4, 0, 0, 0]) (29, 30)
('30_7___6__', 13, 0, [2, 0, 1, 5, 0, 0, 2, 1, 1, 4, 0, 0, 0]) (30, 32)
('31_1___6__', 13, 0, [0, 1, 2, 5, 1, 2, 1, 1, 3, 0, 0, 0, 0]) (30, 30)
('42_2___6__', 13, 0, [2, 0, 1, 1, 3, 0, 0, 2, 1, 5, 0, 0, 1]) (30, 32)
('50_9___6__', 13, 3, [0, 1, 3, 1, 0, 0, 2, 1, 1, 4, 0, 0, 0]) (27, 30)
('50_10___6__', 13, 3, [0, 1, 1, 3, 0, 0, 2, 1, 1, 3, 0, 0, 1]) (28, 30)
('1_9___6__', 14, 0, [2, 0, 1, 5, 0, 0, 2, 1, 1, 2, 1, 0, 0, 0]) (24, 30)
('2_9___6__', 14, 3, [0, 1, 1, 2, 0, 0, 0, 2, 1, 1, 4, 0, 0, 0]) (27, 30)
part_in:(24, 33), all_in:(30, 30), all_out:(24, 33)
