30
less5
1000_4___1__    10   0  [2, 3, 0, 0, 2, 1, 8, 1, 1, 1]  (4, 10)
600_4___1__    9   0  [1, 0, 2, 2, 2, 1, 8, 1, 3]  (5, 10)
600_5___1__    9   3  [2, 2, 2, 1, 0, 3, 3, 1, 3]  (5, 10)
400_4___1__    8   0  [0, 7, 2, 1, 8, 1, 1, 1]  (6, 10)
400_5___1__    8   0  [0, 3, 4, 1, 6, 5, 1, 1]  (6, 10)
400_3___1__    7   0  [0, 3, 3, 2, 1, 12, 1]  (7, 10)
600_3___1__    7   0  [1, 0, 5, 4, 0, 7, 5]  (7, 10)
1000_5___1__    7   3  [3, 2, 1, 10, 1, 1, 1]  (4, 10)
600_2___1__    6   2  [0, 2, 2, 5, 7, 5]  (5, 10)
1000_3___1__    6   3  [6, 7, 4, 1, 1, 1]  (7, 10)
400_1___1__    5   0  [0, 5, 4, 11, 4]  (8, 10)
400_2___1__    5   0  [0, 7, 2, 10, 5]  (9, 10)
1000_1___1__    5   0  [1, 0, 12, 1, 10]  (4, 10)
1000_2___1__    5   3  [3, 2, 7, 4, 5]  (7, 10)
600_1___1__    3   2  [12, 8, 4]  (5, 10)
part_in:(4, 8), all_in:(9, 10), all_out:(4, 10)
less8
400_4___2__    16   0  [2, 0, 1, 0, 2, 1, 1, 3, 1, 0, 1, 0, 0, 1, 0, 0]  (9, 11)
400_5___2__    14   3  [0, 1, 3, 1, 1, 3, 1, 0, 1, 0, 0, 1, 0, 0]  (9, 10)
600_4___2__    13   1  [1, 0, 1, 3, 1, 1, 3, 2, 1, 0, 0, 2, 0]  (9, 13)
400_3___2__    12   0  [2, 0, 1, 3, 3, 3, 1, 0, 2, 2, 0, 0]  (9, 11)
1000_5___2__    12   1  [1, 0, 1, 3, 1, 1, 3, 1, 0, 0, 0, 5]  (9, 12)
400_2___2__    11   0  [2, 0, 1, 3, 3, 3, 2, 1, 0, 3, 0]  (9, 9)
600_1___2__    11   3  [0, 1, 3, 3, 2, 0, 2, 1, 0, 3, 0]  (9, 11)
600_2___2__    11   3  [0, 1, 1, 1, 3, 3, 2, 1, 0, 3, 0]  (9, 11)
600_3___2__    11   1  [1, 0, 1, 3, 3, 3, 2, 1, 3, 0, 0]  (9, 10)
600_5___2__    11   1  [1, 0, 1, 3, 1, 1, 3, 2, 1, 4, 0]  (9, 14)
1000_4___2__    11   1  [1, 0, 1, 3, 3, 5, 0, 0, 0, 3, 1]  (9, 12)
400_1___2__    10   0  [3, 1, 3, 3, 3, 1, 0, 2, 3, 0]  (9, 11)
1000_1___2__    9   3  [0, 1, 3, 0, 4, 1, 2, 0, 6]  (9, 14)
1000_2___2__    9   3  [0, 1, 3, 0, 2, 3, 2, 0, 6]  (9, 14)
1000_3___2__    9   3  [0, 1, 3, 3, 3, 2, 1, 3, 1]  (9, 13)
part_in:(11, 14), all_in:(9, 10), all_out:(9, 14)
less9
400_5___3__    10   5  [3, 0, 0, 0, 2, 3, 2, 0, 4, 0]  (4, 6)
400_3___3__    9   5  [4, 0, 0, 2, 2, 3, 0, 4, 0]  (3, 4)
600_4___3__    9   0  [4, 4, 0, 0, 2, 6, 0, 4, 0]  (4, 8)
600_5___3__    9   2  [2, 4, 0, 0, 2, 6, 0, 4, 0]  (4, 7)
400_4___3__    8   0  [9, 0, 0, 2, 6, 0, 4, 0]  (3, 4)
600_3___3__    8   0  [3, 5, 0, 3, 6, 0, 4, 0]  (4, 8)
1000_5___3__    8   2  [3, 2, 0, 0, 0, 9, 0, 5]  (4, 5)
600_1___3__    7   2  [2, 5, 3, 6, 0, 4, 0]  (4, 8)
1000_1___3__    7   0  [1, 8, 3, 0, 1, 3, 6]  (4, 4)
1000_2___3__    7   2  [6, 0, 0, 6, 3, 0, 5]  (3, 4)
400_1___3__    6   5  [5, 3, 0, 5, 5, 0]  (2, 4)
400_2___3__    6   5  [4, 0, 10, 0, 4, 0]  (4, 4)
600_2___3__    6   10  [0, 3, 6, 0, 4, 0]  (4, 9)
1000_3___3__    6   2  [7, 0, 6, 3, 0, 5]  (3, 4)
1000_4___3__    6   0  [9, 0, 0, 9, 0, 5]  (4, 4)
part_in:(2, 9), all_in:(4, 4), all_out:(2, 9)
less10
600_5___4__    14   2  [2, 0, 0, 1, 2, 1, 0, 2, 4, 0, 0, 1, 0, 0]  (0, 4)
600_3___4__    13   0  [1, 3, 2, 2, 1, 0, 2, 4, 0, 0, 1, 0, 0]  (0, 3)
600_4___4__    13   2  [3, 0, 1, 2, 1, 0, 2, 4, 0, 0, 1, 0, 0]  (0, 5)
1000_3___4__    13   2  [3, 0, 1, 0, 3, 2, 0, 4, 0, 0, 1, 0, 0]  (0, 0)
1000_4___4__    13   0  [1, 3, 0, 1, 0, 1, 1, 3, 4, 0, 0, 1, 1]  (0, 2)
1000_5___4__    13   2  [3, 0, 1, 0, 1, 1, 0, 2, 4, 0, 0, 1, 1]  (0, 2)
400_4___4__    12   2  [3, 2, 2, 1, 0, 2, 4, 0, 0, 1, 0, 0]  (0, 0)
400_5___4__    12   2  [3, 2, 2, 1, 0, 2, 4, 0, 0, 1, 0, 0]  (0, 2)
600_2___4__    12   2  [2, 0, 2, 3, 0, 0, 2, 4, 0, 0, 2, 0]  (0, 4)
1000_2___4__    12   2  [3, 0, 1, 0, 3, 3, 4, 0, 0, 1, 0, 0]  (0, 0)
400_1___4__    11   2  [3, 0, 1, 2, 0, 0, 0, 2, 5, 0, 3]  (0, 0)
400_3___4__    11   2  [3, 2, 2, 0, 0, 3, 4, 0, 2, 0, 0]  (0, 0)
600_1___4__    11   2  [3, 2, 1, 1, 0, 0, 2, 5, 0, 2, 0]  (0, 4)
1000_1___4__    11   0  [1, 3, 2, 1, 2, 0, 2, 5, 0, 1, 1]  (0, 2)
400_2___4__    10   2  [3, 0, 2, 1, 1, 3, 4, 0, 3, 0]  (0, 1)
part_in:(3, 5), all_in:(0, 2), all_out:(0, 5)
row1
600_4___5__    15   1  [1, 0, 1, 3, 0, 2, 0, 1, 0, 2, 0, 0, 3, 0, 0]  (1, 7)
1000_5___5__    15   1  [2, 5, 0, 2, 0, 1, 0, 0, 0, 0, 0, 0, 2, 0, 1]  (3, 7)
400_4___5__    14   0  [0, 1, 0, 5, 0, 3, 1, 0, 2, 0, 0, 3, 0, 0]  (2, 7)
600_5___5__    14   1  [1, 0, 1, 3, 0, 2, 0, 1, 0, 3, 0, 3, 0, 0]  (1, 7)
1000_4___5__    14   1  [1, 0, 5, 0, 2, 0, 1, 0, 2, 1, 1, 1, 0, 0]  (2, 7)
400_5___5__    13   1  [2, 5, 0, 3, 1, 0, 0, 0, 1, 3, 0, 0, 0]  (3, 7)
1000_2___5__    13   1  [2, 4, 0, 0, 2, 0, 1, 0, 2, 0, 0, 3, 1]  (4, 7)
400_2___5__    12   1  [1, 0, 4, 0, 0, 5, 0, 2, 1, 3, 0, 0]  (3, 7)
400_3___5__    12   0  [0, 2, 4, 0, 0, 5, 0, 2, 1, 3, 0, 0]  (2, 7)
600_3___5__    12   1  [2, 1, 3, 0, 3, 1, 0, 3, 0, 3, 0, 0]  (2, 7)
1000_1___5__    12   1  [2, 4, 0, 0, 3, 1, 0, 2, 0, 3, 0, 1]  (3, 7)
1000_3___5__    12   1  [2, 5, 0, 2, 0, 1, 0, 2, 1, 3, 0, 0]  (7, 8)
600_2___5__    11   1  [2, 5, 0, 3, 1, 0, 3, 0, 3, 0, 0]  (1, 7)
400_1___5__    10   0  [0, 2, 6, 3, 1, 0, 2, 0, 4, 1]  (3, 7)
600_1___5__    10   1  [2, 6, 2, 0, 1, 0, 3, 3, 0, 1]  (2, 7)
part_in:(1, 8), all_in:(7, 7), all_out:(1, 8)
row2
600_3___6__    11   0  [1, 2, 1, 0, 1, 2, 0, 2, 5, 4, 0]  (28, 30)
600_4___6__    11   0  [1, 2, 1, 0, 1, 2, 0, 2, 5, 4, 0]  (25, 30)
1000_5___6__    11   0  [1, 2, 2, 1, 0, 5, 1, 3, 1, 1, 1]  (21, 30)
400_3___6__    10   0  [1, 3, 0, 0, 1, 3, 2, 5, 3, 1]  (23, 30)
400_5___6__    10   0  [1, 5, 1, 0, 2, 2, 1, 3, 3, 1]  (24, 30)
600_2___6__    10   0  [1, 4, 0, 1, 2, 0, 2, 5, 4, 0]  (26, 30)
1000_4___6__    10   0  [4, 2, 1, 1, 1, 2, 5, 1, 1, 1]  (21, 30)
400_1___6__    9   0  [1, 4, 2, 3, 1, 0, 1, 3, 5]  (27, 30)
400_2___6__    9   0  [1, 4, 0, 1, 3, 2, 1, 3, 5]  (27, 30)
400_4___6__    9   0  [1, 2, 2, 1, 3, 2, 5, 3, 1]  (21, 30)
600_5___6__    9   0  [1, 2, 4, 3, 2, 1, 3, 4, 0]  (24, 30)
600_1___6__    8   0  [1, 4, 2, 2, 0, 1, 6, 5]  (28, 30)
1000_1___6__    8   0  [1, 5, 1, 7, 0, 3, 3, 1]  (22, 30)
1000_2___6__    8   2  [5, 1, 0, 2, 4, 3, 3, 1]  (21, 30)
1000_3___6__    8   0  [6, 0, 1, 3, 2, 5, 3, 1]  (21, 30)
part_in:(21, 27), all_in:(28, 30), all_out:(21, 30)
row3
600_3___7__    12   5  [0, 0, 0, 4, 0, 0, 1, 0, 4, 3, 0, 0]  (13, 17)
400_5___7__    11   6  [1, 1, 0, 2, 0, 1, 1, 3, 3, 0, 0]  (13, 21)
600_4___7__    11   3  [1, 0, 1, 1, 2, 0, 0, 1, 5, 3, 1]  (13, 21)
1000_4___7__    10   3  [1, 0, 1, 3, 2, 1, 5, 1, 1, 1]  (13, 22)
1000_5___7__    10   6  [1, 1, 0, 3, 1, 1, 3, 1, 1, 1]  (13, 21)
400_2___7__    9   8  [1, 3, 0, 1, 0, 0, 3, 3, 1]  (13, 19)
400_4___7__    9   0  [5, 1, 4, 1, 1, 2, 2, 3, 1]  (13, 24)
600_1___7__    9   2  [3, 0, 0, 4, 0, 0, 7, 3, 1]  (13, 19)
600_2___7__    9   2  [3, 1, 1, 2, 0, 0, 7, 3, 1]  (13, 20)
600_5___7__    9   5  [0, 1, 5, 0, 1, 1, 3, 3, 1]  (13, 22)
1000_3___7__    9   3  [2, 1, 1, 4, 1, 0, 4, 3, 1]  (13, 18)
400_1___7__    8   0  [7, 1, 4, 1, 0, 0, 3, 5]  (13, 19)
1000_1___7__    8   2  [0, 2, 1, 1, 4, 2, 8, 1]  (13, 21)
1000_2___7__    8   6  [1, 1, 4, 2, 0, 3, 3, 1]  (13, 23)
400_3___7__    7   8  [1, 4, 1, 0, 4, 3, 1]  (13, 23)
part_in:(18, 24), all_in:(13, 17), all_out:(13, 24)
row4
400_4___8__    16   1  [0, 0, 0, 2, 0, 1, 0, 0, 1, 0, 1, 6, 0, 0, 0, 1]  (0, 0)
400_5___8__    16   1  [0, 0, 0, 2, 0, 1, 0, 0, 1, 0, 1, 4, 2, 0, 0, 1]  (0, 1)
1000_4___8__    16   0  [0, 0, 0, 0, 6, 0, 1, 0, 0, 0, 2, 1, 1, 0, 1, 1]  (0, 3)
400_1___8__    15   0  [0, 0, 0, 0, 2, 0, 1, 0, 2, 0, 0, 6, 1, 1, 1]  (0, 0)
1000_5___8__    15   0  [0, 0, 0, 0, 1, 4, 0, 1, 0, 1, 2, 3, 0, 1, 1]  (0, 2)
400_2___8__    14   1  [0, 0, 0, 2, 0, 2, 2, 0, 0, 1, 3, 2, 1, 1]  (0, 0)
400_3___8__    14   1  [0, 0, 0, 2, 0, 1, 0, 2, 0, 2, 3, 2, 1, 1]  (0, 0)
1000_3___8__    14   0  [0, 0, 0, 0, 6, 2, 0, 1, 0, 3, 1, 0, 1, 1]  (0, 0)
600_1___8__    12   1  [0, 0, 2, 0, 2, 3, 0, 0, 6, 1, 1, 1]  (0, 0)
600_2___8__    12   0  [0, 0, 0, 2, 0, 3, 2, 0, 6, 2, 1, 1]  (0, 1)
600_3___8__    12   1  [0, 0, 0, 1, 4, 2, 0, 6, 1, 0, 1, 1]  (0, 1)
600_5___8__    12   1  [0, 0, 3, 2, 1, 2, 1, 4, 1, 0, 1, 1]  (0, 1)
600_4___8__    11   1  [0, 0, 2, 0, 4, 2, 1, 6, 0, 1, 1]  (0, 2)
1000_1___8__    10   1  [0, 0, 0, 10, 0, 1, 4, 1, 1, 1]  (0, 1)
1000_2___8__    9   1  [0, 0, 0, 9, 0, 2, 6, 1, 1]  (0, 1)
part_in:(2, 3), all_in:(0, 1), all_out:(0, 3)
sum16
600_4___9__    16   1  [1, 0, 0, 0, 2, 1, 1, 0, 0, 1, 3, 1, 0, 0, 1, 1]  (24, 35)
600_2___9__    14   3  [0, 1, 2, 0, 2, 0, 0, 1, 3, 1, 0, 0, 1, 1]  (24, 32)
1000_3___9__    14   2  [0, 0, 2, 3, 2, 0, 1, 2, 0, 1, 0, 0, 1, 1]  (24, 33)
400_1___9__    13   3  [0, 1, 3, 3, 0, 1, 3, 1, 0, 0, 0, 0, 1]  (24, 26)
400_3___9__    13   2  [0, 0, 1, 4, 2, 0, 1, 5, 0, 0, 0, 0, 1]  (24, 29)
400_4___9__    13   1  [1, 0, 1, 4, 1, 1, 1, 5, 0, 0, 0, 0, 1]  (24, 30)
1000_4___9__    13   1  [0, 0, 0, 6, 2, 0, 1, 3, 1, 0, 0, 1, 1]  (24, 32)
400_5___9__    12   4  [0, 0, 2, 1, 2, 0, 1, 5, 0, 0, 1, 1]  (24, 28)
600_3___9__    12   3  [2, 4, 1, 0, 0, 1, 3, 1, 0, 0, 1, 1]  (24, 33)
1000_5___9__    12   4  [1, 1, 2, 2, 0, 1, 3, 1, 0, 0, 1, 1]  (24, 29)
400_2___9__    11   3  [0, 6, 2, 0, 1, 5, 0, 0, 0, 0, 1]  (24, 25)
600_5___9__    11   3  [1, 0, 2, 1, 3, 1, 5, 0, 0, 1, 1]  (24, 31)
1000_1___9__    10   3  [0, 1, 3, 4, 4, 2, 0, 0, 1, 1]  (24, 29)
1000_2___9__    10   3  [0, 8, 0, 0, 4, 0, 1, 1, 1, 1]  (24, 30)
600_1___9__    9   4  [1, 3, 2, 0, 0, 7, 1, 1, 1]  (24, 32)
part_in:(26, 35), all_in:(24, 25), all_out:(24, 35)
gap16
1000_5___10__    15   1  [0, 2, 0, 3, 1, 0, 1, 2, 0, 1, 0, 2, 0, 1, 0]  (22, 22)
400_5___10__    14   4  [0, 0, 1, 0, 0, 2, 2, 0, 1, 1, 0, 2, 2, 0]  (22, 24)
600_4___10__    14   5  [0, 5, 0, 1, 0, 0, 0, 0, 1, 0, 2, 0, 1, 0]  (22, 22)
400_4___10__    13   4  [0, 0, 1, 1, 2, 2, 1, 2, 0, 2, 0, 1, 0]  (22, 25)
600_5___10__    12   5  [0, 5, 0, 1, 0, 0, 3, 0, 2, 0, 1, 0]  (22, 22)
1000_3___10__    12   2  [2, 0, 3, 1, 0, 4, 2, 0, 2, 0, 1, 0]  (22, 25)
400_3___10__    11   6  [1, 1, 2, 2, 1, 2, 0, 2, 0, 1, 0]  (22, 24)
600_2___10__    11   0  [4, 0, 3, 2, 2, 1, 2, 0, 2, 0, 2]  (20, 22)
600_3___10__    11   0  [4, 0, 6, 1, 2, 2, 0, 2, 0, 1, 0]  (22, 23)
1000_2___10__    11   5  [0, 3, 1, 0, 4, 2, 0, 2, 0, 1, 0]  (22, 22)
400_1___10__    10   0  [3, 3, 3, 2, 3, 1, 0, 2, 0, 2]  (22, 23)
600_1___10__    10   0  [5, 3, 1, 0, 1, 3, 1, 0, 2, 3]  (20, 22)
1000_4___10__    10   2  [2, 0, 5, 0, 4, 2, 0, 2, 2, 0]  (22, 24)
400_2___10__    9   4  [5, 1, 0, 2, 4, 0, 2, 0, 2]  (21, 22)
1000_1___10__    8   5  [0, 3, 1, 0, 7, 0, 2, 3]  (20, 22)
part_in:(20, 25), all_in:(22, 22), all_out:(20, 25)
sum25
600_4___11__    14   0  [0, 0, 2, 0, 0, 2, 0, 0, 0, 0, 2, 1, 6, 2]  (29, 30)
1000_5___11__    14   0  [0, 0, 1, 0, 0, 0, 0, 1, 0, 0, 1, 10, 0, 2]  (28, 29)
400_4___11__    13   0  [0, 0, 1, 0, 1, 2, 0, 0, 1, 4, 5, 0, 2]  (27, 29)
600_3___11__    13   0  [1, 2, 0, 0, 2, 0, 0, 0, 0, 2, 1, 6, 2]  (26, 29)
400_5___11__    12   0  [0, 0, 2, 1, 0, 1, 0, 0, 1, 4, 6, 2]  (28, 29)
600_1___11__    12   0  [1, 1, 0, 0, 0, 2, 1, 1, 4, 4, 1, 2]  (26, 29)
600_5___11__    12   0  [0, 0, 2, 1, 0, 1, 0, 0, 1, 2, 8, 2]  (27, 29)
1000_4___11__    12   0  [0, 2, 0, 0, 0, 2, 0, 0, 1, 10, 0, 2]  (29, 29)
1000_3___11__    11   0  [0, 2, 1, 3, 0, 0, 1, 2, 7, 0, 2]  (25, 29)
400_2___11__    10   0  [1, 2, 1, 2, 1, 1, 2, 7, 0, 2]  (24, 29)
400_3___11__    10   0  [0, 3, 4, 0, 0, 1, 2, 7, 0, 2]  (25, 29)
1000_2___11__    10   0  [3, 1, 0, 2, 1, 0, 0, 10, 0, 2]  (22, 29)
400_1___11__    9   0  [1, 2, 3, 0, 1, 1, 10, 0, 2]  (26, 29)
600_2___11__    9   0  [1, 4, 2, 1, 1, 4, 4, 1, 2]  (25, 29)
1000_1___11__    8   0  [1, 1, 0, 1, 2, 1, 13, 2]  (24, 29)
part_in:(22, 30), all_in:(29, 29), all_out:(22, 30)
gap25
600_4___12__    13   0  [1, 2, 1, 0, 1, 0, 1, 2, 3, 0, 0, 3, 2]  (12, 13)
600_2___12__    12   0  [1, 2, 1, 0, 0, 3, 2, 3, 0, 0, 2, 3]  (9, 13)
1000_2___12__    12   0  [1, 2, 1, 0, 2, 4, 1, 1, 0, 0, 2, 3]  (8, 13)
600_1___12__    11   0  [1, 2, 1, 1, 1, 1, 6, 0, 0, 2, 3]  (10, 13)
1000_3___12__    11   0  [1, 1, 0, 1, 0, 2, 8, 0, 0, 2, 3]  (12, 13)
400_3___12__    10   2  [2, 1, 8, 1, 1, 0, 0, 2, 0, 2]  (13, 13)
400_4___12__    10   2  [0, 1, 3, 6, 3, 0, 0, 2, 0, 2]  (12, 13)
600_3___12__    10   0  [1, 2, 1, 3, 1, 2, 3, 0, 0, 6]  (13, 13)
1000_4___12__    10   0  [1, 1, 0, 1, 0, 2, 8, 0, 0, 6]  (13, 13)
400_1___12__    9   2  [2, 3, 1, 4, 3, 0, 0, 2, 3]  (12, 13)
400_2___12__    9   2  [2, 10, 1, 1, 0, 0, 2, 0, 2]  (11, 13)
400_5___12__    9   2  [0, 1, 3, 6, 1, 1, 0, 0, 6]  (12, 13)
600_5___12__    9   0  [1, 2, 1, 8, 1, 1, 0, 0, 6]  (12, 13)
1000_1___12__    9   2  [2, 2, 0, 8, 1, 0, 0, 2, 3]  (9, 13)
1000_5___12__    9   0  [3, 0, 1, 3, 6, 1, 0, 0, 6]  (9, 13)
part_in:(8, 11), all_in:(12, 13), all_out:(8, 13)
sum34
400_5___13__    14   2  [1, 2, 0, 0, 0, 1, 0, 0, 4, 3, 1, 1, 0, 0]  (23, 28)
600_5___13__    14   2  [4, 0, 0, 0, 1, 0, 0, 2, 0, 4, 1, 1, 0, 0]  (23, 28)
1000_5___13__    14   2  [1, 2, 0, 0, 0, 1, 0, 0, 8, 0, 0, 1, 0, 0]  (23, 32)
600_2___13__    12   2  [4, 1, 0, 0, 1, 0, 2, 1, 2, 0, 3, 1]  (23, 25)
600_3___13__    12   2  [4, 0, 0, 0, 2, 0, 2, 1, 3, 3, 0, 0]  (23, 27)
600_4___13__    12   2  [4, 1, 0, 1, 0, 0, 4, 3, 1, 1, 0, 0]  (23, 33)
1000_3___13__    11   0  [6, 1, 0, 2, 0, 2, 1, 3, 3, 0, 0]  (23, 27)
1000_4___13__    11   7  [1, 0, 1, 0, 0, 4, 3, 1, 1, 0, 0]  (23, 35)
400_1___13__    10   2  [4, 0, 1, 1, 0, 0, 2, 1, 7, 1]  (23, 25)
400_2___13__    10   2  [4, 1, 0, 2, 0, 2, 1, 3, 3, 1]  (23, 23)
400_4___13__    10   4  [2, 1, 0, 2, 0, 4, 5, 1, 0, 0]  (23, 28)
600_1___13__    10   2  [4, 0, 2, 1, 0, 2, 1, 3, 3, 1]  (23, 26)
1000_1___13__    10   2  [1, 2, 1, 3, 0, 2, 5, 3, 0, 0]  (23, 26)
1000_2___13__    10   7  [1, 0, 0, 1, 0, 2, 1, 3, 3, 1]  (23, 25)
400_3___13__    9   9  [0, 2, 0, 2, 1, 3, 3, 0, 0]  (23, 25)
part_in:(26, 35), all_in:(23, 25), all_out:(23, 35)
gap12
400_4___14__    12   1  [0, 2, 1, 0, 1, 3, 1, 1, 3, 3, 0, 1]  (4, 7)
400_5___14__    12   1  [0, 2, 1, 0, 1, 3, 1, 1, 0, 2, 4, 1]  (5, 7)
600_4___14__    10   2  [2, 1, 0, 1, 3, 3, 3, 3, 0, 1]  (2, 7)
600_5___14__    10   2  [2, 1, 2, 3, 1, 1, 3, 3, 0, 1]  (2, 7)
400_3___14__    9   2  [2, 2, 1, 3, 1, 5, 3, 0, 1]  (3, 7)
600_3___14__    9   2  [2, 1, 6, 3, 0, 2, 3, 0, 1]  (1, 7)
1000_2___14__    9   5  [8, 2, 0, 3, 0, 1, 0, 0, 1]  (2, 7)
1000_4___14__    9   2  [2, 4, 3, 3, 3, 0, 2, 0, 1]  (3, 7)
400_2___14__    8   2  [2, 2, 5, 1, 5, 3, 0, 1]  (3, 7)
600_2___14__    8   2  [2, 1, 6, 3, 3, 3, 0, 1]  (1, 7)
1000_3___14__    8   5  [8, 3, 3, 0, 1, 0, 0, 1]  (2, 7)
1000_5___14__    8   1  [0, 2, 8, 7, 0, 2, 0, 1]  (5, 7)
400_1___14__    7   2  [11, 1, 0, 4, 3, 0, 1]  (5, 7)
600_1___14__    6   2  [11, 3, 3, 3, 0, 1]  (2, 7)
1000_1___14__    6   2  [14, 0, 3, 2, 1, 1]  (3, 7)
part_in:(1, 4), all_in:(5, 7), all_out:(1, 7)
gap23
1000_4___15__    16   0  [1, 0, 0, 0, 2, 0, 0, 1, 0, 1, 2, 0, 0, 1, 4, 1]  (3, 5)
1000_3___15__    14   0  [1, 1, 0, 1, 2, 1, 0, 1, 2, 0, 2, 1, 2, 1]  (2, 3)
600_1___15__    13   0  [1, 1, 0, 4, 1, 0, 1, 2, 1, 1, 1, 2, 1]  (3, 3)
600_2___15__    13   0  [1, 1, 0, 3, 0, 1, 0, 1, 4, 1, 1, 2, 1]  (3, 3)
600_5___15__    13   0  [1, 1, 0, 4, 1, 0, 1, 3, 0, 1, 2, 1, 1]  (3, 4)
1000_2___15__    12   0  [1, 1, 0, 2, 1, 1, 0, 1, 2, 2, 5, 1]  (2, 3)
1000_5___15__    12   0  [1, 1, 0, 3, 0, 1, 0, 1, 2, 5, 2, 1]  (3, 4)
400_2___15__    11   0  [1, 1, 0, 2, 1, 1, 2, 4, 0, 5, 1]  (1, 3)
600_3___15__    11   0  [1, 1, 0, 3, 0, 2, 1, 4, 1, 4, 1]  (3, 5)
400_1___15__    10   2  [1, 0, 4, 1, 2, 4, 0, 2, 2, 1]  (2, 3)
400_4___15__    10   0  [3, 0, 3, 0, 2, 1, 3, 5, 1, 1]  (3, 3)
400_5___15__    10   0  [3, 0, 3, 0, 2, 1, 6, 2, 1, 1]  (3, 3)
600_4___15__    10   0  [1, 1, 0, 4, 2, 1, 4, 1, 4, 1]  (3, 5)
400_3___15__    8   0  [3, 0, 4, 2, 1, 4, 6, 1]  (3, 3)
1000_1___15__    7   2  [1, 0, 4, 1, 2, 11, 1]  (3, 3)
part_in:(1, 5), all_in:(3, 3), all_out:(1, 5)
gap34
1000_4___16__    15   1  [0, 0, 4, 1, 0, 0, 1, 0, 2, 1, 0, 2, 0, 2, 0]  (1, 7)
400_1___16__    13   2  [0, 0, 2, 0, 1, 0, 0, 1, 5, 0, 3, 2, 0]  (1, 7)
400_4___16__    13   1  [0, 0, 4, 2, 0, 1, 2, 2, 0, 2, 0, 2, 0]  (1, 6)
400_5___16__    13   1  [0, 0, 4, 2, 2, 2, 1, 0, 0, 2, 0, 2, 0]  (1, 7)
1000_5___16__    13   1  [0, 0, 4, 2, 0, 1, 3, 1, 0, 2, 0, 2, 0]  (1, 5)
400_2___16__    12   1  [0, 0, 3, 0, 2, 0, 1, 5, 0, 3, 2, 0]  (1, 7)
400_3___16__    12   1  [0, 0, 4, 2, 0, 1, 5, 0, 2, 0, 2, 0]  (1, 6)
600_4___16__    12   1  [0, 0, 4, 1, 0, 0, 7, 0, 2, 0, 2, 0]  (1, 3)
1000_3___16__    12   1  [0, 0, 0, 3, 2, 0, 1, 5, 0, 3, 2, 0]  (1, 9)
600_3___16__    11   1  [0, 0, 4, 2, 0, 7, 0, 2, 0, 2, 0]  (1, 2)
600_5___16__    11   1  [0, 0, 4, 2, 2, 5, 0, 2, 0, 2, 0]  (1, 4)
1000_1___16__    11   2  [0, 0, 3, 1, 0, 0, 1, 5, 0, 3, 3]  (1, 5)
600_2___16__    10   2  [0, 4, 2, 0, 7, 0, 2, 0, 2, 0]  (1, 2)
1000_2___16__    10   2  [0, 4, 2, 0, 1, 5, 0, 2, 0, 3]  (1, 6)
600_1___16__    9   1  [0, 0, 4, 2, 8, 0, 2, 0, 3]  (1, 2)
part_in:(3, 9), all_in:(1, 2), all_out:(1, 9)
gap45
1000_5___17__    15   0  [1, 1, 2, 0, 1, 0, 3, 1, 1, 1, 1, 1, 0, 1, 0]  (0, 9)
600_4___17__    14   0  [3, 2, 0, 1, 5, 0, 2, 0, 1, 1, 0, 0, 0, 0]  (2, 9)
1000_4___17__    14   0  [3, 0, 1, 0, 1, 4, 1, 2, 0, 1, 1, 0, 1, 0]  (0, 9)
400_5___17__    13   0  [1, 2, 1, 0, 1, 5, 0, 3, 1, 1, 0, 1, 0]  (2, 9)
600_5___17__    13   0  [3, 2, 0, 1, 5, 0, 1, 1, 1, 1, 0, 1, 0]  (3, 9)
400_4___17__    12   0  [4, 2, 1, 5, 0, 2, 0, 1, 1, 0, 1, 0]  (2, 9)
600_2___17__    12   0  [1, 1, 2, 0, 1, 5, 0, 3, 1, 2, 1, 0]  (3, 9)
600_3___17__    12   0  [3, 2, 0, 1, 5, 0, 3, 1, 1, 0, 1, 0]  (4, 9)
1000_2___17__    11   0  [3, 2, 0, 6, 0, 0, 0, 4, 2, 1, 0]  (0, 9)
400_1___17__    10   0  [1, 1, 2, 0, 4, 2, 0, 3, 4, 2]  (2, 9)
400_2___17__    10   0  [1, 1, 0, 2, 7, 0, 5, 2, 1, 0]  (1, 9)
400_3___17__    10   0  [3, 2, 0, 1, 5, 0, 5, 2, 1, 0]  (3, 9)
600_1___17__    9   0  [3, 5, 4, 1, 0, 2, 1, 2, 2]  (3, 9)
1000_3___17__    9   0  [3, 2, 3, 5, 3, 1, 2, 1, 0]  (0, 9)
1000_1___17__    7   0  [1, 1, 2, 9, 0, 4, 5]  (0, 9)
part_in:(0, 3), all_in:(4, 9), all_out:(0, 9)
gap56
600_4___18__    13   0  [1, 1, 0, 2, 4, 0, 2, 0, 4, 1, 0, 1, 0]  (2, 7)
600_5___18__    13   0  [1, 1, 0, 2, 4, 0, 2, 0, 4, 1, 0, 1, 0]  (2, 6)
400_3___18__    12   0  [3, 0, 2, 1, 2, 0, 2, 5, 1, 0, 1, 0]  (2, 7)
400_4___18__    12   0  [3, 0, 2, 4, 0, 2, 0, 4, 1, 0, 1, 0]  (2, 8)
400_2___18__    11   0  [2, 0, 0, 2, 1, 2, 0, 1, 8, 0, 2]  (2, 5)
400_5___18__    11   0  [3, 0, 2, 4, 3, 0, 4, 1, 0, 1, 0]  (2, 6)
1000_1___18__    11   0  [2, 0, 0, 4, 2, 0, 0, 2, 4, 1, 3]  (2, 8)
1000_2___18__    11   0  [2, 0, 0, 2, 1, 2, 3, 0, 6, 2, 0]  (2, 11)
1000_4___18__    11   0  [3, 0, 2, 2, 1, 4, 4, 1, 0, 1, 0]  (2, 6)
1000_5___18__    11   0  [3, 0, 0, 1, 1, 0, 1, 2, 1, 9, 0]  (2, 6)
600_1___18__    10   0  [1, 1, 0, 2, 1, 2, 0, 8, 1, 3]  (2, 8)
600_3___18__    10   0  [1, 1, 0, 2, 4, 0, 2, 5, 4, 0]  (2, 9)
1000_3___18__    9   0  [2, 0, 0, 4, 2, 9, 1, 2, 0]  (2, 10)
600_2___18__    8   0  [3, 0, 2, 4, 0, 8, 1, 3]  (2, 9)
400_1___18__    7   0  [3, 0, 2, 4, 11, 0, 2]  (2, 5)
part_in:(6, 11), all_in:(2, 5), all_out:(2, 11)
ball
400_1___19__    20   0  [0, 0, 0, 0, 2, 0, 1, 0, 0, 0, 0, 0, 0, 2, 0, 2, 0, 2, 0, 0]  (3, 3)
600_2___19__    20   0  [0, 0, 0, 0, 2, 0, 1, 0, 0, 0, 0, 0, 0, 2, 0, 2, 0, 2, 0, 0]  (3, 4)
400_2___19__    19   0  [0, 0, 0, 0, 2, 0, 1, 0, 0, 0, 0, 1, 2, 0, 2, 0, 2, 0, 0]  (3, 3)
400_5___19__    19   0  [0, 0, 0, 0, 2, 0, 1, 0, 0, 1, 0, 3, 0, 2, 0, 0, 1, 0, 0]  (3, 3)
600_4___19__    19   0  [0, 0, 0, 0, 2, 0, 1, 0, 0, 1, 0, 3, 0, 2, 0, 0, 1, 0, 0]  (3, 4)
600_5___19__    19   0  [0, 0, 0, 0, 2, 0, 1, 0, 0, 1, 0, 3, 0, 2, 0, 0, 1, 0, 0]  (3, 4)
1000_4___19__    19   0  [0, 0, 0, 0, 2, 0, 1, 0, 0, 1, 1, 2, 0, 2, 0, 0, 1, 0, 0]  (2, 3)
400_3___19__    18   0  [0, 0, 0, 0, 2, 0, 1, 0, 0, 0, 0, 4, 0, 2, 0, 2, 0, 0]  (3, 3)
400_4___19__    18   0  [0, 0, 0, 0, 2, 0, 1, 0, 0, 1, 4, 0, 2, 0, 0, 1, 0, 0]  (3, 3)
600_1___19__    18   0  [0, 0, 0, 0, 2, 0, 2, 0, 0, 0, 1, 2, 0, 2, 0, 2, 0, 0]  (3, 4)
600_3___19__    18   0  [0, 0, 0, 0, 2, 0, 1, 0, 0, 1, 0, 3, 0, 2, 0, 2, 0, 0]  (3, 4)
1000_2___19__    18   0  [0, 0, 0, 0, 2, 0, 1, 0, 0, 1, 1, 2, 0, 2, 0, 2, 0, 0]  (3, 3)
1000_5___19__    18   0  [0, 0, 0, 0, 2, 0, 1, 0, 0, 1, 4, 0, 2, 0, 0, 1, 0, 0]  (3, 3)
1000_1___19__    17   0  [0, 0, 0, 0, 2, 0, 2, 0, 1, 1, 2, 0, 2, 0, 2, 0, 0]  (3, 3)
1000_3___19__    17   0  [0, 0, 0, 0, 2, 0, 1, 0, 0, 1, 4, 0, 2, 0, 2, 0, 0]  (2, 3)
part_in:(2, 4), all_in:(3, 3), all_out:(2, 4)
ball_column
400_2___20__    12   0  [1, 0, 2, 0, 1, 0, 1, 2, 0, 6, 3, 1]  (7, 12)
400_5___20__    12   0  [1, 2, 0, 2, 0, 1, 2, 4, 1, 2, 1, 1]  (7, 12)
600_4___20__    12   0  [1, 0, 2, 0, 1, 0, 1, 0, 1, 9, 1, 1]  (7, 15)
400_4___20__    11   0  [1, 2, 0, 3, 1, 2, 4, 1, 2, 1, 1]  (7, 11)
1000_4___20__    11   0  [1, 0, 2, 0, 1, 0, 1, 2, 6, 2, 3]  (7, 7)
400_1___20__    10   0  [1, 3, 3, 0, 0, 2, 0, 0, 7, 3]  (7, 10)
600_5___20__    10   0  [1, 3, 0, 1, 0, 1, 2, 9, 1, 1]  (7, 14)
600_3___20__    9   0  [1, 0, 2, 0, 2, 2, 1, 11, 1]  (7, 14)
1000_1___20__    9   0  [1, 3, 2, 1, 3, 0, 5, 2, 3]  (7, 7)
1000_2___20__    9   2  [2, 0, 2, 0, 0, 1, 1, 9, 3]  (6, 7)
1000_5___20__    9   2  [0, 2, 0, 2, 1, 2, 6, 2, 3]  (7, 9)
400_3___20__    8   0  [1, 3, 3, 1, 2, 6, 4, 1]  (7, 11)
600_2___20__    8   2  [0, 2, 2, 0, 2, 1, 11, 1]  (7, 14)
600_1___20__    7   0  [1, 3, 0, 2, 2, 1, 13]  (7, 14)
1000_3___20__    7   2  [3, 3, 1, 2, 6, 2, 3]  (6, 7)
part_in:(6, 15), all_in:(7, 7), all_out:(6, 15)
blue_sort
1000_5___21__    14   3  [0, 1, 0, 1, 0, 0, 0, 1, 4, 0, 2, 1, 2, 0]  (4, 12)
600_4___21__    13   1  [2, 1, 0, 1, 0, 1, 0, 0, 3, 4, 1, 2, 0]  (5, 12)
1000_4___21__    13   1  [1, 0, 2, 1, 0, 1, 0, 0, 4, 3, 1, 2, 0]  (4, 12)
400_5___21__    12   1  [2, 1, 0, 1, 0, 1, 1, 1, 0, 5, 1, 3]  (6, 12)
600_5___21__    12   4  [1, 0, 1, 0, 1, 0, 0, 3, 4, 1, 2, 0]  (4, 12)
400_3___21__    10   1  [2, 2, 1, 0, 1, 1, 1, 5, 0, 5]  (5, 12)
1000_3___21__    10   7  [1, 0, 1, 0, 0, 2, 1, 5, 2, 0]  (5, 12)
400_2___21__    9   1  [2, 2, 1, 0, 1, 1, 4, 3, 5]  (6, 12)
400_4___21__    9   1  [2, 2, 1, 0, 1, 1, 8, 1, 3]  (6, 12)
600_2___21__    9   4  [2, 1, 0, 1, 1, 8, 1, 2, 0]  (3, 12)
600_3___21__    9   4  [2, 1, 0, 1, 1, 8, 1, 2, 0]  (4, 12)
1000_2___21__    9   4  [2, 1, 0, 1, 0, 0, 4, 5, 3]  (5, 12)
400_1___21__    8   4  [2, 1, 0, 1, 1, 4, 5, 3]  (6, 12)
600_1___21__    7   4  [2, 1, 0, 1, 1, 8, 5]  (4, 12)
1000_1___21__    7   4  [2, 1, 0, 1, 0, 0, 14]  (3, 12)
part_in:(3, 5), all_in:(6, 12), all_out:(3, 12)
