red1
-1:(0, 25.6), (0, 70.8), (0, 165.3)
0:(1.1, 24.5), (0.9, 69.9), (2.7, 162.6)
1:(5.5, 20.1), (6.7, 64.1), (18.4, 146.9)
2:(25.6, 0), (70.8, 0), (165.3, 0)
3:(18.9, 6.7), (54.1, 16.7), (125.2, 40.1)
4:(15.4, 10.2), (49.5, 21.3), (112.8, 52.5)
5:(15.2, 10.4), (45.5, 25.3), (104.7, 60.6)
6:(10.8, 14.8), (31.4, 39.4), (73.5, 91.8)
7:(5.7, 19.9), (18.0, 52.8), (42.3, 123.0)
8:(2.8, 22.8), (9.2, 61.6), (21.5, 143.8)
9:(0.6, 25.0), (4.2, 66.6), (8.8, 156.5)
10:(0.1, 25.5), (1.9, 68.9), (3.9, 161.4)
11:(0, 25.6), (0, 70.8), (0, 165.3)

red2
1:(0, 84.9), (0, 40.3), (0, 131.7)
2:(3.1, 81.8), (0.7, 39.6), (2.0, 129.7)
3:(13.0, 71.9), (6.3, 34.0), (6.5, 125.2)
4:(84.9, 0), (40.3, 0), (131.7, 0)
5:(69.1, 15.8), (32.5, 7.8), (119.3, 12.4)
6:(61.9, 23.0), (30.1, 10.2), (107.2, 24.5)
7:(49.7, 35.2), (24.5, 15.8), (97.8, 33.9)
8:(40.9, 44.0), (19.2, 21.1), (77.7, 54.0)
9:(35.6, 49.3), (17.1, 23.2), (68.9, 62.8)
10:(32.1, 52.8), (15.0, 25.3), (61.4, 70.3)
11:(28.0, 56.9), (10.3, 30.0), (48.1, 83.6)
12:(23.4, 61.5), (9.5, 30.8), (41.5, 90.2)
13:(15.0, 69.9), (5.8, 34.5), (26.2, 105.5)
14:(7.7, 77.2), (2.5, 37.8), (12.3, 119.4)
15:(7.7, 77.2), (2.5, 37.8), (12.3, 119.4)
16:(2.5, 82.4), (0.8, 39.5), (3.9, 127.8)
17:(0, 84.9), (0, 40.3), (0, 131.7)

red3
4:(0, 145.6), (0, 83.8), (0, 110.6)
5:(145.6, 0), (83.8, 0), (110.6, 0)
6:(138.2, 7.4), (78.5, 5.3), (107.1, 3.5)
7:(138.2, 7.4), (78.5, 5.3), (107.1, 3.5)
8:(129.4, 16.2), (71.7, 12.1), (102.5, 8.1)
9:(129.4, 16.2), (71.7, 12.1), (102.5, 8.1)
10:(104.0, 41.6), (56.7, 27.1), (84.9, 25.7)
11:(93.5, 52.1), (50.1, 33.7), (75.8, 34.8)
12:(84.1, 61.5), (47.4, 36.4), (61.2, 49.4)
13:(72.9, 72.7), (42.2, 41.6), (53.5, 57.1)
14:(58.7, 86.9), (38.8, 45.0), (42.5, 68.1)
15:(55.1, 90.5), (37.1, 46.7), (38.5, 72.1)
16:(51.5, 94.1), (36.0, 47.8), (32.6, 78.0)
17:(43.3, 102.3), (30.1, 53.7), (29.0, 81.6)
18:(39.0, 106.6), (29.5, 54.3), (24.8, 85.8)
19:(10.8, 134.8), (8.2, 75.6), (7.7, 102.9)
20:(0, 145.6), (0, 83.8), (0, 110.6)

red4
10:(0, 174.6), (0, 133.8), (0, 143.4)
11:(0.4, 174.2), (1.2, 132.6), (2.9, 140.5)
12:(2.7, 171.9), (1.3, 132.5), (4.9, 138.5)
13:(2.7, 171.9), (1.3, 132.5), (4.9, 138.5)
14:(174.6, 0), (133.8, 0), (143.4, 0)
15:(167.2, 7.4), (127.5, 6.3), (127.5, 15.9)
16:(167.2, 7.4), (127.5, 6.3), (127.5, 15.9)
17:(152.5, 22.1), (118.4, 15.4), (115.7, 27.7)
18:(150.0, 24.6), (115.3, 18.5), (107.0, 36.4)
19:(117.3, 57.3), (89.6, 44.2), (83.2, 60.2)
20:(74.1, 100.5), (52.6, 81.2), (50.7, 92.7)
21:(43.0, 131.6), (23.9, 109.9), (23.8, 119.6)
22:(21.7, 152.9), (9.3, 124.5), (12.5, 130.9)
23:(7.9, 166.7), (1.8, 132.0), (4.1, 139.3)
24:(3.0, 171.6), (1.0, 132.8), (1.0, 142.4)
25:(3.0, 171.6), (1.0, 132.8), (1.0, 142.4)
26:(3.0, 171.6), (1.0, 132.8), (1.0, 142.4)
27:(0, 174.6), (0, 133.8), (0, 143.4)

red5
12:(0, 183.0), (0, 103.2), (0, 103.5)
13:(2.4, 180.6), (0.3, 102.9), (2.0, 101.5)
14:(2.4, 180.6), (0.3, 102.9), (2.0, 101.5)
15:(2.4, 180.6), (0.3, 102.9), (2.0, 101.5)
16:(3.6, 179.4), (1.1, 102.1), (4.9, 98.6)
17:(11.4, 171.6), (6.6, 96.6), (8.4, 95.1)
18:(27.8, 155.2), (13.4, 89.8), (18.0, 85.5)
19:(41.4, 141.6), (19.0, 84.2), (32.5, 71.0)
20:(48.6, 134.4), (21.9, 81.3), (39.4, 64.1)
21:(73.9, 109.1), (30.7, 72.5), (51.4, 52.1)
22:(86.2, 96.8), (37.7, 65.5), (61.1, 42.4)
23:(105.8, 77.2), (49.1, 54.1), (72.4, 31.1)
24:(131.2, 51.8), (67.0, 36.2), (82.7, 20.8)
25:(156.0, 27.0), (84.1, 19.1), (91.8, 11.7)
26:(183.0, 0), (103.2, 0), (103.5, 0)
27:(0, 183.0), (0, 103.2), (0, 103.5)

red6
17:(0, 33.6), (0, 61.7), (0, 153.4)
18:(0.9, 32.7), (1.0, 60.7), (2.9, 150.5)
19:(0.9, 32.7), (1.0, 60.7), (2.9, 150.5)
20:(2.8, 30.8), (3.9, 57.8), (10.5, 142.9)
21:(6.5, 27.1), (7.1, 54.6), (20.7, 132.7)
22:(8.4, 25.2), (10.2, 51.5), (28.7, 124.7)
23:(11.3, 22.3), (14.2, 47.5), (39.7, 113.7)
24:(14.3, 19.3), (22.5, 39.2), (59.6, 93.8)
25:(14.9, 18.7), (24.1, 37.6), (63.4, 90.0)
26:(18.2, 15.4), (30.2, 31.5), (78.2, 75.2)
27:(21.2, 12.4), (37.1, 24.6), (94.7, 58.7)
28:(25.1, 8.5), (49.0, 12.7), (120.1, 33.3)
29:(30.6, 3.0), (53.3, 8.4), (133.3, 20.1)
30:(32.3, 1.3), (58.2, 3.5), (144.8, 8.6)
31:(33.0, 0.6), (59.9, 1.8), (149.0, 4.4)
32:(33.6, 0), (61.7, 0), (153.4, 0)
33:(0, 33.6), (0, 61.7), (0, 153.4)

red_sum_all
69:(0, 48.5), (0, 52.2), (0, 145.3)
70:(1.3, 47.2), (0.7, 51.5), (2.7, 142.6)
71:(1.3, 47.2), (0.7, 51.5), (2.7, 142.6)
72:(4.2, 44.3), (1.1, 51.1), (5.0, 140.3)
73:(4.2, 44.3), (1.1, 51.1), (5.0, 140.3)
74:(4.2, 44.3), (1.1, 51.1), (5.0, 140.3)
75:(4.2, 44.3), (1.1, 51.1), (5.0, 140.3)
76:(4.2, 44.3), (1.1, 51.1), (5.0, 140.3)
77:(4.2, 44.3), (1.1, 51.1), (5.0, 140.3)
78:(4.2, 44.3), (1.1, 51.1), (5.0, 140.3)
79:(4.2, 44.3), (1.1, 51.1), (5.0, 140.3)
80:(4.2, 44.3), (1.1, 51.1), (5.0, 140.3)
81:(4.2, 44.3), (1.1, 51.1), (5.0, 140.3)
82:(6.4, 42.1), (4.9, 47.3), (15.1, 130.2)
83:(48.5, 0), (52.2, 0), (145.3, 0)
84:(39.8, 8.7), (47.1, 5.1), (127.7, 17.6)
85:(39.8, 8.7), (47.1, 5.1), (127.7, 17.6)
86:(39.8, 8.7), (47.1, 5.1), (127.7, 17.6)
87:(38.8, 9.7), (40.4, 11.8), (114.5, 30.8)
88:(38.8, 9.7), (40.4, 11.8), (114.5, 30.8)
89:(38.8, 9.7), (40.4, 11.8), (114.5, 30.8)
90:(37.4, 11.1), (39.4, 12.8), (111.1, 34.2)
91:(37.4, 11.1), (39.4, 12.8), (111.1, 34.2)
92:(34.8, 13.7), (37.9, 14.3), (105.5, 39.8)
93:(33.0, 15.5), (32.8, 19.4), (93.2, 52.1)
94:(33.0, 15.5), (32.8, 19.4), (93.2, 52.1)
95:(33.0, 15.5), (32.8, 19.4), (93.2, 52.1)
96:(32.6, 15.9), (30.3, 21.9), (88.5, 56.8)
97:(32.6, 15.9), (30.3, 21.9), (88.5, 56.8)
98:(32.6, 15.9), (30.3, 21.9), (88.5, 56.8)
99:(31.8, 16.7), (25.8, 26.4), (79.6, 65.7)
100:(29.0, 19.5), (16.1, 36.1), (58.3, 87.0)
101:(28.3, 20.2), (14.4, 37.8), (54.1, 91.2)
102:(24.4, 24.1), (12.7, 39.5), (47.5, 97.8)
103:(20.6, 27.9), (11.4, 40.8), (41.6, 103.7)
104:(19.6, 28.9), (10.1, 42.1), (38.3, 107.0)
105:(19.6, 28.9), (10.1, 42.1), (38.3, 107.0)
106:(19.6, 28.9), (10.1, 42.1), (38.3, 107.0)
107:(12.9, 35.6), (6.8, 45.4), (25.4, 119.9)
108:(12.5, 36.0), (5.2, 47.0), (21.9, 123.4)
109:(12.5, 36.0), (5.2, 47.0), (21.9, 123.4)
110:(11.9, 36.6), (2.9, 49.3), (16.6, 128.7)
111:(11.9, 36.6), (2.9, 49.3), (16.6, 128.7)
112:(11.9, 36.6), (2.9, 49.3), (16.6, 128.7)
113:(11.9, 36.6), (2.9, 49.3), (16.6, 128.7)
114:(11.9, 36.6), (2.9, 49.3), (16.6, 128.7)
115:(11.9, 36.6), (2.9, 49.3), (16.6, 128.7)
116:(8.4, 40.1), (0.9, 51.3), (8.9, 136.4)
117:(8.4, 40.1), (0.9, 51.3), (8.9, 136.4)
118:(5.4, 43.1), (0.6, 51.6), (6.6, 138.7)
119:(5.4, 43.1), (0.6, 51.6), (6.6, 138.7)
120:(5.4, 43.1), (0.6, 51.6), (6.6, 138.7)
121:(5.4, 43.1), (0.6, 51.6), (6.6, 138.7)
122:(5.4, 43.1), (0.6, 51.6), (6.6, 138.7)
123:(5.4, 43.1), (0.6, 51.6), (6.6, 138.7)
124:(0, 48.5), (0, 52.2), (0, 145.3)

red_sum16
20:(0, 38.7), (0, 66.0), (0, 166.6)
21:(1.1, 37.6), (1.0, 65.0), (3.3, 163.3)
22:(1.6, 37.1), (3.0, 63.0), (7.9, 158.7)
23:(1.6, 37.1), (3.0, 63.0), (7.9, 158.7)
24:(3.3, 35.4), (10.9, 55.1), (25.3, 141.3)
25:(3.3, 35.4), (10.9, 55.1), (25.3, 141.3)
26:(4.9, 33.8), (12.1, 53.9), (29.2, 137.4)
27:(4.9, 33.8), (12.1, 53.9), (29.2, 137.4)
28:(9.4, 29.3), (18.6, 47.4), (46.4, 120.2)
29:(13.8, 24.9), (22.0, 44.0), (57.7, 108.9)
30:(13.8, 24.9), (22.0, 44.0), (57.7, 108.9)
31:(16.7, 22.0), (26.1, 39.9), (69.0, 97.6)
32:(17.4, 21.3), (27.6, 38.4), (72.7, 93.9)
33:(23.2, 15.5), (40.8, 25.2), (103.9, 62.7)
34:(38.7, 0), (66.0, 0), (166.6, 0)
35:(13.5, 25.2), (22.2, 43.8), (54.5, 112.1)
36:(11.8, 26.9), (18.4, 47.6), (45.8, 120.8)
37:(5.0, 33.7), (3.7, 62.3), (12.1, 154.5)
38:(3.4, 35.3), (2.5, 63.5), (8.1, 158.5)
39:(1.7, 37.0), (1.6, 64.4), (4.7, 161.9)
40:(0, 38.7), (0, 66.0), (0, 166.6)

red_gap16
18:(0, 19.8), (0, 79.3), (0, 171.1)
19:(1.4, 18.4), (5.1, 74.2), (11.3, 159.8)
20:(2.5, 17.3), (19.3, 60.0), (38.7, 132.4)
21:(5.0, 14.8), (32.4, 46.9), (65.6, 105.5)
22:(10.5, 9.3), (51.6, 27.7), (108.2, 62.9)
23:(15.1, 4.7), (65.7, 13.6), (139.3, 31.8)
24:(16.0, 3.8), (69.5, 9.8), (147.9, 23.2)
25:(17.7, 2.1), (72.7, 6.6), (156.0, 15.1)
26:(18.9, 0.9), (78.4, 0.9), (168.3, 2.8)
27:(18.9, 0.9), (78.4, 0.9), (168.3, 2.8)
28:(19.8, 0), (79.3, 0), (171.1, 0)
29:(19.8, 0), (79.3, 0), (171.1, 0)
30:(19.8, 0), (79.3, 0), (171.1, 0)
31:(0, 19.8), (0, 79.3), (0, 171.1)

red_sum25
18:(0, 41.1), (0, 51.0), (0, 141.5)
19:(0.4, 40.7), (1.6, 49.4), (3.5, 138.0)
20:(0.4, 40.7), (1.6, 49.4), (3.5, 138.0)
21:(0.4, 40.7), (4.3, 46.7), (9.0, 132.5)
22:(0.4, 40.7), (6.8, 44.2), (13.9, 127.6)
23:(0.7, 40.4), (8.5, 42.5), (17.5, 124.0)
24:(5.3, 35.8), (12.5, 38.5), (29.5, 112.0)
25:(6.8, 34.3), (15.0, 36.0), (35.9, 105.6)
26:(8.7, 32.4), (19.4, 31.6), (46.3, 95.2)
27:(12.1, 29.0), (21.9, 29.1), (54.7, 86.8)
28:(15.1, 26.0), (27.2, 23.8), (68.4, 73.1)
29:(16.3, 24.8), (28.4, 22.6), (72.1, 69.4)
30:(41.1, 0), (51.0, 0), (141.5, 0)
31:(19.0, 22.1), (17.0, 34.0), (52.5, 89.0)
32:(16.2, 24.9), (13.7, 37.3), (43.1, 98.4)
33:(14.4, 26.7), (12.5, 38.5), (39.1, 102.4)
34:(14.4, 26.7), (12.5, 38.5), (39.1, 102.4)
35:(10.1, 31.0), (10.3, 40.7), (30.0, 111.5)
36:(10.1, 31.0), (10.3, 40.7), (30.0, 111.5)
37:(10.1, 31.0), (10.3, 40.7), (30.0, 111.5)
38:(4.5, 36.6), (2.8, 48.2), (10.0, 131.5)
39:(2.9, 38.2), (1.9, 49.1), (6.7, 134.8)
40:(1.5, 39.6), (0.9, 50.1), (3.5, 138.0)
41:(0, 41.1), (0, 51.0), (0, 141.5)

red_gap25
8:(0, 207.5), (0, 136.7), (0, 114.3)
9:(16.4, 191.1), (11.2, 125.5), (5.8, 108.5)
10:(42.2, 165.3), (28.1, 108.6), (23.1, 91.2)
11:(50.0, 157.5), (32.4, 104.3), (26.9, 87.4)
12:(65.8, 141.7), (42.9, 93.8), (35.1, 79.2)
13:(111.4, 96.1), (74.5, 62.2), (55.7, 58.6)
14:(143.5, 64.0), (94.9, 41.8), (76.0, 38.3)
15:(173.2, 34.3), (113.9, 22.8), (95.8, 18.5)
16:(177.4, 30.1), (116.4, 20.3), (101.1, 13.2)
17:(185.1, 22.4), (121.9, 14.8), (106.4, 7.9)
18:(198.6, 8.9), (130.5, 6.2), (110.8, 3.5)
19:(207.5, 0), (136.7, 0), (114.3, 0)
20:(207.5, 0), (136.7, 0), (114.3, 0)
21:(207.5, 0), (136.7, 0), (114.3, 0)
22:(207.5, 0), (136.7, 0), (114.3, 0)
23:(0, 207.5), (0, 136.7), (0, 114.3)

red_sum34
15:(0, 75.9), (0, 24.4), (0, 112.7)
16:(2.3, 73.6), (0.4, 24.0), (3.0, 109.7)
17:(2.3, 73.6), (0.4, 24.0), (3.0, 109.7)
18:(2.3, 73.6), (0.4, 24.0), (3.0, 109.7)
19:(75.9, 0), (24.4, 0), (112.7, 0)
20:(73.6, 2.3), (24.0, 0.4), (109.7, 3.0)
21:(71.6, 4.3), (24.0, 0.4), (107.1, 5.6)
22:(71.6, 4.3), (24.0, 0.4), (107.1, 5.6)
23:(71.6, 4.3), (24.0, 0.4), (107.1, 5.6)
24:(68.1, 7.8), (23.5, 0.9), (102.4, 10.3)
25:(65.0, 10.9), (22.4, 2.0), (96.8, 15.9)
26:(62.7, 13.2), (22.3, 2.1), (94.4, 18.3)
27:(59.3, 16.6), (21.4, 3.0), (89.4, 23.3)
28:(56.6, 19.3), (19.7, 4.7), (83.3, 29.4)
29:(54.1, 21.8), (19.5, 4.9), (81.2, 31.5)
30:(46.7, 29.2), (16.7, 7.7), (69.0, 43.7)
31:(39.6, 36.3), (15.6, 8.8), (62.1, 50.6)
32:(29.7, 46.2), (12.0, 12.4), (46.0, 66.7)
33:(18.4, 57.5), (9.5, 14.9), (36.9, 75.8)
34:(18.4, 57.5), (9.5, 14.9), (36.9, 75.8)
35:(15.3, 60.6), (8.0, 16.4), (30.9, 81.8)
36:(8.7, 67.2), (4.5, 19.9), (18.8, 93.9)
37:(8.7, 67.2), (4.5, 19.9), (18.8, 93.9)
38:(7.7, 68.2), (2.8, 21.6), (13.8, 98.9)
39:(4.3, 71.6), (1.0, 23.4), (6.2, 106.5)
40:(2.2, 73.7), (0.5, 23.9), (3.1, 109.6)
41:(2.2, 73.7), (0.5, 23.9), (3.1, 109.6)
42:(2.2, 73.7), (0.5, 23.9), (3.1, 109.6)
43:(0, 75.9), (0, 24.4), (0, 112.7)

red_gap12
-1:(0, 141.2), (0, 88.1), (0, 85.9)
0:(3.5, 137.7), (1.2, 86.9), (0.9, 85.0)
1:(11.6, 129.6), (5.7, 82.4), (4.4, 81.5)
2:(141.2, 0), (88.1, 0), (85.9, 0)
3:(115.4, 25.8), (71.8, 16.3), (67.0, 18.9)
4:(99.2, 42.0), (61.9, 26.2), (49.5, 36.4)
5:(49.2, 92.0), (29.4, 58.7), (22.1, 63.8)
6:(31.6, 109.6), (20.3, 67.8), (10.7, 75.2)
7:(22.9, 118.3), (16.2, 71.9), (9.7, 76.2)
8:(7.0, 134.2), (5.3, 82.8), (3.4, 82.5)
9:(0, 141.2), (0, 88.1), (0, 85.9)

red_gap23
0:(0, 100.4), (0, 37.1), (0, 106.6)
1:(100.4, 0), (37.1, 0), (106.6, 0)
2:(100.2, 0.2), (35.2, 1.9), (102.3, 4.3)
3:(97.0, 3.4), (33.4, 3.7), (95.2, 11.4)
4:(80.5, 19.9), (30.0, 7.1), (82.1, 24.5)
5:(59.8, 40.6), (21.9, 15.2), (51.3, 55.3)
6:(28.6, 71.8), (7.9, 29.2), (23.4, 83.2)
7:(16.5, 83.9), (5.2, 31.9), (9.4, 97.2)
8:(8.1, 92.3), (1.2, 35.9), (6.2, 100.4)
9:(3.2, 97.2), (0.7, 36.4), (1.6, 105.0)
10:(3.2, 97.2), (0.7, 36.4), (1.6, 105.0)
11:(3.2, 97.2), (0.7, 36.4), (1.6, 105.0)
12:(0, 100.4), (0, 37.1), (0, 106.6)

red_gap34
0:(0, 42.6), (0, 47.1), (0, 136.3)
1:(1.5, 41.1), (2.6, 44.5), (6.9, 129.4)
2:(1.7, 40.9), (4.7, 42.4), (11.3, 125.0)
3:(13.6, 29.0), (19.6, 27.5), (52.2, 84.1)
4:(18.6, 24.0), (28.8, 18.3), (76.0, 60.3)
5:(31.0, 11.6), (39.3, 7.8), (109.0, 27.3)
6:(36.4, 6.2), (43.5, 3.6), (123.0, 13.3)
7:(41.1, 1.5), (46.4, 0.7), (133.4, 2.9)
8:(41.1, 1.5), (46.4, 0.7), (133.4, 2.9)
9:(42.6, 0), (47.1, 0), (136.3, 0)
10:(1.5, 41.1), (0.7, 46.4), (2.9, 133.4)
11:(1.5, 41.1), (0.7, 46.4), (2.9, 133.4)
12:(0, 42.6), (0, 47.1), (0, 136.3)

red_gap45
-2:(0, 154.4), (0, 73.1), (0, 74.3)
-1:(2.0, 152.4), (0.2, 72.9), (2.4, 71.9)
0:(12.5, 141.9), (6.3, 66.8), (8.2, 66.1)
1:(12.5, 141.9), (6.3, 66.8), (8.2, 66.1)
2:(35.3, 119.1), (19.6, 53.5), (21.5, 52.8)
3:(85.2, 69.2), (44.5, 28.6), (43.1, 31.2)
4:(124.7, 29.7), (64.3, 8.8), (55.6, 18.7)
5:(141.5, 12.9), (69.3, 3.8), (67.9, 6.4)
6:(146.7, 7.7), (72.1, 1.0), (68.3, 6.0)
7:(152.2, 2.2), (73.0, 0.1), (71.8, 2.5)
8:(152.2, 2.2), (73.0, 0.1), (71.8, 2.5)
9:(152.2, 2.2), (73.0, 0.1), (71.8, 2.5)
10:(154.4, 0), (73.1, 0), (74.3, 0)
11:(154.4, 0), (73.1, 0), (74.3, 0)
12:(154.4, 0), (73.1, 0), (74.3, 0)
13:(0, 154.4), (0, 73.1), (0, 74.3)

red_gap56
0:(0, 31.7), (0, 61.3), (0, 128.0)
1:(0.2, 31.5), (1.3, 60.0), (2.9, 125.1)
2:(5.2, 26.5), (3.9, 57.4), (9.8, 118.2)
3:(7.2, 24.5), (13.9, 47.4), (29.8, 98.2)
4:(14.2, 17.5), (22.6, 38.7), (50.4, 77.6)
5:(21.5, 10.2), (33.7, 27.6), (73.2, 54.8)
6:(31.7, 0), (61.3, 0), (128.0, 0)
7:(8.3, 23.4), (20.0, 41.3), (39.6, 88.4)
8:(6.7, 25.0), (10.4, 50.9), (19.4, 108.6)
9:(1.1, 30.6), (5.7, 55.6), (11.3, 116.7)
10:(0, 31.7), (0, 61.3), (0, 128.0)

red_blue
3:(0, 26.0), (0, 73.1), (0, 162.6)
4:(0.7, 25.3), (1.2, 71.9), (3.1, 159.5)
5:(3.2, 22.8), (12.1, 61.0), (27.1, 135.5)
6:(6.1, 19.9), (19.4, 53.7), (43.1, 119.5)
7:(11.3, 14.7), (37.4, 35.7), (80.5, 82.1)
8:(14.6, 11.4), (52.7, 20.4), (112.2, 50.4)
9:(20.3, 5.7), (61.2, 11.9), (135.0, 27.6)
10:(20.5, 5.5), (62.8, 10.3), (138.4, 24.2)
11:(23.6, 2.4), (65.2, 7.9), (146.1, 16.5)
12:(24.6, 1.4), (69.2, 3.9), (153.8, 8.8)
13:(24.8, 1.2), (71.4, 1.7), (158.0, 4.6)
14:(26.0, 0), (73.1, 0), (162.6, 0)
15:(0, 26.0), (0, 73.1), (0, 162.6)

