continues1
1_7: 17: [10, 17, 23, 27, 27, 32]: [1, 1, 2, 1, 2, 1, 4, 1, 1, 2, 3, 2, 2, 1, 1, 2, 1]: 1
5_3: 15: [2, 6, 9, 14, 22, 29]: [1, 2, 2, 1, 1, 1, 3, 2, 1, 1, 2, 1, 2, 3, 1]: 1
9_7: 12: [13, 22, 23, 23, 27, 33]: [2, 2, 1, 3, 2, 1, 1, 1, 1, 1, 2, 3]: 2
2_7: 11: [15, 22, 25, 27, 31, 33]: [1, 2, 1, 2, 1, 2, 2, 3, 2, 1, 2]: 1
6_2: 11: [5, 9, 14, 18, 23, 29]: [1, 1, 2, 2, 1, 1, 1, 1, 1, 1, 1]: 1
13_3: 11: [2, 6, 10, 16, 23, 28]: [2, 1, 1, 1, 2, 1, 2, 3, 1, 1, 2]: 0
7_10: 10: [7, 14, 18, 20, 27, 32]: [1, 1, 1, 1, 1, 1, 1, 2, 2, 3]: 3
1_3: 9: [3, 6, 11, 17, 23, 29]: [1, 1, 2, 1, 2, 2, 3, 3, 3]: 0
1_6: 9: [9, 19, 22, 28, 28, 32]: [1, 1, 1, 2, 1, 2, 3, 1, 1]: 1
7_9: 9: [7, 14, 20, 23, 30, 34]: [2, 2, 2, 1, 1, 1, 1, 1, 1]: 3
9_9: 9: [9, 18, 18, 23, 26, 30]: [2, 3, 2, 2, 2, 1, 2, 1, 1]: 1
12_1: 9: [3, 7, 9, 10, 14, 28]: [1, 2, 1, 1, 1, 1, 1, 2, 1]: 1
17_7: 9: [12, 19, 24, 25, 30, 32]: [1, 2, 1, 3, 2, 1, 1, 1, 1]: 2
10_10: 9: [8, 16, 18, 22, 25, 30]: [1, 1, 1, 2, 1, 3, 1, 1, 2]: 1
14_10: 9: [9, 13, 18, 20, 25, 30]: [1, 1, 2, 1, 2, 2, 1, 2, 3]: 3
4_9: 8: [8, 17, 23, 28, 30, 31]: [1, 1, 1, 1, 3, 2, 1, 2]: 1
8_6: 8: [11, 19, 21, 24, 29, 30]: [1, 1, 1, 2, 1, 1, 1, 2]: 2
9_1: 8: [3, 12, 11, 12, 16, 26]: [2, 1, 2, 1, 1, 1, 2, 2]: 0
14_6: 8: [13, 18, 19, 26, 26, 33]: [1, 1, 2, 1, 2, 4, 1, 1]: 2
11_9: 7: [9, 13, 16, 19, 21, 28]: [2, 2, 2, 1, 1, 1, 1]: 2
continues0
15_6: 3: [7, 15, 20, 24, 25, 33]: [0, 0, 0, 1, 2, 1, 1, 0, 0, 1, 0]: 1
16_2: 3: [3, 6, 12, 17, 20, 27]: [0, 0, 0, 1, 1, 0, 1, 1, 1, 0, 1]: 2
2_6: 2: [12, 18, 21, 24, 30, 34]: [0, 0, 2, 2, 0, 2, 0, 0, 0, 1, 3]: 1
9_2: 2: [3, 8, 12, 18, 22, 30]: [0, 0, 1, 0, 1, 2, 1, 3, 0, 1, 3]: 1
12_8: 2: [13, 18, 22, 24, 27, 29]: [0, 0, 1, 0, 3, 3, 0, 3, 1, 0, 2]: 2
3_10: 2: [5, 13, 15, 19, 25, 28]: [0, 0, 1, 0, 2, 1, 0, 0, 0, 0, 1]: 2
3_9: 1: [5, 13, 16, 21, 27, 29]: [0, 1, 2, 2, 2, 0, 1, 1, 1, 2, 1]: 2
4_2: 1: [2, 7, 12, 16, 21, 28]: [0, 2, 0, 1, 1, 0, 1, 1, 2, 0, 1]: 0
4_3: 1: [2, 7, 10, 16, 23, 29]: [0, 3, 2, 3, 1, 0, 2, 3, 2, 1, 3]: 0
4_8: 1: [11, 17, 22, 27, 29, 29]: [0, 2, 0, 1, 0, 1, 0, 1, 3, 2, 2]: 1
5_2: 1: [2, 7, 10, 15, 21, 28]: [0, 1, 4, 1, 1, 0, 1, 2, 2, 1, 0]: 0
5_8: 1: [10, 15, 20, 24, 25, 32]: [0, 1, 0, 3, 1, 1, 1, 2, 1, 2, 1]: 1
6_6: 1: [8, 16, 24, 30, 33, 34]: [0, 2, 1, 1, 1, 3, 0, 1, 0, 0, 1]: 1
7_7: 1: [13, 21, 22, 25, 27, 33]: [0, 1, 2, 3, 0, 1, 0, 1, 3, 1, 1]: 2
8_3: 1: [3, 7, 11, 17, 24, 29]: [0, 3, 2, 0, 2, 2, 2, 0, 1, 0, 2]: 0
8_8: 1: [13, 20, 21, 23, 26, 31]: [0, 1, 2, 1, 0, 1, 0, 1, 1, 3, 1]: 2
10_2: 1: [4, 9, 14, 19, 21, 27]: [0, 1, 0, 2, 2, 0, 1, 0, 1, 0, 2]: 3
11_7: 1: [10, 18, 22, 24, 27, 31]: [0, 1, 0, 0, 0, 1, 1, 0, 0, 0, 2]: 1
12_3: 1: [2, 7, 9, 16, 24, 30]: [0, 1, 2, 1, 1, 1, 2, 1, 1, 1, 2]: 1
13_2: 1: [3, 7, 13, 16, 22, 29]: [0, 1, 0, 1, 2, 1, 1, 2, 2, 0, 0]: 1
14_2: 1: [3, 10, 17, 21, 26, 31]: [0, 1, 0, 1, 1, 1, 0, 2, 1, 2, 2]: 0
14_9: 1: [11, 15, 22, 25, 29, 32]: [0, 2, 3, 1, 0, 1, 1, 2, 3, 0, 2]: 0
15_3: 1: [2, 7, 10, 17, 24, 30]: [0, 2, 1, 4, 1, 0, 2, 1, 0, 1, 2]: 1
16_1: 1: [4, 9, 13, 15, 18, 27]: [0, 2, 2, 1, 1, 1, 1, 2, 1, 1, 2]: 2
16_7: 1: [14, 20, 24, 27, 28, 32]: [0, 2, 1, 1, 0, 3, 2, 1, 1, 1, 2]: 3
17_6: 1: [13, 15, 21, 23, 27, 32]: [0, 4, 0, 0, 3, 2, 1, 1, 1, 1, 3]: 2
17_9: 1: [9, 15, 18, 19, 23, 29]: [0, 2, 1, 0, 2, 1, 0, 0, 1, 2, 2]: 1
18_2: 1: [4, 10, 14, 17, 23, 27]: [0, 1, 0, 0, 2, 2, 0, 2, 1, 0, 1]: 2
18_3: 1: [3, 8, 11, 17, 24, 28]: [0, 1, 2, 2, 1, 1, 0, 1, 2, 0, 2]: 0
18_6: 1: [8, 15, 19, 19, 26, 29]: [0, 1, 2, 0, 2, 2, 1, 0, 1, 1, 2]: 1
18_7: 1: [13, 23, 24, 27, 30, 32]: [0, 2, 1, 0, 2, 0, 1, 1, 0, 1, 1]: 3
19_9: 1: [8, 16, 23, 24, 27, 32]: [0, 1, 1, 1, 0, 1, 1, 3, 2, 1, 2]: 1
17_10: 1: [6, 14, 17, 18, 24, 30]: [0, 1, 2, 0, 2, 2, 2, 0, 1, 0, 0]: 2
1_0: 0: [7, 14, 19, 19, 23, 30]: [1, 2, 3, 0, 2, 2, 3, 2, 1, 0, 1]: 3
1_1: 0: [4, 10, 11, 14, 17, 30]: [1, 0, 3, 0, 2, 3, 2, 1, 1, 1, 0]: 2
1_2: 0: [4, 10, 15, 17, 21, 27]: [2, 0, 2, 3, 1, 0, 1, 1, 1, 0, 4]: 1
1_3: 0: [3, 6, 11, 17, 23, 29]: [1, 1, 2, 1, 2, 2, 3, 3, 3, 0, 1]: 0
1_4: 0: [4, 8, 13, 18, 24, 29]: [1, 1, 1, 2, 1, 0, 1, 2, 1, 0, 1]: 1
1_5: 0: [4, 8, 13, 18, 24, 29]: [2, 0, 1, 1, 2, 0, 1, 1, 0, 1, 1]: 1
1_6: 0: [9, 19, 22, 28, 28, 32]: [1, 1, 1, 2, 1, 2, 3, 1, 1, 0, 2]: 1
1_7: 0: [10, 17, 23, 27, 27, 32]: [1, 1, 2, 1, 2, 1, 4, 1, 1, 2, 3]: 1
1_8: 0: [4, 13, 19, 20, 22, 29]: [1, 1, 1, 1, 1, 0, 1, 1, 0, 2, 1]: 3
1_9: 0: [5, 12, 17, 17, 20, 30]: [1, 2, 2, 0, 2, 2, 3, 1, 2, 1, 0]: 2
2_0: 0: [7, 12, 14, 14, 22, 30]: [2, 2, 0, 0, 3, 1, 1, 1, 1, 1, 1]: 2
2_1: 0: [3, 9, 11, 10, 12, 28]: [2, 2, 2, 1, 3, 1, 0, 1, 1, 0, 1]: 0
2_2: 0: [4, 9, 14, 16, 21, 29]: [1, 1, 0, 3, 1, 1, 1, 1, 1, 1, 1]: 1
2_3: 0: [3, 8, 12, 17, 23, 29]: [2, 1, 0, 2, 2, 0, 0, 2, 0, 1, 0]: 0
2_4: 0: [4, 9, 14, 19, 24, 29]: [1, 2, 2, 3, 1, 1, 0, 1, 0, 0, 2]: 2
2_5: 0: [4, 9, 14, 19, 24, 28]: [1, 0, 0, 3, 3, 0, 1, 1, 0, 1, 1]: 2
2_7: 0: [15, 22, 25, 27, 31, 33]: [1, 2, 1, 2, 1, 2, 2, 3, 2, 1, 2]: 1
2_8: 0: [13, 22, 25, 25, 31, 33]: [1, 1, 0, 1, 2, 1, 1, 1, 2, 1, 1]: 1
2_9: 0: [6, 12, 16, 17, 24, 30]: [1, 2, 0, 1, 2, 2, 0, 3, 1, 0, 0]: 1
3_0: 0: [5, 13, 15, 19, 25, 28]: [0, 0, 1, 0, 2, 1, 0, 0, 0, 0, 1]: 2
3_1: 0: [2, 8, 10, 12, 21, 30]: [1, 1, 0, 0, 1, 2, 1, 2, 1, 1, 1]: 1
3_2: 0: [4, 9, 13, 17, 23, 29]: [1, 0, 1, 3, 0, 1, 0, 0, 1, 0, 0]: 1
3_3: 0: [4, 8, 11, 18, 25, 30]: [3, 1, 1, 1, 4, 0, 1, 1, 2, 0, 2]: 1
3_4: 0: [4, 8, 13, 18, 24, 29]: [1, 1, 2, 2, 1, 2, 2, 1, 2, 0, 2]: 1
3_5: 0: [4, 9, 13, 19, 24, 28]: [2, 0, 1, 3, 3, 0, 1, 1, 1, 1, 2]: 2
3_6: 0: [7, 15, 18, 21, 28, 32]: [2, 1, 2, 2, 0, 0, 0, 0, 0, 1, 1]: 0
3_7: 0: [7, 19, 22, 26, 30, 32]: [2, 1, 0, 2, 0, 1, 0, 0, 2, 3, 2]: 2
3_8: 0: [5, 14, 18, 23, 28, 30]: [1, 1, 2, 1, 2, 0, 1, 2, 2, 0, 2]: 2
4_0: 0: [6, 16, 21, 24, 27, 30]: [2, 0, 0, 2, 0, 1, 2, 0, 2, 1, 0]: 2
4_1: 0: [2, 9, 11, 13, 17, 29]: [1, 2, 2, 1, 2, 1, 0, 2, 1, 1, 0]: 1
4_4: 0: [4, 8, 13, 18, 23, 28]: [1, 0, 2, 2, 0, 1, 1, 2, 0, 0, 1]: 1
4_5: 0: [4, 9, 13, 19, 23, 28]: [1, 0, 1, 3, 2, 0, 1, 1, 1, 1, 1]: 2
4_6: 0: [11, 14, 19, 25, 31, 31]: [2, 1, 1, 0, 1, 1, 0, 2, 2, 1, 3]: 2
4_7: 0: [17, 21, 23, 27, 30, 31]: [4, 2, 1, 0, 1, 2, 1, 0, 1, 1, 2]: 2
4_9: 0: [8, 17, 23, 28, 30, 31]: [1, 1, 1, 1, 3, 2, 1, 2, 0, 1, 1]: 1
5_0: 0: [5, 10, 13, 15, 21, 30]: [1, 1, 0, 0, 0, 1, 0, 0, 1, 0, 0]: 2
5_1: 0: [3, 7, 9, 12, 16, 28]: [3, 1, 1, 1, 0, 2, 1, 1, 1, 0, 1]: 0
5_3: 0: [2, 6, 9, 14, 22, 29]: [1, 2, 2, 1, 1, 1, 3, 2, 1, 1, 2]: 1
5_4: 0: [4, 8, 12, 18, 23, 28]: [2, 0, 2, 2, 1, 0, 0, 1, 2, 0, 1]: 0
5_5: 0: [4, 9, 13, 18, 24, 28]: [2, 0, 1, 3, 1, 0, 0, 1, 2, 1, 1]: 1
5_6: 0: [7, 11, 17, 21, 26, 33]: [1, 0, 0, 0, 0, 1, 1, 0, 1, 0, 1]: 0
5_7: 0: [12, 18, 24, 27, 28, 33]: [1, 0, 1, 1, 1, 1, 1, 3, 1, 0, 2]: 1
5_9: 0: [5, 13, 19, 22, 24, 32]: [1, 2, 1, 2, 0, 0, 1, 1, 0, 2, 2]: 2
6_0: 0: [4, 14, 22, 22, 26, 32]: [2, 0, 1, 0, 2, 1, 0, 0, 1, 3, 0]: 1
6_1: 0: [3, 7, 8, 12, 18, 26]: [1, 1, 1, 1, 1, 1, 0, 2, 0, 0, 0]: 0
6_2: 0: [5, 9, 14, 18, 23, 29]: [1, 1, 2, 2, 1, 1, 1, 1, 1, 1, 1]: 1
6_3: 0: [2, 7, 10, 16, 23, 28]: [1, 1, 1, 0, 1, 1, 2, 2, 1, 0, 2]: 0
6_4: 0: [4, 8, 13, 18, 23, 28]: [0, 0, 1, 1, 0, 0, 1, 1, 1, 0, 1]: 1
6_5: 0: [4, 8, 13, 18, 24, 28]: [1, 1, 0, 1, 3, 0, 0, 2, 1, 1, 2]: 1
6_7: 0: [9, 15, 23, 28, 32, 34]: [1, 0, 2, 0, 2, 1, 0, 0, 1, 1, 2]: 0
6_8: 0: [8, 17, 25, 27, 30, 34]: [1, 2, 2, 0, 0, 2, 1, 0, 0, 0, 4]: 2
6_9: 0: [4, 14, 23, 26, 27, 33]: [1, 0, 3, 1, 1, 2, 0, 1, 1, 1, 3]: 2
7_0: 0: [7, 14, 18, 20, 27, 32]: [1, 1, 1, 1, 1, 1, 1, 2, 2, 3, 0]: 3
7_1: 0: [2, 9, 11, 14, 17, 29]: [3, 0, 1, 0, 1, 2, 3, 1, 1, 0, 2]: 1
7_2: 0: [3, 9, 15, 18, 22, 29]: [2, 2, 3, 2, 1, 0, 0, 0, 0, 0, 1]: 0
7_3: 0: [2, 7, 12, 17, 23, 29]: [1, 0, 1, 3, 1, 0, 3, 1, 3, 1, 2]: 0
7_4: 0: [4, 8, 13, 18, 23, 28]: [1, 1, 2, 2, 0, 1, 1, 2, 1, 0, 2]: 1
7_5: 0: [4, 8, 13, 18, 23, 28]: [1, 0, 0, 2, 2, 0, 1, 1, 1, 1, 2]: 1
7_6: 0: [11, 20, 20, 24, 25, 33]: [2, 0, 1, 0, 1, 2, 1, 1, 1, 2, 1]: 1
7_8: 0: [12, 20, 22, 25, 27, 33]: [2, 2, 4, 0, 2, 1, 1, 0, 2, 1, 1]: 2
7_9: 0: [7, 14, 20, 23, 30, 34]: [2, 2, 2, 1, 1, 1, 1, 1, 1, 0, 2]: 3
8_0: 0: [7, 16, 20, 21, 24, 32]: [1, 2, 0, 3, 1, 2, 0, 0, 0, 2, 1]: 1
8_1: 0: [1, 8, 10, 12, 20, 26]: [1, 1, 3, 1, 0, 1, 2, 2, 1, 1, 2]: 1
8_2: 0: [3, 8, 13, 18, 23, 28]: [1, 2, 3, 2, 2, 2, 0, 2, 2, 2, 1]: 1
8_4: 0: [4, 8, 13, 18, 23, 28]: [1, 2, 1, 2, 0, 1, 1, 1, 1, 0, 1]: 1
8_5: 0: [4, 8, 13, 18, 24, 28]: [2, 0, 0, 0, 1, 0, 0, 2, 1, 1, 1]: 1
8_6: 0: [11, 19, 21, 24, 29, 30]: [1, 1, 1, 2, 1, 1, 1, 2, 0, 0, 0]: 2
8_7: 0: [15, 22, 22, 24, 26, 31]: [1, 1, 1, 0, 1, 1, 1, 1, 0, 0, 0]: 0
8_9: 0: [8, 17, 19, 21, 25, 31]: [1, 2, 2, 1, 1, 0, 1, 1, 2, 1, 2]: 1
9_0: 0: [6, 14, 17, 22, 28, 30]: [2, 1, 1, 0, 0, 2, 2, 1, 1, 0, 2]: 2
9_1: 0: [3, 12, 11, 12, 16, 26]: [2, 1, 2, 1, 1, 1, 2, 2, 0, 0, 1]: 0
9_3: 0: [2, 6, 9, 16, 22, 28]: [1, 1, 1, 0, 1, 0, 1, 1, 1, 0, 2]: 0
9_4: 0: [4, 8, 12, 18, 23, 28]: [1, 0, 0, 3, 2, 1, 0, 1, 1, 0, 1]: 0
9_5: 0: [4, 9, 13, 18, 24, 28]: [1, 0, 0, 2, 2, 0, 1, 0, 0, 1, 1]: 1
9_6: 0: [12, 18, 18, 18, 23, 31]: [1, 2, 1, 0, 1, 0, 2, 1, 0, 1, 1]: 0
9_7: 0: [13, 22, 23, 23, 27, 33]: [2, 2, 1, 3, 2, 1, 1, 1, 1, 1, 2]: 2
9_8: 0: [8, 16, 21, 25, 28, 30]: [1, 3, 2, 0, 4, 1, 0, 1, 1, 1, 1]: 1
9_9: 0: [9, 18, 18, 23, 26, 30]: [2, 3, 2, 2, 2, 1, 2, 1, 1, 0, 0]: 1
10_0: 0: [8, 16, 18, 22, 25, 30]: [1, 1, 1, 2, 1, 3, 1, 1, 2, 0, 1]: 1
10_1: 0: [2, 10, 11, 17, 18, 25]: [3, 2, 0, 2, 2, 0, 2, 2, 1, 1, 1]: 0
10_3: 0: [3, 7, 11, 16, 22, 29]: [1, 0, 1, 3, 3, 1, 2, 3, 1, 0, 2]: 0
10_4: 0: [4, 8, 13, 18, 23, 28]: [2, 1, 1, 2, 0, 1, 2, 2, 1, 0, 0]: 1
10_5: 0: [4, 9, 14, 19, 24, 28]: [2, 0, 1, 0, 3, 0, 1, 2, 0, 1, 1]: 2
10_6: 0: [7, 13, 12, 16, 24, 30]: [3, 1, 0, 4, 0, 1, 1, 2, 1, 0, 0]: 2
10_7: 0: [10, 18, 20, 23, 27, 32]: [2, 0, 0, 0, 0, 0, 0, 1, 0, 2, 2]: 2
10_8: 0: [10, 18, 20, 23, 26, 32]: [1, 0, 1, 0, 1, 1, 1, 1, 2, 2, 1]: 1
10_9: 0: [8, 18, 20, 25, 26, 30]: [2, 2, 2, 2, 3, 1, 0, 2, 3, 1, 1]: 2
11_0: 0: [9, 13, 16, 19, 22, 28]: [2, 1, 2, 1, 0, 2, 1, 2, 1, 1, 1]: 2
11_1: 0: [2, 7, 8, 12, 16, 27]: [1, 1, 0, 1, 2, 1, 1, 3, 1, 1, 0]: 1
11_2: 0: [3, 7, 9, 15, 19, 27]: [1, 0, 2, 0, 2, 1, 1, 0, 1, 0, 3]: 2
11_3: 0: [2, 6, 9, 15, 22, 28]: [2, 1, 1, 2, 2, 0, 2, 0, 1, 0, 0]: 0
11_4: 0: [4, 8, 13, 18, 23, 28]: [1, 1, 1, 2, 0, 1, 0, 1, 1, 0, 1]: 1
11_5: 0: [4, 9, 14, 19, 24, 28]: [1, 0, 0, 2, 2, 0, 1, 1, 3, 1, 1]: 2
11_6: 0: [11, 18, 20, 21, 23, 31]: [1, 0, 4, 0, 0, 3, 2, 1, 0, 1, 0]: 1
11_8: 0: [6, 12, 16, 20, 22, 27]: [1, 1, 2, 0, 0, 1, 2, 0, 0, 1, 1]: 2
11_9: 0: [9, 13, 16, 19, 21, 28]: [2, 2, 2, 1, 1, 1, 1, 0, 0, 0, 1]: 2
12_0: 0: [8, 12, 20, 21, 23, 28]: [1, 2, 0, 1, 0, 0, 1, 0, 0, 0, 0]: 1
12_1: 0: [3, 7, 9, 10, 14, 28]: [1, 2, 1, 1, 1, 1, 1, 2, 1, 0, 2]: 1
12_2: 0: [3, 8, 13, 17, 23, 31]: [2, 1, 1, 1, 1, 0, 0, 1, 0, 0, 1]: 1
12_4: 0: [4, 8, 12, 18, 23, 28]: [2, 1, 0, 1, 1, 0, 0, 1, 1, 0, 1]: 0
12_5: 0: [4, 9, 13, 18, 24, 28]: [2, 1, 0, 2, 3, 0, 0, 1, 0, 1, 1]: 1
12_6: 0: [9, 14, 16, 18, 23, 27]: [2, 1, 0, 0, 1, 2, 1, 2, 0, 0, 2]: 2
12_7: 0: [15, 21, 24, 27, 28, 29]: [2, 1, 1, 0, 0, 0, 0, 1, 0, 1, 1]: 1
12_9: 0: [10, 17, 24, 25, 26, 31]: [1, 1, 1, 1, 2, 2, 0, 2, 1, 2, 1]: 0
13_0: 0: [5, 13, 17, 19, 24, 31]: [1, 1, 2, 0, 2, 0, 0, 0, 1, 0, 1]: 2
13_1: 0: [1, 8, 12, 17, 21, 29]: [2, 0, 2, 2, 1, 1, 1, 1, 0, 1, 0]: 0
13_3: 0: [2, 6, 10, 16, 23, 28]: [2, 1, 1, 1, 2, 1, 2, 3, 1, 1, 2]: 0
13_4: 0: [4, 8, 13, 19, 24, 28]: [2, 0, 0, 1, 1, 0, 1, 2, 1, 0, 1]: 2
13_5: 0: [4, 8, 14, 18, 24, 28]: [2, 1, 1, 2, 2, 0, 0, 0, 2, 1, 2]: 1
13_6: 0: [13, 19, 25, 28, 31, 35]: [1, 2, 1, 1, 0, 1, 0, 1, 2, 1, 1]: 2
13_7: 0: [13, 19, 22, 27, 31, 33]: [1, 1, 1, 0, 1, 2, 0, 0, 1, 1, 0]: 3
13_8: 0: [12, 16, 19, 23, 28, 32]: [1, 0, 0, 1, 0, 2, 0, 1, 2, 1, 0]: 1
13_9: 0: [7, 13, 17, 20, 26, 31]: [1, 2, 1, 0, 0, 2, 2, 2, 2, 0, 1]: 2
14_0: 0: [9, 13, 18, 20, 25, 30]: [1, 1, 2, 1, 2, 2, 1, 2, 3, 0, 0]: 3
14_1: 0: [2, 10, 13, 13, 17, 30]: [3, 3, 2, 0, 0, 0, 0, 0, 0, 1, 2]: 2
14_3: 0: [3, 9, 13, 19, 26, 30]: [1, 1, 1, 3, 1, 0, 0, 0, 1, 0, 0]: 3
14_4: 0: [4, 9, 14, 18, 24, 29]: [1, 0, 2, 2, 1, 1, 0, 1, 1, 0, 2]: 1
14_5: 0: [4, 9, 14, 19, 24, 29]: [2, 0, 0, 1, 2, 0, 0, 0, 1, 1, 2]: 2
14_6: 0: [13, 18, 19, 26, 26, 33]: [1, 1, 2, 1, 2, 4, 1, 1, 0, 0, 2]: 2
14_7: 0: [18, 21, 22, 25, 28, 34]: [3, 1, 0, 1, 2, 1, 1, 1, 1, 1, 2]: 0
14_8: 0: [15, 19, 21, 24, 27, 32]: [1, 2, 1, 1, 2, 3, 0, 1, 3, 0, 1]: 2
15_0: 0: [4, 9, 12, 17, 24, 28]: [2, 2, 1, 1, 0, 2, 0, 0, 2, 0, 2]: 0
15_1: 0: [3, 9, 10, 13, 17, 29]: [1, 0, 2, 0, 1, 1, 1, 1, 1, 1, 1]: 1
15_2: 0: [5, 11, 15, 18, 22, 29]: [1, 0, 2, 0, 0, 3, 0, 1, 2, 0, 1]: 0
15_4: 0: [3, 8, 13, 18, 23, 28]: [1, 1, 1, 3, 1, 0, 0, 1, 0, 0, 2]: 1
15_5: 0: [4, 8, 13, 18, 24, 28]: [2, 0, 1, 3, 3, 0, 0, 1, 1, 1, 2]: 1
15_7: 0: [8, 14, 23, 24, 28, 32]: [1, 2, 0, 1, 0, 1, 0, 1, 2, 1, 1]: 1
15_8: 0: [5, 11, 20, 22, 28, 31]: [1, 1, 0, 0, 1, 2, 1, 0, 1, 1, 2]: 1
15_9: 0: [5, 11, 16, 19, 25, 30]: [1, 1, 1, 2, 3, 0, 0, 3, 2, 1, 1]: 2
16_0: 0: [11, 15, 21, 22, 23, 30]: [2, 1, 2, 1, 1, 2, 0, 2, 0, 1, 0]: 1
16_3: 0: [2, 7, 10, 17, 23, 29]: [1, 1, 1, 1, 2, 0, 1, 1, 1, 1, 3]: 0
16_4: 0: [4, 8, 13, 18, 23, 28]: [2, 0, 2, 2, 1, 0, 2, 1, 2, 0, 1]: 1
16_5: 0: [4, 9, 13, 18, 23, 28]: [2, 1, 0, 2, 2, 0, 1, 1, 2, 1, 1]: 1
16_6: 0: [7, 15, 23, 27, 29, 30]: [1, 0, 1, 0, 0, 1, 1, 0, 1, 1, 1]: 2
16_8: 0: [11, 18, 24, 26, 26, 31]: [1, 1, 1, 1, 2, 0, 0, 2, 2, 1, 1]: 0
16_9: 0: [9, 16, 23, 25, 26, 31]: [2, 1, 1, 1, 2, 0, 0, 0, 2, 2, 0]: 0
17_0: 0: [6, 14, 17, 18, 24, 30]: [0, 1, 2, 0, 2, 2, 2, 0, 1, 0, 0]: 2
17_1: 0: [1, 8, 11, 13, 16, 30]: [2, 1, 1, 0, 3, 0, 0, 2, 1, 1, 1]: 2
17_2: 0: [2, 7, 12, 16, 22, 29]: [1, 1, 2, 0, 3, 0, 1, 1, 1, 2, 1]: 0
17_3: 0: [3, 8, 12, 19, 25, 30]: [1, 2, 1, 1, 0, 3, 1, 2, 1, 0, 0]: 2
17_4: 0: [4, 9, 13, 18, 23, 28]: [1, 1, 1, 2, 1, 0, 1, 1, 1, 0, 1]: 1
17_5: 0: [4, 9, 14, 18, 24, 28]: [2, 1, 1, 2, 3, 0, 0, 1, 0, 0, 1]: 1
17_7: 0: [12, 19, 24, 25, 30, 32]: [1, 2, 1, 3, 2, 1, 1, 1, 1, 0, 1]: 2
17_8: 0: [11, 16, 22, 23, 28, 31]: [2, 2, 1, 2, 1, 3, 0, 1, 0, 2, 1]: 0
18_0: 0: [2, 12, 15, 18, 25, 31]: [1, 2, 2, 1, 0, 1, 1, 0, 1, 1, 0]: 0
18_1: 0: [4, 9, 9, 11, 16, 26]: [2, 0, 1, 0, 0, 3, 2, 2, 1, 1, 1]: 0
18_4: 0: [4, 8, 13, 18, 23, 28]: [1, 2, 1, 2, 2, 0, 1, 1, 0, 0, 1]: 1
18_5: 0: [4, 9, 13, 19, 24, 28]: [2, 0, 1, 2, 3, 0, 0, 1, 0, 1, 1]: 2
18_8: 0: [12, 21, 22, 24, 28, 32]: [1, 3, 1, 2, 1, 3, 0, 2, 0, 0, 1]: 0
18_9: 0: [3, 13, 17, 23, 25, 30]: [1, 1, 3, 1, 1, 0, 0, 0, 2, 1, 2]: 2
19_0: 0: [8, 14, 21, 21, 24, 32]: [1, 2, 2, 0, 1, 1, 1, 0, 2, 2, 0]: 1
19_1: 0: [4, 8, 10, 15, 17, 27]: [2, 0, 2, 1, 2, 0, 2, 3, 1, 0, 2]: 1
19_2: 0: [4, 8, 13, 17, 20, 27]: [2, 1, 1, 2, 1, 0, 0, 1, 1, 1, 1]: 3
19_3: 0: [3, 8, 12, 18, 23, 29]: [4, 2, 1, 1, 1, 0, 2, 1, 0, 0, 2]: 0
19_4: 0: [4, 8, 13, 18, 23, 28]: [2, 0, 2, 4, 0, 0, 2, 1, 1, 0, 2]: 1
19_5: 0: [4, 9, 14, 19, 24, 28]: [2, 0, 0, 3, 3, 0, 0, 1, 0, 1, 1]: 2
19_6: 0: [8, 14, 17, 20, 25, 31]: [2, 1, 1, 2, 0, 2, 2, 1, 0, 1, 0]: 2
19_7: 0: [12, 20, 25, 27, 28, 32]: [1, 0, 2, 1, 1, 0, 0, 2, 2, 2, 0]: 2
19_8: 0: [12, 19, 24, 26, 28, 31]: [1, 1, 0, 2, 3, 3, 0, 1, 2, 2, 1]: 1
20_0: 0: [7, 13, 18, 20, 24, 30]: [1, 2, 1, 0, 2, 1, 2, 1, 0, 1, 0]: 3
20_1: 0: [1, 8, 9, 13, 22, 28]: [2, 1, 0, 2, 2, 1, 1, 4, 0, 0, 1]: 1
20_2: 0: [4, 9, 13, 17, 22, 28]: [1, 1, 1, 1, 1, 0, 1, 0, 0, 1, 1]: 1
20_3: 0: [2, 7, 11, 16, 23, 29]: [1, 1, 0, 0, 2, 2, 1, 1, 1, 1, 3]: 0
20_4: 0: [4, 8, 12, 18, 23, 28]: [2, 1, 2, 2, 1, 0, 1, 2, 1, 0, 0]: 0
20_5: 0: [4, 9, 13, 18, 24, 28]: [2, 0, 1, 2, 3, 0, 0, 2, 1, 1, 1]: 1
20_6: 0: [11, 20, 22, 24, 28, 33]: [1, 1, 2, 0, 0, 0, 2, 0, 1, 1, 1]: 1
20_7: 0: [14, 22, 27, 28, 30, 32]: [3, 0, 3, 1, 2, 2, 0, 1, 0, 3, 0]: 3
20_8: 0: [13, 20, 27, 27, 29, 32]: [2, 2, 3, 0, 0, 1, 0, 0, 1, 3, 1]: 3
20_9: 0: [8, 16, 24, 24, 27, 31]: [3, 1, 1, 1, 0, 1, 0, 1, 1, 3, 0]: 1
1_10: 0: [7, 14, 19, 19, 23, 30]: [1, 2, 3, 0, 2, 2, 3, 2, 1, 0, 1]: 3
2_10: 0: [7, 12, 14, 14, 22, 30]: [2, 2, 0, 0, 3, 1, 1, 1, 1, 1, 1]: 2
4_10: 0: [6, 16, 21, 24, 27, 30]: [2, 0, 0, 2, 0, 1, 2, 0, 2, 1, 0]: 2
5_10: 0: [5, 10, 13, 15, 21, 30]: [1, 1, 0, 0, 0, 1, 0, 0, 1, 0, 0]: 2
6_10: 0: [4, 14, 22, 22, 26, 32]: [2, 0, 1, 0, 2, 1, 0, 0, 1, 3, 0]: 1
7_10: 0: [7, 14, 18, 20, 27, 32]: [1, 1, 1, 1, 1, 1, 1, 2, 2, 3, 0]: 3
8_10: 0: [7, 16, 20, 21, 24, 32]: [1, 2, 0, 3, 1, 2, 0, 0, 0, 2, 1]: 1
9_10: 0: [6, 14, 17, 22, 28, 30]: [2, 1, 1, 0, 0, 2, 2, 1, 1, 0, 2]: 2
10_10: 0: [8, 16, 18, 22, 25, 30]: [1, 1, 1, 2, 1, 3, 1, 1, 2, 0, 1]: 1
11_10: 0: [9, 13, 16, 19, 22, 28]: [2, 1, 2, 1, 0, 2, 1, 2, 1, 1, 1]: 2
12_10: 0: [8, 12, 20, 21, 23, 28]: [1, 2, 0, 1, 0, 0, 1, 0, 0, 0, 0]: 1
13_10: 0: [5, 13, 17, 19, 24, 31]: [1, 1, 2, 0, 2, 0, 0, 0, 1, 0, 1]: 2
14_10: 0: [9, 13, 18, 20, 25, 30]: [1, 1, 2, 1, 2, 2, 1, 2, 3, 0, 0]: 3
15_10: 0: [4, 9, 12, 17, 24, 28]: [2, 2, 1, 1, 0, 2, 0, 0, 2, 0, 2]: 0
16_10: 0: [11, 15, 21, 22, 23, 30]: [2, 1, 2, 1, 1, 2, 0, 2, 0, 1, 0]: 1
18_10: 0: [2, 12, 15, 18, 25, 31]: [1, 2, 2, 1, 0, 1, 1, 0, 1, 1, 0]: 0
19_10: 0: [8, 14, 21, 21, 24, 32]: [1, 2, 2, 0, 1, 1, 1, 0, 2, 2, 0]: 1
20_10: 0: [7, 13, 18, 20, 24, 30]: [1, 2, 1, 0, 2, 1, 2, 1, 0, 1, 0]: 3
