sorted balls
[25, 15, 33, 2, 23, 24, 18, 29, 14, 1, 28, 5, 31, 30, 13, 8, 4, 3, 27, 9, 17, 7, 32, 22, 26, 16, 10, 19, 21, 6, 12, 11, 20]
[(25, 1), (15, 2), (33, 3), (2, 4), (23, 5), (24, 6), (18, 7), (29, 8), (14, 9), (1, 10), (28, 11), (5, 12), (31, 13), (30, 14), (13, 15), (8, 16), (4, 17), (3, 18), (27, 19), (9, 20), (17, 21), (7, 22), (32, 23), (22, 24), (26, 25), (16, 26), (10, 27), (19, 28), (21, 29), (6, 30), (12, 31), (11, 32), (20, 33)]
[4, 5, 7, 11, 12, 19, 23, 24, 25, 29, 31, 32]
ball:2
average: 11.17
bravos:
bravo1.A1_2    112_[12, 2, 3, 3, 10, 4, 6, 1, 0, 0]    (2)
bravo2.A2_1    112_[6, 14, 2, 6, 3, 4, 4, 1, 1, 0]    (2)
bravo3.A2_1    112_[6, 5, 3, 4, 2, 6, 3, 4, 4, 1]    (2)
bravo1.A2_2    109_[1, 1, 3, 6, 2, 1, 1, 12, 4, 4]    (2)
bravo2.A1_2    108_[16, 4, 2, 2, 6, 0, 11, 1, 0, 0]    (2)
bravo3.A1_2    105_[16, 4, 2, 2, 6, 0, 11, 1, 0, 0]    (2)
bravo3.D1_7    99_[6, 0, 0, 2, 0, 3, 1, 21, 3, 27]    (2)
bravo1.D1_10    90_[0, 18, 12, 5, 0, 4, 3, 3, 4, 4]    (2)
bravo2.D1_12    87_[7, 5, 7, 5, 12, 2, 1, 0, 11, 9]    (2)
bravo3.D2_13    74_[1, 4, 0, 13, 9, 3, 13, 0, 7, 8]    (2)
bravo2.D2_15    65_[1, 19, 13, 9, 3, 11, 6, 5, 29, 10]    (2)
bravo1.D2_23    15_[62, 1, 38, 69, 41]    (2)
ball:23
average: 8.31
bravos:
bravo1.D3_5    111_[8, 0, 12, 8, 0, 18, 18, 13, 3, 4]    (23)
bravo1.D6_1    104_[10, 2, 0, 10, 0, 8, 1, 0, 1, 7]    (23)
bravo2.D6_1    104_[9, 13, 0, 10, 5, 4, 0, 8, 5, 1]    (23)
bravo1.D2_3    101_[3, 8, 3, 0, 4, 1, 0, 10, 1, 1]    (23)
bravo2.D5_5    99_[16, 0, 1, 4, 2, 1, 16, 0, 8, 3]    (23)
bravo1.D5_10    95_[16, 1, 0, 1, 0, 3, 4, 0, 5, 6]    (23)
bravo3.D5_4    94_[4, 19, 13, 3, 5, 5, 0, 0, 0, 12]    (23)
bravo1.A4_9    92_[0, 3, 0, 7, 0, 1, 1, 4, 0, 5]    (23)
bravo1.A5_12    84_[1, 23, 5, 0, 5, 2, 3, 2, 10, 1]    (23)
bravo1.A3_23    79_[8, 6, 0, 2, 5, 7, 2, 4, 2, 6]    (23)
bravo1.D4_20    78_[4, 16, 1, 0, 6, 0, 0, 8, 18, 8]    (23)
bravo1.A2_22    55_[13, 20, 10, 8, 1, 19, 7, 16, 0, 0]    (23)
bravo3.A5_12    47_[3, 2, 6, 19, 17, 30, 7, 13, 2, 0]    (23)
bravo2.A5_15    28_[0, 19, 8, 5, 38, 23, 30, 14, 0, 26]    (23)
bravo1.A6_11    16_[24, 0, 30, 39, 9, 23, 39, 41]    (23)
bravo2.A6_14    11_[14, 57, 70, 34, 42]    (23)
ball:18
average: 6.78
bravos:
bravo1.D3_11    119_[27, 1, 4, 8, 0, 4, 3, 0, 0, 14]    (18)
bravo1.A4_8    116_[7, 9, 2, 0, 11, 7, 10, 5, 1, 1]    (18)
bravo3.D4_6    111_[6, 19, 2, 3, 8, 0, 1, 3, 9, 1]    (18)
bravo2.D4_5    111_[2, 3, 2, 4, 18, 3, 8, 1, 1, 2]    (18)
bravo1.D5_6    109_[6, 0, 4, 0, 0, 2, 6, 12, 4, 4]    (18)
bravo1.A3_17    107_[6, 9, 1, 7, 2, 0, 7, 12, 2, 4]    (18)
bravo1.D2_6    105_[2, 4, 2, 8, 9, 2, 0, 7, 12, 5]    (18)
bravo3.D5_6    101_[9, 19, 2, 1, 6, 1, 2, 2, 15, 2]    (18)
bravo2.A5_9    99_[19, 4, 2, 14, 0, 3, 8, 11, 3, 5]    (18)
bravo1.A2_19    94_[8, 0, 12, 2, 17, 5, 4, 7, 14, 1]    (18)
bravo2.D6_7    90_[1, 2, 10, 6, 7, 5, 2, 9, 0, 14]    (18)
bravo2.D5_11    89_[1, 2, 3, 2, 12, 0, 3, 0, 12, 5]    (18)
bravo1.D4_21    79_[8, 0, 2, 1, 1, 2, 9, 20, 4, 2]    (18)
bravo2.A6_8    78_[1, 2, 10, 3, 8, 41, 6, 4, 4, 9]    (18)
bravo3.A5_10    73_[13, 9, 0, 4, 9, 3, 7, 11, 6, 9]    (18)
bravo1.A5_16    65_[6, 0, 0, 17, 3, 11, 2, 3, 4, 1]    (18)
bravo3.A4_16    49_[0, 5, 4, 2, 8, 2, 8, 7, 2, 19]    (18)
bravo2.A4_17    46_[0, 5, 7, 5, 5, 4, 17, 0, 15, 0]    (18)
ball:14
average: 6.68
bravos:
bravo2.D2_1    118_[7, 1, 0, 0, 5, 4, 0, 6, 2, 0]    (14)
bravo3.D4_7    113_[6, 2, 12, 5, 8, 5, 4, 1, 9, 1]    (14)
bravo3.A3_13    110_[8, 2, 2, 11, 3, 2, 4, 0, 3, 4]    (14)
bravo1.D5_3    110_[0, 3, 3, 2, 1, 12, 0, 14, 7, 1]    (14)
bravo3.D2_1    108_[8, 0, 0, 9, 2, 9, 0, 0, 3, 1]    (14)
bravo1.A4_13    107_[0, 2, 1, 0, 15, 0, 0, 11, 1, 0]    (14)
bravo2.D3_5    105_[0, 13, 11, 19, 20, 1, 8, 2, 0, 8]    (14)
bravo1.D3_23    104_[0, 0, 0, 4, 4, 1, 5, 3, 5, 11]    (14)
bravo1.D4_16    103_[13, 7, 0, 0, 0, 1, 0, 3, 5, 1]    (14)
bravo3.D3_7    102_[5, 7, 2, 6, 3, 2, 0, 7, 0, 5]    (14)
bravo2.D4_6    101_[7, 18, 15, 0, 0, 0, 10, 4, 1, 1]    (14)
bravo2.D5_2    99_[3, 6, 6, 8, 6, 5, 3, 1, 0, 1]    (14)
bravo1.A3_5    98_[3, 7, 0, 0, 2, 14, 0, 3, 1, 6]    (14)
bravo1.A2_13    96_[4, 1, 3, 0, 4, 2, 1, 0, 0, 5]    (14)
bravo1.D2_12    90_[0, 0, 3, 5, 3, 1, 3, 24, 3, 0]    (14)
bravo2.A2_15    88_[21, 0, 0, 2, 16, 10, 2, 11, 1, 5]    (14)
bravo2.A3_15    80_[24, 0, 7, 1, 20, 0, 0, 17, 1, 1]    (14)
bravo3.A4_15    75_[6, 0, 0, 11, 0, 0, 1, 0, 5, 0]    (14)
bravo3.A2_13    58_[1, 8, 4, 10, 8, 17, 15, 2, 5, 21]    (14)
bravo2.A4_16    56_[5, 5, 13, 5, 1, 1, 7, 2, 3, 16]    (14)
bravo1.A5_19    32_[0, 3, 5, 31, 63, 20, 15, 2, 0, 22]    (14)
bravo2.A5_18    11_[26, 6, 9, 13, 235]    (14)
ball:4
average: 5.62
bravos:
bravo1.D4_1    120_[2, 5, 6, 0, 2, 0, 3, 2, 1, 13]    (4)
bravo1.A3_16    117_[9, 1, 9, 0, 3, 2, 3, 4, 3, 2]    (4)
bravo1.D3_12    113_[6, 4, 4, 1, 7, 2, 1, 6, 12, 2]    (4)
bravo1.A1_6    109_[3, 11, 0, 0, 1, 9, 4, 4, 4, 3]    (4)
bravo1.D1_6    95_[1, 0, 5, 3, 11, 2, 8, 4, 0, 5]    (4)
bravo1.A2_7    89_[9, 3, 18, 9, 3, 6, 4, 11, 2, 0]    (4)
bravo1.D2_18    88_[0, 1, 0, 1, 7, 1, 4, 3, 19, 1]    (4)
bravo1.A4_28    22_[15, 8, 19, 6, 35, 3, 50, 1, 88]    (4)
ball:27
average: 5.5
bravos:
bravo2.A4_2    120_[4, 0, 9, 3, 0, 3, 0, 2, 0, 2]    (27)
bravo3.A4_2    120_[4, 0, 9, 3, 5, 6, 0, 4, 21, 20]    (27)
bravo3.D3_5    117_[14, 0, 2, 7, 8, 3, 0, 1, 3, 3]    (27)
bravo2.A5_4    117_[5, 2, 0, 5, 3, 3, 4, 5, 12, 0]    (27)
bravo3.A5_4    114_[8, 0, 4, 0, 3, 3, 4, 5, 12, 0]    (27)
bravo1.A4_2    113_[4, 17, 1, 8, 1, 1, 8, 0, 5, 9]    (27)
bravo3.D6_5    112_[5, 16, 6, 3, 2, 2, 10, 0, 1, 6]    (27)
bravo2.A6_5    111_[5, 1, 3, 7, 2, 0, 0, 1, 6, 0]    (27)
bravo1.A3_25    106_[14, 4, 16, 0, 0, 7, 5, 1, 1, 8]    (27)
bravo3.A6_5    105_[11, 7, 2, 1, 0, 7, 6, 15, 8, 7]    (27)
bravo1.D3_3    104_[1, 1, 10, 2, 0, 2, 1, 0, 9, 8]    (27)
bravo1.A5_3    99_[8, 1, 12, 0, 3, 0, 1, 1, 18, 10]    (27)
bravo2.D3_8    99_[5, 1, 6, 13, 4, 9, 1, 7, 1, 11]    (27)
bravo2.A3_12    96_[7, 11, 1, 9, 2, 8, 11, 7, 5, 7]    (27)
bravo3.A3_15    85_[0, 9, 8, 2, 0, 1, 7, 5, 10, 6]    (27)
bravo1.A6_4    60_[1, 12, 8, 8, 37, 22, 2, 4, 1, 16]    (27)
bravo3.D5_12    56_[5, 2, 1, 13, 8, 0, 4, 11, 27, 4]    (27)
bravo2.D6_10    48_[0, 0, 3, 2, 17, 24, 5, 7, 28, 1]    (27)
bravo1.D4_27    45_[0, 3, 0, 16, 1, 21, 0, 1, 27, 6]    (27)
bravo1.D5_19    40_[25, 5, 1, 24, 12, 1, 14, 14, 3, 4]    (27)
bravo1.D6_8    35_[1, 21, 0, 65, 2, 1, 10, 0, 0, 55]    (27)
bravo2.D5_16    18_[5, 26, 1, 37, 18, 2, 12, 21, 42, 43]    (27)
bravo2.D4_20    8_[0, 93, 121]    (27)
bravo3.D4_20    6_[0, 93, 195]    (27)

index begin
index: 1
ball:25
average: 16.71
bravos:
bravo2.D2_3    116_[8, 5, 0, 5, 1, 2, 3, 0, 7, 1]    (25)
bravo3.D3_10    113_[0, 13, 1, 6, 4, 2, 3, 4, 22, 2]    (25)
bravo2.A3_10    112_[0, 0, 6, 2, 1, 2, 5, 4, 14, 8]    (25)
bravo2.D3_10    108_[16, 1, 3, 2, 4, 4, 4, 2, 1, 6]    (25)
bravo1.D2_1    106_[1, 6, 0, 3, 17, 2, 6, 0, 2, 5]    (25)
bravo3.D6_2    105_[14, 0, 3, 1, 2, 2, 4, 1, 6, 7]    (25)
bravo1.A4_1    105_[0, 4, 4, 16, 0, 8, 2, 8, 4, 0]    (25)
bravo1.A5_4    102_[28, 4, 5, 6, 0, 6, 1, 8, 5, 0]    (25)
bravo3.A4_3    102_[1, 2, 11, 0, 1, 2, 0, 24, 7, 4]    (25)
bravo3.A3_10    101_[21, 9, 0, 9, 2, 5, 2, 0, 3, 0]    (25)
bravo2.A2_13    100_[17, 12, 0, 1, 1, 0, 4, 0, 5, 3]    (25)
bravo3.A5_5    100_[9, 6, 5, 6, 4, 5, 7, 1, 4, 1]    (25)
bravo2.A4_3    100_[3, 0, 17, 0, 5, 8, 9, 16, 22, 2]    (25)
bravo1.D3_19    97_[0, 6, 1, 0, 3, 20, 5, 1, 5, 10]    (25)
bravo2.A5_5    92_[0, 13, 1, 5, 17, 7, 8, 2, 3, 0]    (25)
bravo2.D6_8    88_[1, 2, 5, 8, 3, 0, 7, 1, 4, 3]    (25)
bravo1.A3_9    87_[13, 10, 1, 5, 8, 1, 0, 9, 3, 13]    (25)
bravo2.A6_7    87_[0, 3, 5, 3, 6, 10, 6, 9, 0, 5]    (25)
bravo1.D6_3    72_[22, 0, 0, 0, 0, 2, 4, 0, 5, 10]    (25)
bravo3.D5_11    61_[24, 1, 2, 0, 1, 29, 3, 1, 18, 1]    (25)
bravo3.A6_8    55_[1, 12, 0, 3, 1, 4, 0, 0, 3, 1]    (25)
bravo1.D5_18    40_[8, 14, 0, 8, 56, 2, 8, 3, 32, 1]    (25)
bravo1.D4_28    22_[10, 109, 29, 45]    (25)
bravo2.D5_15    21_[31, 0, 6, 10, 43, 14, 20, 11, 26, 1]    (25)
bravo1.A6_9    21_[0, 0, 21, 63, 22, 31, 80]    (25)
bravo3.D4_19    14_[33, 0, 4, 54, 0, 11, 0, 69, 9]    (25)
bravo2.D4_19    11_[34, 4, 54, 0, 11, 70, 51]    (25)
bravo1.A2_24    3_[173, 22]    (25)

index: 2
ball:15
average: 15.0
bravos:
bravo1.A2_15    117_[2, 5, 3, 3, 7, 4, 8, 2, 0, 5]    (15)
bravo2.D4_1    113_[8, 5, 2, 2, 1, 2, 1, 1, 4, 0]    (15)
bravo1.D5_4    112_[1, 2, 1, 5, 2, 0, 4, 4, 9, 7]    (15)
bravo1.D2_10    107_[6, 12, 1, 1, 5, 7, 5, 1, 1, 12]    (15)
bravo1.D3_10    107_[1, 2, 2, 22, 2, 4, 0, 5, 12, 2]    (15)
bravo1.D4_9    104_[2, 0, 4, 7, 0, 3, 8, 0, 4, 3]    (15)
bravo1.A3_18    103_[34, 4, 3, 0, 8, 0, 13, 1, 0, 17]    (15)
bravo3.D4_1    97_[5, 2, 5, 2, 4, 4, 1, 1, 0, 2]    (15)
bravo1.A4_20    93_[3, 2, 2, 4, 5, 9, 11, 1, 0, 5]    (15)
bravo1.A5_18    53_[4, 1, 1, 20, 11, 7, 0, 39, 3, 2]    (15)
bravo2.A4_21    7_[57, 158]    (15)
bravo3.A4_21    6_[57, 84, 74]    (15)

index: 3
ball:33
average: 12.5
bravos:
bravo1.A6_1    105_[11, 16, 6, 5, 2, 5, 2, 10, 0, 3]    (33)
bravo2.A6_1    102_[12, 23, 5, 2, 5, 2, 10, 0, 3, 4]    (33)
bravo3.A6_1    102_[12, 23, 5, 2, 5, 2, 10, 0, 3, 4]    (33)
bravo3.D6_9    30_[21, 4, 52, 20, 7, 9, 16, 18, 29]    (33)
bravo2.D6_14    17_[12, 44, 14, 23, 0, 10, 102]    (33)
bravo1.D6_11    15_[7, 3, 79, 4, 33, 3, 11, 33]    (33)

index: 4
ball:2
average: 11.17
bravos:
bravo1.A1_2    112_[12, 2, 3, 3, 10, 4, 6, 1, 0, 0]    (2)
bravo2.A2_1    112_[6, 14, 2, 6, 3, 4, 4, 1, 1, 0]    (2)
bravo3.A2_1    112_[6, 5, 3, 4, 2, 6, 3, 4, 4, 1]    (2)
bravo1.A2_2    109_[1, 1, 3, 6, 2, 1, 1, 12, 4, 4]    (2)
bravo2.A1_2    108_[16, 4, 2, 2, 6, 0, 11, 1, 0, 0]    (2)
bravo3.A1_2    105_[16, 4, 2, 2, 6, 0, 11, 1, 0, 0]    (2)
bravo3.D1_7    99_[6, 0, 0, 2, 0, 3, 1, 21, 3, 27]    (2)
bravo1.D1_10    90_[0, 18, 12, 5, 0, 4, 3, 3, 4, 4]    (2)
bravo2.D1_12    87_[7, 5, 7, 5, 12, 2, 1, 0, 11, 9]    (2)
bravo3.D2_13    74_[1, 4, 0, 13, 9, 3, 13, 0, 7, 8]    (2)
bravo2.D2_15    65_[1, 19, 13, 9, 3, 11, 6, 5, 29, 10]    (2)
bravo1.D2_23    15_[62, 1, 38, 69, 41]    (2)

index: 5
ball:23
average: 8.31
bravos:
bravo1.D3_5    111_[8, 0, 12, 8, 0, 18, 18, 13, 3, 4]    (23)
bravo1.D6_1    104_[10, 2, 0, 10, 0, 8, 1, 0, 1, 7]    (23)
bravo2.D6_1    104_[9, 13, 0, 10, 5, 4, 0, 8, 5, 1]    (23)
bravo1.D2_3    101_[3, 8, 3, 0, 4, 1, 0, 10, 1, 1]    (23)
bravo2.D5_5    99_[16, 0, 1, 4, 2, 1, 16, 0, 8, 3]    (23)
bravo1.D5_10    95_[16, 1, 0, 1, 0, 3, 4, 0, 5, 6]    (23)
bravo3.D5_4    94_[4, 19, 13, 3, 5, 5, 0, 0, 0, 12]    (23)
bravo1.A4_9    92_[0, 3, 0, 7, 0, 1, 1, 4, 0, 5]    (23)
bravo1.A5_12    84_[1, 23, 5, 0, 5, 2, 3, 2, 10, 1]    (23)
bravo1.A3_23    79_[8, 6, 0, 2, 5, 7, 2, 4, 2, 6]    (23)
bravo1.D4_20    78_[4, 16, 1, 0, 6, 0, 0, 8, 18, 8]    (23)
bravo1.A2_22    55_[13, 20, 10, 8, 1, 19, 7, 16, 0, 0]    (23)
bravo3.A5_12    47_[3, 2, 6, 19, 17, 30, 7, 13, 2, 0]    (23)
bravo2.A5_15    28_[0, 19, 8, 5, 38, 23, 30, 14, 0, 26]    (23)
bravo1.A6_11    16_[24, 0, 30, 39, 9, 23, 39, 41]    (23)
bravo2.A6_14    11_[14, 57, 70, 34, 42]    (23)

index: 6
ball:24
average: 7.77
bravos:
bravo2.D3_4    114_[1, 6, 6, 4, 4, 9, 2, 1, 2, 6]    (24)
bravo1.A3_21    110_[9, 3, 1, 0, 1, 5, 0, 11, 3, 1]    (24)
bravo1.A4_10    109_[1, 4, 0, 0, 0, 5, 5, 3, 1, 3]    (24)
bravo1.D2_2    108_[4, 3, 2, 6, 0, 0, 3, 3, 8, 9]    (24)
bravo3.A5_8    108_[1, 13, 1, 3, 1, 3, 4, 2, 7, 2]    (24)
bravo3.D3_4    108_[1, 8, 0, 21, 9, 6, 3, 4, 9, 7]    (24)
bravo3.D5_8    108_[0, 0, 2, 0, 15, 0, 3, 12, 1, 1]    (24)
bravo2.D6_6    105_[5, 0, 4, 10, 1, 0, 6, 9, 11, 2]    (24)
bravo3.D6_3    104_[11, 5, 3, 4, 1, 3, 1, 3, 2, 5]    (24)
bravo1.D3_7    103_[1, 2, 0, 9, 1, 3, 8, 5, 12, 7]    (24)
bravo2.A4_8    102_[0, 4, 0, 2, 12, 0, 0, 7, 6, 2]    (24)
bravo2.A5_8    101_[1, 2, 0, 1, 7, 1, 3, 6, 0, 2]    (24)
bravo3.A4_6    98_[9, 3, 11, 2, 3, 1, 4, 8, 0, 5]    (24)
bravo1.D4_19    96_[0, 0, 3, 1, 6, 0, 0, 13, 12, 2]    (24)
bravo1.D6_2    95_[8, 6, 2, 7, 1, 2, 11, 1, 0, 17]    (24)
bravo1.A5_11    88_[3, 0, 12, 0, 4, 22, 0, 10, 0, 5]    (24)
bravo2.D4_14    85_[1, 1, 0, 1, 3, 2, 16, 1, 0, 5]    (24)
bravo3.A3_16    76_[3, 11, 4, 1, 0, 19, 2, 3, 9, 6]    (24)
bravo2.A3_16    71_[0, 2, 10, 8, 2, 11, 7, 0, 2, 5]    (24)
bravo1.D5_11    68_[3, 0, 4, 20, 14, 0, 0, 0, 7, 7]    (24)
bravo2.A6_9    67_[1, 3, 11, 2, 0, 6, 17, 10, 4, 1]    (24)
bravo3.A6_7    66_[32, 1, 4, 42, 4, 3, 5, 5, 3, 0]    (24)
bravo2.D5_12    58_[7, 2, 3, 9, 9, 4, 22, 24, 0, 0]    (24)
bravo3.D4_16    52_[1, 2, 9, 4, 0, 18, 3, 6, 48, 0]    (24)
bravo1.A2_23    20_[51, 12, 54, 32, 0, 19, 38]    (24)
bravo1.A6_10    17_[48, 16, 24, 4, 7, 5, 0, 31, 55]    (24)

index: 7
ball:18
average: 6.78
bravos:
bravo1.D3_11    119_[27, 1, 4, 8, 0, 4, 3, 0, 0, 14]    (18)
bravo1.A4_8    116_[7, 9, 2, 0, 11, 7, 10, 5, 1, 1]    (18)
bravo3.D4_6    111_[6, 19, 2, 3, 8, 0, 1, 3, 9, 1]    (18)
bravo2.D4_5    111_[2, 3, 2, 4, 18, 3, 8, 1, 1, 2]    (18)
bravo1.D5_6    109_[6, 0, 4, 0, 0, 2, 6, 12, 4, 4]    (18)
bravo1.A3_17    107_[6, 9, 1, 7, 2, 0, 7, 12, 2, 4]    (18)
bravo1.D2_6    105_[2, 4, 2, 8, 9, 2, 0, 7, 12, 5]    (18)
bravo3.D5_6    101_[9, 19, 2, 1, 6, 1, 2, 2, 15, 2]    (18)
bravo2.A5_9    99_[19, 4, 2, 14, 0, 3, 8, 11, 3, 5]    (18)
bravo1.A2_19    94_[8, 0, 12, 2, 17, 5, 4, 7, 14, 1]    (18)
bravo2.D6_7    90_[1, 2, 10, 6, 7, 5, 2, 9, 0, 14]    (18)
bravo2.D5_11    89_[1, 2, 3, 2, 12, 0, 3, 0, 12, 5]    (18)
bravo1.D4_21    79_[8, 0, 2, 1, 1, 2, 9, 20, 4, 2]    (18)
bravo2.A6_8    78_[1, 2, 10, 3, 8, 41, 6, 4, 4, 9]    (18)
bravo3.A5_10    73_[13, 9, 0, 4, 9, 3, 7, 11, 6, 9]    (18)
bravo1.A5_16    65_[6, 0, 0, 17, 3, 11, 2, 3, 4, 1]    (18)
bravo3.A4_16    49_[0, 5, 4, 2, 8, 2, 8, 7, 2, 19]    (18)
bravo2.A4_17    46_[0, 5, 7, 5, 5, 4, 17, 0, 15, 0]    (18)

index: 8
ball:29
average: 6.75
bravos:
bravo1.D3_1    100_[3, 10, 8, 3, 2, 16, 14, 2, 9, 3]    (29)
bravo1.D4_7    90_[2, 6, 0, 16, 2, 3, 14, 1, 2, 2]    (29)
bravo1.A3_27    75_[2, 4, 2, 7, 0, 1, 26, 2, 10, 0]    (29)
bravo1.A5_9    69_[1, 10, 6, 4, 5, 3, 9, 2, 8, 53]    (29)
bravo1.A4_22    64_[7, 2, 5, 14, 2, 16, 4, 4, 1, 8]    (29)
bravo1.D5_13    61_[25, 22, 1, 8, 11, 37, 10, 9, 8, 7]    (29)
bravo1.D6_5    48_[0, 0, 9, 8, 35, 4, 2, 22, 7, 3]    (29)
bravo1.A6_7    44_[14, 0, 6, 20, 12, 8, 29, 12, 19, 42]    (29)

index: 9
ball:14
average: 6.68
bravos:
bravo2.D2_1    118_[7, 1, 0, 0, 5, 4, 0, 6, 2, 0]    (14)
bravo3.D4_7    113_[6, 2, 12, 5, 8, 5, 4, 1, 9, 1]    (14)
bravo3.A3_13    110_[8, 2, 2, 11, 3, 2, 4, 0, 3, 4]    (14)
bravo1.D5_3    110_[0, 3, 3, 2, 1, 12, 0, 14, 7, 1]    (14)
bravo3.D2_1    108_[8, 0, 0, 9, 2, 9, 0, 0, 3, 1]    (14)
bravo1.A4_13    107_[0, 2, 1, 0, 15, 0, 0, 11, 1, 0]    (14)
bravo2.D3_5    105_[0, 13, 11, 19, 20, 1, 8, 2, 0, 8]    (14)
bravo1.D3_23    104_[0, 0, 0, 4, 4, 1, 5, 3, 5, 11]    (14)
bravo1.D4_16    103_[13, 7, 0, 0, 0, 1, 0, 3, 5, 1]    (14)
bravo3.D3_7    102_[5, 7, 2, 6, 3, 2, 0, 7, 0, 5]    (14)
bravo2.D4_6    101_[7, 18, 15, 0, 0, 0, 10, 4, 1, 1]    (14)
bravo2.D5_2    99_[3, 6, 6, 8, 6, 5, 3, 1, 0, 1]    (14)
bravo1.A3_5    98_[3, 7, 0, 0, 2, 14, 0, 3, 1, 6]    (14)
bravo1.A2_13    96_[4, 1, 3, 0, 4, 2, 1, 0, 0, 5]    (14)
bravo1.D2_12    90_[0, 0, 3, 5, 3, 1, 3, 24, 3, 0]    (14)
bravo2.A2_15    88_[21, 0, 0, 2, 16, 10, 2, 11, 1, 5]    (14)
bravo2.A3_15    80_[24, 0, 7, 1, 20, 0, 0, 17, 1, 1]    (14)
bravo3.A4_15    75_[6, 0, 0, 11, 0, 0, 1, 0, 5, 0]    (14)
bravo3.A2_13    58_[1, 8, 4, 10, 8, 17, 15, 2, 5, 21]    (14)
bravo2.A4_16    56_[5, 5, 13, 5, 1, 1, 7, 2, 3, 16]    (14)
bravo1.A5_19    32_[0, 3, 5, 31, 63, 20, 15, 2, 0, 22]    (14)
bravo2.A5_18    11_[26, 6, 9, 13, 235]    (14)

index: 10
ball:1
average: 6.5
bravos:
bravo2.A1_1    116_[2, 7, 0, 1, 0, 3, 4, 3, 5, 1]    (1)
bravo3.A1_1    115_[2, 7, 0, 1, 0, 3, 4, 3, 5, 1]    (1)
bravo1.A1_1    106_[2, 6, 0, 2, 3, 4, 3, 5, 0, 0]    (1)
bravo1.D1_11    87_[9, 5, 0, 2, 2, 3, 7, 0, 3, 4]    (1)
bravo3.D1_8    81_[10, 9, 14, 0, 3, 2, 1, 1, 1, 0]    (1)
bravo2.D1_13    70_[14, 6, 1, 11, 4, 4, 3, 8, 3, 0]    (1)

index: 11
ball:28
average: 6.46
bravos:
bravo3.D3_3    113_[7, 7, 3, 0, 1, 2, 11, 0, 5, 5]    (28)
bravo1.D3_2    113_[2, 4, 2, 7, 0, 1, 18, 7, 1, 0]    (28)
bravo3.D6_1    112_[1, 2, 12, 2, 2, 1, 8, 0, 3, 1]    (28)
bravo2.D4_10    108_[1, 5, 2, 4, 3, 15, 2, 5, 1, 8]    (28)
bravo2.D3_3    105_[10, 3, 3, 3, 2, 6, 0, 8, 7, 0]    (28)
bravo3.D5_7    101_[9, 0, 4, 3, 1, 3, 2, 6, 4, 0]    (28)
bravo3.A4_12    100_[2, 3, 0, 5, 0, 3, 10, 7, 7, 32]    (28)
bravo2.D6_5    99_[7, 11, 12, 3, 6, 3, 5, 7, 3, 14]    (28)
bravo1.A3_26    99_[1, 1, 10, 2, 0, 2, 1, 0, 5, 3]    (28)
bravo1.A5_6    96_[9, 4, 0, 2, 0, 0, 0, 0, 14, 3]    (28)
bravo2.A4_12    91_[2, 15, 13, 4, 7, 11, 2, 1, 11, 3]    (28)
bravo3.D4_10    90_[1, 1, 12, 1, 5, 7, 2, 10, 8, 3]    (28)
bravo2.D5_10    85_[1, 2, 0, 1, 11, 0, 1, 5, 14, 3]    (28)
bravo3.A5_9    82_[14, 4, 4, 17, 2, 0, 0, 1, 17, 4]    (28)
bravo2.A5_10    81_[13, 9, 0, 0, 3, 2, 6, 3, 1, 0]    (28)
bravo1.A4_7    80_[14, 1, 6, 0, 2, 6, 0, 8, 11, 8]    (28)
bravo1.D4_22    79_[9, 2, 4, 2, 2, 0, 9, 3, 5, 14]    (28)
bravo2.A3_17    67_[1, 8, 4, 4, 1, 3, 8, 14, 16, 1]    (28)
bravo2.A6_10    55_[3, 4, 10, 4, 2, 15, 3, 7, 38, 0]    (28)
bravo1.D5_16    54_[1, 6, 9, 10, 0, 3, 10, 31, 0, 5]    (28)
bravo1.D6_7    47_[32, 17, 14, 22, 18, 0, 22, 10, 27, 0]    (28)
bravo3.A3_17    46_[1, 5, 2, 11, 3, 6, 1, 1, 6, 5]    (28)
bravo1.A6_5    43_[10, 18, 1, 32, 23, 6, 6, 3, 0, 1]    (28)
bravo3.A6_9    43_[4, 12, 2, 0, 1, 0, 9, 8, 13, 6]    (28)

index: 12
ball:5
average: 6.46
bravos:
bravo3.D1_3    117_[14, 1, 0, 10, 5, 2, 0, 1, 0, 3]    (5)
bravo2.D1_4    114_[14, 11, 6, 6, 2, 3, 5, 2, 7, 2]    (5)
bravo3.D4_2    114_[0, 1, 8, 6, 1, 3, 0, 3, 3, 4]    (5)
bravo1.A3_8    111_[5, 2, 9, 0, 1, 13, 1, 3, 0, 6]    (5)
bravo1.A1_5    107_[0, 1, 0, 2, 1, 3, 2, 4, 22, 0]    (5)
bravo3.A1_6    106_[0, 1, 0, 2, 0, 8, 1, 1, 5, 3]    (5)
bravo2.D3_6    104_[7, 2, 2, 2, 6, 2, 0, 3, 1, 0]    (5)
bravo2.A3_14    103_[7, 6, 3, 6, 4, 12, 2, 1, 1, 8]    (5)
bravo1.A2_5    102_[2, 1, 2, 4, 0, 6, 3, 1, 0, 11]    (5)
bravo2.A2_11    101_[0, 12, 11, 2, 1, 1, 0, 0, 6, 4]    (5)
bravo3.D2_5    101_[0, 4, 7, 10, 8, 4, 0, 7, 21, 0]    (5)
bravo1.D3_20    100_[8, 2, 0, 0, 10, 1, 5, 7, 0, 1]    (5)
bravo2.D4_3    100_[2, 2, 14, 2, 1, 0, 2, 1, 13, 0]    (5)
bravo3.D3_6    100_[0, 9, 3, 8, 8, 0, 0, 8, 10, 0]    (5)
bravo3.A2_9    97_[2, 1, 0, 1, 6, 15, 7, 2, 7, 2]    (5)
bravo1.D1_7    96_[2, 0, 3, 5, 2, 9, 2, 10, 21, 3]    (5)
bravo1.D4_2    96_[0, 5, 6, 6, 4, 4, 17, 8, 0, 3]    (5)
bravo2.D2_5    90_[2, 8, 21, 1, 3, 2, 10, 6, 3, 4]    (5)
bravo2.A1_10    87_[2, 11, 1, 13, 3, 3, 2, 15, 4, 3]    (5)
bravo1.D2_20    84_[1, 5, 6, 10, 22, 4, 2, 9, 0, 8]    (5)
bravo3.A3_14    82_[14, 10, 9, 6, 3, 0, 8, 2, 9, 10]    (5)
bravo1.A4_27    42_[16, 26, 13, 29, 9, 0, 19, 15, 4, 5]    (5)
bravo2.A4_19    21_[0, 32, 0, 9, 12, 41, 7, 34, 0, 97]    (5)
bravo3.A4_20    4_[57, 159]    (5)

index: 13
ball:31
average: 6.33
bravos:
bravo1.A5_2    114_[5, 1, 10, 4, 8, 2, 4, 8, 8, 1]    (31)
bravo2.A5_2    113_[5, 0, 3, 1, 2, 8, 1, 4, 0, 0]    (31)
bravo3.A6_4    109_[7, 0, 13, 0, 2, 3, 10, 8, 8, 4]    (31)
bravo1.D4_10    107_[4, 5, 1, 6, 2, 4, 7, 7, 4, 3]    (31)
bravo2.A6_4    104_[8, 0, 12, 2, 0, 3, 1, 8, 22, 0]    (31)
bravo2.A4_5    102_[1, 2, 2, 2, 5, 17, 6, 8, 5, 2]    (31)
bravo3.A4_8    100_[9, 0, 4, 3, 4, 8, 8, 4, 3, 0]    (31)
bravo3.A5_2    100_[5, 0, 5, 2, 8, 6, 1, 0, 6, 8]    (31)
bravo1.A4_19    95_[4, 5, 5, 4, 0, 7, 5, 17, 5, 1]    (31)
bravo1.A6_3    88_[5, 0, 0, 15, 7, 3, 1, 20, 46, 0]    (31)
bravo3.D6_6    87_[1, 3, 2, 13, 0, 0, 5, 8, 2, 8]    (31)
bravo3.D4_14    67_[0, 9, 2, 7, 1, 6, 1, 1, 4, 10]    (31)
bravo2.D6_11    37_[19, 6, 2, 3, 0, 15, 15, 12, 12, 7]    (31)
bravo2.D4_17    32_[4, 0, 5, 2, 4, 46, 21, 11, 29, 10]    (31)
bravo1.D5_20    31_[5, 1, 24, 16, 0, 33, 21, 12, 7, 14]    (31)
bravo1.D6_9    20_[5, 17, 40, 46, 58, 7, 4]    (31)
bravo3.D5_14    15_[21, 24, 10, 36, 4, 30, 68]    (31)
bravo2.D5_18    13_[6, 19, 67, 4, 8, 56, 70]    (31)

index: 14
ball:30
average: 6.0
bravos:
bravo3.A5_3    106_[9, 1, 10, 1, 0, 0, 3, 1, 6, 1]    (30)
bravo3.A4_9    105_[1, 13, 6, 0, 5, 7, 7, 0, 4, 3]    (30)
bravo1.A4_16    104_[8, 1, 0, 0, 0, 3, 7, 0, 0, 10]    (30)
bravo2.A6_3    102_[5, 0, 3, 4, 8, 4, 4, 1, 1, 2]    (30)
bravo2.A5_3    99_[9, 1, 10, 1, 0, 4, 8, 1, 22, 1]    (30)
bravo3.A6_3    98_[5, 0, 3, 4, 8, 4, 2, 1, 1, 1]    (30)
bravo1.D4_13    97_[2, 0, 6, 0, 6, 0, 10, 12, 1, 5]    (30)
bravo2.A4_7    96_[11, 1, 1, 2, 2, 6, 5, 0, 7, 21]    (30)
bravo3.D4_13    90_[3, 18, 5, 4, 13, 1, 9, 2, 22, 1]    (30)
bravo1.A5_7    89_[9, 2, 0, 0, 2, 7, 1, 6, 3, 6]    (30)
bravo3.D6_7    73_[10, 1, 2, 3, 6, 4, 0, 1, 1, 8]    (30)
bravo2.D4_15    68_[0, 0, 6, 6, 8, 0, 8, 8, 5, 35]    (30)
bravo1.D5_15    55_[9, 36, 7, 15, 0, 9, 2, 2, 1, 0]    (30)
bravo1.A6_6    41_[8, 4, 2, 7, 9, 3, 7, 18, 24, 16]    (30)
bravo1.D6_6    37_[4, 45, 14, 27, 9, 5, 5, 1, 10, 0]    (30)
bravo3.D5_13    36_[5, 13, 6, 4, 0, 1, 15, 40, 2, 12]    (30)
bravo2.D6_12    30_[5, 1, 21, 1, 47, 12, 1, 4, 7, 1]    (30)
bravo2.D5_17    17_[5, 1, 4, 13, 6, 23, 49, 0, 112]    (30)

index: 15
ball:13
average: 5.69
bravos:
bravo1.D2_13    119_[0, 8, 2, 11, 10, 16, 1, 0, 5, 4]    (13)
bravo1.A2_12    116_[2, 2, 11, 1, 12, 3, 0, 1, 3, 1]    (13)
bravo2.D3_2    110_[9, 1, 3, 3, 0, 1, 10, 1, 7, 0]    (13)
bravo3.D3_2    108_[4, 4, 6, 5, 0, 0, 0, 4, 4, 5]    (13)
bravo2.D4_2    106_[0, 5, 4, 1, 4, 5, 13, 0, 3, 3]    (13)
bravo3.D4_3    105_[7, 5, 6, 0, 12, 0, 3, 3, 0, 0]    (13)
bravo1.A3_12    99_[0, 3, 3, 13, 8, 1, 13, 3, 0, 2]    (13)
bravo1.D4_8    98_[6, 7, 15, 5, 0, 4, 2, 8, 20, 0]    (13)
bravo1.D3_16    93_[3, 2, 0, 0, 0, 14, 7, 3, 1, 1]    (13)
bravo1.D5_2    91_[2, 14, 9, 0, 6, 4, 0, 1, 15, 0]    (13)
bravo1.A4_21    90_[29, 0, 11, 6, 5, 1, 16, 6, 27, 1]    (13)
bravo2.A3_18    56_[17, 4, 10, 9, 0, 22, 4, 23, 8, 36]    (13)
bravo3.A3_18    40_[4, 6, 3, 1, 25, 28, 22, 12, 36, 1]    (13)
bravo1.A5_20    29_[2, 6, 1, 12, 18, 54, 7, 3, 17, 35]    (13)
bravo3.A4_19    14_[0, 30, 1, 10, 5, 45, 2, 32, 59]    (13)
bravo2.A4_20    9_[6, 19, 16, 23, 39, 109]    (13)

index: 16
ball:8
average: 5.62
bravos:
bravo1.A2_9    114_[0, 4, 4, 1, 1, 1, 0, 9, 1, 7]    (8)
bravo1.D4_5    112_[0, 4, 1, 3, 8, 2, 4, 6, 10, 0]    (8)
bravo1.D1_3    109_[2, 0, 2, 3, 0, 0, 1, 1, 4, 7]    (8)
bravo1.D3_13    108_[9, 11, 0, 3, 6, 4, 1, 1, 2, 11]    (8)
bravo1.A3_15    98_[16, 2, 0, 1, 19, 12, 2, 2, 1, 0]    (8)
bravo1.A1_9    89_[10, 3, 6, 2, 11, 0, 2, 1, 2, 2]    (8)
bravo1.D2_16    83_[2, 1, 2, 5, 12, 5, 6, 7, 3, 1]    (8)
bravo1.A4_24    78_[6, 1, 2, 8, 2, 2, 6, 9, 2, 0]    (8)

index: 17
ball:4
average: 5.62
bravos:
bravo1.D4_1    120_[2, 5, 6, 0, 2, 0, 3, 2, 1, 13]    (4)
bravo1.A3_16    117_[9, 1, 9, 0, 3, 2, 3, 4, 3, 2]    (4)
bravo1.D3_12    113_[6, 4, 4, 1, 7, 2, 1, 6, 12, 2]    (4)
bravo1.A1_6    109_[3, 11, 0, 0, 1, 9, 4, 4, 4, 3]    (4)
bravo1.D1_6    95_[1, 0, 5, 3, 11, 2, 8, 4, 0, 5]    (4)
bravo1.A2_7    89_[9, 3, 18, 9, 3, 6, 4, 11, 2, 0]    (4)
bravo1.D2_18    88_[0, 1, 0, 1, 7, 1, 4, 3, 19, 1]    (4)
bravo1.A4_28    22_[15, 8, 19, 6, 35, 3, 50, 1, 88]    (4)

index: 18
ball:3
average: 5.56
bravos:
bravo3.A1_3    113_[1, 4, 1, 2, 0, 9, 8, 3, 0, 3]    (3)
bravo1.A1_3    106_[6, 0, 3, 2, 5, 0, 4, 8, 1, 1]    (3)
bravo3.A2_2    106_[2, 0, 7, 9, 0, 6, 16, 4, 6, 14]    (3)
bravo2.D2_14    105_[0, 0, 4, 0, 8, 5, 8, 5, 5, 5]    (3)
bravo3.D1_6    104_[3, 9, 6, 6, 0, 1, 0, 4, 1, 7]    (3)
bravo2.A2_2    102_[2, 0, 7, 0, 3, 4, 0, 23, 4, 6]    (3)
bravo2.A1_3    101_[1, 4, 1, 2, 0, 9, 8, 3, 4, 21]    (3)
bravo2.A3_1    101_[0, 0, 1, 0, 0, 0, 22, 19, 23, 10]    (3)
bravo1.A2_1    99_[6, 8, 4, 2, 10, 11, 1, 0, 0, 7]    (3)
bravo3.D2_12    93_[11, 3, 0, 3, 5, 13, 2, 0, 4, 4]    (3)
bravo1.D3_6    92_[8, 6, 0, 2, 5, 7, 2, 2, 1, 2]    (3)
bravo1.A3_22    91_[1, 2, 0, 2, 6, 1, 3, 14, 2, 17]    (3)
bravo3.A3_4    90_[0, 1, 0, 7, 1, 2, 7, 3, 8, 6]    (3)
bravo2.D1_11    87_[7, 2, 7, 1, 6, 6, 14, 24, 7, 16]    (3)
bravo1.D1_9    86_[0, 1, 0, 1, 8, 6, 7, 4, 8, 4]    (3)
bravo3.D3_16    71_[2, 0, 11, 4, 5, 10, 6, 12, 1, 0]    (3)
bravo2.D3_19    21_[4, 1, 16, 25, 93, 36]    (3)
bravo1.D2_24    6_[46, 126, 19]    (3)

index: 19
ball:27
average: 5.5
bravos:
bravo2.A4_2    120_[4, 0, 9, 3, 0, 3, 0, 2, 0, 2]    (27)
bravo3.A4_2    120_[4, 0, 9, 3, 5, 6, 0, 4, 21, 20]    (27)
bravo3.D3_5    117_[14, 0, 2, 7, 8, 3, 0, 1, 3, 3]    (27)
bravo2.A5_4    117_[5, 2, 0, 5, 3, 3, 4, 5, 12, 0]    (27)
bravo3.A5_4    114_[8, 0, 4, 0, 3, 3, 4, 5, 12, 0]    (27)
bravo1.A4_2    113_[4, 17, 1, 8, 1, 1, 8, 0, 5, 9]    (27)
bravo3.D6_5    112_[5, 16, 6, 3, 2, 2, 10, 0, 1, 6]    (27)
bravo2.A6_5    111_[5, 1, 3, 7, 2, 0, 0, 1, 6, 0]    (27)
bravo1.A3_25    106_[14, 4, 16, 0, 0, 7, 5, 1, 1, 8]    (27)
bravo3.A6_5    105_[11, 7, 2, 1, 0, 7, 6, 15, 8, 7]    (27)
bravo1.D3_3    104_[1, 1, 10, 2, 0, 2, 1, 0, 9, 8]    (27)
bravo1.A5_3    99_[8, 1, 12, 0, 3, 0, 1, 1, 18, 10]    (27)
bravo2.D3_8    99_[5, 1, 6, 13, 4, 9, 1, 7, 1, 11]    (27)
bravo2.A3_12    96_[7, 11, 1, 9, 2, 8, 11, 7, 5, 7]    (27)
bravo3.A3_15    85_[0, 9, 8, 2, 0, 1, 7, 5, 10, 6]    (27)
bravo1.A6_4    60_[1, 12, 8, 8, 37, 22, 2, 4, 1, 16]    (27)
bravo3.D5_12    56_[5, 2, 1, 13, 8, 0, 4, 11, 27, 4]    (27)
bravo2.D6_10    48_[0, 0, 3, 2, 17, 24, 5, 7, 28, 1]    (27)
bravo1.D4_27    45_[0, 3, 0, 16, 1, 21, 0, 1, 27, 6]    (27)
bravo1.D5_19    40_[25, 5, 1, 24, 12, 1, 14, 14, 3, 4]    (27)
bravo1.D6_8    35_[1, 21, 0, 65, 2, 1, 10, 0, 0, 55]    (27)
bravo2.D5_16    18_[5, 26, 1, 37, 18, 2, 12, 21, 42, 43]    (27)
bravo2.D4_20    8_[0, 93, 121]    (27)
bravo3.D4_20    6_[0, 93, 195]    (27)

index: 20
ball:9
average: 5.5
bravos:
bravo1.D2_15    122_[10, 2, 0, 1, 0, 14, 7, 1, 5, 2]    (9)
bravo1.A3_14    117_[6, 3, 2, 6, 4, 0, 0, 14, 2, 1]    (9)
bravo1.D1_2    108_[13, 0, 9, 11, 3, 2, 3, 4, 2, 4]    (9)
bravo1.D3_14    105_[12, 3, 2, 0, 1, 4, 14, 6, 2, 2]    (9)
bravo1.A2_10    96_[0, 0, 1, 11, 8, 4, 7, 1, 0, 9]    (9)
bravo1.D4_6    85_[3, 12, 15, 6, 2, 4, 3, 26, 2, 5]    (9)
bravo1.A1_10    85_[0, 0, 8, 3, 1, 12, 12, 0, 14, 1]    (9)
bravo1.A4_23    81_[0, 1, 0, 1, 1, 11, 0, 8, 2, 9]    (9)

index: 21
ball:17
average: 4.88
bravos:
bravo1.A3_6    120_[0, 0, 0, 4, 6, 5, 3, 14, 0, 1]    (17)
bravo1.D2_11    118_[1, 1, 6, 5, 2, 2, 9, 4, 1, 0]    (17)
bravo2.D5_4    117_[0, 0, 2, 4, 4, 8, 0, 0, 3, 8]    (17)
bravo3.A2_5    113_[2, 0, 0, 3, 5, 1, 1, 7, 0, 2]    (17)
bravo3.A4_7    112_[0, 2, 0, 16, 1, 0, 3, 0, 5, 4]    (17)
bravo1.A4_6    110_[1, 2, 4, 21, 0, 14, 2, 7, 0, 1]    (17)
bravo2.A1_6    108_[0, 1, 0, 22, 8, 4, 8, 10, 21, 0]    (17)
bravo3.D2_9    107_[0, 14, 0, 1, 8, 1, 10, 3, 11, 3]    (17)
bravo2.A4_9    103_[1, 8, 4, 3, 3, 9, 3, 7, 0, 0]    (17)
bravo1.A2_14    102_[0, 11, 8, 3, 7, 4, 0, 5, 4, 3]    (17)
bravo3.A3_1    100_[0, 0, 1, 0, 0, 22, 0, 19, 23, 5]    (17)
bravo2.A3_2    99_[2, 0, 0, 13, 6, 2, 9, 2, 3, 2]    (17)
bravo1.D3_22    98_[2, 0, 2, 14, 10, 1, 1, 2, 8, 22]    (17)
bravo3.D5_2    96_[10, 6, 2, 12, 1, 3, 5, 0, 1, 4]    (17)
bravo2.D1_8    96_[0, 2, 4, 4, 2, 0, 0, 0, 2, 4]    (17)
bravo2.D2_13    90_[4, 2, 10, 7, 17, 11, 1, 0, 0, 1]    (17)
bravo2.A2_3    89_[2, 4, 7, 4, 7, 6, 13, 7, 3, 1]    (17)
bravo1.D5_8    87_[1, 3, 8, 1, 3, 4, 7, 7, 4, 14]    (17)
bravo1.D4_23    83_[1, 1, 0, 0, 8, 17, 12, 1, 0, 5]    (17)
bravo2.D4_13    79_[0, 18, 2, 0, 10, 12, 1, 0, 8, 0]    (17)
bravo1.A5_14    73_[5, 5, 3, 0, 4, 2, 8, 32, 14, 2]    (17)
bravo3.D4_15    61_[1, 5, 0, 6, 9, 8, 14, 10, 28, 10]    (17)
bravo2.D3_18    40_[1, 0, 1, 15, 25, 2, 7, 6, 7, 59]    (17)
bravo3.D3_19    27_[4, 18, 25, 44, 36, 11, 31, 2, 1]    (17)
bravo2.A5_16    19_[39, 10, 40, 51, 34, 42]    (17)
bravo3.A5_14    15_[50, 47, 10, 126]    (17)

index: 22
ball:7
average: 4.83
bravos:
bravo2.D3_1    129_[3, 0, 1, 3, 6, 4, 0, 6, 5, 0]    (7)
bravo1.D3_15    115_[6, 1, 1, 2, 6, 4, 0, 2, 12, 2]    (7)
bravo1.A3_13    112_[3, 2, 0, 0, 0, 1, 12, 4, 2, 3]    (7)
bravo1.D4_4    110_[6, 0, 2, 0, 3, 15, 1, 5, 3, 12]    (7)
bravo3.D3_1    108_[3, 2, 1, 1, 4, 1, 4, 10, 4, 0]    (7)
bravo1.A2_8    104_[13, 1, 16, 2, 6, 5, 2, 5, 0, 0]    (7)
bravo1.D2_17    101_[2, 0, 0, 1, 0, 10, 15, 1, 6, 23]    (7)
bravo1.D1_4    90_[0, 3, 5, 12, 8, 10, 14, 1, 2, 2]    (7)
bravo1.A4_25    80_[10, 0, 1, 0, 0, 5, 34, 1, 0, 1]    (7)
bravo1.A1_8    76_[2, 2, 1, 21, 2, 5, 12, 0, 0, 3]    (7)
bravo2.A3_19    36_[4, 1, 8, 4, 1, 10, 3, 1, 4, 22]    (7)
bravo3.A3_19    25_[6, 32, 4, 17, 9, 35, 11, 43, 13, 40]    (7)

index: 23
ball:32
average: 4.75
bravos:
bravo3.A6_2    116_[5, 1, 4, 6, 1, 4, 2, 1, 9, 4]    (32)
bravo2.A6_2    114_[5, 1, 4, 6, 1, 4, 2, 1, 9, 4]    (32)
bravo3.A5_1    114_[5, 1, 2, 8, 1, 4, 5, 3, 1, 2]    (32)
bravo1.A6_2    109_[5, 1, 3, 6, 1, 4, 14, 4, 4, 1]    (32)
bravo2.A5_1    106_[5, 1, 11, 1, 4, 5, 8, 4, 4, 8]    (32)
bravo1.A5_1    98_[5, 0, 0, 3, 8, 4, 11, 2, 4, 4]    (32)
bravo3.D6_8    57_[7, 4, 11, 39, 1, 3, 4, 3, 14, 1]    (32)
bravo1.D5_21    22_[5, 0, 0, 83, 1, 4, 8, 63, 43]    (32)
bravo2.D6_13    20_[5, 6, 13, 108, 81]    (32)
bravo1.D6_10    17_[5, 85, 3, 10, 0, 90]    (32)
bravo3.D5_15    12_[6, 0, 4, 21, 4, 32, 92, 73]    (32)
bravo2.D5_19    6_[230]    (32)

index: 24
ball:22
average: 4.54
bravos:
bravo2.D1_1    116_[0, 0, 0, 2, 4, 2, 5, 3, 5, 11]    (22)
bravo3.D4_8    116_[0, 3, 2, 3, 3, 12, 7, 3, 0, 4]    (22)
bravo2.D4_7    113_[3, 3, 1, 8, 9, 4, 3, 5, 4, 2]    (22)
bravo1.A3_7    113_[2, 0, 2, 14, 10, 1, 1, 11, 1, 16]    (22)
bravo3.D2_3    110_[0, 0, 3, 17, 7, 8, 11, 0, 8, 4]    (22)
bravo3.D5_3    108_[3, 9, 1, 7, 3, 19, 0, 2, 8, 2]    (22)
bravo1.A4_5    107_[1, 3, 3, 2, 1, 23, 1, 0, 3, 1]    (22)
bravo2.A2_12    104_[0, 0, 14, 7, 1, 4, 8, 4, 2, 4]    (22)
bravo2.D2_4    103_[5, 4, 2, 5, 1, 6, 0, 4, 1, 5]    (22)
bravo3.A3_11    103_[0, 13, 16, 6, 1, 2, 3, 3, 3, 13]    (22)
bravo2.A3_13    102_[23, 8, 0, 2, 1, 0, 0, 1, 17, 4]    (22)
bravo1.D2_4    101_[0, 8, 2, 3, 5, 2, 3, 12, 11, 9]    (22)
bravo2.D3_7    100_[21, 2, 6, 0, 6, 6, 1, 5, 0, 3]    (22)
bravo3.A2_11    100_[0, 12, 10, 6, 1, 0, 5, 4, 1, 14]    (22)
bravo2.D5_1    99_[6, 0, 5, 6, 5, 6, 1, 14, 6, 12]    (22)
bravo1.D3_21    99_[5, 12, 0, 1, 15, 3, 0, 7, 8, 0]    (22)
bravo3.D3_9    94_[2, 8, 0, 8, 4, 2, 13, 1, 8, 0]    (22)
bravo1.A5_10    90_[9, 3, 2, 3, 1, 3, 3, 0, 4, 5]    (22)
bravo1.A2_21    83_[1, 14, 0, 0, 0, 0, 1, 1, 17, 1]    (22)
bravo1.D5_12    83_[1, 13, 2, 1, 0, 1, 0, 5, 0, 6]    (22)
bravo2.A4_15    80_[7, 0, 11, 1, 1, 1, 10, 5, 1, 1]    (22)
bravo3.A4_14    80_[2, 3, 10, 2, 14, 7, 2, 3, 9, 6]    (22)
bravo2.A1_13    79_[0, 22, 0, 8, 1, 1, 0, 7, 0, 16]    (22)
bravo1.D4_24    65_[1, 11, 4, 14, 4, 6, 1, 17, 11, 0]    (22)
bravo3.A5_13    35_[20, 11, 2, 10, 25, 1, 9, 6, 8, 1]    (22)
bravo2.A5_19    9_[6, 60, 103, 58]    (22)

index: 25
ball:26
average: 4.42
bravos:
bravo3.A5_6    130_[0, 0, 2, 0, 1, 0, 1, 9, 5, 2]    (26)
bravo3.D3_8    126_[7, 6, 4, 5, 2, 0, 1, 0, 0, 8]    (26)
bravo2.D2_2    120_[17, 2, 2, 7, 0, 7, 1, 3, 10, 4]    (26)
bravo1.A4_3    112_[3, 0, 8, 3, 0, 0, 0, 4, 3, 2]    (26)
bravo1.D3_4    105_[14, 4, 16, 0, 0, 7, 7, 1, 10, 8]    (26)
bravo2.A4_4    104_[1, 15, 29, 0, 0, 10, 1, 1, 2, 2]    (26)
bravo3.A3_12    101_[7, 8, 1, 0, 3, 10, 6, 16, 5, 0]    (26)
bravo3.D6_4    101_[1, 8, 3, 0, 3, 9, 10, 2, 13, 14]    (26)
bravo2.D3_9    100_[2, 20, 5, 12, 27, 4, 1, 7, 0, 7]    (26)
bravo3.A4_4    100_[1, 1, 14, 2, 16, 0, 1, 5, 0, 0]    (26)
bravo1.A3_24    99_[9, 12, 9, 7, 8, 1, 15, 2, 5, 7]    (26)
bravo2.A6_6    97_[1, 13, 16, 1, 4, 0, 6, 12, 4, 0]    (26)
bravo1.A5_5    95_[0, 0, 6, 21, 2, 4, 15, 9, 4, 6]    (26)
bravo2.A3_11    92_[2, 11, 8, 7, 13, 5, 0, 1, 0, 3]    (26)
bravo2.A5_7    90_[1, 1, 0, 14, 1, 33, 6, 4, 2, 0]    (26)
bravo3.A6_6    90_[1, 8, 3, 0, 23, 7, 2, 6, 7, 0]    (26)
bravo3.D5_10    89_[1, 5, 0, 5, 4, 2, 5, 0, 20, 10]    (26)
bravo1.D6_4    82_[14, 1, 14, 12, 11, 1, 12, 5, 10, 1]    (26)
bravo2.A2_14    78_[1, 8, 3, 4, 0, 2, 10, 7, 0, 3]    (26)
bravo1.D4_26    70_[4, 27, 0, 20, 15, 0, 12, 8, 0, 8]    (26)
bravo2.D6_9    64_[14, 6, 12, 16, 14, 8, 31, 0, 3, 8]    (26)
bravo2.D5_13    53_[8, 10, 3, 2, 24, 14, 23, 4, 0, 2]    (26)
bravo1.D5_17    47_[0, 9, 9, 2, 9, 22, 8, 12, 1, 13]    (26)
bravo1.A6_8    33_[4, 6, 44, 7, 16, 11, 13, 0, 22, 14]    (26)
bravo2.D4_18    24_[1, 3, 17, 43, 20, 19, 69, 9]    (26)
bravo3.D4_18    22_[1, 3, 17, 64, 89, 24]    (26)

index: 26
ball:16
average: 4.1
bravos:
bravo2.A2_7    115_[1, 3, 0, 6, 1, 0, 8, 2, 0, 14]    (16)
bravo1.D4_18    113_[6, 6, 4, 2, 0, 2, 12, 1, 0, 3]    (16)
bravo3.D1_1    112_[2, 1, 9, 5, 8, 13, 9, 5, 1, 0]    (16)
bravo1.A4_11    110_[2, 10, 0, 1, 2, 2, 3, 14, 1, 2]    (16)
bravo1.D2_9    110_[2, 1, 0, 2, 3, 3, 4, 3, 1, 1]    (16)
bravo3.A2_7    106_[4, 0, 0, 6, 11, 1, 0, 0, 14, 22]    (16)
bravo2.D1_6    106_[2, 2, 10, 8, 4, 7, 0, 1, 11, 8]    (16)
bravo2.D2_9    105_[1, 1, 0, 0, 2, 4, 2, 0, 1, 10]    (16)
bravo1.D3_17    105_[0, 3, 17, 6, 0, 2, 13, 3, 4, 9]    (16)
bravo3.A3_7    103_[0, 6, 3, 4, 4, 4, 15, 3, 1, 6]    (16)
bravo2.A3_7    102_[7, 10, 2, 17, 0, 1, 3, 2, 2, 0]    (16)
bravo2.D3_13    98_[0, 6, 5, 2, 4, 12, 4, 1, 5, 14]    (16)
bravo3.A4_10    97_[5, 4, 0, 16, 13, 5, 3, 1, 1, 0]    (16)
bravo2.D5_8    97_[0, 9, 10, 0, 12, 0, 1, 0, 1, 11]    (16)
bravo1.A3_11    95_[12, 2, 4, 1, 2, 3, 7, 8, 0, 3]    (16)
bravo3.D2_7    95_[6, 6, 0, 8, 3, 0, 20, 8, 5, 2]    (16)
bravo1.D5_5    93_[0, 3, 3, 1, 11, 2, 4, 7, 6, 10]    (16)
bravo2.D6_3    92_[19, 0, 7, 4, 0, 6, 20, 5, 3, 14]    (16)
bravo2.A1_8    92_[13, 2, 1, 1, 4, 12, 1, 4, 3, 6]    (16)
bravo3.D3_13    92_[1, 0, 0, 1, 1, 5, 6, 13, 10, 0]    (16)
bravo2.D4_11    91_[3, 1, 5, 5, 3, 2, 0, 3, 6, 4]    (16)
bravo3.A1_8    86_[7, 3, 5, 7, 2, 1, 12, 0, 1, 21]    (16)
bravo3.D5_1    86_[1, 11, 18, 17, 0, 5, 12, 3, 3, 1]    (16)
bravo3.D4_12    84_[4, 12, 5, 0, 16, 4, 10, 3, 2, 14]    (16)
bravo1.A2_16    77_[6, 0, 1, 13, 9, 1, 17, 3, 1, 2]    (16)
bravo2.A4_11    77_[2, 1, 2, 2, 18, 7, 0, 10, 4, 0]    (16)
bravo1.A5_17    47_[0, 0, 2, 21, 52, 8, 3, 9, 5, 2]    (16)
bravo2.A5_12    46_[10, 2, 19, 0, 16, 20, 7, 1, 8, 10]    (16)
bravo2.A6_12    22_[6, 0, 15, 5, 9, 34, 38, 18, 45, 140]    (16)
bravo3.A5_15    9_[1, 55, 16, 34, 61, 187]    (16)

index: 27
ball:10
average: 4.04
bravos:
bravo3.A3_6    121_[7, 2, 1, 7, 1, 3, 1, 8, 2, 4]    (10)
bravo2.A3_6    118_[7, 2, 0, 3, 0, 3, 0, 0, 1, 3]    (10)
bravo3.A2_8    118_[1, 7, 3, 0, 8, 13, 0, 2, 4, 4]    (10)
bravo2.A1_9    117_[2, 0, 0, 0, 1, 6, 1, 6, 4, 1]    (10)
bravo3.D2_6    117_[1, 2, 8, 0, 13, 4, 0, 2, 0, 4]    (10)
bravo2.D5_3    109_[11, 1, 0, 0, 27, 0, 3, 2, 4, 2]    (10)
bravo2.D1_5    108_[2, 0, 0, 1, 6, 0, 2, 0, 4, 4]    (10)
bravo1.A2_3    108_[0, 1, 0, 1, 4, 0, 3, 1, 7, 0]    (10)
bravo2.D3_14    107_[3, 3, 11, 1, 0, 3, 1, 15, 1, 0]    (10)
bravo2.A2_8    106_[9, 0, 2, 4, 9, 8, 0, 7, 4, 7]    (10)
bravo3.D1_2    104_[1, 1, 0, 6, 4, 2, 5, 0, 1, 1]    (10)
bravo1.A1_4    103_[0, 4, 3, 5, 1, 0, 1, 4, 1, 6]    (10)
bravo1.A3_1    102_[1, 1, 0, 0, 11, 7, 1, 17, 2, 6]    (10)
bravo2.D2_8    102_[0, 1, 3, 0, 5, 0, 12, 0, 9, 4]    (10)
bravo3.D4_5    101_[0, 1, 3, 0, 1, 4, 8, 2, 4, 5]    (10)
bravo1.D4_11    96_[4, 3, 4, 12, 11, 17, 9, 5, 0, 10]    (10)
bravo1.D1_8    94_[3, 3, 1, 26, 0, 1, 2, 4, 1, 19]    (10)
bravo3.A1_7    90_[3, 9, 0, 1, 12, 11, 19, 1, 3, 14]    (10)
bravo1.A4_18    87_[4, 31, 6, 4, 25, 0, 8, 1, 2, 4]    (10)
bravo2.D4_9    85_[24, 15, 4, 0, 8, 0, 25, 1, 2, 19]    (10)
bravo2.A4_13    82_[2, 10, 0, 0, 13, 5, 36, 0, 4, 12]    (10)
bravo3.D3_14    82_[0, 1, 4, 9, 3, 15, 8, 0, 1, 6]    (10)
bravo1.D3_27    79_[0, 3, 9, 0, 3, 3, 0, 12, 8, 1]    (10)
bravo1.D2_22    60_[6, 7, 2, 2, 2, 10, 9, 3, 9, 3]    (10)
bravo3.A4_17    34_[7, 18, 7, 4, 4, 12, 9, 4, 21, 12]    (10)
bravo2.A5_17    17_[7, 18, 6, 9, 23, 39, 1, 19, 42, 93]    (10)

index: 28
ball:19
average: 3.88
bravos:
bravo1.D3_8    117_[9, 3, 1, 0, 1, 5, 0, 3, 5, 1]    (19)
bravo1.D5_7    116_[3, 0, 9, 3, 0, 2, 1, 6, 9, 1]    (19)
bravo1.D2_5    94_[4, 1, 1, 13, 4, 7, 19, 5, 0, 11]    (19)
bravo1.D4_12    91_[1, 23, 0, 9, 4, 6, 10, 4, 0, 11]    (19)
bravo1.A3_20    87_[6, 3, 5, 6, 5, 0, 18, 22, 3, 0]    (19)
bravo1.A4_17    87_[1, 0, 0, 27, 26, 6, 0, 2, 5, 1]    (19)
bravo1.A2_20    79_[4, 11, 5, 1, 0, 12, 2, 5, 10, 6]    (19)
bravo1.A5_15    69_[3, 0, 5, 11, 1, 0, 5, 11, 2, 19]    (19)

index: 29
ball:21
average: 3.64
bravos:
bravo1.D2_8    118_[0, 23, 2, 2, 2, 2, 0, 0, 2, 6]    (21)
bravo2.A3_3    115_[1, 1, 0, 3, 4, 0, 1, 0, 2, 2]    (21)
bravo2.A5_6    115_[1, 2, 2, 0, 0, 0, 9, 5, 7, 3]    (21)
bravo2.D2_7    113_[0, 0, 1, 9, 0, 4, 4, 3, 4, 0]    (21)
bravo3.A2_12    109_[0, 7, 8, 0, 4, 9, 3, 1, 2, 0]    (21)
bravo3.D2_2    107_[7, 2, 2, 1, 1, 0, 0, 6, 5, 4]    (21)
bravo2.D6_4    106_[0, 2, 0, 3, 1, 4, 1, 3, 5, 0]    (21)
bravo2.A2_9    105_[2, 1, 0, 1, 6, 1, 20, 0, 10, 2]    (21)
bravo3.A4_1    99_[0, 0, 3, 2, 2, 1, 0, 5, 5, 1]    (21)
bravo1.A2_17    97_[4, 14, 12, 21, 5, 0, 5, 4, 1, 9]    (21)
bravo2.D1_2    97_[0, 1, 1, 15, 7, 4, 11, 8, 4, 9]    (21)
bravo3.D5_9    95_[1, 2, 6, 3, 4, 2, 12, 1, 34, 14]    (21)
bravo1.A3_4    95_[0, 1, 1, 8, 3, 2, 6, 2, 8, 17]    (21)
bravo2.A4_1    94_[0, 0, 3, 2, 2, 1, 0, 11, 3, 3]    (21)
bravo1.A4_4    93_[1, 6, 3, 2, 7, 9, 0, 7, 2, 8]    (21)
bravo3.A3_2    92_[2, 0, 0, 13, 6, 3, 5, 2, 6, 2]    (21)
bravo1.A5_8    87_[5, 8, 1, 1, 2, 1, 3, 10, 4, 2]    (21)
bravo1.D3_24    85_[3, 9, 2, 15, 3, 1, 0, 5, 16, 0]    (21)
bravo1.D5_14    84_[5, 3, 12, 11, 6, 1, 5, 4, 6, 3]    (21)
bravo2.A1_12    76_[0, 3, 8, 5, 8, 8, 5, 3, 6, 23]    (21)
bravo3.A5_7    75_[1, 2, 14, 1, 6, 39, 1, 0, 5, 4]    (21)
bravo2.D3_17    70_[4, 5, 0, 14, 18, 14, 6, 17, 2, 5]    (21)
bravo1.D4_25    70_[1, 13, 7, 1, 7, 0, 7, 36, 0, 0]    (21)
bravo2.D5_14    39_[0, 4, 15, 12, 11, 19, 0, 11, 11, 0]    (21)
bravo2.A6_11    36_[4, 12, 16, 0, 31, 23, 25, 79]    (21)
bravo3.D3_18    33_[1, 2, 6, 3, 8, 21, 2, 22, 26, 20]    (21)
bravo2.D4_21    1_[33, 551]    (21)
bravo3.D4_21    1_[26, 558]    (21)

index: 30
ball:6
average: 3.46
bravos:
bravo1.D4_3    117_[1, 1, 10, 6, 4, 2, 2, 1, 2, 4]    (6)
bravo3.A3_9    113_[2, 2, 0, 2, 3, 0, 10, 1, 5, 1]    (6)
bravo3.D1_4    113_[0, 1, 0, 1, 0, 6, 1, 6, 7, 8]    (6)
bravo2.D4_4    111_[0, 1, 12, 4, 0, 6, 2, 0, 0, 1]    (6)
bravo1.A2_6    110_[4, 1, 0, 0, 9, 8, 3, 2, 5, 3]    (6)
bravo3.A1_5    110_[0, 1, 0, 1, 7, 7, 5, 0, 11, 3]    (6)
bravo2.A3_8    108_[0, 4, 0, 7, 4, 5, 0, 10, 9, 6]    (6)
bravo3.D4_4    106_[2, 0, 10, 0, 9, 0, 1, 0, 7, 4]    (6)
bravo2.A2_6    104_[0, 0, 0, 0, 0, 8, 0, 3, 4, 3]    (6)
bravo1.A1_7    103_[2, 0, 3, 5, 5, 6, 5, 9, 8, 0]    (6)
bravo2.D1_7    102_[1, 1, 0, 2, 4, 1, 0, 0, 11, 8]    (6)
bravo2.A1_7    101_[3, 0, 1, 7, 0, 12, 0, 0, 30, 1]    (6)
bravo2.D2_10    100_[10, 1, 5, 6, 1, 9, 6, 4, 1, 1]    (6)
bravo1.A3_10    100_[0, 6, 1, 0, 3, 15, 9, 0, 1, 18]    (6)
bravo2.D3_12    98_[6, 4, 1, 1, 5, 9, 1, 3, 2, 5]    (6)
bravo3.D3_11    96_[6, 1, 5, 4, 1, 19, 1, 3, 15, 0]    (6)
bravo1.D1_5    96_[1, 3, 11, 7, 3, 12, 2, 0, 3, 0]    (6)
bravo3.A2_6    95_[0, 0, 11, 1, 12, 6, 16, 9, 4, 22]    (6)
bravo3.D2_8    93_[2, 0, 0, 0, 1, 0, 7, 8, 4, 4]    (6)
bravo1.D3_18    85_[15, 4, 1, 2, 11, 8, 0, 3, 2, 7]    (6)
bravo1.A4_26    81_[0, 0, 4, 18, 4, 1, 1, 7, 5, 8]    (6)
bravo1.D2_19    77_[0, 2, 11, 4, 18, 19, 0, 5, 20, 16]    (6)
bravo3.A4_18    28_[5, 20, 16, 5, 7, 30, 4, 13, 36, 19]    (6)
bravo2.A4_18    24_[23, 9, 5, 53, 2, 10, 1, 22, 11, 19]    (6)

index: 31
ball:12
average: 3.38
bravos:
bravo2.A1_4    117_[5, 1, 3, 3, 2, 1, 0, 14, 6, 1]    (12)
bravo3.A1_4    114_[7, 7, 2, 1, 0, 18, 2, 1, 0, 1]    (12)
bravo1.D4_14    108_[12, 12, 5, 4, 1, 1, 7, 4, 0, 1]    (12)
bravo2.D4_8    104_[4, 1, 3, 2, 0, 0, 0, 5, 3, 1]    (12)
bravo2.A2_4    104_[0, 2, 1, 1, 0, 2, 4, 4, 5, 15]    (12)
bravo2.D2_12    102_[0, 1, 1, 10, 1, 0, 9, 6, 10, 1]    (12)
bravo3.A2_3    100_[2, 0, 3, 7, 0, 1, 1, 7, 6, 13]    (12)
bravo1.A2_11    100_[1, 6, 12, 20, 0, 5, 2, 2, 4, 5]    (12)
bravo2.D3_11    100_[0, 0, 3, 2, 3, 1, 4, 3, 4, 0]    (12)
bravo3.A3_8    99_[1, 12, 4, 1, 6, 1, 0, 0, 11, 1]    (12)
bravo2.D5_7    98_[6, 2, 5, 3, 1, 1, 8, 0, 6, 0]    (12)
bravo3.D1_5    98_[0, 1, 0, 3, 10, 16, 9, 5, 1, 2]    (12)
bravo3.D4_9    95_[5, 0, 3, 2, 1, 8, 13, 2, 2, 0]    (12)
bravo2.A3_9    94_[9, 5, 3, 8, 3, 0, 1, 5, 3, 0]    (12)
bravo1.A4_15    93_[2, 23, 3, 5, 0, 1, 3, 1, 7, 2]    (12)
bravo1.D3_25    93_[0, 1, 1, 8, 3, 2, 32, 1, 1, 3]    (12)
bravo1.A3_3    90_[0, 0, 0, 2, 4, 6, 15, 0, 9, 9]    (12)
bravo1.D5_1    88_[2, 0, 5, 0, 13, 3, 0, 1, 5, 1]    (12)
bravo3.A4_13    86_[0, 2, 10, 0, 9, 1, 21, 5, 3, 13]    (12)
bravo1.D2_14    84_[8, 6, 10, 15, 8, 0, 4, 14, 2, 11]    (12)
bravo3.D3_12    83_[13, 4, 2, 0, 5, 4, 4, 5, 7, 10]    (12)
bravo3.D2_11    82_[0, 0, 0, 0, 8, 5, 2, 0, 12, 13]    (12)
bravo2.A4_14    79_[6, 0, 9, 2, 0, 3, 1, 15, 0, 1]    (12)
bravo2.D1_10    79_[2, 12, 19, 4, 16, 2, 6, 5, 1, 0]    (12)
bravo2.A5_13    62_[1, 2, 1, 7, 8, 5, 14, 1, 2, 5]    (12)
bravo1.A5_21    19_[2, 0, 27, 49, 9, 16, 19, 48, 38]    (12)

index: 32
ball:11
average: 3.25
bravos:
bravo2.D1_9    115_[0, 2, 2, 21, 2, 5, 6, 0, 3, 8]    (11)
bravo1.A2_4    110_[0, 1, 0, 10, 0, 4, 9, 5, 18, 3]    (11)
bravo2.A2_5    107_[4, 13, 7, 2, 0, 6, 2, 0, 3, 3]    (11)
bravo3.D2_10    107_[2, 0, 0, 6, 2, 1, 11, 8, 7, 5]    (11)
bravo3.A3_3    105_[1, 2, 0, 0, 1, 4, 1, 4, 2, 13]    (11)
bravo1.D1_1    104_[0, 0, 2, 1, 8, 1, 4, 18, 4, 11]    (11)
bravo1.A3_2    103_[0, 3, 7, 1, 0, 3, 3, 0, 12, 8]    (11)
bravo1.D4_15    103_[0, 4, 0, 1, 9, 5, 16, 4, 2, 6]    (11)
bravo2.D2_11    101_[2, 0, 10, 1, 6, 13, 1, 0, 21, 2]    (11)
bravo2.A1_5    101_[0, 1, 0, 3, 5, 7, 5, 0, 11, 3]    (11)
bravo3.A2_4    101_[0, 4, 1, 3, 4, 4, 15, 2, 2, 0]    (11)
bravo2.D5_6    100_[9, 18, 0, 4, 6, 20, 2, 2, 0, 2]    (11)
bravo1.A4_14    100_[8, 9, 0, 4, 0, 15, 4, 1, 8, 7]    (11)
bravo2.A3_4    97_[2, 9, 0, 23, 1, 4, 3, 5, 10, 1]    (11)
bravo2.A4_10    94_[3, 10, 13, 13, 1, 1, 1, 2, 0, 4]    (11)
bravo3.D4_11    93_[10, 8, 1, 3, 12, 16, 0, 13, 9, 3]    (11)
bravo2.D4_12    92_[21, 1, 4, 0, 8, 0, 1, 14, 0, 6]    (11)
bravo1.A1_11    82_[1, 0, 0, 0, 17, 0, 12, 4, 4, 0]    (11)
bravo1.D2_21    81_[10, 4, 1, 1, 1, 12, 9, 3, 0, 0]    (11)
bravo3.A4_11    73_[2, 1, 24, 7, 0, 5, 1, 15, 0, 10]    (11)
bravo1.D3_26    71_[0, 0, 0, 2, 4, 6, 15, 0, 9, 9]    (11)
bravo2.D3_16    71_[0, 1, 0, 7, 2, 0, 1, 6, 0, 9]    (11)
bravo3.D3_17    50_[0, 3, 1, 28, 1, 5, 1, 3, 35, 2]    (11)
bravo2.A5_14    43_[3, 10, 14, 27, 14, 7, 21, 1, 3, 1]    (11)

index: 33
ball:20
average: 2.89
bravos:
bravo2.D2_6    116_[0, 4, 10, 2, 0, 4, 0, 2, 17, 5]    (20)
bravo2.D1_3    114_[0, 0, 18, 3, 9, 0, 0, 1, 7, 0]    (20)
bravo3.D2_4    114_[0, 1, 14, 8, 2, 0, 0, 11, 1, 0]    (20)
bravo3.A3_5    113_[2, 12, 1, 0, 2, 12, 4, 3, 8, 1]    (20)
bravo2.A4_6    111_[0, 2, 5, 9, 1, 2, 0, 2, 10, 0]    (20)
bravo1.A3_19    109_[1, 2, 2, 0, 20, 3, 1, 2, 6, 4]    (20)
bravo3.D5_5    108_[6, 0, 1, 4, 1, 0, 1, 3, 0, 37]    (20)
bravo1.D4_17    106_[7, 1, 4, 1, 0, 2, 1, 13, 0, 5]    (20)
bravo2.A3_5    102_[0, 1, 2, 5, 3, 5, 4, 3, 3, 2]    (20)
bravo2.D5_9    101_[1, 1, 0, 10, 13, 2, 27, 0, 2, 7]    (20)
bravo2.D6_2    100_[14, 0, 1, 3, 7, 9, 1, 13, 4, 11]    (20)
bravo2.A2_10    98_[0, 7, 5, 2, 21, 0, 2, 14, 1, 6]    (20)
bravo1.D3_9    96_[6, 1, 1, 0, 4, 6, 5, 20, 2, 18]    (20)
bravo3.A4_5    93_[7, 2, 13, 9, 1, 4, 1, 6, 3, 15]    (20)
bravo1.A4_12    92_[12, 5, 2, 0, 8, 24, 8, 4, 2, 2]    (20)
bravo3.D3_15    90_[3, 1, 4, 0, 6, 0, 5, 0, 1, 10]    (20)
bravo1.D2_7    88_[6, 16, 15, 2, 3, 6, 3, 1, 5, 2]    (20)
bravo1.A2_18    86_[0, 2, 2, 1, 1, 25, 0, 2, 1, 3]    (20)
bravo3.A2_10    86_[0, 30, 0, 7, 2, 26, 12, 3, 0, 9]    (20)
bravo2.A1_11    83_[0, 0, 8, 6, 0, 14, 7, 10, 7, 0]    (20)
bravo1.D5_9    80_[1, 2, 6, 1, 9, 8, 5, 8, 16, 8]    (20)
bravo2.D3_15    79_[2, 0, 1, 9, 2, 0, 0, 7, 8, 0]    (20)
bravo2.A5_11    69_[0, 10, 5, 33, 3, 3, 3, 14, 6, 5]    (20)
bravo1.A5_13    67_[1, 2, 8, 8, 9, 8, 12, 18, 3, 6]    (20)
bravo3.A5_11    61_[4, 2, 2, 6, 16, 22, 14, 5, 0, 0]    (20)
bravo2.D4_16    52_[4, 2, 12, 29, 45, 2, 0, 6, 26, 7]    (20)
bravo3.D4_17    37_[4, 0, 5, 7, 46, 0, 20, 7, 2, 40]    (20)
bravo2.A6_13    19_[0, 32, 9, 13, 14, 37, 21, 38, 38]    (20)

