sorted balls: [33, 32, 19, 5, 29, 8, 18, 16, 14, 21, 25, 12, 28, 7, 3, 15, 10, 26, 30, 9, 6, 11, 27, 22, 17, 2, 20, 4, 31, 13, 23, 1, 24]
[(33, 1), (32, 2), (19, 3), (5, 4), (29, 5), (8, 6), (18, 7), (16, 8), (14, 9), (21, 10), (25, 11), (12, 12), (28, 13), (7, 14), (3, 15), (15, 16), (10, 17), (26, 18), (30, 19), (9, 20), (6, 21), (11, 22), (27, 23), (22, 24), (17, 25), (2, 26), (20, 27), (4, 28), (31, 29), (13, 30), (23, 31), (1, 32), (24, 33)]
this_ball: [33, 8, 18, 21, 3, 15, 10, 6, 27, 22, 17]
ball:14
average: 7.88
bravos:
bravo1.A3_16    46_[8, 0, 0, 2, 4, 1, 2, 3, 9, 1, 9, 0, 3, 2, 3, 4, 3, 2, 3, 3, 3, 1, 10, 2, 2, 4, 5, 10, 3, 3, 2, 2, 8, 6, 0, 2, 8, 0, 3, 0, 2, 5, 4, 6, 0, 1]    (14)
bravo1.D3_13    42_[1, 6, 0, 0, 2, 4, 18, 11, 0, 3, 6, 4, 1, 1, 2, 11, 1, 4, 0, 4, 10, 4, 0, 0, 9, 7, 2, 4, 14, 2, 5, 2, 0, 3, 0, 2, 5, 0, 1, 1, 7, 1]    (14)
bravo1.D5_3    38_[2, 4, 1, 1, 1, 8, 4, 0, 3, 3, 2, 1, 12, 0, 14, 7, 1, 1, 4, 9, 13, 4, 1, 1, 1, 11, 18, 1, 0, 1, 0, 6, 7, 9, 5, 6, 0, 1]    (14)
bravo1.D2_6    37_[8, 9, 2, 0, 2, 1, 2, 4, 2, 8, 9, 2, 0, 7, 12, 5, 0, 4, 5, 5, 0, 3, 0, 4, 12, 5, 3, 0, 7, 2, 4, 0, 16, 8, 2, 2, 9]    (14)
bravo1.A2_16    30_[6, 4, 4, 1, 15, 0, 1, 13, 9, 1, 17, 3, 1, 2, 3, 10, 0, 0, 18, 2, 3, 2, 11, 0, 8, 6, 8, 3, 13, 6]    (14)
bravo1.A4_17    22_[29, 0, 0, 27, 26, 6, 0, 2, 5, 1, 6, 3, 15, 11, 10, 6, 0, 4, 7, 7, 4, 9]    (14)
bravo1.D4_11    22_[7, 11, 6, 5, 3, 4, 12, 11, 17, 9, 5, 0, 10, 17, 7, 14, 8, 5, 1, 7, 5, 14]    (14)
bravo1.A5_19    16_[2, 3, 16, 2, 0, 0, 3, 5, 31, 63, 20, 15, 2, 0, 22, 58]    (14)
ball:25
average: 7.56
bravos:
bravo1.D4_18    43_[3, 0, 1, 2, 0, 1, 0, 4, 15, 6, 4, 2, 0, 2, 12, 1, 0, 3, 0, 0, 2, 21, 2, 3, 9, 11, 5, 2, 6, 7, 2, 14, 1, 0, 2, 0, 2, 3, 0, 2, 4, 2, 2]    (25)
bravo1.D3_8    41_[37, 3, 1, 0, 1, 5, 0, 3, 5, 1, 3, 1, 2, 0, 9, 2, 7, 3, 3, 1, 0, 9, 7, 4, 0, 2, 2, 2, 6, 1, 0, 2, 1, 6, 5, 4, 10, 4, 1, 4, 4]    (25)
bravo3.D4_7    38_[2, 9, 14, 6, 2, 12, 5, 8, 5, 4, 1, 9, 1, 0, 1, 1, 11, 2, 0, 10, 0, 1, 8, 0, 7, 2, 3, 6, 7, 0, 1, 1, 0, 0, 10, 7, 4, 2]    (25)
bravo2.D4_5    36_[8, 7, 1, 8, 2, 3, 2, 4, 18, 3, 8, 1, 1, 2, 6, 1, 4, 1, 2, 0, 0, 1, 1, 14, 1, 18, 5, 2, 4, 4, 9, 1, 9, 3, 10, 6]    (25)
bravo3.A4_15    35_[0, 2, 9, 5, 7, 6, 0, 0, 11, 0, 0, 1, 0, 5, 0, 0, 3, 5, 1, 1, 15, 4, 3, 1, 15, 4, 6, 0, 5, 7, 2, 8, 1, 13, 42]    (25)
bravo1.A3_21    34_[3, 33, 3, 1, 0, 1, 5, 0, 11, 3, 1, 2, 0, 9, 2, 6, 6, 3, 0, 8, 7, 0, 8, 2, 8, 0, 2, 2, 8, 5, 4, 10, 6, 9]    (25)
bravo2.D5_11    34_[0, 0, 7, 11, 3, 1, 1, 2, 3, 2, 12, 0, 3, 0, 12, 5, 0, 13, 3, 15, 0, 1, 1, 14, 3, 23, 7, 11, 0, 0, 0, 1, 6, 8]    (25)
bravo3.A5_8    33_[0, 3, 15, 8, 13, 1, 3, 1, 3, 4, 2, 7, 2, 6, 2, 5, 6, 0, 7, 6, 1, 7, 12, 7, 1, 13, 0, 4, 7, 6, 3, 1, 21]    (25)
bravo1.A4_10    32_[9, 19, 4, 0, 0, 0, 5, 5, 3, 1, 3, 4, 0, 2, 4, 0, 14, 33, 5, 5, 3, 3, 3, 7, 13, 1, 0, 0, 0, 17, 1, 9]    (25)
bravo2.D6_8    32_[0, 5, 0, 12, 8, 2, 5, 8, 3, 0, 7, 1, 4, 3, 1, 0, 15, 1, 5, 13, 3, 5, 0, 3, 9, 0, 44, 2, 0, 1, 2, 11]    (25)
bravo1.D6_3    30_[8, 1, 0, 1, 3, 2, 0, 28, 0, 0, 0, 0, 2, 4, 0, 5, 10, 0, 5, 5, 36, 7, 5, 10, 10, 9, 0, 7, 0, 16]    (25)
bravo3.D5_6    29_[2, 1, 7, 3, 5, 4, 9, 19, 2, 1, 6, 1, 2, 2, 15, 2, 3, 7, 6, 6, 0, 0, 18, 32, 4, 0, 11, 1, 12]    (25)
bravo2.A5_10    24_[7, 3, 5, 6, 16, 9, 0, 0, 3, 2, 6, 3, 1, 0, 16, 6, 8, 4, 32, 2, 21, 9, 16, 8]    (25)
bravo1.A5_9    23_[8, 1, 0, 14, 2, 10, 6, 4, 5, 3, 9, 2, 8, 53, 1, 4, 7, 4, 8, 14, 13, 1, 6]    (25)
bravo2.A4_17    20_[8, 11, 0, 1, 3, 0, 5, 7, 5, 5, 4, 17, 0, 15, 0, 24, 5, 10, 32, 49]    (25)
bravo2.A6_10    18_[31, 4, 10, 4, 2, 15, 3, 7, 38, 0, 0, 3, 2, 14, 10, 14, 2, 54]    (25)
bravo1.D5_13    17_[6, 6, 0, 38, 22, 1, 8, 11, 37, 10, 9, 8, 7, 1, 4, 15, 0]    (25)
bravo1.A6_7    17_[4, 3, 1, 1, 0, 0, 8, 18, 0, 6, 20, 12, 8, 29, 12, 19, 42]    (25)
ball:15
average: 6.81
bravos:
bravo2.A3_5    42_[1, 6, 3, 3, 4, 6, 1, 2, 5, 3, 5, 4, 3, 3, 2, 2, 16, 2, 1, 6, 5, 1, 3, 3, 3, 1, 2, 4, 0, 11, 2, 1, 1, 16, 3, 9, 0, 1, 6, 0, 4, 15]    (15)
bravo3.A4_1    41_[7, 4, 2, 3, 1, 1, 2, 1, 0, 3, 2, 2, 1, 0, 5, 5, 1, 1, 3, 4, 1, 22, 1, 20, 1, 1, 2, 0, 20, 4, 0, 3, 7, 1, 3, 0, 8, 0, 5, 2, 11]    (15)
bravo3.A2_9    39_[0, 6, 1, 2, 3, 5, 3, 3, 1, 0, 1, 6, 15, 7, 2, 7, 2, 7, 3, 11, 2, 5, 2, 3, 10, 11, 8, 5, 0, 6, 4, 0, 5, 7, 1, 4, 3, 0, 4]    (15)
bravo2.A4_1    38_[7, 7, 3, 1, 1, 2, 1, 0, 3, 2, 2, 1, 0, 11, 3, 3, 3, 0, 1, 19, 4, 20, 1, 1, 2, 0, 25, 0, 3, 7, 1, 4, 7, 2, 2, 2, 1, 11]    (15)
bravo2.A2_7    38_[2, 0, 2, 11, 10, 3, 0, 6, 1, 0, 8, 2, 0, 14, 10, 9, 5, 3, 0, 4, 3, 4, 4, 13, 0, 0, 3, 7, 2, 2, 3, 6, 0, 10, 13, 0, 2, 17]    (15)
bravo1.A3_4    36_[1, 0, 2, 5, 3, 6, 5, 1, 1, 8, 3, 2, 6, 2, 8, 17, 3, 0, 10, 8, 3, 11, 5, 9, 2, 4, 8, 4, 5, 0, 0, 4, 4, 2, 0, 17]    (15)
bravo2.D2_4    35_[8, 2, 9, 11, 4, 2, 5, 1, 6, 0, 4, 1, 5, 0, 4, 2, 0, 1, 0, 3, 9, 4, 2, 0, 0, 5, 1, 6, 7, 0, 31, 12, 11, 9, 12]    (15)
bravo1.A4_1    35_[2, 4, 2, 1, 0, 7, 1, 4, 4, 4, 16, 0, 8, 2, 8, 4, 0, 4, 17, 4, 2, 20, 4, 2, 4, 0, 11, 5, 1, 1, 6, 0, 5, 5, 22]    (15)
bravo2.D6_7    34_[17, 9, 1, 2, 10, 6, 7, 5, 2, 9, 0, 14, 6, 5, 8, 1, 0, 0, 4, 0, 4, 1, 1, 6, 2, 2, 9, 11, 0, 2, 14, 3, 1, 4]    (15)
bravo3.D2_2    34_[8, 26, 2, 2, 1, 1, 0, 0, 6, 5, 4, 2, 0, 0, 10, 3, 5, 0, 4, 1, 2, 5, 16, 9, 8, 7, 1, 8, 0, 9, 8, 12, 1, 4]    (15)
bravo3.A3_4    34_[7, 0, 3, 0, 14, 1, 0, 7, 1, 2, 7, 3, 8, 6, 12, 2, 6, 7, 23, 2, 8, 2, 1, 3, 13, 2, 5, 6, 2, 3, 1, 0, 0, 10]    (15)
bravo1.D2_16    34_[0, 10, 7, 6, 3, 1, 2, 5, 12, 5, 6, 7, 3, 1, 4, 4, 6, 1, 2, 0, 2, 7, 7, 8, 11, 14, 2, 3, 6, 13, 2, 6, 0, 11]    (15)
bravo1.D3_25    33_[3, 1, 5, 9, 6, 1, 1, 8, 3, 2, 32, 1, 1, 3, 0, 3, 2, 5, 6, 5, 9, 11, 6, 4, 8, 4, 5, 0, 0, 4, 4, 3, 17]    (15)
bravo1.A2_6    32_[10, 3, 11, 5, 1, 0, 0, 9, 8, 3, 2, 5, 3, 2, 20, 1, 2, 13, 3, 1, 6, 5, 5, 3, 6, 7, 13, 3, 14, 4, 0, 2]    (15)
bravo2.D3_14    32_[8, 13, 3, 4, 3, 11, 1, 0, 3, 1, 15, 1, 0, 0, 0, 10, 18, 0, 3, 4, 6, 1, 0, 10, 4, 5, 18, 9, 4, 1, 1, 21]    (15)
bravo1.D5_4    32_[3, 2, 8, 4, 8, 2, 1, 5, 2, 0, 4, 4, 9, 7, 1, 0, 1, 11, 0, 16, 22, 9, 16, 1, 2, 9, 0, 2, 3, 4, 11, 2]    (15)
bravo3.D5_1    30_[6, 1, 7, 2, 4, 4, 11, 18, 17, 0, 5, 12, 3, 3, 1, 2, 0, 5, 0, 1, 4, 1, 1, 0, 17, 1, 5, 15, 11, 13]    (15)
bravo2.A5_7    30_[2, 17, 4, 3, 1, 0, 14, 1, 33, 6, 4, 2, 0, 2, 2, 4, 4, 0, 8, 2, 14, 7, 1, 22, 5, 1, 6, 1, 0, 4]    (15)
bravo3.D3_15    29_[16, 3, 5, 4, 1, 4, 0, 6, 0, 5, 0, 1, 10, 17, 4, 4, 7, 3, 2, 2, 5, 10, 7, 0, 7, 14, 0, 8, 29]    (15)
bravo2.D5_14    23_[0, 9, 0, 11, 2, 1, 4, 15, 12, 11, 19, 0, 11, 11, 0, 3, 2, 0, 8, 18, 0, 11, 29]    (15)
bravo1.D4_27    22_[23, 3, 0, 3, 0, 16, 1, 21, 0, 1, 27, 6, 1, 0, 19, 12, 18, 3, 0, 3, 2, 24]    (15)
bravo1.A5_18    19_[7, 3, 1, 18, 1, 1, 20, 11, 7, 0, 39, 3, 2, 4, 5, 22, 10, 27, 1]    (15)
bravo3.A5_13    16_[18, 29, 11, 2, 10, 25, 1, 9, 6, 8, 1, 0, 25, 2, 32, 6]    (15)
bravo2.A6_11    10_[7, 2, 21, 12, 16, 0, 31, 23, 25, 79]    (15)
bravo2.D4_21    3_[7, 53, 520]    (15)
bravo3.D4_21    3_[7, 46, 527]    (15)
ball:30
average: 6.35
bravos:
bravo3.D5_7    41_[0, 7, 1, 2, 1, 21, 0, 4, 3, 1, 3, 2, 6, 4, 0, 4, 13, 1, 1, 0, 1, 14, 0, 1, 14, 7, 4, 7, 1, 2, 5, 0, 2, 5, 6, 0, 2, 2, 1, 1, 36]    (30)
bravo2.A5_8    40_[4, 15, 3, 4, 2, 0, 1, 7, 1, 3, 6, 0, 2, 2, 10, 6, 2, 5, 6, 0, 14, 1, 1, 5, 4, 0, 14, 1, 13, 0, 4, 3, 1, 1, 0, 5, 1, 1, 1, 29]    (30)
bravo2.D4_7    40_[1, 2, 17, 8, 3, 1, 8, 9, 4, 3, 5, 4, 2, 2, 0, 4, 1, 0, 6, 6, 5, 5, 4, 0, 17, 1, 2, 3, 1, 0, 5, 1, 4, 1, 3, 9, 1, 6, 4, 7]    (30)
bravo1.A5_3    39_[0, 1, 1, 6, 1, 5, 1, 5, 8, 1, 12, 0, 3, 0, 1, 1, 18, 10, 0, 5, 9, 2, 0, 5, 8, 7, 25, 7, 0, 0, 6, 0, 0, 6, 0, 0, 1, 4, 5]    (30)
bravo3.D6_1    35_[10, 9, 8, 2, 12, 2, 2, 1, 8, 0, 3, 1, 4, 17, 5, 2, 3, 9, 7, 1, 1, 6, 1, 9, 3, 2, 6, 11, 8, 0, 3, 1, 0, 3, 11]    (30)
bravo1.D3_1    35_[1, 17, 3, 1, 0, 4, 10, 8, 3, 2, 16, 14, 2, 9, 3, 2, 2, 0, 2, 5, 9, 1, 2, 0, 2, 1, 10, 20, 2, 2, 0, 7, 3, 2, 13]    (30)
bravo1.A4_7    32_[7, 2, 0, 7, 6, 15, 1, 6, 0, 2, 6, 0, 8, 11, 8, 0, 6, 1, 6, 3, 3, 21, 17, 0, 5, 1, 1, 7, 5, 0, 11, 9]    (30)
bravo3.A4_12    30_[4, 7, 17, 3, 0, 5, 0, 3, 10, 7, 7, 32, 2, 1, 9, 1, 7, 0, 0, 5, 6, 1, 13, 0, 1, 4, 7, 0, 3, 16]    (30)
bravo3.A5_7    29_[20, 3, 4, 2, 14, 1, 6, 39, 1, 0, 5, 4, 4, 7, 3, 0, 0, 13, 7, 1, 16, 1, 3, 5, 0, 0, 8, 0, 4]    (30)
bravo3.A6_5    29_[1, 2, 10, 11, 11, 7, 2, 1, 0, 7, 6, 15, 8, 7, 11, 2, 5, 0, 25, 15, 4, 2, 10, 0, 1, 2, 1, 3, 3]    (30)
bravo3.D4_10    28_[21, 4, 2, 1, 12, 1, 5, 7, 2, 10, 8, 3, 5, 0, 4, 1, 6, 6, 14, 5, 4, 32, 0, 4, 6, 5, 1, 22]    (30)
bravo1.D4_21    27_[16, 9, 0, 8, 0, 2, 1, 1, 2, 9, 20, 4, 2, 7, 19, 0, 17, 11, 1, 10, 1, 3, 2, 7, 20, 0, 13]    (30)
bravo2.A4_15    27_[0, 18, 15, 0, 11, 1, 1, 1, 10, 5, 1, 1, 11, 8, 3, 2, 4, 12, 0, 0, 6, 0, 4, 20, 15, 7, 17]    (30)
bravo1.A6_4    23_[2, 18, 3, 1, 1, 12, 8, 8, 37, 22, 2, 4, 1, 16, 9, 1, 9, 0, 4, 2, 2, 15, 3]    (30)
bravo2.D6_10    22_[2, 10, 4, 6, 1, 0, 0, 3, 2, 17, 24, 5, 7, 28, 1, 7, 2, 10, 10, 12, 11, 34]    (30)
bravo2.A6_8    22_[0, 12, 13, 1, 2, 10, 3, 8, 41, 6, 4, 4, 9, 1, 2, 0, 5, 19, 24, 3, 1, 26]    (30)
bravo1.D5_19    20_[0, 1, 1, 1, 0, 13, 5, 25, 5, 1, 24, 12, 1, 14, 14, 3, 4, 27, 0, 36]    (30)
bravo2.D5_13    17_[7, 1, 3, 22, 10, 3, 2, 24, 14, 23, 4, 0, 2, 17, 24, 26, 9]    (30)
bravo1.A3_28    16_[25, 0, 4, 10, 8, 23, 31, 2, 12, 9, 1, 40, 2, 2, 8, 20]    (30)
bravo1.D6_6    14_[6, 2, 22, 45, 14, 27, 9, 5, 5, 1, 10, 0, 21, 25]    (30)
ball:17
average: 5.32
bravos:
bravo2.D4_2    41_[8, 3, 3, 2, 0, 2, 4, 5, 4, 1, 4, 5, 13, 0, 3, 3, 1, 4, 12, 4, 3, 1, 4, 9, 3, 4, 0, 3, 1, 7, 5, 8, 4, 0, 0, 0, 9, 0, 13, 0, 5]    (17)
bravo3.D4_3    41_[1, 1, 3, 3, 1, 2, 18, 5, 6, 0, 12, 0, 3, 3, 0, 0, 0, 5, 1, 5, 4, 3, 2, 3, 0, 8, 9, 0, 6, 0, 1, 21, 1, 5, 1, 4, 11, 0, 3, 3, 9]    (17)
bravo3.D2_1    40_[2, 4, 14, 4, 8, 0, 0, 9, 2, 9, 0, 0, 3, 1, 1, 0, 0, 8, 6, 14, 1, 1, 2, 5, 1, 0, 1, 0, 4, 1, 20, 8, 1, 2, 0, 0, 2, 2, 6, 19]    (17)
bravo2.D3_3    39_[1, 0, 1, 5, 5, 2, 0, 2, 1, 12, 3, 3, 3, 2, 6, 0, 8, 7, 0, 4, 3, 4, 0, 0, 3, 6, 9, 0, 12, 4, 0, 0, 0, 21, 2, 2, 7, 22, 11]    (17)
bravo1.D2_8    37_[6, 0, 6, 10, 2, 23, 2, 2, 2, 2, 0, 0, 2, 6, 1, 5, 5, 14, 3, 8, 1, 4, 1, 5, 4, 5, 6, 9, 6, 0, 4, 2, 0, 10, 2, 2, 3]    (17)
bravo3.D3_4    37_[4, 5, 4, 3, 0, 2, 5, 8, 0, 21, 9, 6, 3, 4, 9, 7, 1, 4, 2, 14, 2, 1, 2, 3, 3, 7, 5, 2, 2, 0, 5, 5, 0, 0, 8, 6, 1]    (17)
bravo1.A4_6    35_[1, 15, 1, 9, 2, 4, 21, 0, 14, 2, 7, 0, 1, 5, 4, 9, 1, 5, 1, 6, 4, 0, 11, 0, 9, 1, 0, 20, 1, 3, 0, 5, 2, 0, 10]    (17)
bravo2.A2_10    35_[1, 5, 9, 8, 1, 7, 5, 2, 21, 0, 2, 14, 1, 6, 9, 7, 1, 0, 0, 5, 2, 4, 3, 9, 1, 11, 0, 2, 8, 6, 3, 2, 9, 0, 4]    (17)
bravo1.A2_14    34_[17, 7, 2, 11, 8, 3, 7, 4, 0, 5, 4, 3, 1, 1, 9, 10, 2, 10, 16, 2, 2, 1, 4, 9, 2, 3, 3, 3, 1, 3, 6, 0, 1, 9]    (17)
bravo2.D2_1    34_[1, 0, 24, 7, 1, 0, 0, 5, 4, 0, 6, 2, 0, 4, 1, 2, 9, 9, 0, 14, 2, 7, 0, 1, 0, 26, 13, 1, 0, 5, 8, 8, 1, 6]    (17)
bravo1.A3_12    34_[0, 0, 5, 11, 5, 2, 3, 3, 13, 8, 1, 13, 3, 0, 2, 0, 11, 3, 8, 0, 3, 10, 3, 4, 4, 9, 3, 6, 10, 8, 0, 5, 4, 6]    (17)
bravo2.D5_1    33_[7, 0, 10, 3, 0, 9, 0, 5, 6, 5, 6, 1, 14, 6, 12, 3, 3, 1, 2, 0, 5, 0, 1, 4, 2, 0, 0, 3, 12, 2, 21, 11, 13]    (17)
bravo3.A3_15    32_[2, 8, 1, 2, 10, 0, 9, 8, 2, 0, 1, 7, 5, 10, 6, 22, 4, 1, 0, 3, 5, 6, 2, 0, 11, 10, 0, 9, 1, 18, 4, 1]    (17)
bravo1.D5_8    30_[21, 7, 3, 8, 1, 3, 4, 7, 7, 4, 14, 8, 1, 0, 6, 0, 5, 1, 0, 3, 0, 5, 1, 21, 16, 5, 3, 0, 9, 10]    (17)
bravo3.A2_10    30_[3, 14, 0, 8, 30, 0, 7, 2, 26, 12, 3, 0, 9, 4, 3, 7, 0, 6, 3, 4, 2, 1, 0, 1, 3, 1, 3, 0, 10, 13]    (17)
bravo1.D3_17    30_[2, 0, 3, 11, 5, 2, 3, 17, 6, 0, 2, 13, 3, 4, 9, 9, 4, 0, 14, 3, 4, 7, 1, 8, 6, 10, 8, 0, 10, 6]    (17)
bravo1.D4_22    28_[7, 2, 0, 14, 10, 2, 4, 2, 2, 0, 9, 3, 5, 14, 3, 3, 20, 3, 12, 12, 11, 0, 1, 7, 10, 2, 9, 12]    (17)
bravo2.A3_16    26_[8, 2, 16, 2, 10, 8, 2, 11, 7, 0, 2, 5, 3, 6, 3, 0, 12, 16, 5, 0, 11, 2, 7, 5, 7, 28]    (17)
bravo1.A5_14    19_[8, 12, 11, 5, 3, 0, 4, 2, 8, 32, 14, 2, 10, 7, 22, 1, 5, 9, 26]    (17)
bravo3.A4_19    10_[7, 20, 30, 1, 10, 5, 45, 2, 32, 59]    (17)
bravo2.A4_20    7_[8, 25, 19, 16, 23, 39, 109]    (17)
bravo2.A5_20    2_[2, 196]    (17)
ball:2
average: 4.58
bravos:
bravo2.D2_10    44_[3, 3, 8, 1, 1, 4, 12, 1, 5, 6, 1, 9, 6, 4, 1, 1, 8, 0, 0, 5, 0, 1, 5, 6, 7, 0, 3, 9, 1, 4, 2, 3, 2, 3, 2, 0, 8, 9, 5, 2, 2, 1, 2, 2]    (2)
bravo2.D1_6    42_[2, 3, 2, 5, 1, 3, 3, 4, 2, 10, 8, 4, 7, 0, 1, 11, 8, 7, 0, 5, 2, 3, 3, 5, 1, 8, 5, 5, 6, 4, 2, 5, 4, 2, 3, 4, 1, 7, 0, 0, 1, 8]    (2)
bravo1.A2_2    41_[0, 3, 0, 0, 1, 3, 14, 1, 1, 3, 6, 2, 1, 1, 12, 4, 4, 3, 8, 1, 1, 0, 1, 1, 5, 16, 6, 0, 0, 0, 13, 1, 4, 1, 13, 10, 2, 0, 10, 2, 5]    (2)
bravo3.D1_4    40_[2, 2, 8, 0, 0, 11, 1, 0, 1, 0, 6, 1, 6, 7, 8, 3, 0, 0, 8, 1, 0, 0, 0, 20, 2, 2, 1, 5, 5, 4, 2, 2, 1, 2, 15, 10, 2, 1, 17, 7]    (2)
bravo2.A2_1    38_[4, 0, 2, 3, 5, 8, 6, 14, 2, 6, 3, 4, 4, 1, 1, 0, 3, 4, 0, 1, 5, 3, 0, 7, 4, 10, 0, 0, 0, 3, 0, 4, 17, 0, 1, 5, 10, 23]    (2)
bravo1.A1_2    37_[0, 3, 0, 12, 0, 7, 12, 2, 3, 3, 10, 4, 6, 1, 0, 0, 1, 0, 4, 0, 7, 3, 8, 0, 14, 6, 17, 2, 1, 0, 0, 0, 0, 6, 9, 9, 13]    (2)
bravo3.D2_9    33_[15, 4, 7, 14, 0, 1, 8, 1, 10, 3, 11, 3, 1, 10, 3, 7, 4, 3, 0, 3, 11, 3, 6, 3, 3, 2, 7, 1, 15, 1, 0, 7, 11]    (2)
bravo2.A1_2    33_[4, 0, 12, 8, 16, 4, 2, 2, 6, 0, 11, 1, 0, 0, 7, 0, 7, 2, 1, 7, 4, 10, 0, 5, 0, 4, 11, 3, 0, 0, 2, 16, 23]    (2)
bravo3.A1_2    33_[4, 0, 12, 8, 16, 4, 2, 2, 6, 0, 11, 1, 0, 0, 7, 0, 7, 2, 1, 7, 4, 10, 0, 5, 5, 3, 7, 3, 0, 0, 2, 16, 23]    (2)
bravo3.A2_2    30_[4, 0, 2, 2, 18, 0, 7, 9, 0, 6, 16, 4, 6, 14, 0, 0, 10, 10, 7, 5, 10, 4, 1, 10, 5, 7, 2, 2, 2, 8]    (2)
bravo1.D1_5    27_[6, 1, 20, 3, 11, 7, 3, 12, 2, 0, 3, 0, 1, 1, 14, 2, 7, 5, 4, 16, 3, 37, 6, 0, 5, 0, 11]    (2)
bravo1.D2_20    23_[11, 4, 12, 5, 6, 10, 22, 4, 2, 9, 0, 8, 21, 16, 3, 7, 1, 6, 0, 12, 14, 0, 8]    (2)

index begin
index: 1
ball:33
average: 24.83
bravos:
bravo3.D6_5    41_[9, 0, 8, 4, 2, 5, 16, 6, 3, 2, 2, 10, 0, 1, 6, 0, 0, 2, 6, 14, 0, 0, 4, 1, 7, 2, 0, 10, 1, 7, 6, 5, 7, 1, 0, 4, 1, 3, 1, 3, 2]    (33)
bravo1.A6_1    37_[0, 1, 10, 0, 2, 0, 1, 18, 16, 6, 5, 2, 5, 2, 10, 0, 3, 4, 3, 12, 3, 0, 6, 3, 3, 4, 0, 2, 13, 0, 2, 7, 6, 3, 0, 1, 12]    (33)
bravo2.A6_1    36_[0, 1, 10, 0, 2, 0, 1, 3, 15, 23, 5, 2, 5, 2, 10, 0, 3, 4, 3, 12, 3, 0, 6, 3, 3, 4, 0, 2, 13, 0, 2, 7, 6, 3, 0, 14]    (33)
bravo3.A6_1    36_[0, 1, 10, 0, 2, 0, 1, 3, 15, 23, 5, 2, 5, 2, 10, 0, 3, 4, 3, 12, 3, 0, 6, 3, 3, 4, 0, 2, 13, 0, 2, 7, 6, 3, 0, 14]    (33)
bravo1.D6_9    9_[4, 9, 10, 7, 17, 40, 46, 58, 7]    (33)
bravo2.D6_17    2_[136, 445]    (33)

index: 2
ball:32
average: 16.0
bravos:
bravo2.A6_2    47_[1, 4, 0, 1, 10, 12, 1, 4, 6, 1, 4, 2, 1, 9, 4, 4, 1, 6, 1, 1, 3, 3, 5, 0, 9, 0, 1, 1, 4, 0, 6, 7, 0, 0, 1, 3, 17, 8, 2, 0, 0, 4, 0, 3, 0, 2, 3]    (32)
bravo3.A6_2    46_[6, 0, 1, 10, 12, 1, 4, 6, 1, 4, 2, 1, 9, 4, 4, 1, 6, 1, 1, 3, 3, 5, 0, 9, 0, 1, 1, 4, 0, 6, 7, 0, 0, 1, 3, 17, 8, 2, 0, 0, 4, 0, 3, 0, 2, 3]    (32)
bravo2.A5_2    46_[0, 6, 2, 4, 1, 4, 10, 0, 3, 1, 2, 8, 1, 4, 0, 0, 0, 1, 1, 2, 8, 2, 7, 4, 5, 5, 8, 1, 10, 5, 0, 0, 6, 9, 2, 1, 11, 7, 2, 0, 0, 0, 0, 0, 4, 12]    (32)
bravo1.A6_2    42_[4, 1, 0, 1, 10, 12, 1, 3, 6, 1, 4, 14, 4, 4, 1, 6, 1, 1, 3, 3, 5, 0, 7, 1, 2, 1, 4, 0, 14, 0, 0, 1, 3, 17, 8, 2, 0, 0, 4, 4, 3, 3]    (32)
bravo1.A5_1    38_[7, 1, 7, 2, 3, 8, 0, 0, 3, 8, 4, 11, 2, 4, 4, 8, 3, 1, 1, 3, 6, 9, 0, 1, 1, 4, 13, 2, 0, 2, 0, 1, 17, 8, 1, 2, 4, 12]    (32)
bravo3.D6_4    38_[4, 7, 9, 0, 1, 3, 8, 3, 0, 3, 9, 10, 2, 13, 14, 7, 2, 5, 12, 7, 10, 1, 1, 5, 2, 2, 3, 0, 2, 6, 2, 0, 0, 1, 2, 0, 0, 6]    (32)
bravo3.A5_2    37_[0, 6, 7, 6, 10, 0, 5, 2, 8, 6, 1, 0, 6, 8, 2, 8, 1, 1, 5, 5, 5, 2, 1, 16, 0, 0, 7, 2, 5, 2, 12, 0, 7, 1, 3, 1, 17]    (32)
bravo3.D5_12    27_[4, 2, 1, 0, 2, 11, 1, 5, 2, 1, 13, 8, 0, 4, 11, 27, 4, 4, 0, 5, 10, 1, 3, 27, 0, 14, 61]    (32)
bravo1.D6_8    14_[8, 14, 3, 1, 21, 0, 65, 2, 1, 10, 0, 0, 55, 8]    (32)
bravo1.D5_21    8_[33, 0, 0, 83, 1, 4, 8, 63]    (32)
bravo2.D6_16    2_[124, 81]    (32)
bravo2.D5_19    2_[1, 256]    (32)

index: 3
ball:19
average: 12.86
bravos:
bravo3.A4_9    43_[9, 1, 6, 3, 2, 0, 2, 13, 6, 0, 5, 7, 7, 0, 4, 3, 3, 1, 2, 4, 2, 3, 0, 0, 0, 0, 1, 21, 5, 7, 0, 5, 2, 3, 0, 2, 1, 4, 0, 8, 0, 5, 12]    (19)
bravo2.D5_7    42_[0, 3, 3, 2, 0, 3, 5, 11, 2, 5, 3, 1, 1, 8, 0, 6, 0, 4, 17, 0, 17, 1, 1, 7, 13, 1, 3, 5, 1, 2, 6, 2, 5, 0, 3, 2, 2, 2, 3, 1, 5, 28]    (19)
bravo2.D3_7    38_[3, 8, 3, 2, 6, 22, 2, 6, 0, 6, 6, 1, 5, 0, 3, 3, 7, 2, 1, 3, 9, 1, 5, 8, 8, 2, 4, 1, 9, 0, 4, 5, 2, 0, 8, 5, 1, 2]    (19)
bravo1.D4_17    37_[13, 9, 1, 9, 1, 4, 1, 0, 2, 1, 13, 0, 5, 5, 5, 8, 6, 9, 6, 2, 3, 0, 14, 0, 1, 13, 0, 0, 10, 3, 0, 2, 2, 2, 8, 1, 9]    (19)
bravo3.A3_12    37_[3, 7, 9, 1, 1, 9, 8, 1, 0, 3, 10, 6, 16, 5, 0, 3, 5, 2, 0, 2, 4, 11, 3, 3, 6, 11, 3, 0, 6, 3, 5, 2, 6, 5, 0, 3, 3]    (19)
bravo3.D5_3    37_[1, 5, 3, 1, 3, 5, 2, 4, 9, 1, 7, 3, 19, 0, 2, 8, 2, 5, 0, 0, 2, 2, 6, 0, 9, 6, 6, 0, 3, 7, 2, 8, 11, 12, 5, 1, 10]    (19)
bravo3.D3_7    37_[0, 2, 4, 9, 6, 0, 0, 5, 7, 2, 6, 3, 2, 0, 7, 0, 5, 8, 9, 9, 0, 5, 15, 1, 6, 15, 1, 5, 3, 1, 4, 1, 0, 0, 1, 8, 14]    (19)
bravo1.A4_11    36_[3, 0, 1, 3, 2, 8, 0, 6, 10, 0, 1, 2, 2, 3, 14, 1, 2, 0, 1, 4, 1, 12, 1, 30, 21, 3, 1, 14, 0, 3, 1, 0, 8, 3, 2, 2]    (19)
bravo2.A3_12    35_[0, 0, 1, 2, 1, 2, 2, 1, 8, 1, 7, 11, 1, 9, 2, 8, 11, 7, 5, 7, 1, 2, 20, 2, 19, 10, 4, 0, 1, 0, 4, 2, 10, 3, 12]    (19)
bravo1.D3_9    33_[1, 12, 1, 17, 1, 1, 0, 4, 6, 5, 20, 2, 18, 4, 5, 3, 2, 6, 6, 0, 11, 9, 0, 0, 7, 0, 0, 1, 0, 5, 12, 4, 14]    (19)
bravo1.A2_18    31_[7, 8, 8, 2, 2, 2, 1, 1, 25, 0, 2, 1, 3, 14, 18, 7, 3, 1, 2, 0, 8, 13, 1, 2, 2, 1, 7, 7, 7, 6, 8]    (19)
bravo1.A3_20    30_[13, 0, 1, 2, 0, 13, 3, 5, 6, 5, 0, 18, 22, 3, 0, 8, 0, 1, 7, 4, 2, 11, 10, 0, 9, 1, 0, 5, 17, 16]    (19)
bravo1.D2_4    30_[1, 19, 1, 4, 8, 2, 3, 5, 2, 3, 12, 11, 9, 2, 9, 1, 0, 13, 2, 8, 10, 3, 4, 6, 4, 0, 10, 4, 8, 9]    (19)
bravo1.D5_7    29_[21, 9, 0, 9, 3, 0, 2, 1, 6, 9, 1, 21, 4, 15, 6, 2, 0, 3, 1, 2, 11, 11, 9, 11, 1, 1, 9, 2, 3]    (19)
bravo3.D4_13    29_[3, 0, 5, 1, 3, 3, 10, 18, 5, 4, 13, 1, 9, 2, 22, 1, 3, 25, 0, 1, 0, 7, 14, 3, 1, 0, 5, 11, 10]    (19)
bravo3.A5_11    28_[7, 0, 0, 1, 4, 1, 4, 0, 1, 5, 2, 2, 6, 16, 22, 14, 5, 0, 0, 3, 9, 1, 5, 10, 18, 10, 1, 32]    (19)
bravo2.D4_9    24_[0, 0, 0, 3, 4, 11, 1, 26, 15, 4, 0, 8, 0, 25, 1, 2, 19, 0, 13, 14, 4, 3, 12, 22]    (19)
bravo1.A5_15    23_[21, 9, 0, 5, 11, 1, 0, 5, 11, 2, 19, 12, 8, 0, 2, 0, 2, 4, 4, 2, 21, 10, 31]    (19)
bravo2.D6_3    23_[11, 4, 3, 26, 0, 7, 4, 0, 6, 20, 5, 3, 14, 0, 6, 4, 1, 0, 28, 1, 19, 2, 19]    (19)
bravo2.A4_13    22_[11, 18, 10, 0, 0, 13, 5, 36, 0, 4, 12, 3, 7, 25, 4, 2, 8, 4, 2, 2, 12, 4]    (19)
bravo2.A5_14    14_[18, 12, 10, 14, 27, 14, 7, 21, 1, 3, 1, 34, 19, 15]    (19)
bravo2.A6_15    2_[137, 126]    (19)

index: 4
ball:5
average: 9.62
bravos:
bravo1.D4_1    50_[4, 5, 2, 5, 2, 3, 0, 2, 5, 6, 0, 2, 0, 3, 2, 1, 13, 0, 6, 1, 1, 0, 0, 3, 16, 3, 4, 1, 1, 5, 0, 3, 10, 1, 0, 1, 4, 10, 0, 1, 1, 2, 1, 0, 3, 6, 4, 4, 1, 5]    (5)
bravo2.A1_4    48_[8, 3, 1, 4, 13, 1, 3, 3, 2, 1, 0, 14, 6, 1, 0, 1, 0, 3, 0, 1, 1, 4, 1, 1, 4, 1, 0, 3, 0, 7, 5, 3, 1, 3, 0, 5, 0, 3, 14, 1, 3, 8, 5, 6, 3, 2, 3, 8]    (5)
bravo3.A1_4    46_[8, 0, 2, 1, 4, 15, 7, 2, 1, 0, 18, 2, 1, 0, 1, 0, 4, 1, 8, 1, 4, 2, 3, 0, 7, 5, 3, 1, 3, 0, 5, 0, 2, 3, 4, 6, 3, 0, 0, 0, 7, 4, 11, 2, 3, 8]    (5)
bravo1.A2_3    43_[11, 1, 1, 0, 5, 3, 1, 1, 0, 1, 4, 0, 3, 1, 7, 0, 1, 15, 3, 4, 1, 0, 6, 2, 7, 0, 0, 5, 4, 0, 4, 4, 10, 0, 19, 3, 1, 2, 18, 0, 5, 0, 12]    (5)
bravo3.D2_8    43_[2, 2, 0, 2, 6, 9, 3, 0, 0, 0, 1, 0, 7, 8, 4, 4, 10, 1, 7, 2, 7, 12, 0, 7, 0, 0, 8, 13, 1, 0, 11, 4, 0, 2, 0, 1, 4, 0, 5, 3, 8, 0, 4]    (5)
bravo2.D1_4    41_[3, 2, 1, 3, 1, 0, 4, 21, 11, 6, 6, 2, 3, 5, 2, 7, 2, 5, 1, 1, 7, 2, 1, 8, 2, 6, 0, 2, 7, 0, 0, 0, 1, 13, 3, 0, 4, 11, 4, 2, 2]    (5)
bravo1.A1_4    40_[10, 0, 0, 1, 13, 4, 3, 5, 1, 0, 1, 4, 1, 6, 4, 4, 6, 5, 12, 1, 1, 7, 4, 10, 0, 4, 4, 0, 23, 1, 0, 4, 2, 7, 2, 2, 5, 1, 1, 3]    (5)
bravo1.D1_3    40_[9, 16, 3, 0, 2, 3, 0, 0, 1, 1, 4, 7, 2, 0, 21, 1, 3, 13, 4, 6, 3, 9, 6, 1, 2, 6, 1, 0, 0, 0, 15, 4, 0, 0, 4, 3, 3, 0, 1, 20]    (5)
bravo3.D4_2    39_[4, 7, 6, 0, 7, 1, 8, 6, 1, 3, 0, 3, 3, 4, 8, 2, 6, 5, 2, 9, 1, 4, 4, 4, 8, 0, 13, 2, 2, 7, 5, 0, 1, 1, 7, 0, 1, 12, 5]    (5)
bravo3.D1_2    38_[3, 2, 3, 0, 5, 3, 4, 2, 1, 0, 6, 4, 2, 5, 0, 1, 1, 2, 3, 8, 2, 20, 5, 0, 11, 0, 11, 6, 2, 10, 2, 5, 11, 1, 4, 15, 0, 4]    (5)
bravo3.A3_2    35_[6, 0, 3, 8, 5, 3, 0, 0, 13, 6, 3, 5, 2, 6, 2, 0, 6, 2, 0, 9, 1, 3, 0, 2, 5, 1, 13, 2, 5, 28, 6, 7, 1, 5, 9]    (5)
bravo3.A2_3    34_[1, 13, 2, 0, 2, 7, 0, 3, 7, 0, 1, 1, 7, 6, 13, 7, 17, 0, 0, 2, 7, 13, 7, 0, 1, 0, 5, 4, 5, 6, 12, 9, 5, 5]    (5)
bravo2.A4_8    32_[2, 6, 3, 7, 6, 4, 0, 2, 12, 0, 0, 7, 6, 2, 3, 3, 1, 2, 0, 12, 0, 15, 24, 1, 7, 10, 9, 1, 1, 7, 11, 14]    (5)
bravo2.D2_8    32_[2, 4, 14, 5, 1, 3, 0, 5, 0, 12, 0, 9, 4, 1, 6, 15, 12, 7, 0, 0, 16, 1, 8, 3, 7, 3, 0, 7, 10, 2, 1, 11]    (5)
bravo2.D4_14    30_[2, 14, 7, 3, 1, 0, 1, 3, 2, 16, 1, 0, 5, 19, 1, 19, 9, 10, 7, 0, 8, 6, 6, 13, 4, 1, 1, 2, 3, 9]    (5)
bravo2.A2_3    29_[15, 3, 2, 7, 4, 7, 4, 7, 6, 13, 7, 3, 1, 10, 0, 4, 7, 13, 7, 0, 8, 4, 5, 6, 21, 0, 1, 3, 5]    (5)
bravo1.A3_2    29_[12, 3, 5, 3, 1, 3, 7, 1, 0, 3, 3, 0, 12, 8, 1, 4, 2, 4, 6, 9, 4, 3, 6, 13, 9, 12, 14, 5, 20]    (5)
bravo2.A3_1    29_[11, 9, 0, 3, 1, 0, 1, 0, 0, 0, 22, 19, 23, 10, 0, 2, 2, 8, 10, 6, 3, 8, 0, 13, 6, 5, 0, 2, 10]    (5)
bravo1.D2_19    27_[6, 3, 14, 0, 1, 2, 11, 4, 18, 19, 0, 5, 20, 16, 5, 2, 10, 5, 3, 1, 1, 0, 6, 5, 5, 6, 5]    (5)
bravo1.D3_27    25_[12, 3, 9, 1, 3, 9, 0, 3, 3, 0, 12, 8, 1, 7, 4, 10, 2, 2, 8, 6, 13, 22, 14, 5, 20]    (5)
bravo3.D3_17    19_[8, 7, 4, 6, 3, 1, 28, 1, 5, 1, 3, 35, 2, 6, 9, 34, 6, 3, 22]    (5)
bravo2.D3_18    15_[6, 0, 3, 4, 12, 0, 1, 15, 25, 2, 7, 6, 7, 59, 45]    (5)
bravo1.A4_27    15_[1, 1, 6, 33, 26, 13, 29, 9, 0, 19, 15, 4, 5, 20, 7]    (5)
bravo3.A4_20    2_[85, 159]    (5)

index: 5
ball:29
average: 9.45
bravos:
bravo1.A4_9    39_[13, 6, 4, 1, 0, 3, 0, 7, 0, 1, 1, 4, 0, 5, 1, 5, 3, 0, 6, 13, 2, 3, 4, 2, 4, 3, 5, 6, 8, 1, 0, 3, 7, 6, 5, 3, 5, 20, 2]    (29)
bravo1.A3_26    39_[6, 1, 5, 3, 0, 9, 1, 10, 2, 0, 2, 1, 0, 5, 3, 8, 3, 2, 1, 9, 1, 0, 1, 12, 5, 27, 3, 0, 5, 0, 0, 8, 1, 1, 2, 3, 15, 5, 29]    (29)
bravo3.D3_1    36_[12, 0, 5, 11, 2, 1, 1, 4, 1, 4, 10, 4, 0, 2, 1, 27, 0, 6, 4, 1, 2, 1, 9, 5, 3, 0, 6, 5, 10, 9, 15, 0, 0, 0, 2, 8]    (29)
bravo1.D3_3    36_[8, 4, 0, 3, 1, 6, 1, 1, 10, 2, 0, 2, 1, 0, 9, 8, 3, 1, 2, 2, 17, 6, 8, 12, 9, 6, 5, 0, 9, 3, 2, 3, 7, 7, 5, 28]    (29)
bravo2.D3_4    35_[0, 1, 8, 3, 13, 6, 6, 4, 4, 9, 2, 1, 2, 6, 3, 4, 7, 4, 4, 1, 2, 5, 4, 1, 0, 5, 5, 1, 12, 13, 0, 0, 5, 11, 13]    (29)
bravo1.D4_19    34_[28, 0, 3, 1, 6, 0, 0, 13, 12, 2, 8, 0, 1, 5, 0, 1, 3, 1, 8, 7, 3, 0, 3, 1, 2, 6, 0, 6, 7, 9, 6, 13, 5, 11]    (29)
bravo2.A4_14    33_[4, 11, 2, 14, 0, 9, 2, 0, 3, 1, 15, 0, 1, 8, 1, 5, 7, 16, 1, 1, 1, 7, 1, 15, 14, 2, 3, 1, 0, 9, 10, 3, 4]    (29)
bravo2.D6_1    32_[10, 0, 1, 6, 2, 3, 9, 13, 0, 10, 5, 4, 0, 8, 5, 1, 5, 6, 9, 20, 0, 3, 4, 3, 2, 10, 6, 9, 4, 1, 0, 9]    (29)
bravo2.D4_8    32_[9, 1, 3, 6, 3, 5, 1, 3, 2, 0, 0, 0, 5, 3, 1, 3, 8, 1, 3, 0, 0, 1, 5, 11, 2, 22, 1, 17, 12, 34, 2, 6]    (29)
bravo3.D4_11    31_[0, 1, 8, 3, 9, 12, 8, 1, 3, 12, 16, 0, 13, 9, 3, 18, 2, 0, 2, 2, 5, 1, 3, 6, 1, 7, 14, 0, 3, 6, 11]    (29)
bravo3.D5_4    29_[18, 1, 5, 0, 4, 19, 13, 3, 5, 5, 0, 0, 0, 12, 1, 5, 8, 1, 1, 23, 2, 5, 7, 5, 14, 0, 1, 12, 1]    (29)
bravo2.D5_6    28_[2, 0, 0, 7, 7, 3, 12, 18, 0, 4, 6, 20, 2, 2, 0, 2, 14, 3, 2, 13, 4, 10, 7, 21, 3, 7, 2, 11]    (29)
bravo1.A5_5    27_[12, 9, 5, 0, 6, 21, 2, 4, 15, 9, 4, 6, 18, 10, 0, 9, 1, 0, 3, 6, 3, 8, 0, 3, 3, 9, 15]    (29)
bravo2.A3_15    27_[10, 2, 5, 7, 24, 0, 7, 1, 20, 0, 0, 17, 1, 1, 6, 0, 3, 0, 4, 9, 0, 0, 20, 3, 15, 12, 6]    (29)
bravo3.A4_11    26_[9, 6, 2, 6, 3, 1, 24, 7, 0, 5, 1, 15, 0, 10, 1, 0, 4, 8, 10, 5, 3, 7, 8, 10, 14, 21]    (29)
bravo3.A5_10    24_[4, 1, 6, 12, 0, 13, 9, 0, 4, 9, 3, 7, 11, 6, 9, 7, 2, 1, 1, 25, 9, 2, 34, 6]    (29)
bravo1.D6_5    18_[0, 12, 7, 6, 0, 9, 8, 35, 4, 2, 22, 7, 3, 7, 39, 3, 1, 18]    (29)
bravo1.D5_17    17_[23, 4, 9, 9, 2, 9, 22, 8, 12, 1, 13, 0, 10, 1, 0, 44, 19]    (29)
bravo1.A6_5    16_[0, 3, 18, 14, 18, 1, 32, 23, 6, 6, 3, 0, 1, 29, 9, 49]    (29)
bravo2.A5_15    13_[4, 18, 3, 0, 19, 8, 5, 38, 23, 30, 14, 0, 26]    (29)
bravo3.A3_18    12_[32, 6, 3, 1, 25, 28, 22, 12, 36, 1, 5, 21]    (29)
bravo2.A6_17    3_[4, 131, 445]    (29)

index: 6
ball:8
average: 9.45
bravos:
bravo1.D4_5    47_[0, 0, 0, 1, 11, 0, 7, 2, 4, 1, 3, 8, 2, 4, 6, 10, 0, 1, 9, 0, 2, 2, 1, 5, 0, 0, 1, 2, 7, 3, 16, 1, 0, 11, 3, 2, 0, 1, 2, 0, 3, 0, 3, 2, 10, 0, 18]    (8)
bravo3.A3_7    40_[1, 6, 3, 3, 0, 10, 6, 3, 4, 4, 4, 15, 3, 1, 6, 6, 0, 1, 3, 0, 5, 13, 4, 4, 5, 3, 1, 4, 5, 0, 11, 1, 1, 9, 0, 6, 3, 4, 2, 1]    (8)
bravo2.A2_9    40_[0, 8, 0, 1, 3, 2, 2, 7, 1, 0, 1, 6, 1, 20, 0, 10, 2, 9, 1, 4, 0, 8, 4, 3, 3, 10, 1, 10, 4, 1, 6, 0, 4, 6, 2, 4, 3, 1, 7, 9]    (8)
bravo1.A3_8    39_[6, 14, 1, 2, 6, 2, 9, 0, 1, 13, 1, 3, 0, 6, 9, 0, 3, 11, 3, 2, 15, 7, 2, 2, 4, 4, 3, 0, 5, 1, 5, 2, 8, 0, 4, 5, 1, 1, 0]    (8)
bravo1.D2_11    39_[3, 25, 1, 6, 5, 2, 2, 9, 4, 1, 0, 1, 0, 1, 3, 1, 9, 4, 10, 4, 0, 7, 0, 5, 0, 6, 2, 13, 7, 0, 3, 0, 2, 2, 1, 1, 9, 3, 12]    (8)
bravo2.D2_2    37_[11, 7, 2, 22, 2, 2, 7, 0, 7, 1, 3, 10, 4, 3, 0, 2, 0, 4, 3, 8, 4, 0, 1, 16, 13, 4, 3, 1, 2, 2, 10, 0, 5, 3, 0, 1, 4]    (8)
bravo3.A2_8    36_[9, 0, 0, 12, 4, 7, 3, 0, 8, 13, 0, 2, 4, 4, 6, 0, 2, 5, 8, 6, 11, 2, 3, 1, 1, 0, 8, 16, 0, 0, 6, 2, 6, 1, 12, 9]    (8)
bravo2.D6_6    34_[19, 5, 0, 6, 0, 4, 10, 1, 0, 6, 9, 11, 2, 1, 0, 3, 0, 0, 1, 15, 2, 1, 9, 15, 5, 10, 1, 1, 2, 8, 1, 4, 0, 17]    (8)
bravo2.D3_12    34_[10, 1, 0, 10, 9, 4, 1, 1, 5, 9, 1, 3, 2, 5, 1, 12, 0, 6, 19, 9, 9, 0, 2, 8, 10, 0, 2, 14, 1, 1, 0, 5, 6, 11]    (8)
bravo3.A4_7    34_[0, 0, 2, 7, 4, 10, 2, 0, 16, 1, 0, 3, 0, 5, 4, 5, 3, 2, 1, 13, 6, 6, 2, 2, 12, 5, 3, 0, 9, 18, 3, 14, 1, 12]    (8)
bravo1.A4_23    33_[28, 1, 0, 1, 1, 11, 0, 8, 2, 9, 4, 1, 1, 7, 1, 4, 7, 5, 0, 5, 0, 2, 1, 11, 25, 1, 2, 2, 3, 3, 3, 18, 5]    (8)
bravo3.D2_3    33_[11, 0, 3, 1, 5, 1, 1, 0, 3, 17, 7, 8, 11, 0, 8, 4, 1, 0, 1, 6, 2, 4, 8, 15, 14, 0, 0, 15, 4, 1, 7, 2, 11]    (8)
bravo2.A4_7    33_[0, 1, 19, 16, 1, 1, 2, 2, 6, 5, 0, 7, 21, 4, 3, 1, 3, 2, 11, 6, 6, 0, 12, 1, 2, 2, 1, 8, 3, 6, 0, 6, 10]    (8)
bravo2.A3_7    32_[2, 2, 2, 8, 17, 10, 2, 17, 0, 1, 3, 2, 2, 0, 1, 5, 1, 6, 5, 9, 1, 6, 32, 0, 3, 0, 18, 1, 6, 4, 2, 1]    (8)
bravo3.D3_12    31_[5, 6, 0, 8, 1, 16, 4, 2, 0, 5, 4, 4, 5, 7, 10, 19, 4, 0, 6, 11, 6, 0, 4, 18, 12, 0, 0, 1, 5, 6, 6]    (8)
bravo1.D3_21    30_[26, 6, 12, 0, 1, 15, 3, 0, 7, 8, 0, 6, 12, 9, 0, 4, 2, 4, 2, 5, 6, 3, 9, 1, 0, 4, 2, 8, 11, 4]    (8)
bravo1.A2_11    29_[29, 6, 12, 20, 0, 5, 2, 2, 4, 5, 8, 8, 4, 2, 12, 14, 10, 0, 7, 2, 1, 0, 0, 3, 2, 6, 0, 4, 9]    (8)
bravo2.D4_15    29_[10, 8, 0, 5, 1, 0, 6, 6, 8, 0, 8, 8, 5, 35, 3, 1, 7, 8, 0, 0, 15, 5, 7, 1, 9, 4, 6, 0, 5]    (8)
bravo2.D5_9    29_[7, 21, 1, 0, 10, 13, 2, 27, 0, 2, 7, 0, 0, 5, 0, 2, 3, 11, 1, 3, 9, 25, 1, 5, 1, 3, 0, 2, 27]    (8)
bravo3.D4_15    23_[10, 8, 3, 5, 5, 0, 6, 9, 8, 14, 10, 28, 10, 6, 1, 16, 16, 4, 4, 1, 8, 0, 6]    (8)
bravo2.A5_12    17_[19, 6, 11, 2, 19, 0, 16, 20, 7, 1, 8, 10, 6, 1, 19, 25, 19]    (8)
bravo2.A6_12    13_[2, 8, 1, 9, 10, 0, 15, 5, 9, 34, 38, 18, 45]    (8)

index: 7
ball:18
average: 8.83
bravos:
bravo1.D5_6    43_[8, 0, 8, 5, 2, 6, 0, 4, 0, 0, 2, 6, 12, 4, 4, 1, 2, 1, 4, 4, 1, 0, 10, 0, 16, 1, 9, 0, 5, 6, 1, 3, 2, 2, 1, 7, 1, 3, 3, 0, 3, 0, 21]    (18)
bravo2.D5_5    39_[15, 2, 1, 5, 0, 16, 0, 1, 4, 2, 1, 16, 0, 8, 3, 1, 16, 7, 1, 1, 3, 7, 3, 4, 5, 3, 2, 3, 3, 17, 1, 1, 1, 1, 1, 3, 1, 0, 14]    (18)
bravo3.D4_4    39_[8, 0, 13, 6, 0, 10, 0, 9, 0, 1, 0, 7, 4, 10, 1, 0, 0, 6, 2, 4, 2, 1, 3, 5, 3, 2, 3, 8, 10, 0, 14, 1, 8, 0, 12, 5, 2, 1, 3]    (18)
bravo1.D4_16    38_[3, 0, 3, 1, 0, 13, 1, 13, 7, 0, 0, 0, 1, 0, 3, 5, 1, 11, 2, 5, 0, 1, 5, 0, 2, 28, 3, 0, 0, 6, 10, 3, 1, 1, 20, 0, 12, 1]    (18)
bravo2.D4_3    36_[4, 25, 2, 14, 2, 1, 0, 2, 1, 13, 0, 5, 4, 5, 1, 6, 2, 0, 0, 8, 0, 2, 0, 0, 5, 3, 2, 1, 1, 10, 9, 6, 6, 8, 1, 19]    (18)
bravo1.A3_19    35_[3, 25, 2, 2, 0, 20, 3, 1, 2, 6, 4, 7, 1, 0, 1, 8, 6, 1, 10, 10, 0, 3, 6, 11, 5, 3, 0, 2, 2, 6, 1, 11, 0, 1, 5]    (18)
bravo1.D2_5    34_[2, 4, 8, 15, 1, 1, 13, 4, 7, 19, 5, 0, 11, 2, 1, 8, 1, 1, 1, 2, 0, 0, 6, 0, 4, 10, 7, 2, 2, 8, 1, 3, 8, 9]    (18)
bravo1.D3_10    32_[22, 0, 5, 2, 2, 22, 2, 4, 0, 5, 12, 2, 1, 15, 1, 10, 9, 5, 6, 0, 3, 0, 11, 7, 2, 6, 1, 7, 3, 0, 1, 5]    (18)
bravo3.D5_2    31_[9, 8, 6, 12, 6, 2, 12, 1, 3, 5, 0, 1, 4, 2, 22, 0, 1, 2, 2, 12, 2, 2, 1, 2, 1, 0, 0, 3, 10, 0, 60]    (18)
bravo2.D6_2    31_[4, 3, 33, 0, 1, 3, 7, 9, 1, 13, 4, 11, 1, 12, 3, 3, 14, 4, 1, 0, 5, 0, 6, 0, 13, 2, 3, 1, 10, 0, 18]    (18)
bravo1.A4_12    30_[12, 0, 7, 3, 14, 5, 2, 0, 8, 24, 8, 4, 2, 2, 2, 1, 6, 2, 3, 0, 9, 0, 0, 17, 1, 1, 3, 22, 6, 6]    (18)
bravo1.A5_16    27_[3, 5, 3, 12, 0, 6, 0, 0, 17, 3, 11, 2, 3, 4, 1, 8, 4, 25, 1, 13, 17, 3, 9, 0, 0, 22, 8]    (18)
bravo1.A2_17    20_[8, 12, 10, 14, 12, 21, 5, 0, 5, 4, 1, 9, 7, 1, 29, 19, 11, 4, 6, 3]    (18)
bravo3.A5_12    17_[1, 0, 16, 7, 3, 2, 6, 19, 17, 30, 7, 13, 2, 0, 1, 46, 13]    (18)
bravo3.A4_18    14_[3, 0, 3, 24, 20, 16, 5, 7, 30, 4, 13, 36, 19, 12]    (18)
bravo2.A4_19    10_[28, 32, 0, 9, 12, 41, 7, 34, 0, 97]    (18)
bravo2.A5_16    8_[3, 0, 20, 41, 10, 40, 51, 34]    (18)
bravo2.A6_16    2_[23, 182]    (18)

index: 8
ball:16
average: 8.0
bravos:
bravo2.D4_6    41_[3, 9, 3, 9, 7, 18, 15, 0, 0, 0, 10, 4, 1, 1, 1, 0, 0, 0, 3, 6, 0, 5, 3, 1, 6, 2, 3, 3, 1, 1, 3, 0, 7, 4, 7, 9, 1, 0, 7, 4, 2]    (16)
bravo1.A2_9    41_[1, 1, 4, 8, 10, 4, 4, 1, 1, 1, 0, 9, 1, 7, 13, 5, 8, 1, 6, 4, 2, 6, 1, 4, 1, 1, 3, 1, 0, 3, 4, 0, 3, 4, 11, 5, 7, 5, 5, 0, 9]    (16)
bravo1.A4_2    38_[15, 5, 1, 3, 4, 17, 1, 8, 1, 1, 8, 0, 5, 9, 0, 0, 4, 0, 5, 1, 0, 3, 2, 2, 2, 0, 11, 1, 11, 2, 20, 3, 0, 5, 0, 2, 2, 8]    (16)
bravo1.A3_5    37_[6, 1, 7, 0, 0, 1, 5, 0, 3, 7, 0, 0, 2, 14, 0, 3, 1, 6, 17, 0, 8, 2, 0, 1, 7, 1, 1, 3, 2, 2, 22, 5, 8, 5, 1, 2, 21]    (16)
bravo1.D2_13    37_[5, 2, 3, 3, 2, 1, 6, 8, 2, 11, 10, 16, 1, 0, 5, 4, 1, 5, 5, 3, 14, 2, 2, 2, 20, 3, 3, 1, 5, 0, 0, 3, 2, 7, 2, 0, 19]    (16)
bravo3.D4_8    36_[4, 8, 8, 3, 1, 3, 2, 3, 3, 12, 7, 3, 0, 4, 1, 2, 2, 0, 0, 12, 0, 3, 18, 1, 12, 4, 1, 6, 2, 7, 20, 1, 1, 4, 2, 6]    (16)
bravo1.D5_5    36_[3, 6, 2, 4, 0, 4, 1, 1, 3, 3, 1, 11, 2, 4, 7, 6, 10, 9, 9, 0, 8, 1, 3, 6, 1, 0, 1, 3, 2, 5, 5, 0, 16, 0, 6, 24]    (16)
bravo2.D3_2    33_[5, 20, 10, 1, 3, 3, 0, 1, 10, 1, 7, 0, 3, 2, 4, 10, 4, 1, 1, 0, 2, 4, 7, 11, 3, 2, 7, 0, 3, 6, 18, 1, 34]    (16)
bravo3.D5_5    32_[20, 3, 9, 0, 1, 4, 1, 0, 1, 3, 0, 37, 5, 0, 17, 7, 7, 9, 3, 0, 3, 2, 7, 9, 7, 3, 1, 1, 0, 0, 6, 8]    (16)
bravo3.D3_3    32_[0, 0, 3, 19, 0, 8, 7, 3, 0, 1, 2, 11, 0, 5, 5, 0, 15, 3, 2, 1, 8, 2, 0, 12, 2, 3, 10, 0, 11, 5, 4, 31]    (16)
bravo1.D3_24    31_[8, 7, 0, 0, 7, 4, 9, 2, 15, 3, 1, 0, 5, 16, 0, 13, 1, 7, 7, 2, 0, 1, 2, 9, 15, 8, 5, 1, 2, 6, 15]    (16)
bravo3.A4_14    30_[19, 3, 1, 4, 3, 10, 2, 14, 7, 2, 3, 9, 6, 3, 0, 2, 4, 7, 5, 2, 9, 1, 21, 6, 5, 0, 11, 8, 3, 7]    (16)
bravo2.A5_9    28_[0, 0, 4, 8, 10, 0, 19, 4, 2, 14, 0, 3, 8, 11, 3, 5, 4, 11, 0, 6, 4, 4, 4, 2, 22, 1, 7, 23]    (16)
bravo2.A6_9    27_[20, 4, 3, 3, 11, 2, 0, 6, 17, 10, 4, 1, 7, 14, 0, 2, 3, 4, 7, 9, 13, 9, 1, 9, 6, 3, 15]    (16)
bravo3.A3_16    25_[12, 18, 11, 4, 1, 0, 19, 2, 3, 9, 6, 25, 0, 7, 2, 3, 0, 24, 2, 5, 1, 4, 0, 1, 29]    (16)
bravo2.A4_16    25_[3, 21, 1, 5, 5, 13, 5, 1, 1, 7, 2, 3, 16, 4, 1, 10, 4, 6, 4, 14, 12, 0, 8, 24, 6]    (16)
bravo2.A3_17    24_[16, 2, 9, 8, 4, 4, 1, 3, 8, 14, 16, 1, 15, 7, 4, 6, 2, 17, 5, 2, 2, 5, 14, 15]    (16)
bravo2.D5_12    24_[15, 4, 0, 3, 0, 8, 2, 3, 9, 9, 4, 22, 24, 0, 0, 12, 3, 0, 5, 27, 3, 9, 9, 14]    (16)
bravo1.D4_26    23_[1, 15, 3, 1, 8, 27, 0, 20, 15, 0, 12, 8, 0, 8, 2, 1, 18, 5, 7, 11, 0, 8, 7]    (16)
bravo2.D6_9    23_[0, 8, 0, 6, 2, 3, 17, 6, 12, 16, 14, 8, 31, 0, 3, 8, 6, 1, 10, 0, 11, 14, 2]    (16)
bravo3.A5_9    22_[17, 24, 4, 4, 17, 2, 0, 0, 1, 17, 4, 10, 1, 3, 13, 8, 0, 3, 0, 1, 33, 22]    (16)
bravo1.A5_17    18_[3, 2, 11, 9, 0, 2, 21, 52, 8, 3, 9, 5, 2, 16, 2, 9, 27, 2]    (16)

index: 9
ball:14
average: 7.88
bravos:
bravo1.A3_16    46_[8, 0, 0, 2, 4, 1, 2, 3, 9, 1, 9, 0, 3, 2, 3, 4, 3, 2, 3, 3, 3, 1, 10, 2, 2, 4, 5, 10, 3, 3, 2, 2, 8, 6, 0, 2, 8, 0, 3, 0, 2, 5, 4, 6, 0, 1]    (14)
bravo1.D3_13    42_[1, 6, 0, 0, 2, 4, 18, 11, 0, 3, 6, 4, 1, 1, 2, 11, 1, 4, 0, 4, 10, 4, 0, 0, 9, 7, 2, 4, 14, 2, 5, 2, 0, 3, 0, 2, 5, 0, 1, 1, 7, 1]    (14)
bravo1.D5_3    38_[2, 4, 1, 1, 1, 8, 4, 0, 3, 3, 2, 1, 12, 0, 14, 7, 1, 1, 4, 9, 13, 4, 1, 1, 1, 11, 18, 1, 0, 1, 0, 6, 7, 9, 5, 6, 0, 1]    (14)
bravo1.D2_6    37_[8, 9, 2, 0, 2, 1, 2, 4, 2, 8, 9, 2, 0, 7, 12, 5, 0, 4, 5, 5, 0, 3, 0, 4, 12, 5, 3, 0, 7, 2, 4, 0, 16, 8, 2, 2, 9]    (14)
bravo1.A2_16    30_[6, 4, 4, 1, 15, 0, 1, 13, 9, 1, 17, 3, 1, 2, 3, 10, 0, 0, 18, 2, 3, 2, 11, 0, 8, 6, 8, 3, 13, 6]    (14)
bravo1.A4_17    22_[29, 0, 0, 27, 26, 6, 0, 2, 5, 1, 6, 3, 15, 11, 10, 6, 0, 4, 7, 7, 4, 9]    (14)
bravo1.D4_11    22_[7, 11, 6, 5, 3, 4, 12, 11, 17, 9, 5, 0, 10, 17, 7, 14, 8, 5, 1, 7, 5, 14]    (14)
bravo1.A5_19    16_[2, 3, 16, 2, 0, 0, 3, 5, 31, 63, 20, 15, 2, 0, 22, 58]    (14)

index: 10
ball:21
average: 7.77
bravos:
bravo3.A5_6    45_[0, 3, 2, 2, 1, 0, 2, 11, 0, 2, 0, 1, 0, 1, 9, 5, 2, 8, 0, 8, 5, 1, 5, 2, 2, 0, 4, 5, 0, 2, 2, 3, 4, 5, 26, 3, 8, 1, 6, 1, 5, 1, 5, 0, 2]    (21)
bravo2.A3_10    43_[0, 0, 1, 1, 0, 2, 2, 2, 2, 2, 0, 5, 0, 6, 2, 1, 2, 5, 4, 14, 8, 3, 15, 4, 0, 0, 8, 9, 1, 5, 17, 0, 0, 4, 7, 5, 3, 15, 0, 1, 1, 0, 1]    (21)
bravo3.D5_8    42_[4, 2, 4, 15, 0, 2, 0, 15, 0, 3, 12, 1, 1, 3, 5, 3, 1, 4, 0, 6, 8, 2, 6, 5, 1, 2, 3, 9, 2, 5, 3, 1, 2, 2, 4, 1, 0, 2, 9, 3, 0, 11]    (21)
bravo1.A4_5    42_[0, 2, 4, 10, 9, 3, 3, 2, 1, 23, 1, 0, 3, 1, 0, 6, 13, 5, 1, 5, 2, 2, 5, 2, 1, 4, 7, 0, 3, 2, 0, 1, 6, 1, 7, 1, 3, 6, 1, 1, 2, 15]    (21)
bravo1.D2_2    41_[2, 4, 4, 2, 5, 3, 6, 3, 2, 6, 0, 0, 3, 3, 8, 9, 11, 0, 3, 0, 0, 4, 4, 10, 0, 1, 1, 8, 1, 0, 13, 2, 0, 3, 0, 2, 35, 0, 0, 0, 1]    (21)
bravo1.D3_12    38_[0, 0, 3, 4, 3, 7, 4, 6, 4, 4, 1, 7, 2, 1, 6, 12, 2, 4, 9, 0, 5, 2, 12, 0, 0, 2, 3, 0, 2, 5, 0, 8, 2, 11, 12, 4, 9, 7]    (21)
bravo1.A3_17    37_[5, 0, 3, 3, 6, 5, 6, 9, 1, 7, 2, 0, 7, 12, 2, 4, 10, 3, 0, 3, 10, 1, 0, 0, 2, 3, 2, 0, 6, 7, 15, 12, 4, 6, 2, 3, 5]    (21)
bravo2.A4_5    37_[1, 4, 0, 8, 12, 2, 2, 2, 5, 17, 6, 8, 5, 2, 11, 5, 1, 5, 1, 11, 6, 0, 1, 3, 0, 0, 8, 7, 15, 8, 1, 0, 2, 0, 0, 2, 11]    (21)
bravo1.A5_7    33_[4, 7, 4, 1, 3, 13, 2, 0, 0, 2, 7, 1, 6, 3, 6, 16, 4, 1, 9, 1, 2, 11, 21, 0, 8, 9, 13, 0, 1, 0, 3, 9, 11]    (21)
bravo3.A3_10    33_[3, 10, 0, 0, 5, 26, 9, 0, 9, 2, 5, 2, 0, 3, 0, 16, 7, 10, 0, 6, 9, 9, 1, 6, 3, 1, 4, 5, 0, 0, 0, 15, 23]    (21)
bravo2.A5_5    33_[0, 3, 7, 10, 2, 1, 13, 1, 5, 17, 7, 8, 2, 3, 0, 18, 11, 2, 4, 1, 2, 3, 0, 0, 6, 2, 0, 7, 13, 4, 13, 2, 1]    (21)
bravo2.D3_9    30_[3, 4, 0, 2, 17, 20, 5, 12, 27, 4, 1, 7, 0, 7, 1, 8, 12, 2, 2, 3, 0, 0, 21, 7, 1, 2, 0, 0, 2, 6]    (21)
bravo3.A4_3    29_[16, 3, 2, 5, 2, 11, 0, 1, 2, 0, 24, 7, 4, 3, 4, 14, 2, 2, 7, 0, 1, 15, 2, 3, 27, 1, 2, 3, 9]    (21)
bravo3.D3_9    29_[2, 0, 2, 23, 8, 0, 8, 4, 2, 13, 1, 8, 0, 13, 0, 3, 1, 1, 15, 21, 6, 0, 4, 25, 4, 4, 0, 0, 12]    (21)
bravo1.A2_20    28_[32, 11, 5, 1, 0, 12, 2, 5, 10, 6, 0, 3, 6, 3, 2, 2, 21, 7, 0, 2, 4, 3, 12, 6, 13, 1, 2, 8]    (21)
bravo1.D4_23    27_[1, 15, 11, 1, 0, 0, 8, 17, 12, 1, 0, 5, 5, 23, 1, 3, 7, 18, 0, 9, 2, 11, 5, 4, 8, 4, 6]    (21)
bravo2.A6_7    27_[0, 6, 2, 1, 3, 3, 0, 6, 3, 5, 3, 6, 10, 6, 9, 0, 5, 5, 18, 5, 8, 13, 13, 0, 22, 7, 14]    (21)
bravo1.D5_15    22_[4, 2, 1, 7, 5, 13, 36, 7, 15, 0, 9, 2, 2, 1, 0, 3, 1, 11, 35, 0, 22, 4]    (21)
bravo2.D6_11    14_[24, 22, 6, 2, 3, 0, 15, 15, 12, 12, 7, 16, 29, 23]    (21)
bravo2.D4_17    14_[7, 13, 4, 5, 0, 5, 2, 4, 46, 21, 11, 29, 10, 30]    (21)
bravo2.D5_16    11_[2, 24, 5, 26, 1, 37, 18, 2, 12, 21, 42]    (21)
bravo3.D4_19    8_[61, 0, 4, 54, 0, 11, 0, 69]    (21)

index: 11
ball:25
average: 7.56
bravos:
bravo1.D4_18    43_[3, 0, 1, 2, 0, 1, 0, 4, 15, 6, 4, 2, 0, 2, 12, 1, 0, 3, 0, 0, 2, 21, 2, 3, 9, 11, 5, 2, 6, 7, 2, 14, 1, 0, 2, 0, 2, 3, 0, 2, 4, 2, 2]    (25)
bravo1.D3_8    41_[37, 3, 1, 0, 1, 5, 0, 3, 5, 1, 3, 1, 2, 0, 9, 2, 7, 3, 3, 1, 0, 9, 7, 4, 0, 2, 2, 2, 6, 1, 0, 2, 1, 6, 5, 4, 10, 4, 1, 4, 4]    (25)
bravo3.D4_7    38_[2, 9, 14, 6, 2, 12, 5, 8, 5, 4, 1, 9, 1, 0, 1, 1, 11, 2, 0, 10, 0, 1, 8, 0, 7, 2, 3, 6, 7, 0, 1, 1, 0, 0, 10, 7, 4, 2]    (25)
bravo2.D4_5    36_[8, 7, 1, 8, 2, 3, 2, 4, 18, 3, 8, 1, 1, 2, 6, 1, 4, 1, 2, 0, 0, 1, 1, 14, 1, 18, 5, 2, 4, 4, 9, 1, 9, 3, 10, 6]    (25)
bravo3.A4_15    35_[0, 2, 9, 5, 7, 6, 0, 0, 11, 0, 0, 1, 0, 5, 0, 0, 3, 5, 1, 1, 15, 4, 3, 1, 15, 4, 6, 0, 5, 7, 2, 8, 1, 13, 42]    (25)
bravo1.A3_21    34_[3, 33, 3, 1, 0, 1, 5, 0, 11, 3, 1, 2, 0, 9, 2, 6, 6, 3, 0, 8, 7, 0, 8, 2, 8, 0, 2, 2, 8, 5, 4, 10, 6, 9]    (25)
bravo2.D5_11    34_[0, 0, 7, 11, 3, 1, 1, 2, 3, 2, 12, 0, 3, 0, 12, 5, 0, 13, 3, 15, 0, 1, 1, 14, 3, 23, 7, 11, 0, 0, 0, 1, 6, 8]    (25)
bravo3.A5_8    33_[0, 3, 15, 8, 13, 1, 3, 1, 3, 4, 2, 7, 2, 6, 2, 5, 6, 0, 7, 6, 1, 7, 12, 7, 1, 13, 0, 4, 7, 6, 3, 1, 21]    (25)
bravo1.A4_10    32_[9, 19, 4, 0, 0, 0, 5, 5, 3, 1, 3, 4, 0, 2, 4, 0, 14, 33, 5, 5, 3, 3, 3, 7, 13, 1, 0, 0, 0, 17, 1, 9]    (25)
bravo2.D6_8    32_[0, 5, 0, 12, 8, 2, 5, 8, 3, 0, 7, 1, 4, 3, 1, 0, 15, 1, 5, 13, 3, 5, 0, 3, 9, 0, 44, 2, 0, 1, 2, 11]    (25)
bravo1.D6_3    30_[8, 1, 0, 1, 3, 2, 0, 28, 0, 0, 0, 0, 2, 4, 0, 5, 10, 0, 5, 5, 36, 7, 5, 10, 10, 9, 0, 7, 0, 16]    (25)
bravo3.D5_6    29_[2, 1, 7, 3, 5, 4, 9, 19, 2, 1, 6, 1, 2, 2, 15, 2, 3, 7, 6, 6, 0, 0, 18, 32, 4, 0, 11, 1, 12]    (25)
bravo2.A5_10    24_[7, 3, 5, 6, 16, 9, 0, 0, 3, 2, 6, 3, 1, 0, 16, 6, 8, 4, 32, 2, 21, 9, 16, 8]    (25)
bravo1.A5_9    23_[8, 1, 0, 14, 2, 10, 6, 4, 5, 3, 9, 2, 8, 53, 1, 4, 7, 4, 8, 14, 13, 1, 6]    (25)
bravo2.A4_17    20_[8, 11, 0, 1, 3, 0, 5, 7, 5, 5, 4, 17, 0, 15, 0, 24, 5, 10, 32, 49]    (25)
bravo2.A6_10    18_[31, 4, 10, 4, 2, 15, 3, 7, 38, 0, 0, 3, 2, 14, 10, 14, 2, 54]    (25)
bravo1.D5_13    17_[6, 6, 0, 38, 22, 1, 8, 11, 37, 10, 9, 8, 7, 1, 4, 15, 0]    (25)
bravo1.A6_7    17_[4, 3, 1, 1, 0, 0, 8, 18, 0, 6, 20, 12, 8, 29, 12, 19, 42]    (25)

index: 12
ball:12
average: 7.4
bravos:
bravo3.D3_8    44_[2, 8, 23, 6, 4, 5, 2, 0, 1, 0, 0, 8, 4, 0, 3, 0, 4, 0, 0, 8, 10, 4, 4, 1, 5, 1, 6, 10, 7, 4, 1, 2, 1, 4, 1, 2, 1, 0, 8, 0, 0, 1, 2, 7]    (12)
bravo2.D6_4    42_[7, 4, 2, 5, 1, 4, 2, 0, 3, 1, 4, 1, 3, 5, 0, 9, 1, 26, 5, 7, 0, 0, 1, 5, 2, 5, 5, 13, 4, 0, 0, 9, 4, 1, 4, 2, 3, 1, 0, 2, 5, 7]    (12)
bravo1.A2_10    39_[8, 3, 3, 9, 1, 0, 1, 11, 8, 4, 7, 1, 0, 9, 0, 0, 1, 6, 7, 12, 1, 11, 5, 6, 2, 2, 12, 4, 3, 3, 0, 1, 3, 2, 9, 4, 1, 0, 5]    (12)
bravo1.D4_14    39_[2, 3, 5, 27, 12, 5, 4, 1, 1, 7, 4, 0, 1, 0, 4, 2, 5, 7, 8, 4, 2, 1, 2, 0, 0, 2, 0, 0, 10, 4, 10, 0, 1, 0, 10, 8, 2, 1, 9]    (12)
bravo2.D3_8    36_[1, 4, 4, 4, 4, 1, 3, 5, 1, 6, 13, 4, 9, 1, 7, 1, 11, 2, 5, 1, 21, 3, 1, 0, 12, 4, 4, 0, 0, 3, 14, 1, 0, 5, 7, 4]    (12)
bravo1.D2_12    35_[5, 0, 10, 8, 0, 0, 0, 3, 5, 3, 1, 3, 24, 3, 0, 0, 2, 4, 7, 0, 5, 8, 20, 9, 1, 2, 1, 4, 3, 10, 0, 3, 13, 7, 5]    (12)
bravo1.A3_7    33_[7, 22, 0, 2, 14, 10, 1, 1, 11, 1, 16, 1, 1, 9, 9, 4, 6, 0, 7, 0, 2, 2, 0, 1, 7, 4, 1, 1, 12, 0, 2, 5, 21]    (12)
bravo2.D5_8    33_[4, 8, 12, 1, 9, 10, 0, 12, 0, 1, 0, 1, 11, 1, 1, 7, 16, 12, 4, 12, 5, 1, 3, 6, 1, 2, 10, 0, 3, 4, 4, 6, 7]    (12)
bravo1.D5_1    32_[16, 1, 0, 1, 1, 6, 0, 5, 0, 13, 3, 0, 1, 5, 1, 0, 4, 2, 6, 7, 5, 2, 8, 2, 4, 1, 18, 11, 12, 16, 5, 18]    (12)
bravo3.A4_8    32_[2, 0, 17, 15, 0, 4, 3, 4, 8, 8, 4, 3, 0, 13, 6, 0, 2, 2, 12, 2, 9, 14, 9, 0, 4, 6, 1, 0, 8, 9, 1, 14]    (12)
bravo1.A4_14    31_[2, 13, 19, 9, 0, 4, 0, 15, 4, 1, 8, 7, 5, 4, 16, 2, 1, 2, 1, 2, 0, 0, 8, 1, 18, 0, 1, 2, 9, 3, 15]    (12)
bravo2.A3_11    30_[13, 1, 3, 10, 11, 8, 7, 13, 5, 0, 1, 0, 3, 3, 1, 9, 5, 9, 2, 8, 7, 6, 0, 6, 5, 4, 1, 1, 10, 33]    (12)
bravo2.A5_13    29_[11, 12, 4, 2, 1, 7, 8, 5, 14, 1, 2, 5, 18, 4, 2, 1, 5, 2, 0, 7, 0, 3, 2, 1, 0, 14, 3, 10, 31]    (12)
bravo2.A4_11    29_[1, 14, 1, 6, 0, 3, 1, 2, 2, 18, 7, 0, 10, 4, 0, 7, 10, 1, 0, 9, 24, 7, 13, 4, 0, 2, 11, 13, 4]    (12)
bravo1.D3_22    27_[7, 12, 9, 0, 2, 14, 10, 1, 1, 2, 8, 22, 2, 6, 22, 5, 0, 1, 5, 2, 7, 8, 12, 0, 2, 5, 21]    (12)
bravo3.A3_11    27_[6, 1, 4, 14, 13, 16, 6, 1, 2, 3, 3, 3, 13, 1, 2, 6, 0, 1, 6, 2, 8, 7, 23, 10, 15, 4, 9]    (12)
bravo3.D4_14    26_[25, 2, 9, 2, 7, 1, 6, 1, 1, 4, 10, 30, 3, 5, 3, 0, 5, 5, 0, 1, 15, 24, 2, 4, 3, 6]    (12)
bravo2.D4_11    23_[4, 11, 14, 1, 5, 5, 3, 2, 0, 3, 6, 4, 4, 32, 4, 18, 6, 2, 36, 2, 2, 12, 2]    (12)
bravo1.A5_21    9_[21, 8, 0, 27, 49, 9, 16, 19, 48]    (12)
bravo2.A6_14    7_[4, 6, 15, 14, 57, 70, 34]    (12)

index: 13
ball:28
average: 7.38
bravos:
bravo1.D3_2    39_[6, 4, 3, 14, 4, 2, 7, 0, 1, 18, 7, 1, 0, 0, 9, 0, 0, 0, 1, 0, 1, 41, 0, 0, 0, 2, 0, 5, 0, 1, 0, 8, 3, 5, 11, 1, 6, 0, 6]    (28)
bravo1.D6_1    38_[7, 9, 5, 3, 10, 2, 0, 10, 0, 8, 1, 0, 1, 7, 7, 6, 3, 2, 7, 7, 14, 1, 5, 2, 4, 1, 0, 9, 4, 3, 2, 6, 6, 0, 1, 0, 9, 4]    (28)
bravo1.D4_7    33_[7, 0, 2, 2, 2, 8, 3, 6, 0, 16, 2, 3, 14, 1, 2, 2, 16, 0, 4, 2, 6, 4, 0, 6, 5, 5, 3, 9, 17, 3, 11, 1, 8]    (28)
bravo1.A5_8    30_[6, 6, 19, 8, 1, 1, 2, 1, 3, 10, 4, 2, 2, 0, 8, 1, 2, 6, 5, 6, 4, 2, 14, 0, 0, 26, 10, 0, 21, 5]    (28)
bravo1.A3_27    26_[11, 18, 4, 2, 7, 0, 1, 26, 2, 10, 0, 6, 4, 34, 2, 0, 0, 3, 5, 0, 2, 12, 5, 13, 6, 7]    (28)
bravo1.D5_14    24_[10, 12, 9, 3, 12, 11, 6, 1, 5, 4, 6, 3, 11, 1, 8, 12, 3, 13, 28, 0, 1, 17, 0, 4]    (28)
bravo1.A4_21    24_[1, 6, 5, 6, 35, 0, 11, 6, 5, 1, 16, 6, 27, 1, 0, 7, 15, 4, 6, 0, 1, 12, 5, 3]    (28)
bravo1.A6_9    10_[11, 1, 0, 13, 0, 21, 63, 22, 31, 80]    (28)

index: 14
ball:7
average: 7.15
bravos:
bravo1.D4_3    45_[3, 12, 8, 3, 1, 10, 6, 4, 2, 2, 1, 2, 4, 15, 0, 1, 0, 3, 2, 0, 5, 0, 1, 3, 3, 0, 0, 2, 4, 2, 4, 4, 3, 10, 3, 0, 1, 4, 4, 0, 6, 11, 3, 1, 14]    (7)
bravo2.D4_10    45_[0, 2, 4, 0, 2, 0, 7, 2, 4, 5, 2, 4, 3, 15, 2, 5, 1, 8, 1, 6, 0, 4, 0, 1, 0, 4, 0, 6, 0, 4, 8, 3, 4, 1, 4, 0, 5, 5, 0, 13, 11, 1, 4, 1, 13]    (7)
bravo2.D2_3    44_[3, 14, 0, 4, 1, 9, 5, 0, 5, 1, 2, 3, 0, 7, 1, 1, 1, 1, 0, 4, 12, 2, 0, 3, 7, 13, 5, 4, 0, 3, 5, 1, 5, 0, 4, 3, 2, 8, 2, 1, 1, 1, 6, 17]    (7)
bravo3.A3_6    41_[5, 3, 0, 7, 1, 2, 11, 2, 1, 7, 1, 3, 1, 8, 2, 4, 3, 3, 4, 3, 0, 0, 1, 3, 4, 0, 2, 3, 2, 1, 0, 5, 7, 17, 5, 1, 4, 19, 0, 2, 26]    (7)
bravo3.D3_13    39_[9, 2, 3, 0, 1, 1, 7, 0, 0, 1, 1, 5, 6, 13, 10, 0, 1, 13, 10, 1, 11, 3, 6, 0, 2, 6, 1, 1, 5, 14, 3, 5, 0, 0, 4, 7, 3, 1, 17]    (7)
bravo2.A2_8    39_[5, 1, 1, 0, 0, 8, 3, 12, 0, 2, 4, 9, 8, 0, 7, 4, 7, 2, 4, 0, 14, 12, 2, 3, 3, 0, 7, 0, 0, 15, 8, 2, 3, 7, 0, 0, 1, 7, 7]    (7)
bravo3.D4_6    39_[3, 5, 5, 1, 0, 5, 0, 1, 6, 19, 2, 3, 8, 0, 1, 3, 9, 1, 0, 0, 4, 4, 0, 13, 12, 0, 1, 4, 1, 2, 5, 0, 2, 3, 6, 16, 2, 4, 11]    (7)
bravo2.A3_6    38_[9, 0, 7, 1, 5, 8, 2, 0, 3, 0, 3, 0, 0, 1, 3, 2, 11, 0, 13, 3, 3, 2, 9, 9, 13, 5, 0, 5, 3, 6, 8, 9, 2, 7, 2, 1, 5, 8]    (7)
bravo2.D5_2    36_[6, 9, 0, 0, 6, 1, 3, 6, 6, 8, 6, 5, 3, 1, 0, 1, 2, 1, 1, 0, 10, 11, 2, 19, 1, 4, 0, 3, 0, 0, 4, 9, 2, 10, 6, 18]    (7)
bravo3.A2_7    35_[3, 1, 0, 9, 15, 0, 0, 6, 11, 1, 0, 0, 14, 22, 3, 3, 5, 1, 1, 9, 13, 0, 0, 5, 8, 2, 11, 9, 5, 0, 0, 2, 3, 0, 17]    (7)
bravo1.A3_3    35_[2, 18, 4, 1, 0, 0, 2, 4, 6, 15, 0, 9, 9, 4, 2, 0, 2, 8, 12, 1, 1, 6, 6, 3, 1, 13, 6, 5, 14, 2, 1, 1, 2, 0, 11]    (7)
bravo2.D3_13    34_[5, 3, 7, 3, 3, 2, 6, 5, 2, 4, 12, 4, 1, 5, 14, 6, 3, 11, 1, 6, 4, 2, 8, 5, 1, 14, 9, 0, 0, 2, 0, 9, 2, 13]    (7)
bravo3.D2_4    33_[8, 0, 0, 3, 7, 5, 1, 14, 8, 2, 0, 0, 11, 1, 0, 0, 3, 1, 6, 5, 2, 13, 19, 3, 10, 18, 2, 9, 2, 8, 0, 3, 14]    (7)
bravo1.A2_5    33_[1, 4, 7, 1, 2, 10, 1, 2, 4, 0, 6, 3, 1, 0, 11, 3, 13, 20, 8, 6, 15, 0, 22, 7, 3, 2, 2, 3, 0, 3, 4, 0, 11]    (7)
bravo2.A4_12    31_[2, 0, 4, 0, 1, 0, 0, 5, 10, 15, 13, 4, 7, 11, 2, 1, 11, 3, 3, 0, 11, 9, 1, 0, 9, 1, 16, 12, 0, 3, 21]    (7)
bravo1.D2_17    30_[5, 4, 19, 0, 0, 1, 0, 10, 15, 1, 6, 23, 2, 3, 3, 8, 0, 5, 8, 5, 0, 6, 5, 7, 10, 1, 4, 3, 7, 9]    (7)
bravo1.A4_25    26_[1, 19, 16, 0, 1, 0, 0, 5, 34, 1, 0, 1, 4, 3, 11, 9, 4, 4, 14, 12, 0, 4, 6, 22, 1, 10]    (7)
bravo1.D3_26    25_[12, 0, 12, 1, 0, 0, 2, 4, 6, 15, 0, 9, 9, 4, 3, 28, 13, 11, 7, 6, 5, 14, 9, 0, 11]    (7)
bravo3.A4_16    18_[27, 0, 5, 4, 2, 8, 2, 8, 7, 2, 19, 31, 3, 37, 1, 10, 11, 6]    (7)
bravo2.A5_19    3_[34, 60, 103]    (7)

index: 15
ball:3
average: 7.0
bravos:
bravo3.D1_3    46_[42, 1, 0, 10, 5, 2, 0, 1, 0, 3, 2, 9, 8, 0, 0, 1, 8, 3, 3, 5, 1, 4, 3, 3, 0, 0, 1, 7, 5, 2, 0, 1, 0, 0, 0, 0, 0, 0, 0, 6, 2, 0, 10, 4, 1, 2]    (3)
bravo2.D2_9    46_[1, 9, 0, 2, 1, 8, 2, 1, 0, 0, 2, 4, 2, 0, 1, 10, 7, 1, 0, 4, 0, 11, 7, 7, 1, 2, 4, 4, 14, 5, 3, 1, 0, 12, 5, 6, 0, 0, 4, 3, 1, 0, 2, 4, 3, 3]    (3)
bravo2.D1_5    42_[6, 4, 4, 13, 0, 0, 1, 6, 0, 2, 0, 4, 4, 1, 10, 2, 12, 1, 0, 0, 1, 4, 1, 9, 14, 13, 1, 3, 2, 4, 1, 11, 5, 1, 0, 0, 3, 3, 6, 0, 2, 5]    (3)
bravo1.A1_3    37_[5, 0, 1, 7, 1, 6, 0, 7, 0, 3, 2, 5, 0, 4, 8, 1, 1, 15, 1, 2, 0, 4, 26, 3, 0, 0, 15, 14, 1, 3, 2, 9, 0, 0, 6, 6, 6]    (3)
bravo3.A2_1    37_[5, 2, 3, 12, 1, 6, 5, 3, 4, 2, 6, 3, 4, 4, 1, 1, 0, 3, 4, 0, 1, 5, 3, 8, 4, 11, 0, 0, 3, 0, 4, 17, 2, 5, 10, 10, 14]    (3)
bravo3.A1_3    37_[1, 3, 2, 2, 3, 9, 3, 4, 1, 2, 0, 9, 8, 3, 0, 3, 17, 3, 11, 0, 10, 12, 0, 2, 1, 4, 0, 4, 12, 8, 2, 10, 1, 2, 0, 2, 11]    (3)
bravo1.A3_11    36_[1, 1, 0, 12, 1, 20, 2, 4, 1, 2, 3, 7, 8, 0, 3, 1, 0, 10, 0, 2, 6, 6, 9, 3, 13, 0, 1, 8, 0, 11, 8, 2, 11, 0, 0, 18]    (3)
bravo3.A3_5    33_[12, 3, 2, 1, 4, 3, 12, 1, 0, 2, 12, 4, 3, 8, 1, 2, 3, 0, 6, 4, 6, 7, 19, 5, 3, 3, 4, 7, 9, 15, 3, 3, 8]    (3)
bravo2.A1_3    33_[1, 3, 2, 2, 3, 9, 3, 4, 1, 2, 0, 9, 8, 3, 4, 21, 12, 10, 12, 0, 2, 6, 0, 2, 9, 4, 8, 2, 12, 2, 0, 2, 11]    (3)
bravo2.D3_16    32_[8, 19, 1, 0, 7, 2, 0, 1, 6, 0, 9, 1, 1, 3, 0, 11, 0, 3, 0, 12, 12, 6, 15, 6, 1, 13, 5, 5, 7, 0, 1, 15]    (3)
bravo3.D3_14    32_[5, 2, 13, 5, 1, 4, 9, 3, 15, 8, 0, 1, 6, 1, 1, 0, 0, 7, 5, 3, 3, 4, 4, 1, 2, 0, 16, 9, 22, 6, 12, 11]    (3)
bravo1.D1_4    32_[3, 1, 5, 2, 10, 2, 3, 5, 12, 8, 10, 14, 1, 2, 2, 13, 16, 4, 1, 13, 3, 5, 2, 5, 8, 4, 3, 5, 1, 1, 3, 1]    (3)
bravo3.D2_10    32_[3, 12, 13, 0, 0, 6, 2, 1, 11, 8, 7, 5, 13, 4, 3, 1, 0, 1, 0, 3, 11, 3, 1, 1, 4, 1, 6, 16, 7, 7, 8, 12]    (3)
bravo1.D2_21    31_[8, 3, 5, 19, 4, 1, 1, 1, 12, 9, 3, 0, 0, 6, 1, 1, 1, 11, 0, 3, 12, 3, 0, 3, 17, 5, 3, 1, 1, 1, 35]    (3)
bravo2.A3_3    31_[7, 18, 2, 1, 0, 3, 4, 0, 1, 0, 2, 2, 4, 0, 5, 10, 2, 7, 1, 1, 15, 4, 4, 1, 29, 2, 12, 4, 10, 6, 16]    (3)
bravo1.A2_1    31_[5, 12, 6, 8, 8, 4, 2, 10, 11, 1, 0, 0, 7, 3, 4, 3, 8, 0, 3, 17, 20, 1, 0, 0, 0, 0, 1, 2, 1, 22, 12]    (3)
bravo1.D3_18    30_[12, 4, 3, 1, 19, 4, 1, 2, 11, 8, 0, 3, 2, 7, 3, 1, 6, 14, 2, 3, 12, 9, 15, 1, 6, 2, 6, 6, 7, 11]    (3)
bravo2.A2_2    30_[1, 3, 2, 2, 13, 4, 0, 7, 0, 3, 4, 0, 23, 4, 6, 15, 0, 0, 9, 18, 5, 10, 4, 12, 5, 7, 2, 1, 2, 16]    (3)

index: 16
ball:15
average: 6.81
bravos:
bravo2.A3_5    42_[1, 6, 3, 3, 4, 6, 1, 2, 5, 3, 5, 4, 3, 3, 2, 2, 16, 2, 1, 6, 5, 1, 3, 3, 3, 1, 2, 4, 0, 11, 2, 1, 1, 16, 3, 9, 0, 1, 6, 0, 4, 15]    (15)
bravo3.A4_1    41_[7, 4, 2, 3, 1, 1, 2, 1, 0, 3, 2, 2, 1, 0, 5, 5, 1, 1, 3, 4, 1, 22, 1, 20, 1, 1, 2, 0, 20, 4, 0, 3, 7, 1, 3, 0, 8, 0, 5, 2, 11]    (15)
bravo3.A2_9    39_[0, 6, 1, 2, 3, 5, 3, 3, 1, 0, 1, 6, 15, 7, 2, 7, 2, 7, 3, 11, 2, 5, 2, 3, 10, 11, 8, 5, 0, 6, 4, 0, 5, 7, 1, 4, 3, 0, 4]    (15)
bravo2.A4_1    38_[7, 7, 3, 1, 1, 2, 1, 0, 3, 2, 2, 1, 0, 11, 3, 3, 3, 0, 1, 19, 4, 20, 1, 1, 2, 0, 25, 0, 3, 7, 1, 4, 7, 2, 2, 2, 1, 11]    (15)
bravo2.A2_7    38_[2, 0, 2, 11, 10, 3, 0, 6, 1, 0, 8, 2, 0, 14, 10, 9, 5, 3, 0, 4, 3, 4, 4, 13, 0, 0, 3, 7, 2, 2, 3, 6, 0, 10, 13, 0, 2, 17]    (15)
bravo1.A3_4    36_[1, 0, 2, 5, 3, 6, 5, 1, 1, 8, 3, 2, 6, 2, 8, 17, 3, 0, 10, 8, 3, 11, 5, 9, 2, 4, 8, 4, 5, 0, 0, 4, 4, 2, 0, 17]    (15)
bravo2.D2_4    35_[8, 2, 9, 11, 4, 2, 5, 1, 6, 0, 4, 1, 5, 0, 4, 2, 0, 1, 0, 3, 9, 4, 2, 0, 0, 5, 1, 6, 7, 0, 31, 12, 11, 9, 12]    (15)
bravo1.A4_1    35_[2, 4, 2, 1, 0, 7, 1, 4, 4, 4, 16, 0, 8, 2, 8, 4, 0, 4, 17, 4, 2, 20, 4, 2, 4, 0, 11, 5, 1, 1, 6, 0, 5, 5, 22]    (15)
bravo2.D6_7    34_[17, 9, 1, 2, 10, 6, 7, 5, 2, 9, 0, 14, 6, 5, 8, 1, 0, 0, 4, 0, 4, 1, 1, 6, 2, 2, 9, 11, 0, 2, 14, 3, 1, 4]    (15)
bravo3.D2_2    34_[8, 26, 2, 2, 1, 1, 0, 0, 6, 5, 4, 2, 0, 0, 10, 3, 5, 0, 4, 1, 2, 5, 16, 9, 8, 7, 1, 8, 0, 9, 8, 12, 1, 4]    (15)
bravo3.A3_4    34_[7, 0, 3, 0, 14, 1, 0, 7, 1, 2, 7, 3, 8, 6, 12, 2, 6, 7, 23, 2, 8, 2, 1, 3, 13, 2, 5, 6, 2, 3, 1, 0, 0, 10]    (15)
bravo1.D2_16    34_[0, 10, 7, 6, 3, 1, 2, 5, 12, 5, 6, 7, 3, 1, 4, 4, 6, 1, 2, 0, 2, 7, 7, 8, 11, 14, 2, 3, 6, 13, 2, 6, 0, 11]    (15)
bravo1.D3_25    33_[3, 1, 5, 9, 6, 1, 1, 8, 3, 2, 32, 1, 1, 3, 0, 3, 2, 5, 6, 5, 9, 11, 6, 4, 8, 4, 5, 0, 0, 4, 4, 3, 17]    (15)
bravo1.A2_6    32_[10, 3, 11, 5, 1, 0, 0, 9, 8, 3, 2, 5, 3, 2, 20, 1, 2, 13, 3, 1, 6, 5, 5, 3, 6, 7, 13, 3, 14, 4, 0, 2]    (15)
bravo2.D3_14    32_[8, 13, 3, 4, 3, 11, 1, 0, 3, 1, 15, 1, 0, 0, 0, 10, 18, 0, 3, 4, 6, 1, 0, 10, 4, 5, 18, 9, 4, 1, 1, 21]    (15)
bravo1.D5_4    32_[3, 2, 8, 4, 8, 2, 1, 5, 2, 0, 4, 4, 9, 7, 1, 0, 1, 11, 0, 16, 22, 9, 16, 1, 2, 9, 0, 2, 3, 4, 11, 2]    (15)
bravo3.D5_1    30_[6, 1, 7, 2, 4, 4, 11, 18, 17, 0, 5, 12, 3, 3, 1, 2, 0, 5, 0, 1, 4, 1, 1, 0, 17, 1, 5, 15, 11, 13]    (15)
bravo2.A5_7    30_[2, 17, 4, 3, 1, 0, 14, 1, 33, 6, 4, 2, 0, 2, 2, 4, 4, 0, 8, 2, 14, 7, 1, 22, 5, 1, 6, 1, 0, 4]    (15)
bravo3.D3_15    29_[16, 3, 5, 4, 1, 4, 0, 6, 0, 5, 0, 1, 10, 17, 4, 4, 7, 3, 2, 2, 5, 10, 7, 0, 7, 14, 0, 8, 29]    (15)
bravo2.D5_14    23_[0, 9, 0, 11, 2, 1, 4, 15, 12, 11, 19, 0, 11, 11, 0, 3, 2, 0, 8, 18, 0, 11, 29]    (15)
bravo1.D4_27    22_[23, 3, 0, 3, 0, 16, 1, 21, 0, 1, 27, 6, 1, 0, 19, 12, 18, 3, 0, 3, 2, 24]    (15)
bravo1.A5_18    19_[7, 3, 1, 18, 1, 1, 20, 11, 7, 0, 39, 3, 2, 4, 5, 22, 10, 27, 1]    (15)
bravo3.A5_13    16_[18, 29, 11, 2, 10, 25, 1, 9, 6, 8, 1, 0, 25, 2, 32, 6]    (15)
bravo2.A6_11    10_[7, 2, 21, 12, 16, 0, 31, 23, 25, 79]    (15)
bravo2.D4_21    3_[7, 53, 520]    (15)
bravo3.D4_21    3_[7, 46, 527]    (15)

index: 17
ball:10
average: 6.62
bravos:
bravo3.A2_5    44_[6, 6, 0, 3, 11, 0, 0, 3, 5, 1, 1, 7, 0, 2, 14, 3, 6, 0, 5, 1, 4, 2, 2, 2, 0, 1, 2, 4, 0, 9, 2, 1, 11, 0, 3, 6, 5, 3, 5, 0, 9, 1, 2, 9]    (10)
bravo3.D2_6    41_[0, 6, 4, 3, 1, 10, 2, 8, 0, 13, 4, 0, 2, 0, 4, 8, 9, 10, 2, 2, 4, 1, 1, 9, 4, 4, 2, 3, 0, 6, 7, 3, 0, 3, 3, 1, 4, 5, 10, 1, 4]    (10)
bravo2.A2_5    40_[6, 6, 4, 13, 13, 7, 2, 0, 6, 2, 0, 3, 3, 6, 0, 3, 1, 6, 2, 3, 1, 0, 4, 5, 9, 4, 9, 0, 1, 3, 9, 1, 0, 3, 5, 0, 2, 0, 16, 3]    (10)
bravo2.D2_6    40_[0, 2, 5, 0, 17, 4, 10, 2, 0, 4, 0, 2, 17, 5, 0, 10, 1, 1, 2, 0, 5, 6, 1, 11, 2, 7, 1, 0, 0, 0, 4, 1, 0, 10, 4, 9, 2, 1, 10, 12]    (10)
bravo1.A2_12    39_[5, 0, 10, 7, 4, 2, 11, 1, 12, 3, 0, 1, 3, 1, 1, 3, 0, 8, 10, 5, 11, 1, 5, 0, 2, 2, 0, 7, 1, 0, 4, 0, 7, 4, 6, 3, 9, 0, 15]    (10)
bravo2.D6_5    39_[4, 4, 0, 1, 0, 7, 0, 0, 2, 8, 11, 12, 3, 6, 3, 5, 7, 3, 14, 22, 15, 1, 1, 5, 1, 8, 3, 3, 1, 1, 0, 3, 0, 1, 2, 1, 3, 0, 4]    (10)
bravo2.A1_6    38_[0, 5, 2, 3, 4, 3, 3, 1, 1, 0, 22, 8, 4, 8, 10, 21, 0, 0, 0, 8, 3, 0, 6, 1, 2, 1, 1, 2, 0, 13, 0, 0, 3, 1, 9, 8, 6, 5]    (10)
bravo1.D3_20    36_[1, 4, 9, 4, 1, 12, 2, 0, 0, 10, 1, 5, 7, 0, 1, 0, 9, 3, 5, 4, 6, 3, 3, 2, 15, 5, 0, 2, 1, 2, 10, 1, 20, 13, 2, 2]    (10)
bravo2.D3_15    35_[12, 3, 3, 9, 0, 1, 9, 2, 0, 0, 7, 8, 0, 19, 0, 2, 7, 4, 0, 5, 8, 3, 4, 1, 8, 7, 7, 7, 4, 3, 6, 1, 4, 11, 6]    (10)
bravo2.A3_4    35_[7, 5, 8, 7, 9, 0, 23, 1, 4, 3, 5, 10, 1, 6, 0, 10, 15, 7, 0, 2, 6, 1, 1, 8, 2, 2, 2, 6, 3, 0, 0, 0, 1, 10, 1]    (10)
bravo1.A4_22    33_[7, 0, 2, 0, 1, 2, 8, 8, 2, 5, 14, 2, 16, 4, 4, 1, 8, 16, 5, 0, 1, 4, 6, 8, 5, 3, 2, 0, 5, 7, 13, 1, 35]    (10)
bravo3.A3_3    31_[16, 5, 6, 2, 0, 0, 1, 4, 1, 4, 2, 13, 3, 4, 2, 11, 20, 2, 1, 1, 1, 2, 15, 6, 1, 5, 9, 4, 10, 8, 13]    (10)
bravo1.D2_10    31_[3, 13, 16, 12, 1, 1, 5, 7, 5, 1, 1, 12, 12, 1, 2, 2, 11, 1, 0, 17, 1, 11, 15, 3, 1, 3, 3, 0, 2, 1, 19]    (10)
bravo3.A4_5    31_[0, 5, 0, 16, 10, 2, 13, 9, 1, 4, 1, 6, 3, 15, 0, 15, 8, 5, 6, 0, 2, 0, 0, 13, 20, 5, 6, 0, 0, 2, 11]    (10)
bravo1.D4_6    30_[14, 0, 2, 1, 0, 9, 12, 15, 6, 2, 4, 3, 26, 2, 5, 2, 0, 6, 5, 6, 12, 6, 4, 2, 1, 5, 13, 2, 5, 5]    (10)
bravo2.D5_10    30_[6, 3, 6, 1, 9, 2, 0, 1, 11, 0, 1, 5, 14, 3, 11, 18, 17, 0, 12, 8, 0, 6, 3, 2, 9, 3, 1, 7, 5, 6]    (10)
bravo2.A4_3    27_[7, 15, 7, 0, 17, 0, 5, 8, 9, 16, 22, 2, 8, 1, 3, 1, 10, 0, 1, 11, 5, 4, 4, 4, 1, 4, 9]    (10)
bravo1.A3_9    27_[2, 0, 12, 24, 10, 1, 5, 8, 1, 0, 9, 3, 13, 7, 3, 2, 21, 1, 1, 1, 13, 1, 20, 13, 0, 1, 7]    (10)
bravo2.D1_2    24_[3, 3, 0, 19, 1, 1, 15, 7, 4, 11, 8, 4, 9, 9, 2, 2, 5, 15, 4, 16, 23, 6, 9, 4]    (10)
bravo3.D3_16    22_[30, 0, 11, 4, 5, 10, 6, 12, 1, 0, 0, 0, 25, 6, 15, 3, 2, 21, 5, 8, 3, 13]    (10)
bravo2.A5_11    21_[8, 0, 3, 2, 1, 9, 10, 5, 33, 3, 3, 3, 14, 6, 5, 3, 16, 0, 18, 1, 36]    (10)
bravo3.D4_17    17_[7, 13, 1, 2, 5, 0, 5, 7, 46, 0, 20, 7, 2, 40, 1, 2, 26]    (10)
bravo2.A6_13    10_[8, 14, 4, 32, 9, 13, 14, 37, 21, 38]    (10)
bravo2.D4_19    8_[7, 3, 50, 4, 54, 0, 11, 70]    (10)

index: 18
ball:26
average: 6.45
bravos:
bravo3.D3_10    41_[8, 0, 2, 3, 1, 4, 4, 13, 1, 6, 4, 2, 3, 4, 22, 2, 3, 5, 0, 1, 6, 8, 3, 5, 8, 2, 1, 1, 0, 7, 1, 7, 5, 4, 0, 1, 0, 2, 3, 7, 1]    (26)
bravo3.A3_9    41_[0, 0, 0, 3, 2, 5, 2, 11, 2, 0, 2, 3, 0, 10, 1, 5, 1, 4, 11, 2, 9, 6, 3, 1, 19, 0, 5, 1, 5, 4, 3, 9, 6, 0, 4, 5, 0, 2, 1, 12, 8]    (26)
bravo2.A6_6    39_[4, 4, 2, 2, 5, 4, 2, 13, 16, 1, 4, 0, 6, 12, 4, 0, 24, 2, 4, 6, 6, 1, 9, 0, 6, 0, 1, 0, 2, 1, 5, 1, 2, 8, 4, 0, 0, 0, 4]    (26)
bravo3.A5_4    38_[4, 7, 8, 3, 0, 0, 8, 0, 4, 0, 3, 3, 4, 5, 12, 0, 10, 4, 0, 19, 8, 14, 3, 0, 6, 5, 3, 5, 2, 1, 2, 4, 5, 0, 0, 5, 5, 13]    (26)
bravo2.A5_4    37_[21, 1, 3, 5, 2, 0, 5, 3, 3, 4, 5, 12, 0, 10, 5, 19, 2, 5, 14, 4, 6, 2, 2, 1, 1, 5, 2, 1, 2, 4, 5, 0, 0, 3, 1, 3, 12]    (26)
bravo2.A3_9    37_[15, 21, 5, 3, 8, 3, 0, 1, 5, 3, 0, 0, 0, 13, 1, 5, 1, 3, 3, 3, 0, 6, 1, 0, 3, 6, 0, 0, 4, 0, 6, 8, 6, 7, 0, 20, 11]    (26)
bravo3.D5_10    37_[4, 1, 2, 9, 1, 4, 2, 5, 0, 5, 4, 2, 5, 0, 20, 10, 2, 1, 7, 3, 8, 4, 2, 3, 10, 9, 0, 5, 6, 5, 1, 7, 1, 1, 3, 5, 6]    (26)
bravo2.D3_10    35_[2, 2, 0, 11, 0, 24, 1, 3, 2, 4, 4, 4, 2, 1, 6, 12, 3, 0, 5, 2, 3, 30, 2, 3, 0, 0, 11, 2, 6, 0, 1, 9, 3, 1, 7]    (26)
bravo1.A4_13    35_[0, 2, 0, 3, 1, 0, 6, 6, 1, 0, 2, 1, 0, 15, 0, 0, 11, 1, 0, 9, 1, 2, 13, 3, 6, 22, 1, 3, 5, 7, 0, 11, 26, 1, 32]    (26)
bravo3.A4_2    34_[13, 7, 4, 0, 4, 0, 9, 3, 5, 6, 0, 4, 21, 20, 2, 0, 2, 2, 2, 5, 6, 0, 10, 2, 4, 2, 14, 3, 2, 2, 2, 10, 0, 4]    (26)
bravo2.A4_4    34_[3, 6, 1, 7, 5, 2, 15, 29, 0, 0, 10, 1, 1, 2, 2, 2, 10, 0, 1, 11, 2, 8, 1, 0, 1, 8, 26, 0, 4, 4, 0, 2, 1, 16]    (26)
bravo1.D6_2    31_[10, 1, 5, 1, 15, 6, 2, 7, 1, 2, 11, 1, 0, 17, 4, 4, 3, 2, 11, 11, 0, 7, 1, 1, 3, 17, 1, 0, 10, 15, 4]    (26)
bravo1.A3_25    30_[5, 2, 0, 13, 3, 14, 4, 16, 0, 0, 7, 5, 1, 1, 8, 14, 12, 1, 6, 4, 0, 21, 9, 0, 4, 8, 6, 2, 4, 4]    (26)
bravo1.D3_4    30_[5, 2, 0, 2, 29, 4, 16, 0, 0, 7, 7, 1, 10, 8, 3, 12, 1, 0, 6, 3, 0, 21, 6, 2, 0, 4, 12, 2, 2, 6]    (26)
bravo1.D5_11    30_[4, 3, 3, 1, 10, 5, 0, 4, 20, 14, 0, 0, 0, 7, 7, 29, 17, 2, 3, 7, 5, 7, 0, 0, 8, 0, 1, 3, 1, 24]    (26)
bravo1.A5_11    27_[4, 3, 2, 2, 10, 5, 0, 12, 0, 4, 22, 0, 10, 0, 5, 1, 2, 1, 0, 6, 7, 1, 36, 13, 3, 1, 27]    (26)
bravo1.D4_15    26_[2, 13, 4, 6, 4, 0, 1, 9, 5, 16, 4, 2, 6, 11, 0, 3, 5, 16, 6, 4, 10, 24, 9, 6, 2, 11]    (26)
bravo2.D6_12    18_[0, 6, 3, 1, 9, 9, 1, 21, 1, 47, 12, 1, 4, 7, 1, 7, 47, 12]    (26)
bravo1.A6_8    14_[1, 8, 21, 6, 44, 7, 16, 11, 13, 0, 22, 14, 0, 29]    (26)
bravo2.D5_17    10_[7, 25, 1, 4, 13, 6, 23, 49, 0, 112]    (26)
bravo2.D4_18    10_[3, 19, 2, 2, 3, 17, 43, 20, 19, 69]    (26)
bravo3.D4_20    4_[27, 0, 93, 195]    (26)

index: 19
ball:30
average: 6.35
bravos:
bravo3.D5_7    41_[0, 7, 1, 2, 1, 21, 0, 4, 3, 1, 3, 2, 6, 4, 0, 4, 13, 1, 1, 0, 1, 14, 0, 1, 14, 7, 4, 7, 1, 2, 5, 0, 2, 5, 6, 0, 2, 2, 1, 1, 36]    (30)
bravo2.A5_8    40_[4, 15, 3, 4, 2, 0, 1, 7, 1, 3, 6, 0, 2, 2, 10, 6, 2, 5, 6, 0, 14, 1, 1, 5, 4, 0, 14, 1, 13, 0, 4, 3, 1, 1, 0, 5, 1, 1, 1, 29]    (30)
bravo2.D4_7    40_[1, 2, 17, 8, 3, 1, 8, 9, 4, 3, 5, 4, 2, 2, 0, 4, 1, 0, 6, 6, 5, 5, 4, 0, 17, 1, 2, 3, 1, 0, 5, 1, 4, 1, 3, 9, 1, 6, 4, 7]    (30)
bravo1.A5_3    39_[0, 1, 1, 6, 1, 5, 1, 5, 8, 1, 12, 0, 3, 0, 1, 1, 18, 10, 0, 5, 9, 2, 0, 5, 8, 7, 25, 7, 0, 0, 6, 0, 0, 6, 0, 0, 1, 4, 5]    (30)
bravo3.D6_1    35_[10, 9, 8, 2, 12, 2, 2, 1, 8, 0, 3, 1, 4, 17, 5, 2, 3, 9, 7, 1, 1, 6, 1, 9, 3, 2, 6, 11, 8, 0, 3, 1, 0, 3, 11]    (30)
bravo1.D3_1    35_[1, 17, 3, 1, 0, 4, 10, 8, 3, 2, 16, 14, 2, 9, 3, 2, 2, 0, 2, 5, 9, 1, 2, 0, 2, 1, 10, 20, 2, 2, 0, 7, 3, 2, 13]    (30)
bravo1.A4_7    32_[7, 2, 0, 7, 6, 15, 1, 6, 0, 2, 6, 0, 8, 11, 8, 0, 6, 1, 6, 3, 3, 21, 17, 0, 5, 1, 1, 7, 5, 0, 11, 9]    (30)
bravo3.A4_12    30_[4, 7, 17, 3, 0, 5, 0, 3, 10, 7, 7, 32, 2, 1, 9, 1, 7, 0, 0, 5, 6, 1, 13, 0, 1, 4, 7, 0, 3, 16]    (30)
bravo3.A5_7    29_[20, 3, 4, 2, 14, 1, 6, 39, 1, 0, 5, 4, 4, 7, 3, 0, 0, 13, 7, 1, 16, 1, 3, 5, 0, 0, 8, 0, 4]    (30)
bravo3.A6_5    29_[1, 2, 10, 11, 11, 7, 2, 1, 0, 7, 6, 15, 8, 7, 11, 2, 5, 0, 25, 15, 4, 2, 10, 0, 1, 2, 1, 3, 3]    (30)
bravo3.D4_10    28_[21, 4, 2, 1, 12, 1, 5, 7, 2, 10, 8, 3, 5, 0, 4, 1, 6, 6, 14, 5, 4, 32, 0, 4, 6, 5, 1, 22]    (30)
bravo1.D4_21    27_[16, 9, 0, 8, 0, 2, 1, 1, 2, 9, 20, 4, 2, 7, 19, 0, 17, 11, 1, 10, 1, 3, 2, 7, 20, 0, 13]    (30)
bravo2.A4_15    27_[0, 18, 15, 0, 11, 1, 1, 1, 10, 5, 1, 1, 11, 8, 3, 2, 4, 12, 0, 0, 6, 0, 4, 20, 15, 7, 17]    (30)
bravo1.A6_4    23_[2, 18, 3, 1, 1, 12, 8, 8, 37, 22, 2, 4, 1, 16, 9, 1, 9, 0, 4, 2, 2, 15, 3]    (30)
bravo2.D6_10    22_[2, 10, 4, 6, 1, 0, 0, 3, 2, 17, 24, 5, 7, 28, 1, 7, 2, 10, 10, 12, 11, 34]    (30)
bravo2.A6_8    22_[0, 12, 13, 1, 2, 10, 3, 8, 41, 6, 4, 4, 9, 1, 2, 0, 5, 19, 24, 3, 1, 26]    (30)
bravo1.D5_19    20_[0, 1, 1, 1, 0, 13, 5, 25, 5, 1, 24, 12, 1, 14, 14, 3, 4, 27, 0, 36]    (30)
bravo2.D5_13    17_[7, 1, 3, 22, 10, 3, 2, 24, 14, 23, 4, 0, 2, 17, 24, 26, 9]    (30)
bravo1.A3_28    16_[25, 0, 4, 10, 8, 23, 31, 2, 12, 9, 1, 40, 2, 2, 8, 20]    (30)
bravo1.D6_6    14_[6, 2, 22, 45, 14, 27, 9, 5, 5, 1, 10, 0, 21, 25]    (30)

index: 20
ball:9
average: 6.17
bravos:
bravo1.D2_9    41_[20, 9, 1, 0, 2, 3, 3, 4, 3, 1, 1, 6, 1, 0, 5, 6, 1, 1, 1, 3, 0, 5, 3, 17, 0, 19, 1, 0, 2, 4, 1, 7, 0, 0, 0, 14, 8, 2, 3, 0, 5]    (9)
bravo1.A4_24    37_[1, 0, 1, 0, 3, 6, 0, 7, 8, 1, 2, 8, 2, 2, 6, 9, 2, 0, 10, 8, 6, 3, 0, 1, 0, 15, 6, 4, 14, 11, 6, 1, 1, 0, 16, 1, 2]    (9)
bravo1.A3_10    34_[5, 1, 0, 3, 6, 1, 3, 2, 6, 1, 0, 3, 15, 9, 0, 1, 18, 3, 8, 1, 6, 5, 3, 15, 9, 13, 3, 2, 1, 6, 12, 2, 2, 4]    (9)
bravo1.A2_13    33_[5, 21, 4, 1, 3, 0, 4, 2, 1, 0, 0, 5, 6, 4, 3, 0, 4, 8, 8, 3, 0, 0, 1, 3, 13, 10, 7, 0, 9, 21, 11, 3, 7]    (9)
bravo1.D4_4    33_[1, 3, 3, 2, 2, 18, 0, 2, 0, 3, 15, 1, 5, 3, 12, 3, 0, 5, 6, 5, 17, 6, 10, 4, 0, 8, 1, 2, 9, 2, 16, 0, 3]    (9)
bravo1.D3_19    31_[5, 1, 0, 16, 2, 6, 1, 0, 3, 20, 5, 1, 5, 10, 8, 2, 4, 6, 6, 2, 4, 27, 6, 6, 1, 6, 12, 2, 1, 0, 4]    (9)

index: 21
ball:6
average: 6.04
bravos:
bravo3.A2_4    47_[6, 9, 4, 4, 1, 4, 1, 3, 4, 4, 15, 2, 2, 0, 3, 0, 6, 1, 0, 0, 0, 1, 0, 9, 2, 4, 1, 3, 0, 4, 3, 1, 10, 0, 3, 0, 14, 0, 0, 0, 0, 2, 11, 11, 2, 1, 4]    (6)
bravo2.A2_4    45_[6, 7, 1, 4, 4, 1, 2, 1, 1, 0, 2, 4, 4, 5, 15, 0, 3, 0, 6, 2, 0, 21, 1, 3, 0, 4, 3, 1, 3, 6, 0, 0, 0, 3, 13, 1, 0, 0, 14, 1, 3, 1, 3, 2, 6]    (6)
bravo2.A4_2    43_[11, 0, 0, 3, 3, 2, 1, 0, 4, 0, 9, 3, 0, 3, 0, 2, 0, 2, 0, 2, 4, 14, 7, 16, 2, 0, 2, 2, 2, 5, 6, 13, 3, 1, 2, 19, 0, 4, 0, 0, 10, 0, 7]    (6)
bravo3.A1_5    43_[5, 0, 8, 0, 1, 9, 1, 0, 1, 7, 7, 5, 0, 11, 3, 0, 7, 2, 0, 0, 0, 3, 16, 2, 4, 0, 0, 3, 3, 12, 4, 3, 9, 2, 0, 2, 1, 11, 7, 0, 5, 0, 12]    (6)
bravo3.D2_7    43_[1, 1, 1, 0, 2, 1, 1, 3, 1, 2, 11, 6, 0, 8, 3, 0, 20, 8, 5, 2, 0, 2, 3, 9, 0, 7, 4, 5, 4, 2, 3, 3, 15, 0, 4, 6, 0, 6, 0, 2, 2, 3, 6]    (6)
bravo3.D1_1    42_[3, 2, 9, 3, 1, 7, 1, 9, 5, 8, 13, 9, 5, 1, 0, 1, 8, 0, 0, 5, 3, 0, 4, 11, 1, 1, 7, 2, 4, 1, 3, 3, 9, 0, 0, 11, 2, 1, 0, 1, 4, 8]    (6)
bravo2.A1_5    40_[5, 0, 8, 0, 11, 1, 0, 3, 5, 7, 5, 0, 11, 3, 0, 10, 0, 0, 0, 14, 1, 0, 2, 7, 0, 0, 20, 8, 9, 1, 1, 0, 0, 0, 0, 12, 11, 2, 0, 14]    (6)
bravo2.A3_2    40_[3, 2, 4, 0, 3, 3, 3, 0, 4, 0, 0, 13, 6, 2, 9, 2, 3, 2, 0, 6, 3, 3, 5, 1, 3, 2, 0, 7, 5, 7, 2, 5, 1, 1, 0, 30, 7, 1, 5, 9]    (6)
bravo2.D1_3    39_[10, 0, 1, 8, 3, 1, 0, 18, 3, 9, 0, 0, 1, 7, 0, 1, 2, 13, 11, 2, 4, 2, 11, 1, 9, 9, 3, 2, 0, 3, 0, 0, 2, 3, 5, 0, 0, 15, 8]    (6)
bravo2.D5_4    38_[3, 7, 11, 0, 3, 0, 2, 4, 4, 8, 0, 0, 3, 8, 3, 5, 0, 4, 0, 1, 5, 3, 1, 0, 1, 11, 0, 27, 1, 1, 0, 19, 4, 2, 7, 1, 3, 11]    (6)
bravo1.D1_2    38_[2, 1, 9, 0, 3, 21, 0, 9, 11, 3, 2, 3, 4, 2, 4, 12, 1, 5, 0, 4, 4, 9, 0, 6, 1, 4, 2, 1, 4, 3, 1, 2, 6, 3, 3, 14, 0, 7]    (6)
bravo1.A2_4    36_[2, 0, 6, 7, 7, 1, 1, 0, 10, 0, 4, 9, 5, 18, 3, 0, 6, 1, 2, 2, 0, 2, 3, 18, 1, 4, 0, 8, 4, 11, 1, 0, 2, 7, 16, 3]    (6)
bravo2.D2_7    35_[9, 0, 1, 0, 14, 0, 1, 9, 0, 4, 4, 3, 4, 0, 25, 16, 5, 0, 0, 2, 9, 17, 4, 8, 1, 3, 1, 1, 2, 2, 5, 9, 5, 0, 7]    (6)
bravo3.A4_10    35_[2, 5, 4, 3, 0, 14, 4, 0, 16, 13, 5, 3, 1, 1, 0, 2, 1, 0, 1, 2, 5, 1, 10, 9, 9, 2, 12, 15, 12, 2, 0, 2, 5, 3, 12]    (6)
bravo1.A1_5    34_[28, 1, 0, 2, 1, 3, 2, 4, 22, 0, 2, 0, 6, 6, 3, 2, 8, 18, 1, 2, 2, 3, 0, 7, 2, 3, 8, 1, 1, 1, 4, 16, 3, 6]    (6)
bravo3.A3_1    34_[3, 7, 9, 0, 1, 1, 1, 0, 1, 0, 0, 22, 0, 19, 23, 5, 4, 0, 2, 2, 8, 10, 1, 1, 0, 1, 3, 8, 0, 13, 6, 5, 3, 10]    (6)
bravo1.D4_2    32_[1, 1, 6, 10, 1, 4, 5, 6, 6, 4, 4, 17, 8, 0, 3, 0, 3, 0, 3, 3, 5, 4, 4, 4, 4, 14, 16, 10, 5, 14, 1, 21]    (6)
bravo1.D2_18    31_[5, 10, 1, 7, 0, 0, 1, 0, 1, 7, 1, 4, 3, 19, 1, 10, 11, 12, 10, 2, 2, 9, 0, 28, 2, 6, 6, 0, 6, 1, 12]    (6)
bravo1.A3_1    29_[3, 6, 0, 0, 0, 15, 1, 0, 0, 11, 7, 1, 17, 2, 6, 13, 1, 0, 2, 7, 0, 0, 8, 16, 3, 1, 40, 10, 1]    (6)
bravo1.A4_26    29_[3, 12, 6, 1, 2, 0, 4, 18, 4, 1, 1, 7, 5, 8, 9, 9, 9, 4, 4, 4, 31, 2, 4, 2, 4, 0, 14, 1, 21]    (6)
bravo3.D4_12    26_[1, 6, 4, 18, 12, 5, 0, 16, 4, 10, 3, 2, 14, 2, 2, 5, 1, 8, 7, 21, 3, 7, 4, 3, 4, 18]    (6)
bravo2.D3_17    22_[3, 17, 4, 5, 5, 0, 14, 18, 14, 6, 17, 2, 5, 0, 3, 5, 9, 31, 3, 1, 5, 14]    (6)
bravo1.D3_28    18_[10, 0, 17, 1, 0, 0, 11, 7, 19, 2, 22, 12, 9, 20, 1, 40, 10, 1]    (6)
bravo3.D3_18    18_[3, 2, 0, 3, 14, 2, 2, 6, 3, 8, 21, 2, 22, 26, 20, 11, 20, 38]    (6)
bravo2.A5_17    12_[2, 1, 3, 26, 18, 6, 9, 23, 39, 1, 19, 42]    (6)
bravo2.D4_20    4_[27, 0, 93, 121]    (6)

index: 22
ball:11
average: 5.95
bravos:
bravo2.A3_8    41_[12, 1, 4, 3, 4, 4, 0, 7, 4, 5, 0, 10, 9, 6, 7, 6, 0, 3, 8, 6, 4, 0, 1, 0, 0, 3, 2, 4, 4, 0, 2, 2, 9, 0, 4, 3, 7, 1, 3, 3, 19]    (11)
bravo3.A3_8    41_[2, 2, 9, 9, 3, 12, 4, 1, 6, 1, 0, 0, 11, 1, 0, 6, 7, 0, 5, 7, 2, 11, 1, 1, 2, 0, 6, 0, 3, 6, 1, 8, 3, 2, 6, 1, 7, 0, 9, 1, 4]    (11)
bravo1.A3_6    39_[23, 4, 0, 0, 4, 6, 5, 3, 14, 0, 1, 0, 4, 8, 1, 0, 7, 0, 4, 2, 0, 5, 2, 2, 2, 1, 3, 4, 5, 6, 5, 6, 2, 0, 0, 8, 5, 15, 9]    (11)
bravo2.D1_1    39_[10, 1, 5, 1, 1, 5, 0, 0, 2, 4, 2, 5, 3, 5, 11, 9, 3, 8, 0, 3, 0, 1, 10, 1, 0, 8, 4, 2, 11, 0, 2, 1, 0, 8, 21, 4, 1, 1, 12]    (11)
bravo1.A2_8    39_[1, 1, 1, 3, 2, 6, 0, 0, 0, 0, 17, 1, 16, 2, 6, 5, 2, 5, 0, 0, 3, 4, 7, 10, 3, 5, 6, 11, 8, 3, 4, 2, 5, 1, 10, 1, 3, 6, 15]    (11)
bravo2.A4_10    36_[4, 3, 6, 1, 0, 4, 7, 10, 13, 13, 1, 1, 1, 2, 0, 4, 2, 1, 0, 1, 2, 3, 3, 4, 6, 4, 3, 12, 12, 4, 2, 0, 19, 8, 3, 14]    (11)
bravo2.D3_11    35_[22, 5, 0, 3, 2, 3, 1, 4, 3, 4, 0, 24, 0, 7, 0, 1, 5, 1, 2, 3, 6, 0, 1, 2, 5, 2, 2, 1, 7, 23, 2, 11, 6, 2, 14]    (11)
bravo1.D3_23    35_[6, 20, 0, 0, 0, 4, 4, 1, 5, 3, 5, 11, 0, 4, 8, 1, 4, 11, 0, 0, 5, 1, 0, 5, 1, 21, 12, 2, 0, 9, 5, 6, 3, 4, 5]    (11)
bravo2.A2_6    35_[5, 10, 3, 1, 5, 0, 0, 0, 0, 8, 0, 3, 4, 3, 7, 22, 3, 1, 2, 2, 5, 0, 4, 3, 3, 3, 4, 0, 14, 6, 7, 6, 1, 1, 37]    (11)
bravo2.D5_3    35_[2, 6, 3, 25, 1, 0, 0, 27, 0, 3, 2, 4, 2, 3, 4, 1, 0, 2, 2, 0, 1, 1, 19, 7, 1, 1, 7, 2, 2, 0, 14, 1, 12, 3, 11]    (11)
bravo2.D4_12    33_[2, 5, 3, 0, 35, 1, 4, 0, 8, 0, 1, 14, 0, 6, 1, 13, 1, 2, 20, 10, 3, 3, 6, 3, 7, 5, 0, 0, 0, 3, 0, 3, 14]    (11)
bravo3.D4_9    32_[0, 0, 0, 3, 1, 0, 7, 15, 0, 3, 2, 1, 8, 13, 2, 2, 0, 1, 3, 18, 1, 9, 1, 2, 1, 26, 11, 2, 14, 3, 2, 22]    (11)
bravo1.D4_13    31_[5, 2, 0, 1, 6, 7, 3, 0, 6, 0, 6, 0, 10, 12, 1, 5, 7, 6, 10, 23, 15, 2, 7, 2, 2, 1, 4, 11, 2, 13, 2]    (11)
bravo2.D2_5    30_[8, 5, 7, 7, 8, 21, 1, 3, 2, 10, 6, 3, 4, 12, 16, 1, 0, 0, 3, 1, 14, 2, 1, 4, 2, 12, 1, 7, 1, 20]    (11)
bravo3.A2_6    30_[2, 2, 14, 1, 5, 0, 11, 1, 12, 6, 16, 9, 4, 22, 3, 4, 0, 14, 0, 1, 2, 1, 9, 1, 1, 3, 8, 1, 17, 8]    (11)
bravo3.D2_5    29_[3, 2, 10, 10, 4, 7, 10, 8, 4, 0, 7, 21, 0, 6, 7, 2, 12, 1, 5, 5, 7, 6, 1, 3, 7, 10, 2, 7, 10]    (11)
bravo1.A4_15    29_[0, 1, 2, 0, 2, 9, 10, 23, 3, 5, 0, 1, 3, 1, 7, 2, 2, 6, 9, 19, 4, 1, 7, 7, 14, 1, 13, 12, 9]    (11)
bravo2.A1_7    28_[6, 2, 21, 0, 1, 7, 0, 12, 0, 0, 30, 1, 3, 8, 5, 3, 1, 12, 3, 7, 3, 0, 10, 9, 0, 2, 2, 25]    (11)
bravo3.D3_11    28_[6, 3, 23, 1, 5, 4, 1, 19, 1, 3, 15, 0, 4, 2, 8, 7, 4, 8, 2, 3, 17, 5, 2, 12, 0, 0, 5, 20]    (11)
bravo1.D2_14    27_[8, 0, 26, 6, 10, 15, 8, 0, 4, 14, 2, 11, 9, 3, 5, 5, 2, 1, 6, 18, 0, 2, 2, 6, 7, 2, 6]    (11)
bravo3.A4_13    24_[1, 6, 7, 6, 4, 2, 10, 0, 9, 1, 21, 5, 3, 13, 4, 16, 12, 25, 2, 8, 4, 2, 15, 0]    (11)
bravo2.A5_18    9_[3, 3, 15, 3, 26, 6, 9, 13, 235]    (11)

index: 23
ball:27
average: 5.88
bravos:
bravo2.A4_6    45_[0, 8, 0, 2, 1, 4, 1, 2, 2, 2, 5, 9, 1, 2, 0, 2, 10, 0, 7, 0, 3, 0, 4, 6, 2, 9, 2, 13, 4, 1, 4, 1, 1, 2, 1, 0, 10, 7, 9, 0, 4, 2, 6, 4, 2]    (27)
bravo3.D3_5    42_[1, 9, 1, 1, 0, 2, 2, 4, 14, 0, 2, 7, 8, 3, 0, 1, 3, 3, 4, 1, 6, 0, 3, 1, 6, 2, 0, 5, 2, 1, 1, 7, 4, 4, 7, 15, 8, 6, 4, 5, 2, 7]    (27)
bravo1.A5_4    41_[4, 4, 0, 4, 7, 1, 30, 4, 5, 6, 0, 6, 1, 8, 5, 0, 4, 5, 2, 6, 0, 6, 0, 2, 0, 2, 13, 0, 0, 0, 2, 2, 0, 5, 0, 0, 11, 1, 1, 7, 10]    (27)
bravo3.A6_4    40_[0, 18, 5, 9, 0, 13, 0, 2, 3, 10, 8, 8, 4, 0, 14, 2, 3, 6, 7, 1, 2, 0, 0, 3, 5, 1, 0, 2, 2, 0, 0, 0, 2, 6, 0, 6, 2, 2, 4, 17]    (27)
bravo3.A5_3    39_[9, 1, 7, 1, 1, 13, 1, 10, 1, 0, 0, 3, 1, 6, 1, 24, 6, 9, 4, 5, 0, 4, 1, 5, 6, 3, 2, 11, 1, 4, 7, 3, 0, 0, 4, 1, 1, 4, 2]    (27)
bravo3.A4_4    39_[1, 5, 2, 0, 17, 1, 14, 2, 16, 0, 1, 5, 0, 0, 12, 4, 1, 3, 5, 4, 0, 1, 11, 6, 4, 1, 0, 0, 1, 2, 11, 15, 8, 1, 3, 0, 2, 1, 19]    (27)
bravo2.A6_4    39_[0, 18, 16, 0, 12, 2, 0, 3, 1, 8, 22, 0, 7, 6, 2, 3, 0, 5, 0, 6, 1, 2, 0, 0, 9, 1, 0, 2, 4, 10, 0, 6, 2, 2, 2, 1, 3, 3, 17]    (27)
bravo1.A4_3    37_[1, 15, 13, 0, 8, 3, 0, 0, 0, 4, 3, 2, 0, 4, 0, 15, 12, 15, 5, 1, 1, 6, 1, 2, 2, 14, 0, 0, 0, 5, 6, 4, 6, 0, 0, 2, 19]    (27)
bravo2.A5_3    35_[9, 1, 7, 1, 4, 10, 1, 10, 1, 0, 4, 8, 1, 22, 1, 6, 9, 0, 6, 2, 0, 6, 5, 10, 1, 0, 11, 1, 4, 7, 2, 7, 3, 4, 2]    (27)
bravo3.D6_2    35_[4, 2, 3, 3, 5, 1, 18, 0, 3, 1, 2, 2, 4, 1, 6, 7, 6, 30, 7, 11, 5, 1, 8, 0, 7, 0, 5, 1, 7, 3, 1, 0, 0, 9, 11]    (27)
bravo2.D3_5    34_[8, 4, 0, 0, 6, 4, 0, 13, 11, 19, 20, 1, 8, 2, 0, 8, 3, 2, 4, 4, 3, 0, 0, 11, 10, 5, 0, 5, 0, 3, 2, 5, 4, 5]    (27)
bravo1.D3_7    31_[3, 0, 8, 3, 1, 0, 8, 2, 0, 9, 1, 3, 8, 5, 12, 7, 9, 2, 3, 7, 3, 1, 1, 5, 16, 4, 11, 9, 3, 13, 19]    (27)
bravo1.A3_22    27_[17, 11, 2, 0, 2, 6, 1, 3, 14, 2, 17, 8, 3, 3, 7, 13, 5, 0, 7, 1, 16, 7, 1, 3, 13, 9, 14]    (27)
bravo1.D4_25    27_[12, 8, 7, 13, 7, 1, 7, 0, 7, 36, 0, 0, 10, 1, 6, 4, 2, 2, 6, 6, 13, 1, 2, 6, 1, 15, 5]    (27)
bravo2.A3_14    27_[2, 1, 30, 6, 3, 6, 4, 12, 2, 1, 1, 8, 4, 1, 4, 8, 1, 5, 0, 0, 11, 7, 9, 32, 3, 11, 10]    (27)
bravo1.D6_4    27_[1, 9, 2, 27, 1, 14, 12, 11, 1, 12, 5, 10, 1, 5, 1, 11, 8, 0, 9, 1, 13, 2, 2, 0, 0, 13, 5]    (27)
bravo3.D5_11    25_[11, 5, 2, 0, 1, 1, 26, 1, 2, 0, 1, 29, 3, 1, 18, 1, 6, 3, 1, 3, 1, 19, 26, 13, 2]    (27)
bravo3.A3_14    24_[8, 10, 22, 10, 9, 6, 3, 0, 8, 2, 9, 10, 8, 0, 7, 3, 7, 13, 1, 8, 1, 7, 0, 28]    (27)
bravo1.D5_18    18_[4, 4, 1, 1, 11, 10, 14, 0, 8, 56, 2, 8, 3, 32, 1, 1, 10, 28]    (27)
bravo2.D4_16    17_[13, 7, 1, 8, 2, 12, 29, 45, 2, 0, 6, 26, 7, 2, 9, 14, 6]    (27)
bravo1.A6_6    15_[21, 14, 4, 2, 7, 9, 3, 7, 18, 24, 16, 9, 1, 50, 25]    (27)
bravo2.D5_18    10_[4, 2, 15, 10, 19, 67, 4, 8, 56, 70]    (27)
bravo2.D6_14    9_[1, 2, 35, 44, 14, 23, 0, 10, 102]    (27)
bravo3.D4_18    7_[7, 18, 2, 3, 17, 64, 89]    (27)

index: 24
ball:22
average: 5.45
bravos:
bravo1.D3_15    44_[3, 5, 9, 1, 3, 8, 1, 1, 2, 6, 4, 0, 2, 12, 2, 1, 8, 9, 2, 3, 1, 2, 4, 0, 1, 1, 3, 4, 0, 2, 0, 5, 0, 8, 3, 1, 8, 1, 3, 5, 4, 10, 2, 9]    (22)
bravo2.A5_6    43_[7, 2, 1, 0, 2, 8, 3, 2, 2, 0, 0, 0, 9, 5, 7, 3, 0, 8, 0, 0, 3, 1, 8, 2, 0, 10, 0, 5, 8, 2, 2, 4, 2, 18, 3, 17, 1, 4, 0, 0, 0, 6, 2]    (22)
bravo1.A3_14    42_[6, 2, 3, 7, 3, 8, 3, 2, 6, 4, 0, 0, 14, 2, 1, 4, 3, 8, 0, 2, 4, 3, 5, 1, 5, 4, 0, 2, 6, 0, 6, 4, 0, 1, 8, 3, 1, 5, 4, 6, 6, 9]    (22)
bravo2.D3_6    42_[0, 14, 2, 16, 2, 2, 2, 6, 2, 0, 3, 1, 0, 6, 0, 4, 2, 1, 2, 1, 0, 1, 2, 0, 4, 12, 1, 1, 0, 9, 5, 7, 6, 7, 4, 1, 5, 1, 2, 1, 20, 3]    (22)
bravo3.A4_6    41_[2, 6, 0, 2, 1, 4, 1, 2, 11, 3, 11, 2, 3, 1, 4, 8, 0, 5, 0, 2, 5, 4, 11, 12, 5, 1, 3, 1, 14, 0, 2, 4, 0, 7, 5, 3, 0, 0, 2, 0, 12]    (22)
bravo1.A5_6    40_[1, 5, 11, 3, 13, 4, 0, 2, 0, 0, 0, 0, 14, 3, 3, 1, 4, 2, 31, 0, 1, 2, 0, 0, 5, 6, 6, 6, 7, 1, 8, 10, 1, 1, 1, 0, 5, 2, 0, 3]    (22)
bravo2.A3_13    39_[2, 13, 6, 2, 24, 8, 0, 2, 1, 0, 0, 1, 17, 4, 1, 1, 3, 0, 3, 3, 11, 1, 5, 4, 5, 0, 11, 4, 1, 5, 8, 1, 0, 0, 2, 2, 4, 2, 4]    (22)
bravo3.A3_13    38_[0, 3, 5, 8, 6, 0, 8, 2, 2, 11, 3, 2, 4, 0, 3, 4, 18, 3, 1, 2, 1, 3, 5, 4, 0, 0, 6, 10, 4, 2, 9, 9, 6, 0, 6, 6, 2, 4]    (22)
bravo3.A5_5    37_[23, 1, 11, 6, 5, 6, 4, 5, 7, 1, 4, 1, 2, 3, 0, 30, 0, 1, 4, 1, 0, 1, 0, 3, 0, 6, 1, 0, 0, 2, 4, 13, 4, 4, 1, 7, 3]    (22)
bravo1.A4_4    35_[15, 6, 6, 6, 3, 2, 7, 9, 0, 7, 2, 8, 9, 4, 2, 0, 7, 4, 1, 4, 7, 7, 7, 1, 12, 2, 6, 9, 1, 8, 1, 1, 0, 1, 4]    (22)
bravo2.A4_9    34_[1, 0, 26, 8, 4, 3, 3, 9, 3, 7, 0, 0, 3, 3, 5, 7, 3, 2, 0, 0, 1, 1, 6, 6, 7, 13, 0, 13, 2, 1, 5, 11, 2, 13]    (22)
bravo2.A6_5    33_[4, 18, 1, 0, 0, 5, 1, 3, 7, 2, 0, 0, 1, 6, 0, 22, 1, 5, 2, 15, 0, 21, 13, 5, 1, 1, 13, 10, 0, 0, 0, 4, 7]    (22)
bravo2.D4_13    33_[1, 0, 7, 4, 4, 7, 18, 2, 0, 10, 12, 1, 0, 8, 0, 1, 22, 1, 3, 3, 0, 5, 6, 11, 7, 13, 0, 2, 0, 0, 8, 10, 5]    (22)
bravo1.D2_1    32_[10, 11, 6, 6, 0, 3, 17, 2, 6, 0, 2, 5, 2, 1, 12, 2, 6, 4, 0, 1, 13, 2, 4, 5, 3, 8, 10, 5, 6, 0, 15, 3]    (22)
bravo1.A2_21    30_[7, 4, 4, 11, 14, 0, 0, 0, 0, 1, 1, 17, 1, 14, 0, 3, 4, 1, 15, 13, 1, 0, 10, 2, 20, 5, 8, 11, 2, 6]    (22)
bravo3.D3_6    29_[15, 5, 6, 9, 3, 8, 8, 0, 0, 8, 10, 0, 11, 10, 3, 3, 7, 2, 5, 0, 6, 12, 1, 3, 5, 6, 5, 19, 1]    (22)
bravo3.D5_9    28_[0, 22, 5, 2, 6, 3, 4, 2, 12, 1, 34, 14, 15, 2, 11, 9, 14, 5, 1, 0, 1, 0, 0, 2, 3, 0, 4, 0]    (22)
bravo1.D4_24    25_[3, 4, 20, 11, 4, 14, 4, 6, 1, 17, 11, 0, 7, 3, 2, 1, 5, 7, 15, 5, 1, 13, 4, 1, 22]    (22)
bravo3.D4_16    23_[11, 1, 6, 0, 7, 2, 9, 4, 0, 18, 3, 6, 48, 0, 9, 19, 1, 1, 6, 0, 14, 12, 6]    (22)
bravo1.D5_16    22_[1, 8, 18, 6, 9, 10, 0, 3, 10, 31, 0, 5, 8, 1, 5, 5, 11, 8, 2, 8, 0, 34]    (22)
bravo2.D5_15    12_[4, 18, 35, 0, 6, 10, 43, 14, 20, 11, 26, 1]    (22)
bravo2.D6_13    7_[4, 2, 25, 6, 13, 108, 81]    (22)

index: 25
ball:17
average: 5.32
bravos:
bravo2.D4_2    41_[8, 3, 3, 2, 0, 2, 4, 5, 4, 1, 4, 5, 13, 0, 3, 3, 1, 4, 12, 4, 3, 1, 4, 9, 3, 4, 0, 3, 1, 7, 5, 8, 4, 0, 0, 0, 9, 0, 13, 0, 5]    (17)
bravo3.D4_3    41_[1, 1, 3, 3, 1, 2, 18, 5, 6, 0, 12, 0, 3, 3, 0, 0, 0, 5, 1, 5, 4, 3, 2, 3, 0, 8, 9, 0, 6, 0, 1, 21, 1, 5, 1, 4, 11, 0, 3, 3, 9]    (17)
bravo3.D2_1    40_[2, 4, 14, 4, 8, 0, 0, 9, 2, 9, 0, 0, 3, 1, 1, 0, 0, 8, 6, 14, 1, 1, 2, 5, 1, 0, 1, 0, 4, 1, 20, 8, 1, 2, 0, 0, 2, 2, 6, 19]    (17)
bravo2.D3_3    39_[1, 0, 1, 5, 5, 2, 0, 2, 1, 12, 3, 3, 3, 2, 6, 0, 8, 7, 0, 4, 3, 4, 0, 0, 3, 6, 9, 0, 12, 4, 0, 0, 0, 21, 2, 2, 7, 22, 11]    (17)
bravo1.D2_8    37_[6, 0, 6, 10, 2, 23, 2, 2, 2, 2, 0, 0, 2, 6, 1, 5, 5, 14, 3, 8, 1, 4, 1, 5, 4, 5, 6, 9, 6, 0, 4, 2, 0, 10, 2, 2, 3]    (17)
bravo3.D3_4    37_[4, 5, 4, 3, 0, 2, 5, 8, 0, 21, 9, 6, 3, 4, 9, 7, 1, 4, 2, 14, 2, 1, 2, 3, 3, 7, 5, 2, 2, 0, 5, 5, 0, 0, 8, 6, 1]    (17)
bravo1.A4_6    35_[1, 15, 1, 9, 2, 4, 21, 0, 14, 2, 7, 0, 1, 5, 4, 9, 1, 5, 1, 6, 4, 0, 11, 0, 9, 1, 0, 20, 1, 3, 0, 5, 2, 0, 10]    (17)
bravo2.A2_10    35_[1, 5, 9, 8, 1, 7, 5, 2, 21, 0, 2, 14, 1, 6, 9, 7, 1, 0, 0, 5, 2, 4, 3, 9, 1, 11, 0, 2, 8, 6, 3, 2, 9, 0, 4]    (17)
bravo1.A2_14    34_[17, 7, 2, 11, 8, 3, 7, 4, 0, 5, 4, 3, 1, 1, 9, 10, 2, 10, 16, 2, 2, 1, 4, 9, 2, 3, 3, 3, 1, 3, 6, 0, 1, 9]    (17)
bravo2.D2_1    34_[1, 0, 24, 7, 1, 0, 0, 5, 4, 0, 6, 2, 0, 4, 1, 2, 9, 9, 0, 14, 2, 7, 0, 1, 0, 26, 13, 1, 0, 5, 8, 8, 1, 6]    (17)
bravo1.A3_12    34_[0, 0, 5, 11, 5, 2, 3, 3, 13, 8, 1, 13, 3, 0, 2, 0, 11, 3, 8, 0, 3, 10, 3, 4, 4, 9, 3, 6, 10, 8, 0, 5, 4, 6]    (17)
bravo2.D5_1    33_[7, 0, 10, 3, 0, 9, 0, 5, 6, 5, 6, 1, 14, 6, 12, 3, 3, 1, 2, 0, 5, 0, 1, 4, 2, 0, 0, 3, 12, 2, 21, 11, 13]    (17)
bravo3.A3_15    32_[2, 8, 1, 2, 10, 0, 9, 8, 2, 0, 1, 7, 5, 10, 6, 22, 4, 1, 0, 3, 5, 6, 2, 0, 11, 10, 0, 9, 1, 18, 4, 1]    (17)
bravo1.D5_8    30_[21, 7, 3, 8, 1, 3, 4, 7, 7, 4, 14, 8, 1, 0, 6, 0, 5, 1, 0, 3, 0, 5, 1, 21, 16, 5, 3, 0, 9, 10]    (17)
bravo3.A2_10    30_[3, 14, 0, 8, 30, 0, 7, 2, 26, 12, 3, 0, 9, 4, 3, 7, 0, 6, 3, 4, 2, 1, 0, 1, 3, 1, 3, 0, 10, 13]    (17)
bravo1.D3_17    30_[2, 0, 3, 11, 5, 2, 3, 17, 6, 0, 2, 13, 3, 4, 9, 9, 4, 0, 14, 3, 4, 7, 1, 8, 6, 10, 8, 0, 10, 6]    (17)
bravo1.D4_22    28_[7, 2, 0, 14, 10, 2, 4, 2, 2, 0, 9, 3, 5, 14, 3, 3, 20, 3, 12, 12, 11, 0, 1, 7, 10, 2, 9, 12]    (17)
bravo2.A3_16    26_[8, 2, 16, 2, 10, 8, 2, 11, 7, 0, 2, 5, 3, 6, 3, 0, 12, 16, 5, 0, 11, 2, 7, 5, 7, 28]    (17)
bravo1.A5_14    19_[8, 12, 11, 5, 3, 0, 4, 2, 8, 32, 14, 2, 10, 7, 22, 1, 5, 9, 26]    (17)
bravo3.A4_19    10_[7, 20, 30, 1, 10, 5, 45, 2, 32, 59]    (17)
bravo2.A4_20    7_[8, 25, 19, 16, 23, 39, 109]    (17)
bravo2.A5_20    2_[2, 196]    (17)

index: 26
ball:2
average: 4.58
bravos:
bravo2.D2_10    44_[3, 3, 8, 1, 1, 4, 12, 1, 5, 6, 1, 9, 6, 4, 1, 1, 8, 0, 0, 5, 0, 1, 5, 6, 7, 0, 3, 9, 1, 4, 2, 3, 2, 3, 2, 0, 8, 9, 5, 2, 2, 1, 2, 2]    (2)
bravo2.D1_6    42_[2, 3, 2, 5, 1, 3, 3, 4, 2, 10, 8, 4, 7, 0, 1, 11, 8, 7, 0, 5, 2, 3, 3, 5, 1, 8, 5, 5, 6, 4, 2, 5, 4, 2, 3, 4, 1, 7, 0, 0, 1, 8]    (2)
bravo1.A2_2    41_[0, 3, 0, 0, 1, 3, 14, 1, 1, 3, 6, 2, 1, 1, 12, 4, 4, 3, 8, 1, 1, 0, 1, 1, 5, 16, 6, 0, 0, 0, 13, 1, 4, 1, 13, 10, 2, 0, 10, 2, 5]    (2)
bravo3.D1_4    40_[2, 2, 8, 0, 0, 11, 1, 0, 1, 0, 6, 1, 6, 7, 8, 3, 0, 0, 8, 1, 0, 0, 0, 20, 2, 2, 1, 5, 5, 4, 2, 2, 1, 2, 15, 10, 2, 1, 17, 7]    (2)
bravo2.A2_1    38_[4, 0, 2, 3, 5, 8, 6, 14, 2, 6, 3, 4, 4, 1, 1, 0, 3, 4, 0, 1, 5, 3, 0, 7, 4, 10, 0, 0, 0, 3, 0, 4, 17, 0, 1, 5, 10, 23]    (2)
bravo1.A1_2    37_[0, 3, 0, 12, 0, 7, 12, 2, 3, 3, 10, 4, 6, 1, 0, 0, 1, 0, 4, 0, 7, 3, 8, 0, 14, 6, 17, 2, 1, 0, 0, 0, 0, 6, 9, 9, 13]    (2)
bravo3.D2_9    33_[15, 4, 7, 14, 0, 1, 8, 1, 10, 3, 11, 3, 1, 10, 3, 7, 4, 3, 0, 3, 11, 3, 6, 3, 3, 2, 7, 1, 15, 1, 0, 7, 11]    (2)
bravo2.A1_2    33_[4, 0, 12, 8, 16, 4, 2, 2, 6, 0, 11, 1, 0, 0, 7, 0, 7, 2, 1, 7, 4, 10, 0, 5, 0, 4, 11, 3, 0, 0, 2, 16, 23]    (2)
bravo3.A1_2    33_[4, 0, 12, 8, 16, 4, 2, 2, 6, 0, 11, 1, 0, 0, 7, 0, 7, 2, 1, 7, 4, 10, 0, 5, 5, 3, 7, 3, 0, 0, 2, 16, 23]    (2)
bravo3.A2_2    30_[4, 0, 2, 2, 18, 0, 7, 9, 0, 6, 16, 4, 6, 14, 0, 0, 10, 10, 7, 5, 10, 4, 1, 10, 5, 7, 2, 2, 2, 8]    (2)
bravo1.D1_5    27_[6, 1, 20, 3, 11, 7, 3, 12, 2, 0, 3, 0, 1, 1, 14, 2, 7, 5, 4, 16, 3, 37, 6, 0, 5, 0, 11]    (2)
bravo1.D2_20    23_[11, 4, 12, 5, 6, 10, 22, 4, 2, 9, 0, 8, 21, 16, 3, 7, 1, 6, 0, 12, 14, 0, 8]    (2)

index: 27
ball:20
average: 3.81
bravos:
bravo1.D3_11    50_[0, 0, 0, 3, 4, 1, 6, 0, 1, 2, 0, 27, 1, 4, 8, 0, 4, 3, 0, 0, 14, 0, 2, 0, 15, 0, 8, 2, 3, 2, 1, 6, 0, 1, 1, 0, 2, 1, 1, 9, 2, 0, 0, 2, 4, 5, 0, 4, 1, 11]    (20)
bravo2.D3_1    46_[1, 11, 0, 4, 11, 0, 1, 3, 6, 4, 0, 6, 5, 0, 0, 0, 4, 17, 2, 3, 1, 1, 6, 4, 1, 2, 1, 5, 3, 2, 7, 0, 9, 1, 4, 2, 0, 6, 2, 1, 11, 3, 0, 0, 0, 10]    (20)
bravo3.D3_2    41_[2, 11, 17, 4, 6, 5, 0, 0, 0, 4, 4, 5, 6, 2, 4, 3, 1, 2, 1, 1, 2, 4, 2, 12, 1, 0, 1, 9, 0, 0, 1, 1, 7, 1, 7, 2, 5, 0, 11, 1, 33]    (20)
bravo2.D4_1    40_[0, 6, 11, 1, 14, 5, 2, 2, 1, 2, 1, 1, 4, 0, 1, 6, 3, 3, 4, 8, 1, 2, 1, 0, 1, 0, 0, 6, 4, 8, 2, 1, 2, 4, 18, 19, 2, 6, 2, 12]    (20)
bravo1.D2_3    39_[1, 7, 7, 0, 8, 3, 8, 3, 0, 4, 1, 0, 10, 1, 1, 2, 0, 4, 8, 11, 2, 0, 6, 2, 7, 7, 1, 0, 4, 2, 2, 3, 10, 2, 10, 10, 8, 2, 4]    (20)
bravo1.A4_8    37_[12, 3, 1, 7, 0, 7, 9, 2, 0, 11, 7, 10, 5, 1, 1, 0, 4, 1, 2, 2, 9, 0, 6, 16, 7, 2, 1, 4, 6, 0, 9, 1, 1, 3, 5, 2, 6]    (20)
bravo3.D4_1    37_[0, 7, 10, 1, 11, 2, 5, 2, 4, 4, 1, 1, 0, 2, 1, 6, 3, 0, 2, 4, 10, 2, 0, 0, 0, 1, 0, 0, 11, 8, 2, 9, 19, 18, 2, 9, 12]    (20)
bravo1.D5_9    35_[0, 6, 0, 1, 1, 4, 5, 5, 2, 6, 1, 9, 8, 5, 8, 16, 8, 5, 0, 3, 3, 21, 5, 0, 1, 0, 7, 10, 5, 9, 3, 6, 1, 1, 0]    (20)
bravo1.A3_18    34_[11, 14, 35, 4, 3, 0, 8, 0, 13, 1, 0, 17, 2, 8, 0, 5, 4, 6, 4, 0, 0, 1, 1, 1, 9, 2, 0, 0, 2, 4, 4, 0, 0, 19]    (20)
bravo1.D4_20    30_[0, 12, 11, 1, 4, 16, 1, 0, 6, 0, 0, 8, 18, 8, 1, 2, 6, 1, 1, 3, 3, 42, 3, 0, 5, 2, 5, 7, 2, 2]    (20)
bravo1.A5_13    29_[0, 8, 0, 3, 1, 1, 10, 2, 8, 8, 9, 8, 12, 18, 3, 6, 2, 2, 3, 2, 3, 1, 0, 34, 0, 11, 1, 14, 7]    (20)
bravo1.A2_19    28_[9, 8, 2, 5, 8, 0, 12, 2, 17, 5, 4, 7, 14, 1, 17, 4, 5, 5, 12, 4, 0, 0, 3, 7, 1, 3, 10, 7]    (20)
bravo3.A3_17    22_[5, 13, 0, 5, 2, 5, 2, 11, 3, 6, 1, 1, 6, 5, 16, 17, 40, 5, 9, 0, 9, 21]    (20)
bravo2.A3_18    19_[5, 14, 5, 18, 4, 10, 9, 0, 22, 4, 23, 8, 36, 0, 0, 0, 1, 3, 23]    (20)
bravo3.A4_21    4_[8, 76, 84, 74]    (20)
bravo2.A4_21    3_[7, 77, 158]    (20)

index: 28
ball:4
average: 3.5
bravos:
bravo1.A3_13    52_[0, 0, 6, 0, 8, 0, 1, 9, 2, 0, 0, 0, 1, 12, 4, 2, 3, 1, 1, 1, 3, 2, 8, 2, 3, 0, 6, 1, 10, 1, 0, 8, 3, 6, 5, 2, 2, 3, 2, 2, 0, 1, 1, 7, 1, 2, 1, 4, 4, 1, 4, 4]    (4)
bravo1.D3_16    43_[2, 5, 0, 8, 0, 11, 2, 0, 0, 0, 14, 7, 3, 1, 1, 1, 3, 5, 0, 4, 2, 3, 6, 10, 5, 8, 10, 2, 2, 7, 1, 5, 0, 1, 0, 0, 7, 1, 2, 1, 4, 6, 9]    (4)
bravo1.A1_6    40_[9, 0, 1, 1, 12, 3, 11, 0, 0, 1, 9, 4, 4, 4, 3, 6, 0, 5, 0, 0, 3, 3, 3, 10, 1, 15, 1, 4, 2, 10, 11, 0, 2, 6, 0, 4, 3, 2, 3, 4]    (4)
bravo1.D1_1    37_[5, 22, 0, 2, 1, 8, 1, 4, 18, 4, 11, 0, 3, 8, 1, 0, 0, 7, 0, 1, 1, 2, 1, 1, 15, 1, 1, 7, 7, 0, 0, 7, 2, 2, 7, 4, 14]    (4)
bravo1.D2_15    34_[3, 5, 2, 4, 20, 2, 0, 1, 0, 14, 7, 1, 5, 2, 5, 0, 0, 8, 20, 7, 4, 1, 0, 2, 5, 2, 4, 2, 0, 16, 9, 2, 1, 18]    (4)
bravo1.A2_7    31_[2, 2, 3, 1, 15, 9, 3, 18, 9, 3, 6, 4, 11, 2, 0, 20, 3, 3, 0, 3, 4, 0, 2, 7, 0, 4, 6, 5, 8, 4, 18]    (4)

index: 29
ball:31
average: 3.47
bravos:
bravo3.A5_1    48_[1, 0, 3, 0, 1, 0, 2, 3, 2, 2, 9, 1, 2, 8, 1, 4, 5, 3, 1, 2, 4, 4, 8, 0, 6, 10, 7, 1, 0, 0, 0, 1, 4, 7, 9, 2, 0, 1, 6, 19, 1, 2, 1, 2, 2, 1, 3, 3]    (31)
bravo2.A5_1    43_[1, 0, 3, 0, 1, 3, 6, 2, 9, 1, 11, 1, 4, 5, 8, 4, 4, 8, 1, 1, 3, 10, 7, 1, 0, 0, 0, 1, 4, 7, 8, 0, 1, 0, 2, 17, 8, 1, 2, 4, 4, 3, 3]    (31)
bravo3.D4_5    42_[16, 1, 0, 2, 0, 4, 1, 3, 0, 1, 4, 8, 2, 4, 5, 5, 2, 1, 8, 11, 4, 1, 1, 1, 14, 7, 5, 2, 1, 5, 2, 1, 7, 0, 10, 8, 0, 0, 6, 5, 0, 10]    (31)
bravo2.D4_4    39_[9, 5, 2, 0, 5, 2, 1, 12, 4, 0, 6, 2, 0, 0, 1, 1, 4, 7, 4, 3, 20, 15, 6, 14, 0, 9, 4, 0, 0, 5, 2, 0, 9, 0, 3, 3, 3, 0, 7]    (31)
bravo1.A5_2    39_[0, 5, 0, 2, 10, 2, 0, 7, 1, 10, 4, 8, 2, 4, 8, 8, 1, 0, 11, 3, 0, 7, 16, 1, 0, 0, 6, 3, 8, 5, 14, 0, 4, 0, 0, 0, 4, 1, 6]    (31)
bravo1.A4_16    37_[8, 0, 1, 11, 2, 9, 1, 0, 0, 0, 3, 7, 0, 0, 10, 9, 2, 7, 8, 8, 19, 1, 2, 3, 1, 1, 4, 2, 1, 4, 2, 2, 4, 15, 0, 16, 6]    (31)
bravo2.A6_3    37_[2, 4, 2, 0, 1, 3, 4, 1, 8, 0, 3, 4, 8, 4, 4, 1, 1, 2, 8, 10, 4, 17, 2, 1, 6, 9, 1, 11, 7, 5, 7, 7, 1, 3, 0, 5, 7]    (31)
bravo3.A6_3    36_[2, 4, 2, 0, 1, 3, 4, 1, 8, 0, 3, 4, 8, 4, 2, 1, 1, 1, 2, 19, 4, 17, 2, 1, 6, 9, 1, 11, 21, 7, 1, 3, 0, 0, 4, 7]    (31)
bravo3.D6_3    36_[1, 2, 7, 0, 6, 0, 17, 5, 3, 4, 1, 3, 1, 3, 2, 5, 2, 8, 6, 1, 3, 9, 1, 0, 5, 11, 5, 10, 5, 1, 13, 5, 0, 18, 0, 2]    (31)
bravo1.D4_12    28_[0, 8, 13, 5, 23, 0, 9, 4, 6, 10, 4, 0, 11, 6, 12, 6, 1, 1, 2, 6, 3, 0, 0, 2, 20, 3, 10, 8]    (31)
bravo1.A6_3    27_[0, 3, 2, 2, 0, 5, 7, 7, 0, 0, 15, 7, 3, 1, 20, 46, 0, 0, 4, 6, 7, 1, 19, 1, 4, 0, 17]    (31)
bravo3.D5_13    18_[0, 6, 15, 9, 13, 6, 4, 0, 1, 15, 40, 2, 12, 1, 7, 23, 27, 31]    (31)
bravo3.A4_17    16_[11, 8, 0, 13, 18, 7, 4, 4, 12, 9, 4, 21, 12, 35, 21, 35]    (31)
bravo1.D5_20    16_[0, 6, 13, 3, 7, 1, 24, 16, 0, 33, 21, 12, 7, 14, 21, 7]    (31)
bravo1.D6_7    13_[4, 5, 3, 45, 17, 14, 22, 18, 0, 22, 10, 27, 0]    (31)
bravo2.A4_18    13_[4, 46, 9, 5, 53, 2, 10, 1, 22, 11, 19, 0, 11]    (31)
bravo2.D6_15    5_[0, 33, 0, 100, 130]    (31)

index: 30
ball:13
average: 3.38
bravos:
bravo1.D3_14    41_[6, 12, 1, 3, 14, 3, 2, 0, 1, 4, 14, 6, 2, 2, 2, 2, 1, 1, 0, 1, 4, 0, 2, 1, 1, 4, 3, 1, 8, 9, 11, 4, 8, 1, 5, 1, 1, 1, 10, 5, 2]    (13)
bravo1.A2_15    40_[7, 13, 4, 3, 5, 3, 3, 7, 4, 8, 2, 0, 5, 3, 3, 5, 0, 1, 8, 0, 3, 1, 6, 1, 1, 4, 1, 13, 7, 1, 5, 3, 0, 14, 1, 3, 7, 5, 0, 1]    (13)
bravo1.D4_9    38_[6, 2, 9, 1, 1, 6, 0, 4, 7, 0, 3, 8, 0, 4, 3, 0, 0, 1, 6, 13, 3, 0, 5, 11, 3, 2, 3, 14, 5, 1, 1, 8, 4, 6, 11, 11, 0, 3]    (13)
bravo1.D5_2    37_[0, 5, 12, 3, 2, 3, 14, 9, 0, 6, 4, 0, 1, 15, 0, 4, 1, 2, 12, 13, 0, 5, 1, 1, 5, 0, 1, 0, 7, 1, 14, 3, 8, 0, 6, 5, 5]    (13)
bravo1.A4_19    32_[6, 2, 1, 4, 6, 8, 5, 5, 4, 0, 7, 5, 17, 5, 1, 0, 6, 7, 1, 9, 1, 11, 5, 3, 12, 0, 13, 2, 1, 17, 4, 3]    (13)
bravo1.A3_15    31_[1, 21, 1, 18, 2, 0, 1, 19, 12, 2, 2, 1, 0, 12, 1, 1, 6, 1, 0, 0, 8, 12, 23, 0, 5, 1, 1, 1, 10, 7, 0]    (13)
bravo1.D2_7    30_[1, 2, 6, 1, 0, 1, 9, 7, 16, 15, 2, 3, 6, 3, 1, 5, 2, 5, 7, 15, 2, 11, 6, 0, 22, 10, 7, 5, 0, 7]    (13)
bravo1.A5_20    13_[0, 22, 6, 6, 1, 12, 18, 54, 7, 3, 17, 35, 35]    (13)

index: 31
ball:23
average: 3.33
bravos:
bravo1.D3_6    36_[10, 0, 2, 1, 19, 6, 0, 2, 5, 7, 2, 2, 1, 2, 6, 4, 3, 5, 4, 1, 0, 7, 0, 10, 1, 5, 2, 1, 1, 7, 1, 8, 2, 6, 19, 20]    (23)
bravo1.A5_12    36_[1, 5, 6, 3, 4, 3, 1, 23, 5, 0, 5, 2, 3, 2, 10, 1, 1, 9, 4, 0, 0, 14, 5, 8, 0, 5, 1, 9, 0, 11, 5, 5, 9, 1, 3, 1]    (23)
bravo1.D4_10    35_[0, 5, 4, 2, 1, 2, 12, 5, 1, 6, 2, 4, 7, 7, 4, 3, 5, 9, 5, 11, 7, 2, 8, 2, 16, 0, 0, 13, 3, 0, 3, 6, 0, 10, 7]    (23)
bravo1.A3_23    34_[1, 8, 0, 2, 1, 10, 8, 6, 0, 2, 5, 7, 2, 4, 2, 6, 3, 0, 14, 10, 5, 5, 8, 1, 1, 1, 6, 0, 1, 11, 5, 17, 2, 20]    (23)
bravo1.D5_10    33_[1, 9, 15, 16, 1, 0, 1, 0, 3, 4, 0, 5, 6, 12, 4, 9, 3, 6, 5, 4, 15, 18, 1, 0, 13, 1, 3, 0, 5, 2, 0, 0, 10]    (23)
bravo1.A4_18    27_[7, 6, 6, 4, 5, 31, 6, 4, 25, 0, 8, 1, 2, 4, 2, 8, 2, 16, 2, 3, 4, 3, 3, 3, 0, 17, 7]    (23)

index: 32
ball:1
average: 2.83
bravos:
bravo2.A1_1    47_[2, 0, 3, 4, 3, 13, 7, 0, 1, 0, 3, 4, 3, 5, 1, 0, 8, 12, 4, 0, 0, 3, 2, 8, 0, 0, 8, 2, 5, 3, 8, 10, 1, 0, 4, 2, 1, 2, 2, 0, 3, 6, 2, 5, 0, 1, 4]    (1)
bravo3.A1_1    47_[2, 0, 3, 4, 3, 13, 7, 0, 1, 0, 3, 4, 3, 5, 1, 0, 8, 12, 4, 0, 0, 3, 2, 8, 0, 0, 8, 2, 5, 3, 8, 10, 1, 0, 4, 2, 1, 2, 2, 0, 3, 6, 2, 5, 0, 1, 4]    (1)
bravo1.A1_1    43_[2, 0, 3, 4, 2, 0, 13, 6, 0, 2, 3, 4, 3, 5, 0, 0, 0, 8, 12, 4, 1, 6, 8, 0, 0, 2, 5, 2, 9, 8, 12, 0, 4, 4, 2, 2, 0, 3, 6, 4, 3, 0, 6]    (1)
bravo2.D1_7    39_[1, 5, 1, 6, 2, 9, 1, 0, 2, 4, 1, 0, 0, 11, 8, 1, 3, 2, 7, 1, 5, 4, 11, 6, 1, 3, 7, 7, 2, 4, 1, 15, 1, 3, 10, 3, 1, 9, 5]    (1)
bravo1.D1_6    38_[10, 1, 3, 0, 9, 1, 0, 5, 3, 11, 2, 8, 4, 0, 5, 2, 4, 0, 0, 0, 1, 5, 4, 2, 0, 1, 14, 5, 5, 10, 2, 3, 2, 17, 7, 5, 7, 12]    (1)
bravo3.D1_5    33_[0, 8, 2, 12, 2, 1, 0, 3, 10, 16, 9, 5, 1, 2, 3, 18, 2, 3, 1, 10, 11, 2, 0, 3, 0, 8, 1, 3, 3, 0, 22, 2, 6]    (1)

index: 33
ball:24
average: 1.83
bravos:
bravo1.D5_12    35_[1, 9, 2, 11, 2, 13, 2, 1, 0, 1, 0, 5, 0, 6, 3, 0, 12, 6, 3, 24, 5, 0, 5, 4, 15, 2, 2, 0, 12, 4, 12, 0, 2, 1, 5]    (24)
bravo1.A3_24    33_[5, 3, 0, 1, 0, 0, 2, 2, 16, 12, 9, 7, 8, 1, 15, 2, 5, 7, 8, 1, 0, 8, 0, 1, 13, 9, 4, 4, 7, 1, 0, 16, 1]    (24)
bravo1.D3_5    32_[3, 1, 3, 0, 3, 2, 9, 8, 0, 12, 8, 0, 18, 18, 13, 3, 4, 1, 7, 1, 0, 1, 13, 9, 4, 4, 7, 1, 0, 6, 7, 5]    (24)
bravo1.A4_20    31_[0, 4, 0, 11, 12, 2, 2, 4, 5, 9, 11, 1, 0, 5, 2, 5, 1, 12, 2, 1, 8, 0, 4, 20, 3, 8, 2, 13, 16, 6, 8]    (24)
bravo1.A5_10    29_[1, 35, 3, 2, 3, 1, 3, 3, 0, 4, 5, 0, 4, 7, 13, 0, 22, 3, 0, 4, 10, 3, 23, 2, 2, 2, 11, 1, 4]    (24)
bravo1.D4_8    25_[1, 3, 2, 13, 11, 7, 15, 5, 0, 4, 2, 8, 20, 0, 3, 0, 22, 5, 9, 0, 14, 9, 1, 21, 9]    (24)

