continues1
1_7: 25: [5, 8, 14, 17, 21, 27]: [1, 1, 1, 2, 1, 2, 1, 1, 1, 1, 2, 1, 2, 1, 4, 1, 1, 2, 3, 2, 2, 1, 1, 2, 1]: 1
1_6: 17: [2, 4, 11, 15, 25, 31]: [1, 1, 3, 1, 1, 3, 1, 1, 1, 1, 1, 2, 1, 2, 3, 1, 1]: 0
8_2: 14: [6, 9, 16, 18, 26, 29]: [2, 1, 1, 1, 3, 1, 1, 1, 1, 2, 3, 2, 2, 2]: 1
14_8: 14: [7, 12, 15, 16, 26, 30]: [1, 3, 1, 3, 2, 1, 2, 2, 1, 2, 1, 1, 2, 3]: 1
19_2: 13: [8, 12, 17, 22, 28, 31]: [2, 2, 1, 1, 1, 2, 2, 3, 2, 1, 1, 2, 1]: 1
2_8: 10: [15, 18, 22, 24, 28, 31]: [1, 3, 2, 3, 2, 1, 2, 1, 1, 1]: 1
3_7: 10: [6, 11, 15, 21, 26, 30]: [2, 2, 1, 2, 1, 1, 1, 2, 2, 1]: 1
16_6: 9: [4, 8, 15, 15, 23, 32]: [2, 3, 2, 1, 1, 2, 2, 2, 1]: 2
6_6: 8: [5, 10, 18, 20, 27, 32]: [1, 1, 2, 1, 1, 3, 1, 1]: 0
9_2: 8: [4, 10, 19, 22, 26, 30]: [1, 2, 2, 2, 1, 2, 1, 1]: 1
15_6: 8: [1, 9, 16, 19, 26, 32]: [2, 1, 1, 2, 1, 3, 1, 1]: 2
2_3: 7: [9, 13, 18, 22, 27, 31]: [1, 1, 1, 2, 2, 2, 1]: 1
10_3: 7: [8, 12, 16, 21, 27, 32]: [1, 1, 1, 2, 1, 2, 1]: 1
19_3: 7: [10, 11, 16, 20, 25, 31]: [1, 1, 2, 2, 1, 1, 2]: 0
7_6: 6: [1, 4, 10, 12, 24, 33]: [2, 3, 1, 1, 1, 3]: 2
11_3: 6: [8, 11, 17, 20, 23, 31]: [2, 4, 2, 2, 2, 2]: 2
15_3: 6: [8, 11, 18, 22, 27, 32]: [2, 2, 1, 1, 2, 1]: 1
17_2: 6: [5, 11, 18, 22, 29, 31]: [3, 2, 2, 1, 2, 1]: 0
17_3: 6: [9, 12, 19, 23, 27, 31]: [2, 2, 2, 2, 1, 1]: 2
19_9: 6: [10, 17, 19, 22, 26, 31]: [3, 1, 1, 1, 1, 2]: 0
continues0
6_7: 4: [4, 7, 14, 16, 22, 30]: [0, 0, 0, 0, 1, 3, 3, 0, 1, 0, 2]: 1
11_10: 4: [9, 14, 20, 21, 27, 29]: [0, 0, 0, 0, 1, 2, 1, 2, 2, 1, 2]: 1
2_7: 3: [10, 10, 15, 20, 25, 30]: [0, 0, 0, 2, 0, 2, 2, 1, 1, 2, 1]: 1
4_6: 2: [4, 9, 16, 19, 28, 31]: [0, 0, 1, 2, 0, 1, 0, 2, 2, 1, 1]: 1
9_3: 2: [8, 14, 20, 24, 28, 32]: [0, 0, 1, 1, 0, 1, 0, 0, 1, 1, 1]: 2
9_6: 2: [6, 10, 14, 18, 26, 31]: [0, 0, 2, 1, 2, 2, 2, 0, 1, 2, 1]: 0
14_6: 2: [2, 7, 11, 12, 27, 32]: [0, 0, 2, 1, 1, 1, 1, 2, 1, 1, 2]: 0
18_8: 2: [5, 11, 14, 17, 26, 30]: [0, 0, 1, 1, 1, 0, 0, 0, 1, 3, 1]: 1
19_7: 2: [6, 11, 15, 17, 23, 30]: [0, 0, 1, 2, 0, 3, 1, 2, 1, 0, 2]: 2
10_10: 2: [10, 15, 17, 20, 26, 30]: [0, 0, 2, 1, 0, 0, 2, 1, 1, 1, 1]: 1
1_8: 1: [6, 9, 17, 19, 28, 29]: [0, 1, 2, 1, 1, 1, 1, 3, 1, 1, 1]: 1
2_1: 1: [3, 7, 12, 19, 23, 29]: [0, 4, 0, 1, 2, 1, 1, 0, 2, 2, 2]: 1
3_9: 1: [8, 15, 21, 22, 28, 31]: [0, 2, 1, 2, 1, 2, 0, 2, 0, 1, 2]: 1
4_9: 1: [8, 13, 18, 22, 27, 31]: [0, 2, 1, 2, 1, 0, 1, 1, 1, 1, 1]: 1
5_3: 1: [9, 12, 17, 20, 25, 31]: [0, 2, 1, 1, 0, 3, 0, 1, 1, 2, 2]: 1
5_7: 1: [6, 9, 13, 20, 26, 31]: [0, 1, 3, 1, 0, 2, 1, 1, 1, 0, 1]: 1
5_9: 1: [7, 12, 17, 22, 27, 30]: [0, 1, 0, 0, 0, 0, 2, 2, 1, 2, 1]: 1
6_8: 1: [11, 15, 19, 21, 27, 30]: [0, 2, 0, 0, 1, 0, 1, 2, 1, 2, 2]: 1
7_3: 1: [7, 10, 16, 21, 26, 31]: [0, 1, 1, 0, 1, 1, 2, 0, 1, 0, 1]: 0
11_1: 1: [2, 3, 11, 24, 28, 30]: [0, 1, 0, 3, 2, 1, 1, 1, 1, 1, 0]: 2
11_6: 1: [6, 12, 16, 20, 27, 32]: [0, 1, 1, 0, 0, 1, 1, 1, 1, 0, 4]: 0
12_6: 1: [0, 8, 14, 17, 26, 30]: [0, 1, 2, 1, 1, 1, 1, 2, 2, 1, 0]: 2
13_6: 1: [6, 7, 12, 17, 26, 31]: [0, 1, 0, 2, 1, 3, 1, 2, 1, 2, 1]: 0
13_8: 1: [9, 11, 12, 15, 23, 29]: [0, 1, 1, 1, 1, 2, 2, 1, 1, 0, 0]: 2
13_9: 1: [12, 13, 15, 20, 23, 28]: [0, 1, 2, 1, 0, 1, 2, 2, 1, 2, 1]: 1
14_1: 1: [0, 3, 9, 20, 26, 24]: [0, 2, 0, 0, 1, 0, 2, 2, 3, 3, 2]: 2
14_3: 1: [8, 8, 16, 20, 27, 31]: [0, 1, 1, 1, 0, 1, 2, 3, 1, 1, 1]: 1
15_1: 1: [5, 11, 14, 18, 24, 25]: [0, 2, 0, 0, 1, 1, 1, 1, 1, 0, 2]: 1
15_2: 1: [11, 14, 19, 22, 26, 31]: [0, 1, 1, 0, 1, 0, 1, 0, 1, 0, 2]: 0
16_2: 1: [11, 16, 19, 22, 25, 30]: [0, 1, 1, 2, 0, 1, 2, 2, 0, 0, 0]: 1
16_3: 1: [10, 16, 19, 23, 26, 31]: [0, 2, 0, 1, 0, 1, 0, 0, 1, 1, 1]: 1
17_6: 1: [2, 6, 15, 19, 27, 31]: [0, 1, 1, 2, 0, 0, 1, 2, 0, 4, 0]: 0
17_7: 1: [8, 13, 17, 21, 26, 30]: [0, 1, 1, 2, 1, 1, 1, 2, 1, 2, 1]: 2
17_9: 1: [10, 13, 14, 19, 26, 26]: [0, 1, 2, 2, 0, 0, 2, 1, 0, 2, 1]: 0
18_6: 1: [2, 5, 14, 15, 24, 32]: [0, 1, 1, 1, 1, 1, 1, 1, 0, 1, 2]: 1
19_1: 1: [2, 4, 12, 20, 31, 30]: [0, 1, 1, 0, 2, 2, 1, 1, 2, 0, 2]: 1
20_3: 1: [8, 13, 18, 22, 28, 32]: [0, 3, 1, 1, 0, 1, 1, 0, 1, 1, 0]: 1
2_10: 1: [13, 17, 21, 24, 28, 31]: [0, 1, 0, 2, 1, 3, 1, 2, 2, 2, 0]: 1
3_10: 1: [10, 14, 19, 19, 27, 29]: [0, 1, 0, 1, 1, 2, 2, 2, 0, 0, 1]: 0
8_10: 1: [10, 13, 18, 21, 25, 30]: [0, 1, 0, 1, 0, 3, 1, 1, 1, 2, 0]: 1
1_0: 0: [11, 14, 15, 20, 28, 30]: [1, 1, 0, 0, 0, 1, 1, 3, 1, 2, 3]: 1
1_1: 0: [2, 4, 10, 16, 25, 29]: [3, 1, 0, 2, 0, 1, 2, 2, 1, 0, 3]: 0
1_2: 0: [3, 6, 14, 17, 23, 29]: [2, 0, 1, 1, 0, 1, 1, 1, 2, 0, 2]: 1
1_3: 0: [7, 12, 18, 20, 26, 30]: [1, 1, 1, 0, 1, 0, 1, 0, 1, 1, 2]: 1
1_4: 0: [4, 10, 18, 21, 26, 29]: [0, 3, 2, 0, 0, 2, 1, 1, 1, 1, 1]: 0
1_5: 0: [4, 9, 15, 19, 24, 28]: [0, 0, 1, 1, 0, 1, 0, 1, 2, 0, 1]: 2
1_6: 0: [2, 4, 11, 15, 25, 31]: [1, 1, 3, 1, 1, 3, 1, 1, 1, 1, 1]: 0
1_7: 0: [5, 8, 14, 17, 21, 27]: [1, 1, 1, 2, 1, 2, 1, 1, 1, 1, 2]: 1
1_9: 0: [10, 12, 15, 20, 29, 29]: [1, 1, 1, 0, 2, 1, 2, 2, 1, 2, 2]: 0
2_0: 0: [13, 17, 21, 24, 28, 31]: [0, 1, 0, 2, 1, 3, 1, 2, 2, 2, 0]: 1
2_2: 0: [8, 9, 15, 18, 22, 29]: [2, 1, 2, 2, 0, 1, 1, 1, 1, 1, 0]: 2
2_3: 0: [9, 13, 18, 22, 27, 31]: [1, 1, 1, 2, 2, 2, 1, 0, 2, 1, 0]: 1
2_4: 0: [4, 11, 17, 22, 26, 30]: [1, 1, 2, 2, 0, 1, 0, 2, 1, 2, 2]: 1
2_5: 0: [4, 9, 14, 19, 24, 29]: [0, 1, 1, 2, 0, 1, 0, 2, 1, 0, 0]: 2
2_6: 0: [13, 12, 16, 20, 26, 33]: [1, 1, 2, 2, 0, 1, 0, 1, 0, 0, 2]: 0
2_8: 0: [15, 18, 22, 24, 28, 31]: [1, 3, 2, 3, 2, 1, 2, 1, 1, 1, 0]: 1
2_9: 0: [13, 18, 20, 23, 28, 30]: [1, 0, 1, 1, 1, 2, 2, 1, 1, 2, 0]: 2
3_0: 0: [10, 14, 19, 19, 27, 29]: [0, 1, 0, 1, 1, 2, 2, 2, 0, 0, 1]: 0
3_1: 0: [1, 3, 9, 14, 26, 28]: [3, 0, 1, 1, 1, 1, 1, 1, 1, 1, 0]: 2
3_2: 0: [6, 9, 17, 20, 24, 30]: [1, 1, 1, 0, 1, 1, 1, 1, 1, 0, 1]: 3
3_3: 0: [7, 10, 15, 18, 24, 29]: [1, 1, 0, 0, 1, 2, 0, 1, 3, 1, 1]: 1
3_4: 0: [2, 9, 16, 21, 26, 30]: [0, 3, 2, 1, 0, 2, 0, 1, 1, 1, 2]: 2
3_5: 0: [4, 9, 15, 20, 24, 29]: [0, 0, 1, 2, 0, 1, 0, 2, 2, 0, 1]: 2
3_6: 0: [5, 10, 15, 17, 25, 32]: [2, 2, 1, 3, 0, 1, 1, 0, 2, 1, 2]: 0
3_7: 0: [6, 11, 15, 21, 26, 30]: [2, 2, 1, 2, 1, 1, 1, 2, 2, 1, 0]: 1
3_8: 0: [6, 12, 17, 20, 28, 32]: [2, 0, 2, 2, 1, 1, 2, 2, 1, 1, 2]: 0
4_0: 0: [9, 14, 18, 22, 27, 31]: [1, 2, 1, 1, 0, 1, 1, 2, 2, 0, 0]: 1
4_1: 0: [1, 4, 13, 20, 28, 29]: [1, 2, 0, 0, 3, 0, 2, 1, 1, 2, 2]: 1
4_2: 0: [6, 12, 18, 22, 27, 32]: [3, 1, 0, 1, 1, 1, 1, 0, 0, 2, 0]: 0
4_3: 0: [6, 9, 18, 22, 27, 32]: [2, 2, 0, 0, 1, 2, 1, 0, 0, 3, 2]: 1
4_4: 0: [4, 9, 16, 20, 25, 30]: [0, 3, 2, 2, 0, 0, 0, 1, 1, 0, 2]: 2
4_5: 0: [4, 9, 14, 19, 24, 29]: [0, 0, 2, 2, 0, 2, 0, 2, 1, 0, 1]: 2
4_7: 0: [4, 9, 13, 16, 24, 29]: [1, 0, 1, 2, 2, 1, 0, 2, 4, 2, 1]: 2
4_8: 0: [7, 10, 13, 17, 25, 31]: [2, 0, 3, 2, 2, 1, 1, 1, 0, 2, 0]: 0
5_0: 0: [11, 15, 20, 23, 27, 29]: [1, 1, 2, 2, 1, 0, 2, 2, 1, 1, 0]: 1
5_1: 0: [4, 9, 16, 19, 25, 28]: [1, 1, 0, 0, 1, 1, 2, 0, 3, 1, 1]: 1
5_2: 0: [10, 15, 19, 20, 24, 30]: [1, 1, 0, 2, 2, 2, 2, 0, 0, 1, 4]: 2
5_4: 0: [5, 10, 17, 22, 26, 29]: [0, 3, 1, 1, 0, 2, 0, 0, 2, 0, 2]: 0
5_5: 0: [5, 9, 15, 20, 25, 29]: [0, 0, 2, 2, 0, 1, 0, 1, 2, 0, 1]: 1
5_6: 0: [11, 14, 20, 22, 27, 31]: [1, 0, 1, 1, 0, 1, 0, 0, 1, 0, 0]: 0
5_8: 0: [7, 10, 15, 23, 27, 32]: [1, 1, 1, 0, 1, 1, 0, 1, 0, 1, 0]: 1
6_0: 0: [11, 16, 20, 21, 28, 31]: [1, 0, 1, 0, 1, 2, 1, 1, 2, 0, 1]: 0
6_1: 0: [3, 3, 11, 16, 25, 27]: [2, 1, 0, 2, 2, 1, 1, 0, 1, 1, 1]: 0
6_2: 0: [6, 10, 17, 19, 23, 30]: [1, 0, 2, 1, 1, 2, 2, 1, 1, 1, 2]: 2
6_3: 0: [7, 11, 18, 21, 25, 32]: [2, 2, 0, 2, 2, 2, 0, 0, 1, 1, 1]: 0
6_4: 0: [4, 9, 17, 21, 27, 31]: [1, 3, 1, 1, 1, 2, 0, 1, 0, 0, 1]: 1
6_5: 0: [4, 9, 14, 20, 24, 29]: [0, 0, 1, 2, 0, 1, 0, 1, 1, 1, 0]: 2
6_6: 0: [5, 10, 18, 20, 27, 32]: [1, 1, 2, 1, 1, 3, 1, 1, 0, 2, 1]: 0
6_9: 0: [9, 16, 19, 20, 27, 29]: [1, 0, 0, 1, 2, 2, 1, 2, 1, 0, 3]: 1
7_0: 0: [10, 14, 17, 20, 26, 31]: [2, 1, 2, 2, 0, 1, 0, 3, 1, 1, 1]: 0
7_1: 0: [1, 2, 14, 21, 27, 30]: [1, 1, 0, 3, 2, 1, 0, 1, 3, 0, 1]: 2
7_2: 0: [5, 10, 16, 21, 27, 30]: [3, 1, 2, 1, 0, 1, 2, 0, 2, 2, 3]: 1
7_4: 0: [5, 10, 17, 22, 27, 30]: [0, 1, 2, 1, 0, 2, 0, 1, 1, 1, 2]: 1
7_5: 0: [5, 10, 15, 20, 24, 29]: [0, 1, 2, 2, 0, 1, 1, 1, 1, 0, 0]: 1
7_6: 0: [1, 4, 10, 12, 24, 33]: [2, 3, 1, 1, 1, 3, 0, 1, 2, 0, 1]: 2
7_7: 0: [6, 9, 15, 19, 26, 31]: [1, 1, 1, 0, 1, 1, 1, 2, 0, 1, 2]: 1
7_8: 0: [9, 11, 15, 19, 26, 31]: [2, 1, 1, 2, 0, 1, 0, 2, 2, 2, 4]: 1
7_9: 0: [10, 14, 16, 20, 26, 30]: [1, 0, 0, 0, 0, 1, 2, 3, 2, 2, 2]: 1
8_0: 0: [10, 13, 18, 21, 25, 30]: [0, 1, 0, 1, 0, 3, 1, 1, 1, 2, 0]: 1
8_1: 0: [2, 3, 9, 17, 25, 27]: [1, 1, 0, 1, 1, 2, 2, 1, 1, 1, 3]: 1
8_2: 0: [6, 9, 16, 18, 26, 29]: [2, 1, 1, 1, 3, 1, 1, 1, 1, 2, 3]: 1
8_3: 0: [9, 15, 20, 23, 27, 30]: [1, 1, 1, 4, 0, 2, 3, 0, 0, 3, 2]: 3
8_4: 0: [5, 10, 16, 21, 26, 30]: [1, 3, 1, 3, 2, 2, 1, 1, 1, 2, 1]: 1
8_5: 0: [4, 9, 14, 19, 24, 29]: [0, 0, 2, 2, 0, 1, 0, 1, 2, 0, 0]: 2
8_6: 0: [5, 9, 16, 18, 28, 31]: [1, 0, 0, 2, 1, 1, 1, 2, 1, 1, 1]: 1
8_7: 0: [9, 10, 14, 15, 23, 27]: [2, 0, 0, 0, 2, 1, 0, 0, 1, 1, 1]: 2
8_8: 0: [6, 12, 18, 19, 25, 29]: [1, 1, 0, 2, 3, 0, 1, 2, 0, 1, 2]: 0
8_9: 0: [11, 14, 19, 21, 24, 28]: [1, 2, 1, 1, 0, 0, 1, 1, 1, 2, 2]: 1
9_0: 0: [10, 16, 23, 22, 28, 30]: [2, 0, 0, 0, 0, 2, 1, 2, 2, 1, 1]: 2
9_1: 0: [0, 1, 9, 18, 27, 30]: [2, 1, 0, 0, 1, 3, 1, 0, 2, 1, 2]: 3
9_2: 0: [4, 10, 19, 22, 26, 30]: [1, 2, 2, 2, 1, 2, 1, 1, 0, 0, 1]: 1
9_4: 0: [4, 10, 17, 22, 27, 30]: [2, 2, 1, 1, 0, 1, 1, 0, 1, 0, 0]: 1
9_5: 0: [4, 10, 15, 20, 24, 29]: [0, 0, 2, 3, 0, 1, 0, 1, 1, 0, 0]: 1
9_7: 0: [6, 9, 18, 20, 27, 32]: [1, 1, 1, 0, 1, 1, 1, 2, 2, 2, 1]: 1
9_8: 0: [10, 13, 20, 22, 29, 33]: [1, 1, 0, 1, 2, 0, 0, 1, 1, 3, 2]: 0
9_9: 0: [8, 17, 23, 21, 27, 29]: [1, 0, 1, 1, 0, 0, 2, 1, 2, 3, 2]: 2
10_0: 0: [10, 15, 17, 20, 26, 30]: [0, 0, 2, 1, 0, 0, 2, 1, 1, 1, 1]: 1
10_1: 0: [1, 5, 13, 22, 29, 30]: [1, 1, 0, 1, 0, 1, 2, 0, 3, 2, 0]: 2
10_2: 0: [5, 8, 13, 19, 25, 29]: [1, 1, 1, 1, 0, 1, 3, 3, 0, 1, 0]: 1
10_3: 0: [8, 12, 16, 21, 27, 32]: [1, 1, 1, 2, 1, 2, 1, 0, 1, 0, 1]: 1
10_4: 0: [5, 10, 17, 22, 27, 31]: [0, 3, 2, 1, 0, 1, 2, 1, 2, 1, 1]: 0
10_5: 0: [5, 10, 14, 20, 24, 29]: [0, 0, 2, 1, 0, 1, 0, 2, 2, 0, 1]: 1
10_6: 0: [1, 7, 15, 16, 25, 32]: [1, 1, 0, 2, 1, 1, 1, 2, 3, 1, 0]: 1
10_7: 0: [7, 10, 16, 21, 23, 30]: [3, 1, 0, 1, 0, 0, 0, 2, 2, 0, 0]: 2
10_8: 0: [7, 11, 15, 21, 24, 30]: [1, 0, 1, 2, 1, 0, 1, 1, 1, 0, 1]: 2
10_9: 0: [8, 13, 17, 20, 25, 32]: [1, 2, 1, 1, 0, 1, 4, 2, 2, 2, 2]: 1
11_0: 0: [9, 14, 20, 21, 27, 29]: [0, 0, 0, 0, 1, 2, 1, 2, 2, 1, 2]: 1
11_2: 0: [10, 12, 18, 22, 25, 30]: [1, 0, 1, 0, 2, 1, 2, 2, 1, 0, 2]: 1
11_3: 0: [8, 11, 17, 20, 23, 31]: [2, 4, 2, 2, 2, 2, 0, 0, 2, 1, 1]: 2
11_4: 0: [5, 10, 15, 20, 26, 30]: [0, 2, 2, 1, 0, 2, 1, 1, 1, 1, 1]: 1
11_5: 0: [4, 9, 14, 19, 24, 29]: [0, 0, 1, 2, 0, 1, 0, 2, 1, 0, 0]: 2
11_7: 0: [4, 8, 12, 17, 29, 33]: [3, 1, 2, 0, 1, 0, 1, 1, 0, 1, 0]: 1
11_8: 0: [10, 15, 18, 18, 28, 31]: [1, 4, 1, 1, 0, 0, 3, 2, 1, 1, 2]: 0
11_9: 0: [10, 15, 21, 20, 28, 30]: [1, 2, 1, 0, 2, 2, 1, 2, 2, 2, 2]: 1
12_0: 0: [12, 16, 21, 23, 29, 30]: [1, 2, 2, 0, 0, 3, 1, 1, 1, 2, 0]: 2
12_1: 0: [2, 6, 14, 20, 24, 28]: [2, 1, 0, 0, 2, 1, 2, 1, 1, 2, 1]: 1
12_2: 0: [9, 16, 18, 23, 25, 29]: [1, 1, 1, 1, 0, 0, 1, 1, 2, 1, 1]: 2
12_3: 0: [8, 14, 18, 23, 27, 32]: [1, 1, 0, 1, 0, 1, 3, 1, 0, 1, 2]: 2
12_4: 0: [4, 10, 16, 22, 27, 30]: [0, 2, 2, 0, 0, 2, 1, 0, 2, 1, 0]: 1
12_5: 0: [4, 9, 15, 20, 24, 29]: [0, 0, 2, 1, 0, 1, 0, 1, 2, 1, 0]: 2
12_7: 0: [2, 9, 16, 23, 27, 27]: [1, 2, 2, 0, 1, 2, 2, 1, 2, 1, 1]: 2
12_8: 0: [3, 7, 13, 17, 26, 31]: [1, 2, 0, 0, 1, 2, 1, 2, 0, 0, 1]: 0
12_9: 0: [6, 12, 17, 19, 26, 30]: [3, 0, 1, 1, 2, 0, 2, 0, 1, 1, 1]: 1
13_0: 0: [10, 11, 15, 19, 26, 29]: [1, 1, 2, 0, 1, 1, 0, 2, 1, 1, 2]: 0
13_1: 0: [1, 4, 11, 18, 25, 29]: [1, 0, 1, 0, 2, 1, 2, 0, 2, 0, 2]: 1
13_2: 0: [6, 11, 15, 21, 27, 31]: [1, 1, 3, 2, 0, 0, 2, 1, 0, 1, 0]: 0
13_3: 0: [10, 14, 19, 22, 27, 32]: [1, 0, 2, 0, 0, 2, 2, 0, 2, 1, 1]: 0
13_4: 0: [5, 11, 16, 21, 26, 30]: [0, 1, 1, 1, 0, 1, 1, 2, 2, 0, 0]: 1
13_5: 0: [5, 10, 15, 19, 24, 29]: [0, 0, 2, 2, 0, 1, 0, 1, 2, 1, 1]: 1
13_7: 0: [8, 10, 12, 16, 23, 29]: [1, 0, 1, 1, 1, 0, 2, 3, 1, 1, 1]: 2
14_0: 0: [9, 15, 15, 19, 26, 29]: [3, 2, 1, 0, 0, 1, 2, 3, 1, 1, 2]: 1
14_2: 0: [7, 11, 16, 21, 24, 27]: [1, 2, 2, 1, 0, 1, 0, 0, 0, 1, 0]: 1
14_4: 0: [4, 10, 17, 21, 27, 31]: [1, 2, 2, 2, 0, 2, 1, 1, 1, 0, 2]: 0
14_5: 0: [4, 9, 15, 19, 25, 29]: [0, 0, 1, 1, 0, 1, 1, 2, 2, 0, 0]: 1
14_7: 0: [6, 11, 15, 14, 24, 29]: [1, 1, 3, 1, 0, 2, 0, 0, 3, 1, 0]: 1
14_8: 0: [7, 12, 15, 16, 26, 30]: [1, 3, 1, 3, 2, 1, 2, 2, 1, 2, 1]: 1
14_9: 0: [9, 13, 14, 19, 25, 28]: [1, 3, 1, 1, 0, 0, 1, 0, 0, 2, 3]: 1
15_0: 0: [9, 13, 15, 18, 27, 30]: [1, 0, 1, 1, 0, 1, 2, 0, 2, 2, 1]: 2
15_3: 0: [8, 11, 18, 22, 27, 32]: [2, 2, 1, 1, 2, 1, 0, 1, 0, 2, 1]: 1
15_4: 0: [4, 9, 17, 21, 26, 30]: [0, 1, 1, 3, 0, 1, 0, 1, 1, 1, 1]: 2
15_5: 0: [4, 9, 14, 19, 24, 29]: [0, 0, 1, 1, 0, 1, 0, 1, 2, 0, 1]: 2
15_6: 0: [1, 9, 16, 19, 26, 32]: [2, 1, 1, 2, 1, 3, 1, 1, 0, 0, 0]: 2
15_7: 0: [2, 7, 11, 14, 25, 30]: [2, 1, 2, 2, 0, 1, 2, 1, 1, 2, 0]: 1
15_8: 0: [6, 10, 14, 17, 28, 31]: [2, 2, 1, 0, 0, 0, 0, 1, 1, 1, 0]: 0
15_9: 0: [7, 15, 17, 20, 29, 30]: [3, 2, 0, 2, 0, 2, 2, 2, 1, 1, 1]: 1
16_0: 0: [10, 11, 17, 19, 29, 31]: [2, 1, 1, 3, 0, 2, 1, 1, 2, 1, 2]: 0
16_1: 0: [3, 6, 11, 16, 24, 27]: [1, 0, 2, 2, 2, 1, 2, 2, 0, 2, 2]: 1
16_4: 0: [4, 10, 16, 21, 26, 30]: [0, 2, 1, 1, 0, 2, 2, 1, 2, 0, 2]: 1
16_5: 0: [4, 9, 14, 19, 24, 29]: [0, 0, 1, 1, 0, 2, 0, 1, 2, 1, 0]: 2
16_6: 0: [4, 8, 15, 15, 23, 32]: [2, 3, 2, 1, 1, 2, 2, 2, 1, 0, 1]: 2
16_7: 0: [6, 7, 13, 17, 24, 32]: [2, 1, 3, 1, 2, 0, 2, 3, 0, 2, 1]: 1
16_8: 0: [10, 12, 15, 19, 27, 31]: [2, 1, 0, 1, 2, 1, 1, 0, 1, 1, 1]: 0
16_9: 0: [11, 12, 17, 21, 28, 29]: [2, 1, 0, 0, 2, 1, 2, 0, 2, 1, 1]: 0
17_0: 0: [10, 11, 13, 18, 25, 26]: [1, 0, 2, 0, 1, 1, 0, 2, 0, 1, 2]: 0
17_1: 0: [3, 3, 11, 15, 23, 26]: [2, 0, 0, 1, 0, 1, 0, 2, 2, 1, 1]: 1
17_2: 0: [5, 11, 18, 22, 29, 31]: [3, 2, 2, 1, 2, 1, 0, 0, 1, 1, 2]: 0
17_3: 0: [9, 12, 19, 23, 27, 31]: [2, 2, 2, 2, 1, 1, 0, 2, 1, 2, 1]: 2
17_4: 0: [5, 9, 17, 21, 26, 30]: [1, 2, 2, 1, 1, 0, 1, 1, 1, 1, 1]: 2
17_5: 0: [4, 9, 14, 20, 24, 29]: [0, 0, 1, 1, 0, 1, 0, 1, 2, 1, 1]: 2
17_8: 0: [5, 10, 15, 19, 28, 28]: [1, 0, 1, 1, 0, 0, 2, 0, 2, 2, 1]: 0
18_0: 0: [8, 12, 17, 19, 27, 30]: [2, 0, 1, 2, 1, 1, 1, 0, 1, 2, 2]: 2
18_1: 0: [1, 3, 11, 15, 23, 26]: [2, 0, 1, 1, 2, 1, 2, 0, 2, 0, 1]: 2
18_2: 0: [5, 11, 14, 16, 27, 30]: [1, 0, 1, 2, 0, 1, 1, 2, 0, 1, 0]: 1
18_3: 0: [10, 13, 17, 19, 26, 31]: [1, 1, 0, 1, 2, 1, 0, 0, 0, 1, 2]: 0
18_4: 0: [5, 10, 17, 21, 26, 30]: [0, 3, 2, 0, 0, 1, 1, 1, 1, 2, 1]: 1
18_5: 0: [5, 9, 15, 19, 24, 29]: [0, 0, 1, 2, 0, 1, 1, 2, 2, 0, 1]: 2
18_7: 0: [4, 6, 10, 15, 23, 31]: [2, 2, 0, 2, 0, 2, 1, 3, 0, 2, 1]: 1
18_9: 0: [7, 15, 18, 20, 27, 30]: [2, 0, 1, 2, 0, 1, 0, 2, 1, 1, 3]: 1
19_0: 0: [10, 14, 17, 19, 26, 30]: [1, 1, 1, 1, 1, 0, 1, 1, 1, 2, 2]: 1
19_2: 0: [8, 12, 17, 22, 28, 31]: [2, 2, 1, 1, 1, 2, 2, 3, 2, 1, 1]: 1
19_3: 0: [10, 11, 16, 20, 25, 31]: [1, 1, 2, 2, 1, 1, 2, 0, 4, 2, 1]: 0
19_4: 0: [5, 10, 16, 21, 26, 31]: [1, 2, 1, 2, 0, 0, 1, 1, 2, 0, 2]: 0
19_5: 0: [5, 10, 15, 19, 24, 29]: [0, 0, 2, 2, 0, 2, 0, 2, 2, 0, 0]: 1
19_6: 0: [3, 4, 7, 11, 23, 33]: [1, 1, 1, 1, 0, 1, 1, 2, 2, 1, 1]: 1
19_8: 0: [6, 14, 17, 18, 26, 31]: [1, 0, 0, 1, 0, 2, 0, 1, 1, 1, 0]: 0
19_9: 0: [10, 17, 19, 22, 26, 31]: [3, 1, 1, 1, 1, 2, 0, 1, 0, 1, 1]: 0
20_0: 0: [7, 13, 15, 17, 26, 29]: [1, 0, 1, 4, 0, 1, 1, 3, 1, 2, 1]: 0
20_1: 0: [2, 5, 11, 18, 25, 26]: [1, 1, 0, 2, 2, 1, 1, 1, 2, 1, 0]: 0
20_2: 0: [6, 11, 17, 22, 26, 29]: [2, 2, 1, 1, 0, 1, 2, 1, 1, 1, 1]: 0
20_4: 0: [4, 10, 17, 21, 27, 30]: [0, 2, 1, 3, 1, 2, 1, 0, 2, 1, 2]: 1
20_5: 0: [5, 9, 15, 20, 25, 29]: [0, 0, 2, 2, 0, 1, 0, 1, 2, 0, 1]: 1
20_6: 0: [2, 5, 11, 12, 21, 33]: [1, 1, 0, 2, 2, 1, 0, 1, 1, 1, 2]: 0
20_7: 0: [4, 7, 12, 19, 27, 32]: [2, 0, 3, 2, 2, 1, 1, 3, 3, 0, 3]: 0
20_8: 0: [5, 12, 16, 19, 30, 31]: [2, 2, 1, 1, 0, 0, 2, 3, 2, 2, 3]: 1
20_9: 0: [8, 13, 15, 19, 28, 31]: [2, 2, 0, 1, 1, 0, 1, 1, 3, 1, 1]: 1
1_10: 0: [11, 14, 15, 20, 28, 30]: [1, 1, 0, 0, 0, 1, 1, 3, 1, 2, 3]: 1
4_10: 0: [9, 14, 18, 22, 27, 31]: [1, 2, 1, 1, 0, 1, 1, 2, 2, 0, 0]: 1
5_10: 0: [11, 15, 20, 23, 27, 29]: [1, 1, 2, 2, 1, 0, 2, 2, 1, 1, 0]: 1
6_10: 0: [11, 16, 20, 21, 28, 31]: [1, 0, 1, 0, 1, 2, 1, 1, 2, 0, 1]: 0
7_10: 0: [10, 14, 17, 20, 26, 31]: [2, 1, 2, 2, 0, 1, 0, 3, 1, 1, 1]: 0
9_10: 0: [10, 16, 23, 22, 28, 30]: [2, 0, 0, 0, 0, 2, 1, 2, 2, 1, 1]: 2
12_10: 0: [12, 16, 21, 23, 29, 30]: [1, 2, 2, 0, 0, 3, 1, 1, 1, 2, 0]: 2
13_10: 0: [10, 11, 15, 19, 26, 29]: [1, 1, 2, 0, 1, 1, 0, 2, 1, 1, 2]: 0
14_10: 0: [9, 15, 15, 19, 26, 29]: [3, 2, 1, 0, 0, 1, 2, 3, 1, 1, 2]: 1
15_10: 0: [9, 13, 15, 18, 27, 30]: [1, 0, 1, 1, 0, 1, 2, 0, 2, 2, 1]: 2
16_10: 0: [10, 11, 17, 19, 29, 31]: [2, 1, 1, 3, 0, 2, 1, 1, 2, 1, 2]: 0
17_10: 0: [10, 11, 13, 18, 25, 26]: [1, 0, 2, 0, 1, 1, 0, 2, 0, 1, 2]: 0
18_10: 0: [8, 12, 17, 19, 27, 30]: [2, 0, 1, 2, 1, 1, 1, 0, 1, 2, 2]: 2
19_10: 0: [10, 14, 17, 19, 26, 30]: [1, 1, 1, 1, 1, 0, 1, 1, 1, 2, 2]: 1
20_10: 0: [7, 13, 15, 17, 26, 29]: [1, 0, 1, 4, 0, 1, 1, 3, 1, 2, 1]: 0
