30
red1
more
('12_2___1__', 17, 3, [0, 0, 2, 0, 3, 0, 0, 0, 2, 1, 1, 0, 0, 0, 0, 0, 0]) (3, 11)
('1_2___1__', 16, 3, [0, 0, 2, 0, 3, 0, 1, 1, 0, 1, 1, 0, 0, 0, 1, 0]) (3, 11)
('41_1___1__', 16, 1, [0, 1, 0, 2, 0, 3, 1, 0, 2, 0, 2, 0, 1, 0, 0, 0]) (2, 11)
('5_2___1__', 15, 4, [0, 2, 0, 3, 0, 0, 0, 2, 1, 1, 0, 0, 0, 1, 0]) (4, 11)
('6_9___1__', 15, 1, [2, 0, 3, 3, 0, 0, 0, 2, 3, 0, 0, 0, 0, 0, 0]) (3, 11)
('7_1___1__', 15, 1, [0, 0, 0, 3, 0, 3, 2, 2, 1, 1, 0, 1, 0, 0, 0]) (5, 11)
('7_7___1__', 15, 3, [1, 2, 0, 1, 0, 1, 0, 0, 2, 1, 1, 0, 1, 0, 1]) (1, 11)
('7_8___1__', 15, 5, [2, 0, 1, 0, 1, 0, 0, 1, 0, 1, 1, 0, 1, 0, 1]) (0, 11)
('8_2___1__', 15, 4, [0, 2, 0, 4, 0, 0, 1, 0, 3, 0, 0, 0, 0, 0, 0]) (2, 11)
('10_10___1__', 15, 3, [0, 0, 3, 1, 1, 0, 0, 0, 2, 3, 0, 1, 0, 0, 0]) (2, 11)
('11_1___1__', 15, 3, [1, 2, 0, 4, 1, 1, 0, 1, 1, 0, 0, 0, 0, 0, 0]) (2, 11)
('12_10___1__', 15, 5, [2, 0, 0, 0, 1, 2, 1, 0, 1, 1, 0, 1, 0, 0, 0]) (2, 11)
('19_9___1__', 15, 3, [1, 2, 0, 1, 2, 0, 0, 2, 1, 1, 0, 1, 0, 0, 0]) (2, 11)
('20_10___1__', 15, 3, [1, 3, 0, 0, 1, 1, 0, 1, 0, 3, 0, 1, 0, 0, 0]) (3, 11)
('22_8___1__', 15, 1, [3, 2, 0, 3, 0, 0, 0, 1, 0, 3, 0, 1, 0, 0, 0]) (1, 11)
('24_2___1__', 15, 5, [2, 0, 3, 0, 1, 1, 0, 1, 1, 0, 0, 0, 0, 0, 0]) (3, 11)
('25_1___1__', 15, 1, [1, 0, 0, 3, 3, 2, 2, 0, 0, 1, 0, 1, 0, 0, 0]) (4, 11)
('27_2___1__', 15, 4, [3, 0, 3, 0, 0, 0, 2, 1, 1, 0, 0, 0, 0, 0, 0]) (2, 11)
('31_9___1__', 15, 2, [0, 1, 1, 0, 0, 3, 0, 1, 2, 1, 1, 0, 1, 0, 1]) (0, 11)
('34_7___1__', 15, 3, [1, 2, 0, 2, 1, 1, 1, 0, 1, 1, 0, 1, 0, 0, 0]) (4, 11)
less
('14_1___1__', 7, 8, [0, 6, 2, 3, 0, 1, 2]) (2, 11)
('21_1___1__', 8, 8, [0, 3, 2, 2, 3, 0, 1, 2]) (2, 11)
('38_3___1__', 8, 3, [5, 6, 2, 3, 0, 1, 0, 1]) (5, 11)
('39_1___1__', 8, 8, [0, 6, 4, 1, 0, 1, 0, 1]) (4, 11)
('1_6___1__', 9, 5, [2, 0, 4, 1, 6, 0, 1, 0, 1]) (5, 11)
('9_3___1__', 9, 3, [5, 3, 2, 2, 3, 0, 0, 0, 2]) (4, 11)
('9_7___1__', 9, 5, [2, 0, 6, 1, 0, 3, 0, 1, 2]) (2, 11)
('9_8___1__', 9, 8, [0, 6, 2, 2, 0, 0, 1, 1, 0]) (4, 11)
('11_3___1__', 9, 9, [6, 1, 0, 3, 0, 0, 0, 1, 0]) (4, 11)
('11_7___1__', 9, 5, [2, 0, 5, 0, 2, 3, 0, 1, 2]) (2, 11)
('11_10___1__', 9, 5, [9, 0, 1, 0, 3, 0, 1, 1, 0]) (3, 11)
('13_1___1__', 9, 8, [0, 6, 2, 1, 1, 0, 1, 0, 1]) (3, 11)
('14_3___1__', 9, 8, [0, 6, 2, 3, 0, 0, 0, 1, 0]) (3, 11)
('18_3___1__', 9, 9, [6, 2, 3, 0, 0, 0, 0, 0, 0]) (3, 11)
('19_6___1__', 9, 8, [0, 0, 5, 1, 0, 3, 0, 1, 2]) (3, 11)
('23_10___1__', 9, 5, [3, 3, 2, 2, 3, 0, 1, 1, 0]) (5, 11)
('25_8___1__', 9, 5, [3, 3, 0, 1, 2, 3, 0, 1, 2]) (3, 11)
('29_6___1__', 9, 8, [0, 5, 0, 1, 0, 3, 0, 1, 2]) (1, 11)
('30_3___1__', 9, 9, [3, 2, 2, 3, 0, 0, 0, 0, 1]) (3, 11)
('31_1___1__', 9, 2, [0, 4, 0, 6, 2, 3, 0, 1, 2]) (3, 11)
part_in:(0, 4), all_in:(5, 11), all_out:(0, 11)
red2
more
('2_9___2__', 15, 5, [0, 1, 0, 0, 0, 0, 1, 1, 1, 0, 0, 1, 1, 2, 1]) (14, 16)
('31_9___2__', 15, 5, [0, 0, 0, 1, 0, 0, 1, 1, 2, 0, 0, 0, 1, 2, 1]) (8, 16)
('3_6___2__', 14, 5, [0, 1, 1, 1, 1, 1, 2, 0, 1, 0, 0, 2, 0, 0]) (11, 16)
('22_7___2__', 14, 1, [4, 1, 1, 1, 1, 1, 1, 0, 0, 1, 1, 2, 0, 0]) (9, 16)
('28_9___2__', 14, 6, [1, 0, 0, 0, 0, 1, 1, 1, 0, 0, 1, 1, 2, 1]) (7, 16)
('28_10___2__', 14, 8, [0, 0, 0, 0, 1, 1, 1, 0, 0, 0, 0, 1, 2, 1]) (8, 16)
('29_7___2__', 14, 1, [4, 1, 1, 1, 1, 1, 1, 0, 0, 1, 1, 2, 0, 0]) (11, 16)
('49_1___2__', 14, 3, [2, 1, 0, 0, 1, 1, 3, 0, 1, 0, 3, 0, 0, 0]) (8, 16)
('3_9___2__', 13, 8, [0, 0, 0, 0, 1, 1, 2, 0, 0, 0, 1, 2, 1]) (11, 16)
('4_9___2__', 13, 7, [0, 0, 0, 0, 0, 1, 1, 1, 0, 2, 1, 2, 1]) (8, 16)
('5_6___2__', 13, 8, [0, 0, 0, 0, 1, 1, 2, 0, 1, 1, 2, 0, 0]) (8, 16)
('7_6___2__', 13, 3, [1, 0, 1, 1, 1, 1, 1, 2, 0, 1, 1, 2, 1]) (8, 16)
('8_6___2__', 13, 6, [1, 1, 1, 1, 0, 0, 2, 0, 1, 1, 2, 0, 0]) (6, 16)
('12_9___2__', 13, 6, [1, 1, 0, 0, 1, 1, 2, 0, 0, 0, 1, 2, 1]) (7, 16)
('17_7___2__', 13, 5, [0, 1, 1, 1, 1, 1, 1, 0, 0, 3, 2, 0, 0]) (15, 16)
('18_7___2__', 13, 5, [0, 1, 1, 1, 1, 1, 2, 0, 1, 1, 2, 0, 0]) (11, 16)
('21_6___2__', 13, 1, [4, 1, 1, 1, 1, 1, 2, 0, 1, 1, 2, 0, 0]) (10, 16)
('37_9___2__', 13, 5, [2, 0, 0, 1, 1, 1, 1, 0, 0, 1, 1, 2, 1]) (11, 16)
('38_9___2__', 13, 6, [1, 0, 0, 0, 0, 1, 1, 2, 0, 1, 1, 2, 1]) (9, 16)
('42_6___2__', 13, 6, [1, 0, 0, 1, 1, 1, 2, 0, 1, 1, 2, 0, 0]) (11, 16)
less
('14_2___2__', 5, 10, [3, 4, 0, 1, 6]) (5, 16)
('17_2___2__', 5, 10, [3, 4, 2, 4, 1]) (6, 16)
('23_2___2__', 5, 10, [3, 3, 0, 2, 6]) (7, 16)
('26_2___2__', 5, 8, [1, 3, 4, 2, 6]) (9, 16)
('2_2___2__', 6, 10, [3, 4, 2, 3, 0, 1]) (8, 16)
('2_3___2__', 6, 10, [3, 1, 2, 2, 4, 1]) (6, 16)
('5_2___2__', 6, 10, [1, 1, 1, 2, 2, 6]) (9, 16)
('6_1___2__', 6, 10, [1, 1, 4, 2, 4, 1]) (5, 16)
('6_3___2__', 6, 10, [3, 4, 0, 1, 4, 1]) (6, 16)
('8_2___2__', 6, 8, [1, 3, 4, 2, 4, 1]) (6, 16)
('9_7___2__', 6, 8, [1, 3, 1, 2, 0, 8]) (15, 16)
('9_8___2__', 6, 8, [5, 1, 1, 0, 0, 8]) (14, 16)
('19_2___2__', 6, 8, [1, 3, 3, 0, 2, 6]) (7, 16)
('43_2___2__', 6, 10, [3, 4, 0, 1, 4, 1]) (7, 16)
('47_8___2__', 6, 12, [1, 1, 2, 2, 4, 1]) (15, 16)
('48_3___2__', 6, 10, [1, 1, 4, 2, 4, 1]) (6, 16)
('49_2___2__', 6, 8, [1, 1, 1, 4, 2, 6]) (7, 16)
('50_2___2__', 6, 8, [1, 3, 4, 0, 1, 6]) (7, 16)
('1_2___2__', 7, 8, [1, 1, 1, 4, 0, 1, 6]) (7, 16)
('4_1___2__', 7, 6, [1, 1, 5, 2, 2, 4, 1]) (8, 16)
part_in:(5, 14), all_in:(15, 16), all_out:(5, 16)
red3
more
('24_6___3__', 15, 1, [2, 1, 2, 0, 1, 1, 2, 1, 0, 0, 0, 1, 1, 1, 0]) (17, 20)
('48_6___3__', 14, 2, [1, 1, 2, 0, 1, 1, 2, 1, 0, 1, 1, 1, 1, 0]) (16, 20)
('14_6___3__', 13, 0, [1, 1, 1, 2, 0, 1, 4, 1, 0, 1, 1, 1, 2]) (12, 20)
('15_6___3__', 13, 0, [3, 1, 2, 0, 1, 1, 0, 3, 0, 1, 1, 1, 2]) (16, 20)
('18_6___3__', 13, 2, [1, 4, 0, 1, 1, 2, 1, 0, 1, 1, 1, 1, 0]) (15, 20)
('22_1___3__', 13, 0, [3, 1, 2, 0, 5, 0, 0, 0, 0, 0, 0, 3, 2]) (14, 20)
('25_1___3__', 13, 4, [1, 2, 0, 2, 0, 1, 2, 0, 0, 0, 1, 1, 2]) (14, 20)
('27_6___3__', 13, 4, [1, 2, 0, 1, 1, 2, 1, 0, 1, 1, 1, 1, 0]) (16, 20)
('29_6___3__', 13, 2, [1, 1, 2, 2, 1, 2, 1, 0, 1, 1, 1, 1, 0]) (13, 20)
('32_7___3__', 13, 0, [3, 1, 2, 0, 1, 1, 4, 0, 1, 1, 1, 1, 0]) (17, 20)
('36_6___3__', 13, 2, [1, 4, 0, 1, 1, 2, 1, 0, 1, 1, 1, 1, 0]) (16, 20)
('43_6___3__', 13, 4, [1, 2, 2, 1, 2, 1, 0, 0, 0, 1, 1, 1, 0]) (12, 20)
('46_6___3__', 13, 2, [1, 1, 2, 0, 1, 1, 4, 0, 1, 1, 1, 1, 0]) (15, 20)
('49_1___3__', 13, 4, [1, 2, 0, 1, 1, 1, 0, 0, 1, 0, 0, 3, 2]) (14, 20)
('7_6___3__', 12, 4, [1, 2, 0, 1, 1, 4, 0, 1, 1, 1, 1, 0]) (18, 20)
('7_7___3__', 12, 4, [1, 2, 0, 0, 0, 1, 5, 1, 1, 1, 1, 0]) (16, 20)
('8_6___3__', 12, 0, [3, 1, 2, 2, 1, 4, 0, 1, 1, 1, 1, 0]) (13, 20)
('10_6___3__', 12, 4, [1, 2, 2, 1, 2, 1, 0, 1, 1, 1, 1, 0]) (16, 20)
('11_6___3__', 12, 4, [4, 0, 1, 1, 2, 1, 0, 1, 1, 1, 1, 0]) (13, 20)
('13_10___3__', 12, 2, [1, 4, 0, 1, 1, 2, 2, 0, 0, 1, 1, 2]) (12, 20)
less
('1_6___3__', 6, 4, [4, 4, 5, 1, 3, 2]) (16, 20)
('2_3___3__', 6, 4, [4, 0, 9, 1, 3, 2]) (10, 20)
('8_2___3__', 6, 4, [4, 4, 5, 1, 3, 2]) (10, 20)
('16_3___3__', 6, 4, [4, 0, 9, 1, 3, 2]) (13, 20)
('33_7___3__', 6, 4, [4, 7, 2, 3, 1, 2]) (13, 20)
('46_3___3__', 6, 4, [4, 0, 9, 1, 3, 2]) (12, 20)
('5_8___3__', 7, 4, [4, 2, 1, 5, 3, 1, 2]) (16, 20)
('6_2___3__', 7, 4, [4, 4, 2, 2, 1, 3, 2]) (11, 20)
('9_2___3__', 7, 4, [4, 0, 6, 2, 1, 3, 2]) (9, 20)
('9_3___3__', 7, 4, [1, 2, 0, 9, 1, 3, 2]) (10, 20)
('10_2___3__', 7, 4, [4, 4, 5, 0, 0, 3, 2]) (10, 20)
('12_2___3__', 7, 4, [4, 4, 2, 2, 1, 3, 2]) (10, 20)
('17_2___3__', 7, 4, [4, 0, 3, 5, 1, 3, 2]) (8, 20)
('17_3___3__', 7, 4, [1, 2, 0, 9, 1, 3, 2]) (10, 20)
('21_1___3__', 7, 4, [1, 2, 0, 5, 3, 5, 2]) (10, 20)
('23_3___3__', 7, 4, [1, 2, 0, 9, 1, 3, 2]) (10, 20)
('27_3___3__', 7, 4, [1, 2, 0, 9, 1, 3, 2]) (11, 20)
('28_1___3__', 7, 4, [4, 4, 5, 0, 2, 1, 2]) (13, 20)
('33_8___3__', 7, 4, [4, 2, 7, 1, 1, 1, 2]) (15, 20)
('35_8___3__', 7, 4, [4, 2, 1, 5, 3, 1, 2]) (12, 20)
part_in:(8, 17), all_in:(18, 20), all_out:(8, 20)
red4
more
('29_6___4__', 15, 0, [1, 1, 0, 0, 4, 0, 1, 1, 0, 1, 2, 2, 1, 0, 0]) (20, 21)
('4_9___4__', 14, 0, [1, 1, 0, 0, 3, 0, 0, 1, 1, 2, 2, 2, 1, 1]) (21, 23)
('36_10___4__', 14, 0, [1, 1, 0, 0, 3, 1, 1, 1, 1, 0, 2, 2, 1, 1]) (21, 22)
('38_2___4__', 14, 0, [4, 2, 1, 3, 1, 0, 0, 0, 1, 0, 1, 0, 1, 1]) (16, 21)
('48_7___4__', 14, 2, [1, 0, 0, 2, 0, 0, 0, 1, 1, 0, 4, 2, 1, 1]) (21, 23)
('50_6___4__', 14, 0, [1, 1, 0, 0, 3, 0, 0, 1, 1, 0, 1, 5, 1, 1]) (21, 22)
('1_10___4__', 13, 2, [1, 0, 0, 3, 1, 1, 1, 1, 2, 0, 2, 1, 1]) (19, 21)
('4_8___4__', 13, 0, [1, 1, 0, 0, 3, 0, 0, 1, 1, 5, 2, 1, 1]) (21, 22)
('5_1___4__', 13, 2, [1, 0, 0, 3, 3, 1, 0, 1, 1, 2, 0, 1, 1]) (15, 21)
('13_8___4__', 13, 0, [1, 2, 0, 1, 3, 1, 1, 0, 4, 2, 1, 0, 0]) (21, 23)
('18_6___4__', 13, 0, [1, 1, 1, 5, 1, 1, 0, 1, 2, 2, 1, 0, 0]) (19, 21)
('22_10___4__', 13, 0, [1, 1, 1, 3, 1, 1, 1, 0, 3, 0, 2, 1, 1]) (19, 21)
('27_7___4__', 13, 0, [1, 1, 0, 0, 2, 0, 1, 1, 1, 2, 5, 1, 1]) (21, 23)
('29_7___4__', 13, 2, [1, 0, 0, 5, 1, 1, 0, 1, 2, 2, 1, 0, 0]) (18, 21)
('31_8___4__', 13, 0, [1, 1, 1, 3, 1, 1, 1, 0, 1, 2, 2, 1, 1]) (21, 21)
('32_6___4__', 13, 0, [3, 1, 3, 1, 1, 1, 0, 1, 2, 2, 1, 0, 0]) (21, 23)
('40_6___4__', 13, 0, [1, 1, 0, 0, 4, 0, 1, 1, 2, 3, 1, 1, 1]) (19, 21)
('46_8___4__', 13, 0, [1, 1, 0, 0, 3, 1, 1, 1, 2, 2, 2, 1, 1]) (21, 21)
('47_10___4__', 13, 0, [1, 1, 1, 3, 1, 1, 1, 0, 1, 2, 2, 1, 1]) (21, 24)
('48_6___4__', 13, 2, [1, 0, 0, 2, 0, 1, 1, 1, 0, 1, 5, 1, 1]) (21, 21)
less
('1_6___4__', 5, 6, [7, 1, 10, 0, 0]) (21, 21)
('8_2___4__', 6, 4, [0, 8, 1, 7, 2, 1]) (13, 21)
('21_1___4__', 6, 6, [3, 5, 1, 5, 2, 1]) (12, 21)
('26_10___4__', 6, 10, [3, 1, 5, 2, 1, 1]) (21, 21)
('8_9___4__', 7, 0, [5, 5, 1, 1, 8, 1, 1]) (21, 23)
('9_10___4__', 7, 6, [5, 1, 1, 5, 2, 1, 1]) (21, 22)
('12_2___4__', 7, 10, [3, 1, 5, 1, 0, 1, 1]) (11, 21)
('15_7___4__', 7, 0, [5, 7, 1, 2, 5, 1, 1]) (20, 21)
('16_3___4__', 7, 4, [1, 7, 1, 5, 1, 2, 1]) (15, 21)
('16_6___4__', 7, 2, [3, 7, 1, 2, 5, 1, 1]) (21, 21)
('16_7___4__', 7, 2, [3, 2, 4, 1, 8, 1, 1]) (21, 23)
('26_8___4__', 7, 0, [5, 5, 1, 1, 8, 1, 1]) (21, 21)
('26_9___4__', 7, 0, [5, 7, 1, 5, 2, 1, 1]) (20, 21)
('27_1___4__', 7, 6, [3, 3, 1, 2, 5, 1, 1]) (13, 21)
('30_10___4__', 7, 6, [3, 3, 1, 5, 2, 1, 1]) (21, 21)
('31_2___4__', 7, 10, [3, 1, 2, 1, 2, 2, 1]) (12, 21)
('33_8___4__', 7, 6, [5, 1, 1, 5, 2, 1, 1]) (20, 21)
('35_8___4__', 7, 0, [5, 5, 1, 1, 8, 1, 1]) (16, 21)
('2_3___4__', 8, 4, [1, 3, 3, 1, 5, 1, 2, 1]) (15, 21)
('2_7___4__', 8, 4, [1, 3, 3, 1, 5, 2, 1, 1]) (21, 22)
part_in:(11, 24), all_in:(21, 21), all_out:(11, 24)
red5
more
('11_8___5__', 15, 0, [1, 1, 0, 4, 1, 0, 1, 2, 1, 1, 1, 1, 0, 0, 0]) (23, 23)
('12_7___5__', 15, 0, [1, 1, 5, 0, 0, 0, 2, 0, 0, 3, 1, 1, 0, 0, 0]) (23, 25)
('12_8___5__', 15, 0, [4, 0, 2, 0, 0, 0, 0, 1, 1, 4, 1, 1, 0, 0, 0]) (23, 24)
('34_1___5__', 15, 0, [3, 0, 4, 1, 0, 1, 1, 0, 0, 0, 3, 1, 0, 0, 0]) (22, 23)
('39_6___5__', 15, 0, [1, 7, 0, 0, 0, 1, 0, 1, 3, 0, 0, 1, 0, 0, 0]) (23, 27)
('3_8___5__', 14, 0, [3, 0, 6, 0, 1, 0, 0, 0, 1, 1, 1, 2, 0, 0]) (23, 24)
('7_8___5__', 14, 0, [3, 0, 4, 1, 0, 1, 0, 1, 3, 1, 1, 0, 0, 0]) (23, 25)
('8_8___5__', 14, 0, [1, 1, 0, 3, 0, 1, 0, 2, 1, 3, 1, 1, 0, 1]) (22, 23)
('10_8___5__', 14, 0, [3, 0, 3, 0, 0, 0, 0, 1, 0, 1, 5, 2, 0, 0]) (23, 23)
('12_6___5__', 14, 0, [1, 2, 5, 0, 0, 1, 0, 1, 3, 1, 1, 0, 0, 0]) (23, 26)
('14_7___5__', 14, 0, [1, 1, 0, 3, 0, 1, 0, 2, 1, 0, 4, 2, 0, 0]) (23, 27)
('19_10___5__', 14, 0, [1, 2, 4, 1, 0, 2, 0, 0, 1, 1, 1, 1, 0, 1]) (23, 23)
('21_7___5__', 14, 0, [1, 1, 4, 2, 0, 2, 1, 1, 1, 1, 1, 0, 0, 0]) (22, 23)
('22_8___5__', 14, 0, [3, 0, 3, 0, 1, 0, 2, 0, 4, 1, 1, 0, 0, 0]) (23, 26)
('22_9___5__', 14, 0, [1, 2, 3, 0, 1, 0, 2, 0, 4, 1, 1, 0, 0, 0]) (23, 24)
('28_9___5__', 14, 0, [1, 1, 5, 1, 0, 2, 0, 0, 1, 1, 1, 1, 0, 1]) (23, 25)
('33_6___5__', 14, 0, [1, 1, 0, 5, 0, 0, 1, 0, 0, 4, 1, 2, 0, 0]) (23, 26)
('36_6___5__', 14, 0, [1, 1, 0, 4, 1, 0, 3, 0, 3, 1, 1, 0, 0, 0]) (23, 28)
('36_9___5__', 14, 0, [1, 1, 0, 6, 0, 1, 0, 1, 1, 1, 1, 1, 0, 1]) (23, 28)
('36_10___5__', 14, 0, [1, 1, 0, 4, 1, 0, 2, 0, 0, 3, 1, 1, 0, 1]) (23, 25)
less
('2_2___5__', 7, 0, [4, 4, 2, 3, 0, 8, 1]) (23, 23)
('8_3___5__', 7, 0, [9, 2, 8, 1, 0, 1, 1]) (20, 23)
('15_3___5__', 7, 0, [4, 7, 8, 1, 0, 1, 1]) (23, 23)
('16_3___5__', 7, 0, [12, 2, 5, 1, 0, 1, 1]) (20, 23)
('17_2___5__', 7, 0, [4, 4, 2, 4, 5, 2, 1]) (15, 23)
('27_8___5__', 7, 9, [0, 1, 0, 8, 1, 2, 1]) (23, 27)
('33_2___5__', 7, 0, [3, 0, 4, 2, 8, 4, 1]) (18, 23)
('34_6___5__', 7, 13, [3, 0, 3, 1, 2, 0, 0]) (23, 27)
('39_3___5__', 7, 0, [12, 6, 1, 1, 0, 1, 1]) (20, 23)
('47_9___5__', 7, 0, [11, 0, 6, 1, 1, 2, 1]) (23, 27)
('1_2___5__', 8, 0, [4, 4, 1, 0, 3, 1, 7, 1]) (23, 23)
('3_2___5__', 8, 0, [5, 3, 2, 3, 0, 3, 4, 1]) (21, 23)
('3_3___5__', 8, 0, [4, 4, 2, 6, 1, 2, 1, 1]) (19, 23)
('7_2___5__', 8, 0, [3, 0, 4, 2, 3, 0, 8, 1]) (21, 23)
('9_2___5__', 8, 0, [4, 7, 3, 0, 3, 1, 2, 1]) (20, 23)
('15_6___5__', 8, 0, [4, 7, 2, 2, 4, 2, 0, 0]) (21, 23)
('16_6___5__', 8, 0, [4, 6, 0, 2, 7, 2, 0, 0]) (23, 23)
('18_7___5__', 8, 2, [7, 1, 0, 8, 1, 2, 0, 0]) (23, 25)
('23_3___5__', 8, 10, [2, 2, 0, 4, 1, 0, 1, 1]) (19, 23)
('26_2___5__', 8, 0, [4, 0, 3, 2, 3, 0, 8, 1]) (23, 24)
part_in:(15, 28), all_in:(23, 23), all_out:(15, 28)
red6
more
('7_9___6__', 15, 0, [3, 0, 4, 0, 0, 1, 0, 2, 0, 1, 0, 0, 0, 1, 2]) (24, 32)
('17_8___6__', 14, 0, [1, 1, 0, 0, 2, 0, 0, 2, 3, 2, 0, 1, 1, 2]) (24, 31)
('28_7___6__', 14, 0, [1, 1, 2, 2, 0, 0, 1, 0, 2, 2, 0, 1, 3, 0]) (24, 31)
('23_9___6__', 13, 0, [1, 1, 1, 2, 0, 0, 2, 3, 2, 0, 1, 1, 2]) (24, 33)
('24_6___6__', 13, 0, [1, 1, 2, 2, 0, 2, 0, 2, 2, 0, 1, 1, 2]) (24, 31)
('27_6___6__', 13, 0, [1, 1, 2, 3, 2, 0, 2, 2, 0, 1, 1, 1, 0]) (24, 32)
('43_7___6__', 13, 0, [1, 1, 4, 1, 2, 3, 2, 0, 1, 0, 0, 1, 0]) (24, 30)
('46_9___6__', 13, 0, [1, 1, 2, 2, 0, 2, 3, 0, 1, 0, 1, 1, 2]) (24, 33)
('2_8___6__', 12, 0, [1, 1, 0, 4, 0, 2, 3, 2, 0, 1, 1, 2]) (24, 33)
('4_6___6__', 12, 0, [1, 1, 2, 2, 0, 0, 1, 3, 2, 2, 1, 2]) (24, 33)
('6_6___6__', 12, 0, [1, 1, 6, 2, 0, 2, 0, 1, 0, 1, 3, 0]) (24, 29)
('6_9___6__', 12, 0, [1, 1, 1, 4, 2, 0, 1, 1, 1, 0, 1, 4]) (24, 30)
('7_8___6__', 12, 0, [1, 1, 0, 4, 0, 0, 1, 6, 0, 1, 1, 2]) (24, 32)
('8_9___6__', 12, 0, [1, 1, 5, 0, 2, 2, 0, 2, 0, 1, 1, 2]) (24, 32)
('8_10___6__', 12, 0, [1, 1, 5, 0, 2, 1, 1, 2, 0, 1, 1, 2]) (24, 31)
('11_6___6__', 12, 0, [1, 1, 5, 0, 2, 3, 2, 0, 1, 1, 1, 0]) (24, 31)
('16_8___6__', 12, 0, [1, 1, 4, 0, 0, 2, 3, 2, 0, 1, 3, 0]) (24, 32)
('17_9___6__', 12, 0, [1, 1, 0, 3, 0, 0, 2, 6, 0, 1, 1, 2]) (24, 31)
('18_7___6__', 12, 0, [1, 1, 2, 2, 0, 2, 3, 2, 0, 1, 3, 0]) (24, 30)
('24_7___6__', 12, 0, [1, 1, 2, 2, 0, 2, 3, 2, 0, 1, 1, 2]) (24, 32)
less
('2_1___6__', 7, 0, [3, 6, 2, 3, 2, 2, 4]) (24, 31)
('7_1___6__', 7, 0, [3, 6, 2, 3, 2, 2, 4]) (24, 29)
('1_1___6__', 8, 0, [3, 6, 2, 2, 0, 2, 2, 4]) (24, 30)
('2_2___6__', 8, 0, [3, 6, 2, 3, 2, 2, 1, 2]) (24, 29)
('3_9___6__', 8, 0, [3, 5, 0, 2, 6, 0, 1, 4]) (24, 31)
('3_10___6__', 8, 0, [3, 6, 2, 3, 2, 0, 1, 4]) (24, 31)
('5_2___6__', 8, 0, [3, 6, 2, 3, 2, 2, 1, 2]) (24, 29)
('6_3___6__', 8, 0, [3, 6, 2, 6, 0, 1, 1, 2]) (24, 27)
('6_8___6__', 8, 0, [1, 1, 6, 2, 6, 0, 1, 4]) (24, 29)
('9_2___6__', 8, 0, [3, 6, 2, 3, 2, 0, 1, 4]) (24, 24)
('11_8___6__', 8, 0, [1, 1, 6, 2, 6, 0, 1, 4]) (24, 31)
('11_10___6__', 8, 0, [3, 6, 2, 3, 2, 0, 1, 4]) (24, 31)
('13_1___6__', 8, 0, [3, 6, 2, 3, 2, 0, 1, 4]) (24, 28)
('15_1___6__', 8, 0, [3, 6, 2, 3, 0, 1, 2, 4]) (24, 28)
('15_2___6__', 8, 0, [3, 6, 2, 3, 2, 0, 1, 4]) (24, 28)
('15_3___6__', 8, 0, [3, 6, 2, 6, 0, 1, 1, 2]) (24, 29)
('15_8___6__', 8, 0, [3, 1, 4, 2, 6, 0, 1, 4]) (24, 30)
('15_9___6__', 8, 0, [3, 6, 2, 3, 2, 0, 1, 4]) (24, 31)
('15_10___6__', 8, 0, [3, 6, 2, 3, 2, 0, 1, 4]) (24, 30)
('17_1___6__', 8, 0, [3, 6, 2, 2, 0, 2, 2, 4]) (24, 26)
part_in:(28, 33), all_in:(24, 27), all_out:(24, 33)
