30
less5
400_4___1__    15   0  [1, 1, 0, 0, 5, 0, 2, 0, 0, 0, 0, 0, 3, 2, 0]  (0, 9)
400_5___1__    14   0  [1, 1, 0, 5, 0, 0, 2, 0, 0, 0, 0, 4, 2, 0]  (0, 10)
600_4___1__    14   0  [1, 1, 0, 6, 0, 0, 0, 0, 0, 0, 2, 1, 4, 0]  (0, 4)
400_3___1__    13   0  [1, 1, 0, 0, 5, 1, 1, 0, 0, 0, 0, 7, 0]  (0, 10)
1000_5___1__    13   0  [1, 1, 0, 0, 2, 2, 0, 2, 0, 0, 0, 8, 0]  (0, 7)
1000_4___1__    12   0  [1, 1, 1, 5, 0, 0, 1, 0, 0, 0, 8, 0]  (0, 7)
400_1___1__    11   0  [1, 1, 0, 0, 2, 2, 3, 0, 0, 6, 3]  (0, 9)
400_2___1__    11   0  [1, 1, 0, 0, 5, 3, 0, 0, 6, 2, 0]  (0, 10)
600_5___1__    11   0  [1, 2, 6, 0, 1, 0, 0, 0, 6, 2, 0]  (0, 3)
1000_1___1__    11   0  [1, 1, 1, 2, 2, 1, 2, 0, 4, 4, 0]  (0, 5)
1000_2___1__    11   0  [1, 1, 0, 0, 5, 1, 1, 0, 0, 9, 0]  (0, 7)
1000_3___1__    11   0  [1, 1, 1, 5, 0, 0, 1, 0, 0, 9, 0]  (0, 6)
600_1___1__    10   0  [1, 2, 3, 2, 1, 1, 0, 0, 4, 5]  (0, 2)
600_2___1__    10   0  [1, 0, 1, 6, 1, 1, 0, 0, 9, 0]  (0, 3)
600_3___1__    10   0  [1, 1, 7, 1, 1, 0, 0, 0, 8, 0]  (0, 4)
part_in:(3, 10), all_in:(0, 2), all_out:(0, 10)
less8
600_3___2__    13   2  [0, 1, 4, 2, 2, 0, 1, 0, 0, 1, 3, 0, 0]  (7, 14)
1000_3___2__    13   2  [0, 1, 0, 3, 2, 3, 1, 0, 0, 1, 3, 0, 0]  (7, 9)
400_3___2__    12   2  [2, 4, 0, 1, 3, 1, 0, 0, 1, 3, 0, 0]  (7, 8)
400_4___2__    11   2  [7, 2, 0, 4, 0, 0, 1, 1, 1, 0, 0]  (7, 10)
600_2___2__    11   3  [2, 2, 0, 2, 3, 1, 0, 2, 3, 0, 0]  (7, 16)
400_2___2__    10   2  [7, 2, 1, 1, 1, 0, 2, 3, 0, 0]  (7, 7)
400_5___2__    10   2  [10, 2, 2, 0, 0, 1, 1, 1, 0, 0]  (7, 10)
600_1___2__    10   2  [6, 0, 6, 0, 0, 1, 1, 3, 0, 0]  (7, 15)
600_4___2__    10   2  [7, 6, 0, 0, 0, 0, 1, 3, 0, 0]  (7, 13)
600_5___2__    10   2  [6, 0, 6, 0, 0, 1, 1, 3, 0, 0]  (7, 15)
1000_4___2__    10   2  [1, 1, 3, 2, 5, 1, 1, 3, 0, 0]  (7, 11)
1000_1___2__    9   2  [3, 2, 3, 3, 1, 3, 3, 0, 0]  (7, 10)
400_1___2__    8   2  [0, 5, 0, 4, 3, 7, 0, 0]  (7, 7)
1000_2___2__    8   6  [3, 2, 3, 1, 3, 3, 0, 0]  (7, 12)
1000_5___2__    8   2  [3, 12, 0, 0, 1, 3, 0, 0]  (7, 11)
part_in:(9, 16), all_in:(7, 8), all_out:(7, 16)
less9
600_3___3__    12   2  [1, 4, 0, 3, 1, 0, 0, 0, 1, 2, 3, 0]  (7, 21)
400_4___3__    11   2  [1, 1, 3, 5, 0, 0, 0, 1, 2, 3, 0]  (5, 21)
400_5___3__    11   2  [1, 1, 3, 5, 0, 0, 0, 1, 2, 3, 0]  (4, 21)
1000_3___3__    11   2  [1, 0, 4, 2, 2, 0, 0, 0, 4, 3, 0]  (7, 21)
400_3___3__    10   2  [1, 1, 3, 5, 0, 0, 0, 4, 3, 0]  (5, 21)
600_4___3__    10   2  [1, 4, 0, 5, 0, 0, 0, 1, 6, 0]  (8, 21)
600_5___3__    10   2  [6, 0, 5, 0, 0, 0, 1, 2, 3, 0]  (8, 21)
1000_1___3__    10   4  [1, 2, 0, 5, 0, 0, 0, 4, 3, 0]  (9, 21)
1000_4___3__    10   2  [1, 1, 3, 5, 0, 0, 0, 4, 3, 0]  (6, 21)
1000_5___3__    10   4  [1, 2, 0, 2, 2, 0, 0, 0, 8, 0]  (6, 21)
400_2___3__    9   4  [1, 3, 5, 0, 0, 0, 4, 3, 0]  (5, 21)
600_2___3__    9   2  [6, 0, 5, 0, 0, 0, 4, 3, 0]  (7, 21)
1000_2___3__    9   2  [1, 1, 3, 5, 1, 0, 4, 3, 0]  (6, 21)
400_1___3__    8   2  [1, 1, 3, 5, 1, 0, 8, 0]  (5, 21)
600_1___3__    8   2  [6, 0, 5, 0, 0, 0, 8, 0]  (8, 21)
part_in:(4, 8), all_in:(9, 21), all_out:(4, 21)
less10
400_5___4__    15   3  [1, 0, 1, 5, 0, 1, 0, 1, 0, 0, 1, 0, 1, 0, 0]  (2, 18)
400_3___4__    14   5  [0, 1, 5, 0, 1, 2, 0, 0, 0, 0, 0, 1, 0, 0]  (2, 18)
400_4___4__    14   5  [2, 5, 0, 1, 0, 1, 0, 0, 0, 0, 0, 1, 0, 0]  (1, 18)
600_2___4__    13   5  [2, 5, 0, 1, 3, 0, 0, 0, 0, 0, 0, 0, 0]  (3, 18)
600_3___4__    13   5  [2, 5, 0, 1, 0, 2, 0, 0, 0, 1, 0, 0, 0]  (3, 18)
600_5___4__    13   5  [8, 0, 1, 0, 2, 0, 0, 0, 0, 0, 0, 0, 0]  (7, 18)
1000_5___4__    13   5  [1, 0, 5, 0, 1, 0, 3, 0, 0, 0, 1, 0, 0]  (2, 18)
400_1___4__    12   1  [3, 0, 1, 5, 0, 1, 4, 1, 0, 0, 1, 0]  (0, 18)
600_1___4__    12   5  [2, 5, 0, 1, 3, 0, 0, 0, 0, 0, 1, 0]  (4, 18)
600_4___4__    12   5  [8, 0, 1, 0, 2, 0, 0, 0, 1, 0, 0, 0]  (5, 18)
400_2___4__    11   5  [0, 1, 5, 0, 1, 4, 1, 0, 1, 0, 0]  (1, 18)
1000_1___4__    10   5  [2, 5, 0, 1, 4, 0, 0, 0, 2, 0]  (2, 18)
1000_3___4__    10   5  [8, 0, 1, 4, 0, 0, 0, 1, 0, 0]  (1, 18)
1000_4___4__    10   5  [2, 5, 0, 1, 4, 0, 0, 2, 0, 0]  (1, 18)
1000_2___4__    9   5  [8, 0, 1, 4, 0, 1, 1, 0, 0]  (2, 18)
part_in:(0, 6), all_in:(7, 18), all_out:(0, 18)
row1
400_5___5__    18   0  [2, 0, 0, 0, 2, 0, 1, 0, 0, 0, 1, 0, 0, 0, 3, 0, 1, 1]  (1, 5)
400_4___5__    17   0  [2, 0, 0, 0, 2, 0, 1, 0, 1, 1, 0, 0, 0, 3, 0, 1, 1]  (1, 3)
400_1___5__    16   0  [2, 0, 0, 0, 0, 1, 0, 1, 0, 1, 1, 0, 0, 0, 6, 1]  (1, 1)
400_2___5__    16   0  [2, 1, 0, 0, 1, 0, 1, 0, 1, 1, 0, 0, 0, 3, 2, 1]  (1, 2)
600_5___5__    16   0  [2, 0, 0, 0, 2, 0, 1, 0, 1, 1, 0, 0, 0, 0, 5, 1]  (0, 1)
400_3___5__    15   0  [2, 1, 0, 2, 0, 1, 0, 1, 1, 0, 0, 0, 3, 2, 1]  (1, 3)
600_3___5__    15   0  [2, 0, 0, 0, 2, 0, 2, 1, 1, 0, 0, 0, 0, 5, 1]  (0, 1)
600_4___5__    15   0  [2, 0, 0, 0, 2, 0, 1, 0, 1, 1, 0, 0, 0, 0, 7]  (0, 1)
600_2___5__    14   2  [0, 0, 0, 0, 2, 0, 2, 1, 1, 0, 0, 0, 6, 1]  (0, 1)
1000_3___5__    14   0  [1, 0, 1, 0, 2, 2, 0, 1, 1, 0, 0, 0, 6, 1]  (1, 2)
1000_1___5__    13   0  [2, 0, 0, 0, 3, 2, 1, 1, 0, 0, 0, 6, 1]  (1, 1)
1000_2___5__    13   0  [2, 1, 0, 2, 2, 0, 1, 1, 0, 0, 0, 6, 1]  (1, 3)
600_1___5__    12   3  [1, 0, 2, 0, 2, 1, 1, 0, 0, 0, 6, 1]  (0, 1)
1000_4___5__    12   0  [2, 1, 0, 2, 2, 0, 1, 1, 0, 0, 0, 8]  (1, 3)
1000_5___5__    12   0  [2, 1, 0, 5, 0, 1, 1, 0, 0, 0, 6, 1]  (1, 3)
part_in:(0, 5), all_in:(1, 1), all_out:(0, 5)
row2
400_2___6__    11   0  [0, 4, 0, 0, 0, 5, 3, 0, 5, 0, 1]  (18, 34)
400_3___6__    11   0  [0, 2, 2, 0, 0, 5, 1, 2, 3, 2, 1]  (18, 33)
400_4___6__    11   0  [0, 5, 0, 0, 5, 1, 0, 1, 5, 0, 1]  (18, 33)
600_1___6__    11   0  [0, 5, 0, 0, 5, 0, 0, 2, 5, 0, 1]  (18, 33)
600_3___6__    11   0  [0, 4, 0, 0, 0, 5, 1, 2, 5, 0, 1]  (18, 34)
1000_5___6__    11   0  [0, 5, 0, 0, 4, 1, 1, 1, 2, 3, 1]  (18, 35)
400_5___6__    10   0  [0, 5, 0, 0, 4, 0, 1, 2, 6, 1]  (18, 30)
600_2___6__    10   0  [0, 5, 0, 0, 1, 3, 4, 5, 0, 1]  (18, 36)
600_4___6__    10   0  [0, 4, 0, 0, 0, 5, 1, 0, 1, 8]  (18, 31)
600_5___6__    10   0  [0, 4, 0, 0, 0, 5, 1, 0, 1, 8]  (18, 29)
1000_3___6__    9   0  [0, 2, 2, 0, 0, 7, 2, 6, 1]  (18, 38)
1000_4___6__    9   0  [0, 5, 0, 0, 4, 1, 3, 6, 1]  (18, 36)
1000_2___6__    8   0  [0, 5, 0, 0, 9, 0, 6, 1]  (18, 34)
400_1___6__    6   1  [6, 0, 5, 10, 0, 1]  (18, 36)
1000_1___6__    6   0  [0, 5, 0, 0, 17, 1]  (18, 34)
part_in:(30, 38), all_in:(18, 29), all_out:(18, 38)
row3
600_5___7__    13   0  [5, 0, 0, 0, 2, 1, 0, 1, 0, 1, 0, 6, 0]  (17, 26)
1000_5___7__    13   0  [5, 0, 0, 0, 2, 1, 0, 0, 3, 0, 5, 0, 0]  (11, 26)
400_3___7__    12   0  [3, 1, 0, 0, 0, 2, 2, 1, 2, 0, 2, 4]  (11, 26)
400_4___7__    12   0  [3, 1, 1, 0, 2, 2, 1, 0, 1, 0, 6, 0]  (12, 26)
400_5___7__    12   0  [3, 1, 1, 0, 2, 1, 0, 0, 0, 2, 0, 7]  (12, 26)
600_3___7__    12   0  [5, 0, 0, 0, 2, 2, 1, 2, 0, 5, 0, 0]  (14, 26)
1000_3___7__    12   0  [3, 2, 1, 2, 1, 0, 0, 0, 2, 0, 6, 0]  (9, 26)
600_4___7__    11   0  [5, 1, 0, 2, 2, 1, 0, 1, 0, 6, 0]  (16, 26)
1000_4___7__    11   0  [8, 2, 1, 0, 0, 0, 2, 0, 5, 0, 0]  (10, 26)
400_2___7__    10   0  [3, 1, 0, 0, 0, 2, 2, 1, 3, 7]  (12, 26)
600_2___7__    10   0  [5, 0, 0, 0, 2, 2, 1, 2, 7, 0]  (11, 26)
600_1___7__    8   0  [7, 0, 2, 2, 0, 0, 3, 7]  (14, 26)
1000_1___7__    8   0  [8, 0, 1, 2, 5, 5, 0, 0]  (13, 26)
1000_2___7__    8   0  [5, 2, 2, 2, 1, 2, 7, 0]  (10, 26)
400_1___7__    7   8  [0, 2, 1, 0, 5, 5, 1]  (11, 26)
part_in:(9, 16), all_in:(17, 26), all_out:(9, 26)
row4
600_5___8__    17   2  [1, 0, 0, 0, 3, 0, 1, 1, 0, 1, 1, 1, 1, 0, 0, 0, 0]  (1, 5)
400_4___8__    16   1  [0, 1, 1, 0, 3, 0, 1, 0, 1, 1, 1, 1, 2, 0, 0, 0]  (0, 5)
600_4___8__    16   1  [0, 1, 1, 0, 4, 2, 0, 0, 1, 1, 1, 1, 0, 0, 0, 0]  (1, 5)
400_3___8__    15   1  [0, 1, 1, 0, 3, 0, 1, 2, 1, 1, 1, 2, 0, 0, 0]  (0, 5)
400_5___8__    14   1  [0, 1, 0, 0, 0, 3, 0, 4, 1, 1, 1, 3, 0, 0]  (0, 5)
600_2___8__    14   2  [1, 1, 0, 4, 2, 0, 0, 1, 3, 1, 0, 0, 0, 0]  (1, 5)
600_3___8__    14   1  [0, 1, 2, 3, 0, 2, 0, 0, 1, 3, 2, 0, 0, 0]  (1, 5)
1000_3___8__    13   2  [1, 2, 3, 0, 4, 1, 1, 1, 1, 0, 0, 0, 0]  (0, 5)
1000_5___8__    13   2  [1, 0, 0, 0, 3, 0, 0, 7, 1, 2, 0, 0, 0]  (0, 5)
600_1___8__    12   2  [1, 1, 0, 4, 3, 0, 5, 1, 0, 0, 0, 0]  (1, 5)
1000_4___8__    12   1  [0, 1, 2, 3, 0, 6, 1, 1, 2, 0, 0, 0]  (0, 5)
400_1___8__    11   1  [0, 1, 2, 3, 0, 4, 1, 3, 2, 0, 1]  (0, 5)
400_2___8__    11   2  [1, 1, 0, 3, 0, 4, 1, 3, 2, 0, 1]  (1, 5)
1000_1___8__    10   2  [1, 2, 3, 0, 6, 3, 1, 0, 0, 1]  (1, 5)
1000_2___8__    10   2  [1, 2, 3, 0, 6, 3, 1, 0, 0, 1]  (1, 5)
part_in:(0, 0), all_in:(1, 5), all_out:(0, 5)
sum16
400_4___9__    13   3  [2, 0, 1, 2, 0, 0, 0, 1, 1, 0, 1, 5, 0]  (20, 44)
600_3___9__    13   3  [0, 2, 0, 0, 0, 3, 0, 3, 0, 2, 2, 1, 0]  (20, 38)
600_4___9__    13   3  [0, 2, 0, 0, 0, 3, 0, 1, 2, 1, 0, 4, 0]  (20, 41)
600_5___9__    13   3  [3, 0, 0, 0, 3, 0, 1, 1, 0, 1, 4, 0, 0]  (20, 41)
1000_3___9__    13   3  [0, 2, 5, 0, 2, 1, 0, 1, 0, 1, 0, 1, 0]  (20, 45)
1000_4___9__    13   3  [0, 2, 2, 2, 0, 0, 1, 2, 1, 0, 2, 1, 0]  (20, 42)
1000_5___9__    13   3  [0, 0, 1, 1, 3, 0, 0, 4, 1, 0, 2, 1, 0]  (20, 41)
400_5___9__    12   3  [0, 1, 0, 1, 2, 1, 0, 1, 2, 1, 5, 0]  (20, 40)
1000_1___9__    10   3  [3, 1, 0, 4, 1, 2, 1, 0, 4, 0]  (20, 45)
1000_2___9__    9   3  [0, 2, 5, 5, 0, 1, 0, 4, 0]  (20, 43)
400_3___9__    8   3  [3, 1, 4, 0, 3, 0, 7, 0]  (20, 43)
600_1___9__    8   3  [3, 1, 0, 9, 1, 0, 4, 0]  (20, 42)
400_2___9__    7   3  [3, 1, 2, 6, 0, 7, 0]  (20, 44)
600_2___9__    7   3  [3, 1, 0, 4, 4, 7, 0]  (20, 38)
400_1___9__    6   3  [2, 0, 1, 10, 7, 0]  (20, 46)
part_in:(39, 45), all_in:(20, 38), all_out:(20, 45)
gap16
400_2___10__    11   2  [0, 0, 1, 2, 1, 0, 0, 7, 0, 5, 0]  (14, 20)
400_3___10__    10   2  [0, 0, 1, 2, 1, 1, 7, 0, 5, 0]  (14, 21)
400_4___10__    10   3  [0, 1, 4, 0, 0, 7, 0, 4, 0, 0]  (14, 25)
400_5___10__    10   4  [1, 3, 0, 0, 0, 7, 0, 4, 0, 0]  (14, 25)
400_1___10__    9   2  [1, 1, 2, 1, 1, 7, 0, 5, 0]  (14, 17)
600_3___10__    9   2  [0, 0, 1, 5, 8, 0, 2, 2, 0]  (14, 27)
1000_1___10__    9   2  [1, 1, 2, 2, 0, 7, 0, 5, 0]  (14, 16)
1000_3___10__    9   3  [0, 1, 5, 0, 7, 0, 2, 1, 1]  (14, 21)
1000_5___10__    9   4  [1, 2, 0, 1, 0, 7, 0, 5, 0]  (14, 21)
600_2___10__    8   2  [0, 0, 1, 6, 8, 2, 2, 0]  (14, 24)
600_4___10__    8   4  [1, 5, 0, 7, 0, 2, 2, 0]  (14, 24)
1000_4___10__    8   2  [0, 0, 1, 5, 0, 7, 0, 6]  (14, 20)
600_1___10__    7   2  [1, 1, 1, 4, 8, 2, 3]  (14, 21)
1000_2___10__    7   2  [1, 1, 5, 0, 8, 5, 0]  (14, 23)
600_5___10__    6   4  [1, 6, 7, 0, 5, 0]  (14, 20)
part_in:(17, 27), all_in:(14, 16), all_out:(14, 27)
sum25
1000_1___11__    12   2  [0, 3, 0, 0, 0, 3, 2, 5, 0, 0, 2, 0]  (16, 43)
400_4___11__    10   3  [0, 2, 0, 0, 4, 2, 1, 5, 2, 0]  (16, 43)
400_5___11__    10   4  [2, 0, 0, 4, 2, 1, 3, 1, 2, 0]  (16, 36)
1000_2___11__    10   4  [2, 0, 4, 0, 1, 0, 6, 0, 2, 0]  (16, 39)
1000_3___11__    10   4  [2, 0, 5, 1, 0, 1, 4, 0, 2, 0]  (16, 45)
1000_4___11__    10   4  [2, 0, 4, 0, 1, 0, 6, 0, 2, 0]  (16, 44)
400_3___11__    9   2  [0, 0, 2, 0, 0, 4, 2, 7, 3]  (16, 42)
600_4___11__    9   4  [2, 0, 0, 4, 2, 1, 5, 2, 0]  (16, 38)
600_5___11__    9   4  [2, 0, 0, 4, 2, 1, 5, 2, 0]  (16, 39)
1000_5___11__    9   2  [1, 3, 0, 4, 1, 0, 4, 1, 4]  (16, 44)
400_1___11__    8   2  [0, 2, 0, 0, 0, 7, 7, 3]  (16, 44)
400_2___11__    8   2  [0, 0, 2, 0, 0, 4, 10, 3]  (16, 42)
600_3___11__    8   4  [2, 0, 0, 4, 1, 0, 7, 3]  (16, 36)
600_1___11__    7   7  [0, 0, 4, 2, 7, 2, 0]  (16, 37)
600_2___11__    6   7  [0, 5, 1, 0, 7, 3]  (16, 35)
part_in:(37, 45), all_in:(16, 36), all_out:(16, 45)
gap25
600_3___12__    10   1  [0, 0, 4, 1, 1, 4, 3, 2, 2, 1]  (8, 16)
600_5___12__    9   2  [0, 4, 1, 1, 0, 7, 2, 2, 1]  (8, 10)
1000_1___12__    9   2  [5, 1, 1, 0, 3, 6, 1, 0, 1]  (8, 10)
1000_4___12__    9   2  [0, 4, 1, 2, 3, 3, 2, 2, 1]  (8, 12)
400_1___12__    8   2  [5, 0, 0, 1, 0, 7, 2, 4]  (8, 8)
400_2___12__    8   2  [0, 4, 0, 0, 1, 0, 10, 4]  (8, 10)
400_4___12__    8   0  [1, 0, 4, 1, 2, 7, 2, 4]  (8, 11)
600_2___12__    8   1  [0, 0, 4, 1, 13, 1, 0, 1]  (8, 15)
600_4___12__    8   2  [0, 4, 1, 6, 3, 2, 2, 1]  (8, 12)
400_5___12__    7   2  [0, 4, 1, 1, 8, 2, 4]  (8, 9)
600_1___12__    7   8  [1, 2, 3, 6, 1, 0, 1]  (8, 14)
1000_2___12__    7   2  [0, 4, 1, 2, 10, 2, 1]  (8, 10)
1000_3___12__    7   3  [4, 1, 2, 7, 2, 2, 1]  (8, 10)
1000_5___12__    7   2  [0, 4, 1, 10, 2, 2, 1]  (8, 10)
400_3___12__    6   2  [0, 4, 1, 9, 0, 7]  (8, 9)
part_in:(10, 16), all_in:(8, 9), all_out:(8, 16)
sum34
1000_4___13__    11   2  [1, 0, 4, 2, 0, 1, 3, 2, 0, 3, 0]  (13, 46)
400_3___13__    10   3  [0, 0, 3, 3, 0, 1, 2, 0, 7, 0]  (13, 43)
400_4___13__    10   3  [0, 0, 2, 0, 3, 0, 4, 0, 7, 0]  (13, 43)
1000_3___13__    10   4  [0, 7, 0, 1, 2, 0, 2, 0, 3, 0]  (13, 45)
400_5___13__    9   4  [0, 3, 2, 0, 0, 4, 0, 7, 0]  (13, 37)
600_3___13__    9   4  [0, 1, 1, 4, 1, 2, 0, 7, 0]  (13, 40)
600_5___13__    9   4  [0, 1, 1, 2, 1, 4, 0, 7, 0]  (13, 43)
1000_2___13__    9   4  [0, 7, 2, 2, 0, 2, 0, 3, 0]  (13, 40)
1000_5___13__    9   4  [0, 1, 1, 3, 0, 5, 2, 4, 0]  (13, 46)
400_1___13__    8   2  [0, 1, 1, 0, 0, 10, 7, 0]  (13, 46)
1000_1___13__    8   2  [1, 0, 2, 7, 3, 2, 4, 0]  (13, 44)
400_2___13__    7   3  [0, 0, 3, 9, 0, 7, 0]  (13, 45)
600_1___13__    7   4  [0, 1, 1, 4, 5, 7, 0]  (13, 41)
600_2___13__    7   4  [0, 8, 1, 2, 0, 7, 0]  (13, 37)
600_4___13__    7   4  [0, 3, 4, 4, 0, 7, 0]  (13, 42)
part_in:(38, 46), all_in:(13, 37), all_out:(13, 46)
gap12
400_4___14__    13   3  [1, 0, 0, 1, 1, 1, 0, 2, 0, 4, 0, 3, 0]  (1, 6)
400_5___14__    13   3  [1, 0, 0, 1, 1, 1, 0, 2, 0, 4, 0, 3, 0]  (1, 5)
400_2___14__    12   1  [2, 0, 0, 0, 3, 2, 2, 0, 4, 0, 3, 0]  (1, 4)
1000_1___14__    12   0  [0, 3, 2, 2, 0, 1, 2, 0, 4, 0, 3, 0]  (1, 1)
1000_2___14__    12   0  [0, 1, 1, 0, 0, 3, 1, 0, 3, 5, 3, 0]  (1, 4)
1000_3___14__    12   0  [2, 0, 0, 1, 3, 1, 0, 2, 0, 5, 3, 0]  (1, 5)
400_3___14__    11   5  [1, 1, 1, 1, 0, 2, 0, 4, 0, 3, 0]  (1, 5)
600_4___14__    11   3  [0, 0, 1, 3, 1, 0, 2, 0, 5, 3, 0]  (1, 4)
600_5___14__    11   3  [1, 1, 3, 1, 0, 2, 0, 5, 0, 2, 0]  (1, 4)
1000_4___14__    11   1  [1, 1, 1, 3, 1, 0, 2, 0, 5, 3, 0]  (1, 5)
1000_5___14__    11   3  [1, 0, 0, 3, 1, 0, 2, 0, 5, 3, 0]  (1, 6)
400_1___14__    10   1  [3, 1, 1, 1, 5, 0, 4, 0, 3, 0]  (1, 2)
600_2___14__    10   0  [2, 0, 0, 0, 4, 2, 3, 5, 3, 0]  (1, 2)
600_3___14__    8   3  [1, 5, 2, 3, 5, 0, 2, 0]  (1, 5)
600_1___14__    7   5  [3, 1, 2, 3, 5, 3, 0]  (1, 1)
part_in:(3, 6), all_in:(1, 2), all_out:(1, 6)
gap23
400_4___15__    17   0  [0, 0, 0, 0, 0, 1, 1, 0, 4, 0, 0, 2, 1, 1, 2, 0, 0]  (1, 4)
400_5___15__    16   1  [0, 0, 0, 0, 1, 1, 0, 4, 0, 0, 2, 1, 1, 2, 0, 0]  (1, 4)
1000_5___15__    16   1  [0, 0, 0, 0, 1, 1, 0, 4, 0, 0, 2, 1, 0, 3, 0, 0]  (1, 4)
1000_1___15__    15   1  [0, 0, 0, 0, 1, 1, 0, 2, 2, 0, 4, 0, 3, 0, 0]  (1, 3)
1000_2___15__    15   1  [0, 0, 0, 0, 1, 1, 0, 5, 0, 4, 0, 0, 2, 0, 0]  (1, 4)
1000_4___15__    15   2  [0, 0, 0, 1, 1, 5, 0, 0, 2, 1, 0, 0, 2, 0, 0]  (1, 5)
400_3___15__    14   1  [1, 0, 0, 1, 1, 2, 2, 0, 0, 2, 3, 2, 0, 0]  (1, 3)
1000_3___15__    14   1  [1, 0, 0, 1, 1, 5, 0, 3, 1, 0, 0, 2, 0, 0]  (1, 3)
600_4___15__    13   1  [0, 0, 0, 0, 1, 2, 5, 0, 4, 0, 3, 0, 0]  (1, 6)
400_1___15__    12   1  [0, 0, 0, 0, 1, 1, 0, 5, 0, 9, 0, 0]  (1, 4)
400_2___15__    12   1  [1, 0, 0, 1, 1, 0, 6, 2, 3, 2, 0, 0]  (1, 4)
600_5___15__    12   1  [1, 0, 0, 1, 1, 0, 4, 0, 0, 4, 5, 0]  (1, 7)
600_1___15__    10   3  [0, 0, 1, 1, 0, 5, 0, 6, 3, 0]  (1, 6)
600_3___15__    10   1  [1, 0, 0, 1, 8, 0, 6, 2, 0, 0]  (1, 6)
600_2___15__    9   3  [0, 0, 1, 1, 0, 5, 0, 10, 0]  (1, 6)
part_in:(4, 7), all_in:(1, 3), all_out:(1, 7)
gap34
400_4___16__    14   0  [1, 0, 4, 1, 2, 0, 0, 0, 4, 0, 1, 0, 0, 2]  (3, 3)
600_4___16__    14   1  [0, 0, 4, 1, 1, 0, 0, 0, 0, 3, 1, 3, 0, 1]  (2, 3)
1000_2___16__    14   0  [1, 0, 4, 1, 1, 1, 0, 0, 3, 1, 2, 0, 0, 1]  (2, 3)
400_3___16__    13   0  [1, 0, 4, 1, 1, 0, 0, 0, 0, 7, 0, 0, 2]  (3, 3)
400_5___16__    13   0  [1, 0, 4, 1, 2, 0, 0, 0, 5, 1, 0, 0, 2]  (1, 3)
600_3___16__    13   1  [0, 0, 4, 1, 1, 0, 0, 0, 0, 5, 3, 0, 1]  (3, 7)
600_5___16__    13   1  [0, 0, 6, 1, 0, 0, 0, 0, 5, 2, 0, 0, 1]  (0, 3)
1000_5___16__    13   0  [1, 0, 4, 1, 2, 0, 0, 0, 3, 1, 2, 0, 2]  (3, 3)
400_2___16__    12   0  [1, 0, 4, 1, 2, 0, 0, 0, 3, 4, 0, 2]  (3, 3)
600_2___16__    12   1  [0, 0, 4, 1, 1, 0, 0, 0, 0, 5, 4, 1]  (3, 5)
1000_3___16__    12   0  [0, 1, 4, 1, 1, 1, 0, 0, 3, 1, 3, 2]  (3, 3)
1000_4___16__    12   0  [1, 0, 4, 1, 1, 1, 0, 0, 3, 1, 3, 2]  (3, 3)
400_1___16__    11   2  [0, 4, 1, 3, 0, 0, 3, 1, 2, 0, 2]  (2, 3)
1000_1___16__    10   0  [1, 5, 1, 3, 0, 0, 3, 1, 3, 2]  (3, 4)
600_1___16__    9   8  [1, 2, 0, 0, 0, 3, 1, 4, 1]  (3, 5)
part_in:(0, 7), all_in:(3, 3), all_out:(0, 7)
gap45
400_1___17__    14   3  [0, 4, 0, 1, 0, 1, 0, 1, 1, 2, 0, 0, 1, 1]  (2, 4)
400_2___17__    14   0  [3, 3, 0, 0, 1, 2, 0, 1, 1, 2, 0, 0, 1, 1]  (2, 4)
400_4___17__    13   4  [0, 2, 0, 0, 1, 2, 0, 1, 1, 3, 0, 1, 1]  (3, 4)
600_1___17__    13   0  [0, 7, 0, 1, 0, 2, 1, 1, 2, 0, 0, 1, 1]  (2, 4)
600_2___17__    13   0  [0, 7, 0, 1, 0, 2, 1, 1, 2, 0, 0, 1, 1]  (3, 4)
600_5___17__    13   0  [1, 4, 1, 0, 1, 3, 1, 1, 2, 0, 0, 1, 1]  (2, 4)
1000_1___17__    13   2  [6, 0, 1, 0, 1, 0, 0, 0, 1, 3, 0, 1, 1]  (3, 4)
1000_2___17__    13   0  [8, 0, 1, 0, 1, 0, 1, 1, 3, 0, 0, 0, 1]  (2, 4)
400_5___17__    12   0  [3, 3, 0, 0, 1, 3, 1, 1, 3, 0, 1, 1]  (3, 4)
400_3___17__    11   8  [0, 0, 1, 2, 0, 1, 1, 2, 1, 1, 1]  (2, 4)
600_3___17__    11   0  [0, 1, 5, 2, 3, 1, 1, 2, 1, 1, 1]  (2, 4)
600_4___17__    11   0  [8, 0, 1, 3, 1, 1, 2, 0, 0, 1, 1]  (3, 4)
1000_3___17__    10   9  [0, 1, 3, 1, 1, 3, 0, 0, 0, 1]  (3, 4)
1000_4___17__    10   2  [4, 1, 0, 5, 1, 1, 0, 2, 2, 1]  (3, 4)
1000_5___17__    8   9  [0, 5, 1, 1, 3, 0, 1, 1]  (2, 4)
part_in:(2, 2), all_in:(3, 4), all_out:(2, 4)
gap56
400_3___18__    19   0  [0, 1, 0, 0, 0, 2, 0, 3, 1, 1, 1, 0, 1, 0, 0, 0, 0, 0, 0]  (5, 6)
400_4___18__    19   0  [0, 1, 0, 0, 0, 3, 1, 1, 0, 0, 3, 0, 1, 0, 0, 0, 0, 0, 0]  (5, 7)
400_5___18__    19   0  [0, 1, 0, 0, 0, 2, 0, 3, 0, 0, 3, 0, 1, 0, 0, 0, 0, 0, 0]  (5, 9)
600_5___18__    19   1  [1, 0, 0, 0, 3, 3, 0, 0, 1, 1, 0, 0, 0, 0, 0, 0, 0, 0, 0]  (5, 6)
1000_5___18__    19   0  [0, 1, 0, 0, 0, 2, 0, 1, 1, 1, 1, 2, 1, 0, 0, 0, 0, 0, 0]  (3, 5)
600_4___18__    18   1  [1, 0, 0, 0, 3, 1, 1, 0, 0, 3, 0, 1, 0, 0, 0, 0, 0, 0]  (5, 7)
400_2___18__    17   0  [0, 1, 0, 0, 0, 2, 0, 3, 4, 1, 1, 0, 0, 0, 0, 0, 0]  (5, 6)
1000_2___18__    17   1  [1, 0, 0, 0, 3, 1, 1, 1, 2, 1, 1, 0, 0, 0, 0, 0, 0]  (5, 8)
1000_4___18__    17   1  [1, 0, 0, 0, 3, 1, 1, 1, 1, 2, 1, 0, 0, 0, 0, 0, 0]  (2, 5)
400_1___18__    16   0  [0, 1, 0, 0, 0, 2, 0, 3, 6, 1, 0, 0, 0, 0, 0, 0]  (5, 5)
1000_3___18__    16   1  [1, 0, 0, 0, 3, 1, 1, 1, 4, 1, 0, 0, 0, 0, 0, 0]  (5, 5)
600_1___18__    15   1  [0, 0, 0, 0, 0, 3, 3, 6, 1, 0, 0, 0, 0, 0, 0]  (5, 5)
600_3___18__    15   1  [1, 0, 0, 0, 3, 3, 1, 1, 2, 2, 0, 0, 0, 0, 0]  (5, 6)
1000_1___18__    15   1  [1, 0, 0, 0, 2, 0, 3, 6, 1, 0, 0, 0, 0, 0, 0]  (3, 5)
600_2___18__    14   1  [1, 0, 0, 0, 1, 1, 3, 6, 2, 0, 0, 0, 0, 0]  (5, 5)
part_in:(2, 9), all_in:(5, 5), all_out:(2, 9)
ball
400_4___19__    12   2  [6, 0, 0, 0, 1, 3, 0, 0, 0, 2, 3, 0]  (3, 5)
600_5___19__    12   2  [6, 0, 0, 0, 1, 2, 0, 1, 0, 2, 3, 0]  (2, 5)
400_3___19__    11   2  [2, 3, 1, 0, 4, 2, 0, 2, 0, 2, 0]  (2, 5)
400_5___19__    11   2  [6, 0, 0, 0, 1, 3, 1, 0, 2, 0, 3]  (2, 5)
600_4___19__    11   2  [6, 1, 0, 1, 2, 0, 1, 0, 2, 3, 0]  (3, 5)
1000_3___19__    10   2  [7, 0, 0, 4, 1, 0, 0, 2, 3, 0]  (2, 5)
1000_4___19__    10   2  [6, 0, 0, 0, 1, 5, 0, 2, 2, 1]  (2, 5)
1000_5___19__    10   2  [6, 0, 0, 0, 1, 5, 0, 2, 2, 1]  (2, 5)
400_1___19__    8   2  [6, 1, 0, 8, 2, 2, 0, 0]  (3, 5)
600_1___19__    7   2  [8, 0, 4, 0, 2, 2, 4]  (3, 5)
1000_1___19__    7   2  [7, 0, 0, 5, 2, 2, 4]  (2, 5)
1000_2___19__    7   2  [7, 0, 0, 8, 2, 3, 0]  (3, 5)
400_2___19__    6   2  [8, 0, 8, 2, 0, 3]  (3, 5)
600_2___19__    6   2  [8, 0, 5, 2, 2, 4]  (3, 5)
600_3___19__    6   2  [8, 0, 5, 2, 2, 4]  (3, 5)
part_in:(2, 2), all_in:(3, 5), all_out:(2, 5)
ball_column
400_5___20__    9   2  [3, 3, 1, 1, 1, 6, 1, 2, 0]  (7, 27)
1000_3___20__    9   2  [6, 2, 3, 1, 1, 1, 4, 0, 0]  (5, 27)
1000_5___20__    9   9  [0, 1, 3, 2, 0, 4, 1, 0, 0]  (8, 27)
400_1___20__    8   2  [6, 2, 6, 0, 2, 3, 0, 0]  (8, 27)
1000_2___20__    8   2  [6, 2, 3, 1, 0, 0, 7, 0]  (6, 27)
400_2___20__    7   2  [2, 6, 3, 3, 2, 4, 0]  (8, 27)
400_4___20__    7   2  [2, 0, 5, 3, 6, 4, 0]  (10, 27)
400_3___20__    6   2  [2, 6, 3, 3, 7, 0]  (7, 27)
1000_1___20__    6   9  [2, 7, 4, 1, 0, 0]  (6, 27)
1000_4___20__    6   2  [6, 2, 3, 3, 7, 0]  (9, 27)
600_5___20__    5   12  [3, 2, 5, 2, 0]  (9, 27)
600_1___20__    4   2  [6, 2, 6, 9]  (13, 27)
600_2___20__    4   2  [9, 3, 2, 9]  (12, 27)
600_3___20__    3   2  [9, 3, 12]  (9, 27)
600_4___20__    3   12  [3, 11, 0]  (11, 27)
part_in:(5, 12), all_in:(13, 27), all_out:(5, 27)
blue_sort
400_4___21__    12   0  [1, 0, 2, 0, 5, 1, 0, 4, 0, 3, 0, 1]  (6, 7)
400_3___21__    10   0  [1, 0, 2, 0, 3, 1, 1, 0, 9, 2]  (7, 7)
400_5___21__    10   0  [1, 0, 2, 6, 2, 4, 0, 3, 0, 1]  (6, 7)
600_3___21__    9   2  [2, 5, 1, 2, 4, 0, 3, 0, 1]  (7, 10)
600_4___21__    9   0  [1, 2, 7, 2, 4, 0, 3, 0, 1]  (7, 8)
1000_3___21__    9   0  [1, 0, 7, 1, 2, 4, 0, 4, 1]  (7, 10)
1000_5___21__    9   0  [0, 1, 2, 6, 2, 4, 0, 4, 1]  (7, 8)
600_2___21__    8   3  [1, 0, 4, 1, 2, 5, 3, 2]  (3, 7)
1000_4___21__    8   0  [1, 0, 9, 2, 4, 0, 4, 1]  (7, 8)
400_2___21__    7   0  [5, 0, 3, 1, 2, 9, 2]  (7, 7)
600_5___21__    7   5  [7, 2, 4, 0, 3, 0, 1]  (4, 7)
1000_2___21__    7   2  [3, 4, 1, 2, 5, 4, 1]  (7, 8)
400_1___21__    6   0  [5, 0, 3, 1, 2, 12]  (7, 7)
600_1___21__    6   5  [0, 6, 2, 5, 3, 2]  (2, 7)
1000_1___21__    6   6  [0, 3, 1, 2, 10, 1]  (7, 7)
part_in:(2, 10), all_in:(7, 7), all_out:(2, 10)
