30
less5
100_5___1__    16   0  [1, 1, 3, 0, 4, 1, 0, 0, 0, 2, 1, 0, 0, 0, 0, 0]  (1, 2)
100_4___1__    14   0  [1, 1, 3, 5, 0, 0, 0, 0, 3, 2, 0, 0, 0, 0]  (1, 2)
200_5___1__    14   0  [1, 1, 5, 3, 1, 0, 0, 0, 2, 2, 0, 0, 0, 0]  (2, 2)
300_5___1__    13   0  [1, 11, 1, 0, 0, 0, 2, 1, 0, 0, 0, 0, 0]  (2, 2)
100_1___1__    12   0  [1, 6, 5, 0, 0, 0, 3, 2, 0, 0, 0, 0]  (2, 3)
100_3___1__    12   0  [1, 4, 0, 6, 0, 1, 3, 2, 0, 0, 0, 0]  (2, 3)
200_1___1__    12   2  [4, 0, 6, 0, 0, 4, 1, 0, 0, 0, 0, 0]  (2, 4)
300_4___1__    12   0  [1, 11, 1, 0, 0, 0, 2, 2, 0, 0, 0, 0]  (2, 2)
200_4___1__    11   0  [1, 7, 3, 1, 2, 2, 2, 0, 0, 0, 0]  (2, 2)
300_1___1__    11   2  [12, 0, 0, 0, 3, 1, 0, 0, 0, 0, 0]  (2, 3)
300_2___1__    11   2  [12, 0, 0, 1, 2, 1, 0, 0, 0, 0, 0]  (1, 2)
100_2___1__    10   2  [5, 6, 0, 0, 4, 2, 0, 0, 0, 0]  (1, 2)
200_2___1__    10   2  [11, 1, 0, 1, 2, 2, 0, 0, 0, 0]  (2, 3)
200_3___1__    10   0  [1, 1, 2, 6, 1, 5, 2, 0, 0, 1]  (2, 3)
300_3___1__    10   0  [1, 13, 0, 1, 2, 2, 0, 0, 0, 0]  (1, 2)
part_in:(1, 4), all_in:(2, 2), all_out:(1, 4)
less8
300_3___2__    13   2  [4, 4, 0, 0, 0, 0, 0, 4, 1, 0, 0, 1, 0]  (5, 6)
100_2___2__    12   2  [1, 7, 1, 0, 0, 0, 4, 1, 0, 0, 1, 0]  (4, 6)
200_1___2__    12   2  [8, 0, 1, 1, 0, 4, 1, 0, 0, 0, 0, 0]  (4, 6)
300_2___2__    12   2  [3, 5, 0, 0, 0, 0, 0, 4, 1, 0, 2, 0]  (5, 6)
100_3___2__    11   2  [4, 4, 1, 0, 0, 5, 1, 0, 0, 1, 0]  (3, 6)
200_4___2__    11   0  [1, 7, 1, 1, 1, 5, 1, 0, 1, 0, 0]  (4, 6)
200_5___2__    11   2  [6, 0, 1, 1, 1, 0, 4, 1, 0, 2, 0]  (4, 6)
300_1___2__    11   2  [4, 4, 1, 0, 0, 0, 4, 1, 0, 2, 0]  (4, 6)
300_5___2__    11   9  [2, 0, 0, 1, 0, 2, 1, 1, 0, 0, 2]  (4, 6)
200_2___2__    10   2  [9, 1, 1, 0, 4, 1, 0, 1, 0, 0]  (5, 6)
300_4___2__    10   7  [4, 1, 1, 0, 2, 1, 1, 0, 2, 0]  (4, 6)
100_1___2__    9   12  [1, 0, 0, 0, 4, 1, 0, 0, 2]  (3, 6)
100_4___2__    9   2  [9, 1, 0, 0, 5, 1, 0, 2, 0]  (3, 6)
200_3___2__    9   0  [1, 9, 1, 1, 5, 1, 0, 2, 0]  (4, 6)
100_5___2__    7   12  [1, 1, 5, 1, 0, 2, 0]  (4, 6)
part_in:(3, 4), all_in:(5, 6), all_out:(3, 6)
less9
200_5___3__    16   0  [1, 2, 2, 0, 0, 4, 1, 0, 0, 0, 1, 0, 0, 1, 1, 0]  (4, 4)
200_4___3__    15   7  [0, 0, 0, 3, 0, 1, 0, 0, 0, 1, 0, 0, 1, 1, 0]  (4, 4)
300_5___3__    15   0  [1, 2, 3, 0, 1, 1, 0, 1, 1, 0, 1, 1, 1, 1, 0]  (2, 4)
100_5___3__    14   0  [0, 0, 1, 3, 0, 5, 1, 1, 0, 2, 0, 1, 1, 0]  (4, 4)
200_3___3__    14   2  [4, 0, 1, 3, 0, 1, 0, 0, 0, 1, 1, 1, 1, 0]  (2, 4)
100_1___3__    13   1  [0, 4, 1, 5, 1, 0, 1, 3, 0, 0, 0, 0, 0]  (2, 4)
100_2___3__    13   1  [0, 5, 0, 5, 1, 1, 0, 3, 0, 0, 0, 0, 0]  (3, 4)
100_3___3__    13   1  [0, 4, 0, 0, 5, 1, 1, 0, 2, 0, 1, 1, 0]  (2, 4)
200_1___3__    13   2  [4, 0, 0, 2, 2, 1, 0, 0, 0, 3, 1, 1, 0]  (1, 4)
300_1___3__    13   2  [2, 3, 0, 1, 1, 0, 1, 0, 1, 3, 1, 1, 0]  (1, 4)
300_3___3__    13   2  [2, 2, 0, 0, 3, 0, 1, 1, 0, 3, 1, 1, 0]  (2, 4)
100_4___3__    12   0  [1, 5, 1, 3, 0, 1, 2, 2, 0, 1, 1, 0]  (4, 4)
200_2___3__    11   7  [0, 0, 5, 1, 0, 0, 0, 3, 1, 1, 0]  (1, 4)
300_2___3__    11   2  [5, 0, 4, 0, 1, 1, 0, 3, 1, 1, 0]  (2, 4)
300_4___3__    11   2  [7, 3, 0, 1, 1, 0, 2, 0, 1, 1, 0]  (2, 4)
part_in:(1, 2), all_in:(3, 4), all_out:(1, 4)
less10
100_4___4__    19   0  [0, 0, 0, 3, 1, 0, 0, 2, 1, 0, 0, 3, 0, 0, 0, 0, 0, 0, 0]  (0, 1)
100_5___4__    18   0  [0, 0, 0, 5, 0, 3, 1, 0, 0, 2, 0, 0, 0, 0, 0, 0, 0, 0]  (0, 1)
300_2___4__    18   1  [0, 0, 2, 0, 1, 0, 1, 1, 2, 0, 1, 2, 0, 0, 0, 0, 0, 0]  (1, 1)
300_4___4__    18   1  [0, 0, 2, 0, 2, 2, 0, 1, 0, 0, 1, 1, 0, 0, 1, 0, 0, 0]  (0, 1)
300_5___4__    18   0  [0, 0, 0, 2, 3, 2, 0, 2, 0, 1, 1, 0, 0, 0, 0, 0, 0, 0]  (0, 1)
100_3___4__    17   0  [0, 0, 0, 3, 1, 1, 2, 2, 0, 3, 0, 0, 0, 0, 0, 0, 0]  (0, 1)
300_3___4__    17   1  [0, 0, 2, 0, 2, 1, 0, 0, 2, 0, 4, 0, 0, 0, 0, 0, 0]  (1, 1)
200_1___4__    16   1  [0, 0, 3, 1, 1, 1, 2, 0, 0, 4, 0, 0, 0, 0, 0, 0]  (0, 1)
300_1___4__    16   1  [0, 0, 2, 2, 0, 0, 0, 0, 0, 8, 0, 0, 0, 0, 0, 0]  (0, 1)
100_1___4__    15   0  [0, 0, 4, 1, 0, 0, 2, 2, 0, 3, 0, 0, 1, 1, 0]  (0, 1)
100_2___4__    15   1  [0, 0, 3, 1, 1, 2, 2, 3, 0, 0, 0, 0, 0, 1, 0]  (1, 1)
200_2___4__    15   1  [0, 3, 0, 1, 4, 1, 0, 0, 2, 1, 0, 1, 0, 0, 0]  (0, 1)
200_4___4__    15   0  [0, 0, 4, 2, 0, 2, 2, 0, 4, 0, 0, 0, 0, 0, 0]  (0, 1)
200_5___4__    15   1  [0, 2, 1, 2, 1, 1, 2, 0, 3, 0, 0, 1, 0, 0, 0]  (0, 1)
200_3___4__    14   0  [0, 0, 4, 2, 3, 2, 0, 4, 0, 0, 0, 0, 0, 0]  (0, 1)
part_in:(0, -1), all_in:(0, 1), all_out:(0, 1)
row1
300_5___5__    19   0  [1, 0, 0, 0, 1, 0, 0, 0, 3, 0, 0, 0, 0, 1, 0, 2, 0, 2, 0]  (0, 1)
100_3___5__    18   0  [2, 0, 0, 1, 0, 0, 4, 0, 0, 0, 0, 1, 0, 2, 0, 1, 0, 0]  (0, 0)
100_4___5__    18   0  [2, 0, 0, 1, 0, 1, 3, 0, 0, 0, 0, 0, 0, 0, 2, 0, 1, 1]  (0, 0)
100_5___5__    18   0  [3, 0, 1, 0, 1, 3, 0, 0, 0, 0, 0, 0, 0, 2, 0, 1, 0, 0]  (0, 0)
200_5___5__    18   0  [1, 0, 0, 0, 1, 2, 3, 0, 0, 0, 0, 1, 0, 2, 0, 1, 0, 0]  (0, 1)
100_2___5__    17   2  [2, 1, 0, 0, 0, 3, 0, 0, 0, 0, 0, 0, 0, 2, 2, 0, 0]  (0, 0)
300_2___5__    17   2  [0, 0, 0, 1, 2, 3, 0, 0, 0, 0, 0, 0, 0, 2, 0, 2, 0]  (0, 1)
300_3___5__    17   2  [0, 0, 0, 1, 0, 1, 3, 0, 0, 0, 0, 1, 0, 2, 0, 2, 0]  (0, 1)
200_2___5__    16   2  [1, 0, 1, 3, 2, 0, 0, 0, 0, 0, 0, 0, 2, 0, 2, 0]  (0, 0)
100_1___5__    15   0  [1, 2, 1, 0, 0, 4, 0, 0, 0, 0, 1, 0, 2, 2, 1]  (0, 0)
200_1___5__    15   2  [2, 1, 0, 1, 3, 0, 0, 0, 0, 1, 0, 2, 0, 2, 0]  (0, 1)
200_3___5__    15   2  [1, 0, 1, 3, 2, 0, 0, 0, 0, 1, 0, 2, 0, 2, 0]  (0, 0)
200_4___5__    15   2  [0, 1, 1, 3, 2, 0, 0, 0, 0, 1, 0, 2, 0, 2, 0]  (0, 0)
300_1___5__    15   2  [2, 1, 2, 3, 0, 0, 0, 0, 0, 0, 0, 2, 0, 2, 0]  (0, 1)
300_4___5__    15   4  [0, 1, 0, 1, 3, 0, 0, 0, 0, 1, 0, 2, 0, 2, 0]  (0, 1)
part_in:(2, 1), all_in:(0, 1), all_out:(0, 1)
row2
200_2___6__    13   1  [2, 0, 1, 3, 1, 1, 0, 2, 1, 1, 1, 1, 1]  (13, 16)
100_5___6__    11   2  [1, 0, 1, 3, 3, 0, 2, 5, 1, 0, 0]  (11, 16)
200_1___6__    11   1  [0, 2, 1, 3, 1, 1, 0, 2, 5, 1, 1]  (14, 16)
200_3___6__    11   1  [0, 1, 0, 1, 5, 0, 0, 0, 2, 5, 3]  (13, 16)
200_5___6__    11   1  [0, 2, 1, 3, 1, 0, 1, 2, 5, 2, 0]  (10, 16)
300_5___6__    11   2  [1, 0, 1, 2, 3, 1, 2, 1, 2, 0, 3]  (12, 16)
100_4___6__    10   2  [1, 0, 1, 3, 3, 0, 2, 1, 3, 3]  (10, 16)
300_2___6__    10   2  [2, 1, 3, 2, 1, 2, 1, 3, 1, 1]  (12, 16)
300_4___6__    10   2  [2, 1, 3, 2, 0, 0, 2, 1, 3, 3]  (10, 16)
100_2___6__    9   2  [1, 0, 0, 0, 3, 1, 0, 4, 9]  (8, 16)
100_3___6__    9   1  [0, 1, 0, 1, 3, 1, 2, 8, 3]  (11, 16)
200_4___6__    9   2  [2, 1, 3, 1, 0, 1, 2, 5, 3]  (10, 16)
300_1___6__    9   2  [2, 1, 0, 2, 2, 4, 1, 3, 3]  (12, 16)
300_3___6__    9   2  [2, 1, 3, 2, 1, 2, 1, 3, 3]  (13, 16)
100_1___6__    6   1  [2, 0, 1, 5, 5, 9]  (11, 16)
part_in:(8, 13), all_in:(14, 16), all_out:(8, 16)
row3
200_2___7__    11   1  [2, 0, 1, 3, 2, 1, 2, 3, 0, 2, 1]  (3, 5)
100_1___7__    9   1  [2, 0, 3, 1, 0, 1, 9, 2, 1]  (3, 6)
200_3___7__    9   1  [3, 5, 2, 4, 3, 0, 0, 1, 1]  (3, 5)
300_4___7__    9   5  [5, 2, 1, 2, 1, 2, 0, 1, 1]  (3, 7)
100_3___7__    8   1  [2, 0, 3, 1, 2, 10, 1, 1]  (3, 6)
100_5___7__    8   4  [0, 1, 1, 1, 2, 9, 2, 1]  (3, 7)
200_5___7__    8   1  [3, 5, 2, 4, 4, 0, 1, 1]  (3, 7)
300_3___7__    8   5  [5, 2, 4, 1, 2, 0, 1, 1]  (3, 4)
300_5___7__    8   4  [0, 1, 3, 2, 4, 1, 5, 1]  (3, 5)
100_2___7__    7   4  [0, 3, 1, 2, 9, 2, 1]  (3, 9)
200_1___7__    7   1  [3, 5, 2, 8, 0, 2, 1]  (3, 4)
200_4___7__    7   1  [3, 5, 2, 4, 5, 1, 1]  (3, 7)
300_1___7__    7   11  [2, 2, 1, 1, 2, 2, 1]  (3, 5)
300_2___7__    7   5  [5, 2, 4, 1, 2, 2, 1]  (3, 5)
100_4___7__    6   4  [0, 5, 2, 9, 2, 1]  (3, 7)
part_in:(5, 9), all_in:(3, 4), all_out:(3, 9)
row4
100_1___8__    21   1  [0, 0, 2, 0, 1, 0, 0, 1, 1, 0, 1, 0, 0, 0, 0, 0, 1, 0, 0, 0, 0]  (0, 1)
100_3___8__    21   1  [0, 0, 0, 1, 0, 1, 0, 2, 1, 0, 1, 0, 0, 0, 0, 0, 1, 0, 0, 0, 0]  (1, 1)
100_4___8__    21   1  [0, 0, 0, 1, 0, 1, 0, 0, 1, 1, 0, 1, 0, 0, 0, 0, 2, 0, 0, 0, 0]  (1, 1)
100_5___8__    21   1  [0, 0, 0, 1, 0, 1, 0, 0, 1, 1, 0, 1, 0, 0, 0, 0, 2, 0, 0, 0, 0]  (1, 1)
200_3___8__    21   0  [0, 0, 0, 2, 0, 1, 0, 0, 1, 0, 0, 0, 1, 1, 0, 0, 2, 0, 0, 0, 0]  (0, 1)
200_4___8__    21   0  [0, 0, 0, 2, 0, 1, 0, 0, 1, 0, 0, 0, 1, 1, 0, 0, 2, 0, 0, 0, 0]  (0, 1)
200_5___8__    21   0  [0, 0, 0, 2, 0, 1, 0, 0, 1, 0, 0, 0, 1, 1, 0, 0, 2, 0, 0, 0, 0]  (0, 1)
100_2___8__    20   1  [0, 0, 2, 0, 1, 0, 0, 1, 1, 0, 1, 0, 0, 0, 0, 2, 0, 0, 0, 0]  (1, 2)
200_2___8__    20   1  [0, 0, 2, 0, 1, 0, 0, 1, 0, 0, 0, 1, 1, 0, 0, 2, 0, 0, 0, 0]  (0, 1)
200_1___8__    19   1  [0, 0, 2, 0, 1, 0, 0, 1, 1, 0, 1, 1, 0, 0, 2, 0, 0, 0, 0]  (0, 1)
300_3___8__    18   1  [0, 0, 2, 2, 0, 2, 1, 0, 1, 1, 0, 0, 0, 1, 0, 0, 0, 0]  (0, 1)
300_2___8__    17   1  [0, 0, 2, 2, 0, 2, 1, 0, 1, 2, 0, 0, 1, 0, 0, 0, 0]  (0, 1)
300_4___8__    17   1  [0, 0, 2, 0, 1, 0, 2, 1, 2, 0, 1, 0, 2, 0, 0, 0, 0]  (0, 1)
300_5___8__    17   1  [0, 0, 2, 2, 0, 0, 1, 1, 2, 2, 0, 0, 1, 0, 0, 0, 0]  (0, 1)
300_1___8__    16   1  [0, 0, 2, 2, 0, 2, 1, 2, 2, 0, 0, 1, 0, 0, 0, 0]  (0, 1)
part_in:(0, 2), all_in:(1, 1), all_out:(0, 2)
sum_all
200_5___9__    14   1  [0, 0, 2, 0, 2, 2, 1, 0, 3, 0, 0, 2, 0, 2]  (83, 114)
100_4___9__    13   2  [0, 2, 3, 2, 1, 0, 1, 0, 0, 0, 0, 2, 3]  (83, 118)
100_3___9__    12   3  [1, 0, 4, 1, 1, 0, 1, 1, 0, 0, 2, 3]  (83, 106)
100_5___9__    12   2  [0, 2, 3, 2, 1, 0, 1, 0, 1, 0, 2, 3]  (83, 116)
200_3___9__    12   0  [1, 0, 2, 8, 0, 2, 1, 0, 2, 0, 1, 0]  (83, 117)
100_1___9__    11   3  [2, 2, 2, 2, 0, 2, 1, 0, 2, 0, 2]  (83, 105)
100_2___9__    11   3  [2, 4, 3, 0, 1, 0, 1, 0, 2, 0, 2]  (83, 98)
200_1___9__    11   1  [1, 2, 5, 2, 0, 2, 1, 0, 2, 0, 2]  (83, 117)
200_2___9__    11   1  [0, 0, 2, 8, 0, 4, 0, 2, 0, 1, 0]  (83, 114)
200_4___9__    11   2  [0, 2, 6, 1, 0, 4, 0, 2, 0, 1, 0]  (83, 118)
300_2___9__    9   3  [2, 8, 0, 2, 1, 0, 2, 0, 2]  (83, 94)
300_4___9__    8   6  [6, 1, 0, 1, 2, 0, 2, 3]  (83, 98)
300_1___9__    7   3  [2, 8, 3, 1, 0, 2, 3]  (83, 93)
300_3___9__    7   3  [2, 8, 0, 4, 0, 2, 3]  (83, 94)
300_5___9__    6   6  [8, 0, 4, 0, 2, 3]  (83, 99)
part_in:(94, 118), all_in:(83, 93), all_out:(83, 118)
sum16
200_3___10__    13   0  [1, 0, 2, 5, 1, 3, 0, 1, 0, 1, 1, 1, 0]  (33, 37)
200_4___10__    13   0  [1, 0, 2, 5, 1, 3, 0, 0, 0, 0, 3, 1, 0]  (33, 37)
100_3___10__    12   2  [0, 1, 0, 5, 0, 0, 6, 0, 1, 1, 1, 0]  (33, 33)
100_4___10__    11   2  [3, 3, 1, 0, 0, 4, 0, 0, 0, 1, 4]  (33, 37)
200_1___10__    11   0  [2, 2, 5, 1, 1, 1, 0, 2, 3, 1, 0]  (33, 36)
200_2___10__    11   0  [1, 0, 2, 5, 1, 3, 0, 2, 3, 1, 0]  (33, 35)
200_5___10__    11   2  [0, 3, 4, 1, 1, 1, 2, 0, 3, 1, 0]  (33, 36)
100_5___10__    10   2  [3, 3, 1, 0, 0, 1, 2, 1, 0, 6]  (33, 38)
100_2___10__    9   3  [2, 5, 0, 0, 6, 0, 3, 1, 0]  (31, 33)
300_3___10__    9   0  [2, 8, 0, 0, 4, 1, 0, 3, 2]  (32, 33)
300_1___10__    8   0  [2, 2, 5, 1, 4, 1, 0, 6]  (31, 33)
300_2___10__    8   0  [2, 8, 1, 4, 1, 0, 3, 2]  (32, 33)
300_4___10__    8   0  [8, 2, 0, 0, 6, 0, 3, 2]  (32, 33)
100_1___10__    7   3  [2, 5, 1, 3, 3, 3, 2]  (33, 33)
300_5___10__    7   12  [0, 0, 3, 2, 0, 3, 2]  (32, 33)
part_in:(31, 38), all_in:(33, 33), all_out:(31, 38)
gap16
100_4___11__    12   1  [5, 6, 3, 0, 0, 0, 0, 0, 1, 1, 0, 0]  (25, 29)
100_5___11__    12   1  [9, 0, 1, 3, 0, 0, 0, 0, 2, 1, 0, 0]  (22, 29)
200_5___11__    12   1  [1, 1, 6, 1, 3, 1, 1, 0, 1, 1, 0, 0]  (25, 29)
100_3___11__    11   1  [5, 4, 1, 3, 0, 0, 1, 0, 1, 1, 1]  (26, 29)
300_2___11__    11   1  [10, 1, 3, 1, 1, 0, 0, 0, 1, 0, 0]  (25, 29)
100_1___11__    10   1  [5, 4, 6, 0, 1, 0, 1, 1, 0, 0]  (27, 29)
100_2___11__    10   1  [5, 6, 3, 0, 0, 1, 0, 1, 1, 1]  (26, 29)
200_4___11__    10   1  [3, 5, 2, 5, 1, 0, 1, 1, 0, 0]  (22, 29)
300_1___11__    10   1  [5, 4, 5, 1, 1, 0, 1, 1, 0, 0]  (29, 30)
300_3___11__    10   1  [5, 4, 1, 5, 1, 0, 1, 1, 0, 0]  (25, 29)
300_5___11__    10   1  [10, 1, 3, 1, 1, 0, 0, 2, 0, 0]  (24, 29)
200_1___11__    9   1  [5, 4, 6, 0, 1, 0, 1, 1, 1]  (28, 29)
200_3___11__    9   1  [3, 5, 6, 1, 1, 0, 1, 1, 1]  (25, 29)
300_4___11__    9   1  [10, 1, 3, 1, 1, 0, 3, 0, 0]  (24, 29)
200_2___11__    7   1  [9, 8, 1, 0, 1, 1, 1]  (26, 29)
part_in:(22, 30), all_in:(29, 29), all_out:(22, 30)
sum25
100_4___12__    14   0  [0, 0, 0, 2, 4, 1, 1, 2, 0, 0, 0, 1, 1, 3]  (29, 39)
200_2___12__    13   0  [1, 0, 2, 4, 3, 1, 1, 1, 1, 0, 0, 0, 2]  (29, 38)
100_3___12__    12   0  [1, 0, 2, 4, 1, 1, 3, 1, 1, 1, 0, 2]  (29, 36)
200_4___12__    12   0  [0, 0, 0, 2, 6, 1, 1, 1, 1, 1, 1, 3]  (29, 40)
300_1___12__    12   0  [0, 0, 0, 2, 4, 1, 1, 3, 1, 1, 1, 3]  (29, 32)
300_2___12__    12   0  [0, 0, 0, 7, 1, 1, 3, 1, 1, 1, 0, 2]  (29, 33)
300_4___12__    12   0  [0, 0, 0, 2, 0, 1, 3, 1, 5, 1, 1, 3]  (29, 33)
300_5___12__    12   0  [0, 0, 0, 2, 2, 3, 1, 3, 1, 1, 1, 3]  (29, 33)
100_1___12__    11   0  [1, 0, 2, 2, 2, 2, 3, 1, 1, 1, 3]  (29, 34)
100_2___12__    11   0  [1, 0, 2, 4, 3, 3, 1, 1, 1, 0, 2]  (29, 33)
100_5___12__    11   0  [1, 0, 2, 6, 1, 2, 0, 1, 1, 1, 3]  (29, 38)
200_3___12__    11   0  [1, 0, 2, 8, 1, 1, 1, 1, 0, 0, 3]  (29, 39)
200_1___12__    10   0  [1, 0, 2, 4, 3, 3, 1, 1, 1, 3]  (29, 38)
200_5___12__    10   0  [1, 0, 2, 0, 5, 1, 5, 1, 1, 3]  (29, 38)
300_3___12__    10   0  [0, 0, 0, 9, 1, 3, 1, 1, 1, 3]  (29, 33)
part_in:(33, 40), all_in:(29, 32), all_out:(29, 40)
gap25
100_2___13__    14   1  [0, 0, 1, 1, 2, 2, 1, 0, 0, 5, 0, 0, 1, 1]  (13, 14)
100_5___13__    14   0  [0, 0, 0, 1, 1, 1, 0, 2, 1, 0, 4, 5, 0, 0]  (11, 13)
100_4___13__    13   0  [0, 0, 0, 1, 1, 2, 2, 1, 0, 6, 1, 1, 1]  (13, 15)
100_3___13__    12   0  [0, 1, 1, 4, 2, 1, 0, 6, 1, 1, 0, 0]  (13, 16)
200_5___13__    12   1  [0, 0, 1, 1, 2, 4, 0, 4, 1, 1, 1, 1]  (13, 14)
200_4___13__    11   1  [1, 1, 4, 4, 0, 2, 1, 1, 1, 1, 1]  (13, 14)
200_3___13__    10   1  [0, 0, 1, 4, 1, 2, 0, 6, 3, 1]  (13, 15)
100_1___13__    9   0  [1, 0, 6, 4, 0, 0, 5, 3, 1]  (13, 15)
200_1___13__    9   1  [0, 0, 1, 4, 5, 1, 4, 1, 3]  (13, 18)
200_2___13__    8   1  [0, 0, 1, 10, 1, 4, 1, 3]  (13, 14)
300_2___13__    8   2  [0, 3, 2, 5, 6, 0, 2, 1]  (13, 16)
300_3___13__    8   2  [0, 6, 2, 1, 0, 6, 3, 1]  (13, 17)
300_4___13__    8   2  [0, 3, 2, 2, 2, 4, 5, 1]  (13, 17)
300_5___13__    7   2  [0, 6, 2, 2, 4, 5, 1]  (13, 16)
300_1___13__    6   2  [0, 3, 2, 5, 6, 5]  (13, 18)
part_in:(11, 18), all_in:(13, 13), all_out:(11, 18)
sum34
100_2___14__    15   1  [0, 0, 2, 3, 0, 0, 2, 2, 0, 0, 0, 0, 1, 1, 2]  (21, 35)
200_1___14__    15   1  [0, 0, 1, 0, 3, 0, 0, 2, 3, 1, 0, 2, 0, 1, 0]  (21, 43)
100_1___14__    14   1  [0, 0, 1, 0, 2, 0, 0, 0, 2, 3, 0, 0, 0, 6]  (21, 38)
100_3___14__    14   1  [0, 0, 2, 3, 1, 0, 1, 2, 1, 0, 0, 1, 0, 3]  (21, 40)
100_4___14__    14   1  [1, 1, 0, 3, 0, 0, 0, 1, 2, 0, 0, 0, 0, 6]  (21, 45)
100_5___14__    14   1  [1, 1, 0, 3, 0, 0, 0, 1, 2, 0, 0, 0, 0, 6]  (21, 41)
200_5___14__    14   1  [1, 1, 0, 0, 2, 0, 1, 1, 4, 0, 0, 2, 2, 0]  (21, 38)
300_1___14__    13   1  [0, 0, 1, 0, 3, 0, 0, 2, 3, 1, 0, 2, 3]  (21, 29)
300_2___14__    13   1  [0, 0, 1, 0, 3, 0, 0, 2, 5, 0, 2, 0, 2]  (21, 27)
200_2___14__    12   1  [1, 1, 0, 4, 0, 2, 5, 0, 2, 0, 1, 0]  (21, 40)
200_3___14__    12   1  [1, 2, 4, 0, 2, 1, 1, 1, 0, 2, 2, 0]  (21, 39)
200_4___14__    12   1  [1, 2, 3, 0, 1, 1, 1, 3, 0, 2, 2, 0]  (21, 39)
300_3___14__    12   1  [0, 0, 1, 0, 3, 0, 3, 4, 0, 0, 2, 3]  (21, 28)
300_4___14__    11   1  [0, 2, 0, 3, 0, 3, 2, 2, 0, 2, 3]  (21, 32)
300_5___14__    10   1  [0, 2, 0, 3, 0, 3, 5, 0, 2, 3]  (21, 33)
part_in:(28, 45), all_in:(21, 27), all_out:(21, 45)
gap12
200_1___15__    13   4  [2, 0, 0, 1, 0, 3, 1, 1, 0, 2, 0, 0, 2]  (6, 6)
100_4___15__    12   3  [1, 1, 0, 2, 2, 0, 1, 2, 0, 3, 0, 2]  (6, 8)
200_4___15__    12   3  [0, 3, 4, 2, 0, 0, 1, 0, 2, 0, 1, 1]  (5, 6)
200_5___15__    12   3  [0, 3, 0, 3, 2, 0, 0, 1, 0, 2, 0, 3]  (6, 6)
300_2___15__    12   3  [0, 0, 1, 0, 2, 5, 0, 1, 3, 0, 0, 2]  (5, 6)
300_3___15__    12   3  [0, 0, 0, 0, 0, 2, 6, 1, 4, 0, 0, 1]  (4, 6)
300_4___15__    12   4  [0, 1, 0, 2, 2, 3, 1, 0, 3, 0, 0, 1]  (3, 6)
300_5___15__    12   3  [1, 2, 0, 0, 3, 2, 0, 1, 0, 3, 0, 2]  (4, 6)
100_1___15__    11   3  [0, 0, 1, 0, 0, 1, 0, 3, 1, 1, 8]  (6, 8)
100_2___15__    11   3  [1, 1, 0, 0, 1, 6, 1, 3, 1, 0, 1]  (6, 6)
100_3___15__    11   2  [0, 1, 1, 0, 2, 3, 2, 1, 4, 0, 2]  (6, 7)
300_1___15__    11   3  [0, 0, 1, 0, 7, 0, 0, 1, 2, 2, 2]  (6, 6)
100_5___15__    10   3  [1, 1, 0, 5, 1, 3, 0, 3, 1, 1]  (6, 7)
200_2___15__    10   3  [4, 0, 6, 1, 1, 0, 2, 0, 0, 2]  (6, 7)
200_3___15__    9   3  [4, 0, 6, 0, 0, 1, 1, 1, 4]  (6, 6)
part_in:(3, 8), all_in:(6, 6), all_out:(3, 8)
gap23
100_3___16__    15   2  [0, 5, 1, 1, 1, 0, 1, 1, 0, 0, 1, 0, 1, 0, 0]  (1, 8)
100_4___16__    15   2  [0, 4, 0, 1, 3, 0, 1, 1, 0, 0, 1, 0, 0, 1, 0]  (1, 8)
100_5___16__    15   2  [0, 4, 0, 1, 3, 0, 1, 1, 0, 0, 1, 0, 1, 0, 0]  (1, 6)
100_2___16__    14   2  [0, 4, 2, 1, 1, 1, 0, 2, 0, 1, 0, 0, 1, 0]  (1, 7)
200_4___16__    14   3  [4, 0, 1, 3, 0, 1, 1, 0, 2, 0, 0, 0, 0, 0]  (1, 2)
200_3___16__    13   3  [4, 0, 1, 3, 0, 1, 2, 0, 1, 0, 0, 1, 0]  (1, 2)
300_2___16__    13   2  [0, 7, 4, 1, 1, 0, 0, 1, 0, 0, 0, 0, 0]  (1, 1)
300_3___16__    13   2  [0, 5, 1, 4, 1, 1, 0, 0, 1, 0, 1, 0, 0]  (1, 1)
300_4___16__    13   2  [0, 4, 0, 1, 4, 1, 1, 1, 1, 0, 1, 0, 0]  (1, 2)
200_5___16__    12   3  [4, 0, 1, 4, 1, 2, 2, 0, 0, 0, 0, 0]  (1, 2)
300_1___16__    12   2  [0, 1, 5, 4, 1, 1, 0, 2, 0, 1, 0, 0]  (1, 4)
100_1___16__    11   2  [0, 7, 3, 1, 0, 2, 2, 0, 0, 1, 0]  (1, 7)
300_5___16__    11   2  [0, 5, 1, 4, 1, 1, 3, 0, 1, 0, 0]  (1, 2)
200_2___16__    10   3  [4, 2, 3, 2, 3, 1, 0, 0, 1, 0]  (1, 4)
200_1___16__    8   3  [7, 6, 4, 0, 0, 0, 1, 0]  (1, 6)
part_in:(3, 8), all_in:(1, 2), all_out:(1, 8)
gap34
300_4___17__    17   0  [0, 0, 0, 0, 0, 0, 3, 1, 0, 0, 2, 1, 3, 1, 1, 0, 0]  (3, 11)
100_2___17__    16   0  [0, 0, 0, 0, 0, 0, 3, 1, 0, 0, 2, 5, 1, 1, 0, 0]  (2, 3)
300_3___17__    16   0  [0, 0, 0, 0, 1, 3, 1, 0, 0, 2, 1, 3, 1, 1, 0, 0]  (3, 9)
300_5___17__    16   0  [0, 0, 0, 0, 1, 3, 1, 0, 0, 2, 1, 3, 1, 1, 0, 0]  (3, 11)
100_1___17__    15   0  [0, 0, 0, 0, 0, 0, 3, 1, 0, 0, 2, 5, 3, 0, 0]  (2, 3)
100_3___17__    15   0  [0, 0, 0, 0, 1, 3, 1, 0, 0, 2, 5, 1, 1, 0, 0]  (3, 3)
100_4___17__    15   0  [0, 0, 0, 0, 1, 3, 1, 0, 0, 2, 5, 1, 1, 0, 0]  (3, 3)
200_2___17__    15   0  [1, 0, 0, 1, 3, 1, 0, 0, 2, 0, 4, 1, 1, 0, 0]  (3, 7)
200_5___17__    15   0  [1, 0, 0, 1, 3, 1, 0, 0, 2, 3, 1, 1, 1, 0, 0]  (3, 8)
100_5___17__    14   0  [0, 0, 0, 0, 1, 2, 0, 1, 0, 0, 8, 3, 0, 0]  (3, 3)
200_1___17__    14   0  [1, 0, 0, 0, 0, 3, 1, 0, 0, 2, 5, 3, 0, 0]  (3, 8)
200_3___17__    14   0  [1, 0, 0, 1, 3, 1, 0, 0, 2, 1, 3, 3, 0, 0]  (3, 9)
200_4___17__    14   0  [1, 0, 0, 1, 3, 1, 0, 0, 2, 1, 3, 3, 0, 0]  (3, 9)
300_1___17__    14   0  [1, 0, 0, 0, 0, 3, 1, 0, 3, 5, 1, 1, 0, 0]  (3, 7)
300_2___17__    14   0  [1, 0, 0, 0, 0, 3, 1, 0, 0, 8, 1, 1, 0, 0]  (3, 6)
part_in:(2, 11), all_in:(3, 3), all_out:(2, 11)
gap45
200_5___18__    17   1  [0, 0, 3, 0, 0, 1, 0, 0, 0, 1, 0, 0, 0, 1, 2, 3, 0]  (3, 9)
100_4___18__    16   1  [0, 0, 2, 0, 0, 0, 1, 1, 0, 1, 1, 0, 1, 0, 5, 0]  (1, 9)
200_3___18__    16   0  [0, 0, 0, 2, 0, 0, 0, 1, 1, 0, 1, 2, 1, 2, 3, 0]  (3, 9)
300_3___18__    16   1  [0, 0, 1, 1, 0, 0, 1, 0, 0, 0, 1, 4, 0, 3, 1, 0]  (6, 9)
100_2___18__    15   1  [0, 0, 2, 0, 1, 1, 1, 0, 1, 1, 2, 0, 3, 1, 0]  (6, 9)
100_5___18__    15   1  [0, 0, 2, 0, 1, 1, 1, 0, 1, 1, 0, 1, 0, 5, 0]  (1, 9)
300_2___18__    15   1  [0, 0, 3, 1, 1, 0, 0, 0, 1, 1, 2, 0, 3, 1, 0]  (7, 9)
300_4___18__    15   1  [0, 0, 1, 1, 1, 1, 0, 0, 0, 3, 2, 0, 3, 1, 0]  (4, 9)
300_5___18__    15   1  [0, 0, 1, 1, 1, 1, 0, 1, 3, 0, 1, 0, 3, 1, 0]  (3, 9)
100_3___18__    14   1  [0, 0, 2, 2, 1, 1, 0, 1, 1, 0, 1, 0, 5, 0]  (4, 9)
200_1___18__    14   1  [0, 0, 2, 0, 1, 1, 1, 0, 1, 0, 3, 2, 3, 0]  (3, 9)
200_2___18__    14   1  [0, 0, 2, 1, 0, 1, 1, 0, 1, 2, 1, 2, 3, 0]  (3, 9)
300_1___18__    14   1  [0, 0, 1, 0, 0, 1, 1, 0, 0, 0, 3, 2, 6, 0]  (7, 9)
100_1___18__    13   1  [0, 2, 0, 0, 1, 1, 1, 0, 3, 2, 0, 5, 0]  (5, 9)
200_4___18__    13   1  [0, 0, 3, 0, 0, 3, 0, 1, 2, 1, 2, 3, 0]  (3, 9)
part_in:(1, 6), all_in:(7, 9), all_out:(1, 9)
gap56
200_3___19__    15   0  [0, 0, 3, 2, 0, 1, 0, 1, 1, 1, 3, 1, 1, 0, 0]  (3, 10)
200_5___19__    15   0  [0, 0, 1, 1, 2, 0, 1, 0, 1, 1, 5, 1, 1, 0, 0]  (3, 10)
300_5___19__    15   0  [0, 0, 1, 4, 0, 1, 0, 1, 1, 5, 0, 0, 1, 0, 0]  (3, 10)
200_1___19__    14   0  [0, 0, 3, 2, 0, 1, 0, 3, 5, 0, 0, 1, 0, 0]  (2, 10)
200_2___19__    14   0  [0, 0, 3, 2, 0, 1, 0, 3, 5, 0, 0, 1, 0, 0]  (4, 10)
200_4___19__    14   0  [0, 0, 3, 2, 0, 1, 0, 1, 1, 5, 1, 1, 0, 0]  (2, 10)
300_3___19__    14   0  [0, 0, 2, 3, 0, 1, 0, 1, 1, 5, 1, 1, 0, 0]  (3, 10)
300_2___19__    13   0  [0, 0, 3, 2, 0, 1, 0, 1, 1, 6, 0, 2, 0]  (3, 10)
300_4___19__    13   0  [0, 0, 6, 0, 1, 0, 1, 1, 5, 1, 1, 0, 0]  (2, 10)
100_4___19__    12   0  [0, 0, 6, 0, 1, 0, 3, 1, 4, 0, 2, 0]  (3, 10)
100_5___19__    12   0  [0, 0, 3, 2, 0, 1, 0, 1, 3, 5, 2, 0]  (4, 10)
300_1___19__    12   0  [0, 0, 3, 0, 2, 1, 0, 1, 1, 7, 2, 0]  (4, 10)
100_1___19__    10   0  [0, 0, 3, 3, 1, 2, 1, 7, 2, 0]  (4, 10)
100_2___19__    10   0  [0, 0, 3, 3, 1, 4, 1, 5, 2, 0]  (4, 10)
100_3___19__    10   0  [0, 0, 7, 1, 0, 3, 1, 5, 2, 0]  (3, 10)
part_in:(2, 3), all_in:(4, 10), all_out:(2, 10)
ball
300_2___20__    21   0  [0, 1, 0, 0, 0, 0, 1, 0, 0, 1, 0, 1, 0, 1, 2, 0, 0, 1, 0, 0, 0]  (1, 2)
100_5___20__    19   0  [0, 1, 0, 0, 1, 1, 0, 0, 0, 1, 1, 0, 1, 2, 1, 1, 0, 0, 0]  (1, 2)
300_3___20__    19   0  [0, 1, 0, 2, 1, 0, 0, 1, 0, 1, 0, 1, 2, 0, 0, 1, 0, 0, 0]  (2, 2)
300_4___20__    19   0  [0, 1, 0, 2, 1, 0, 0, 0, 0, 0, 1, 0, 1, 2, 1, 1, 0, 0, 0]  (2, 2)
100_1___20__    18   0  [0, 1, 0, 0, 1, 1, 0, 0, 2, 1, 0, 1, 2, 1, 1, 0, 0, 0]  (1, 2)
100_2___20__    18   0  [0, 1, 0, 0, 1, 1, 0, 0, 2, 1, 0, 1, 2, 1, 1, 0, 0, 0]  (1, 2)
100_3___20__    18   0  [0, 1, 0, 0, 1, 1, 0, 0, 2, 1, 0, 4, 1, 0, 0, 0, 0, 0]  (1, 2)
100_4___20__    18   0  [0, 1, 0, 0, 1, 1, 0, 0, 0, 1, 1, 0, 4, 1, 1, 0, 0, 0]  (1, 2)
200_4___20__    18   0  [0, 1, 0, 2, 1, 0, 0, 0, 1, 1, 0, 4, 0, 0, 1, 0, 0, 0]  (1, 2)
200_1___20__    17   0  [0, 1, 0, 1, 0, 1, 1, 0, 1, 2, 4, 0, 0, 1, 0, 0, 0]  (1, 2)
200_3___20__    17   0  [0, 1, 0, 2, 1, 0, 0, 0, 1, 1, 0, 4, 0, 0, 1, 0, 1]  (1, 2)
200_5___20__    17   0  [0, 1, 0, 0, 1, 1, 0, 0, 2, 1, 0, 4, 1, 1, 0, 0, 0]  (1, 2)
300_5___20__    17   0  [0, 1, 0, 0, 1, 1, 0, 0, 1, 0, 1, 0, 6, 1, 0, 0, 0]  (2, 2)
200_2___20__    16   0  [0, 1, 0, 2, 1, 1, 0, 1, 1, 0, 1, 2, 0, 2, 0, 1]  (1, 2)
300_1___20__    16   0  [0, 1, 0, 2, 1, 0, 0, 1, 0, 1, 0, 6, 1, 0, 0, 0]  (1, 2)
part_in:(1, 0), all_in:(1, 2), all_out:(1, 2)
ball_column
100_2___21__    16   1  [1, 1, 0, 0, 0, 0, 0, 0, 3, 5, 0, 0, 1, 1, 0, 0]  (3, 4)
100_1___21__    15   1  [1, 1, 0, 0, 1, 0, 0, 2, 0, 6, 0, 1, 1, 0, 0]  (3, 3)
100_3___21__    15   1  [1, 1, 0, 0, 0, 1, 0, 3, 1, 3, 0, 0, 1, 2, 0]  (2, 3)
200_5___21__    15   0  [0, 1, 1, 0, 0, 0, 1, 0, 3, 5, 0, 0, 1, 2, 0]  (2, 3)
300_3___21__    14   0  [0, 1, 2, 0, 0, 1, 0, 2, 0, 5, 0, 0, 1, 3]  (2, 3)
300_5___21__    14   1  [0, 0, 1, 0, 3, 0, 2, 0, 5, 0, 0, 1, 2, 0]  (3, 3)
100_4___21__    13   1  [1, 1, 0, 1, 1, 0, 3, 5, 0, 0, 1, 2, 0]  (3, 3)
300_1___21__    13   0  [2, 2, 2, 0, 0, 2, 0, 5, 0, 0, 1, 2, 0]  (2, 3)
300_2___21__    13   0  [2, 2, 1, 0, 0, 0, 2, 0, 5, 0, 0, 4, 0]  (2, 3)
300_4___21__    13   0  [2, 2, 0, 2, 0, 2, 0, 5, 0, 0, 1, 2, 0]  (3, 4)
100_5___21__    12   1  [3, 0, 1, 1, 0, 3, 5, 0, 0, 1, 2, 0]  (3, 3)
200_2___21__    12   0  [0, 1, 2, 0, 0, 1, 0, 10, 0, 1, 0, 2]  (1, 3)
200_1___21__    11   1  [1, 2, 0, 0, 1, 0, 10, 0, 1, 2, 0]  (3, 3)
200_3___21__    11   1  [1, 2, 0, 0, 1, 0, 10, 0, 1, 0, 2]  (1, 3)
200_4___21__    11   1  [1, 2, 0, 0, 1, 0, 10, 0, 1, 2, 0]  (2, 3)
part_in:(1, 4), all_in:(3, 3), all_out:(1, 4)
blue
200_5___22__    13   1  [1, 4, 1, 1, 0, 1, 0, 2, 3, 1, 1, 0, 0]  (2, 8)
200_4___22__    12   3  [2, 0, 0, 3, 0, 2, 2, 3, 1, 1, 0, 0]  (2, 10)
100_3___22__    11   1  [1, 4, 2, 0, 3, 2, 0, 2, 1, 2, 0]  (2, 15)
100_4___22__    11   1  [0, 0, 4, 2, 0, 3, 2, 3, 1, 2, 0]  (2, 16)
100_5___22__    11   1  [1, 4, 1, 1, 1, 1, 2, 3, 1, 2, 0]  (2, 15)
200_2___22__    11   2  [0, 3, 0, 3, 1, 1, 2, 3, 1, 2, 0]  (2, 10)
100_2___22__    10   0  [0, 6, 2, 0, 3, 2, 3, 1, 2, 0]  (2, 13)
300_1___22__    10   3  [8, 1, 0, 0, 2, 3, 1, 1, 0, 0]  (2, 6)
300_2___22__    10   3  [4, 3, 2, 0, 2, 3, 1, 1, 0, 0]  (2, 6)
300_3___22__    10   3  [4, 3, 0, 1, 0, 2, 3, 1, 2, 0]  (2, 4)
300_4___22__    10   1  [6, 3, 0, 1, 0, 2, 3, 1, 2, 0]  (2, 4)
300_5___22__    10   1  [6, 3, 0, 1, 0, 2, 3, 1, 2, 0]  (2, 2)
200_1___22__    9   7  [4, 1, 0, 0, 2, 3, 1, 2, 0]  (2, 7)
200_3___22__    9   3  [3, 4, 0, 2, 2, 3, 1, 2, 0]  (2, 9)
100_1___22__    8   1  [9, 0, 1, 1, 2, 3, 4, 0]  (2, 12)
part_in:(5, 16), all_in:(2, 4), all_out:(2, 16)
blue_sort
300_5___23__    13   1  [0, 0, 0, 1, 0, 5, 1, 4, 1, 1, 1, 1, 0]  (10, 14)
300_2___23__    12   1  [1, 1, 0, 0, 7, 4, 3, 0, 0, 0, 0, 0]  (10, 14)
100_3___23__    11   1  [1, 1, 0, 0, 3, 3, 4, 3, 1, 1, 0]  (11, 14)
300_1___23__    11   1  [1, 1, 0, 0, 7, 4, 4, 0, 0, 0, 0]  (10, 14)
200_5___23__    10   1  [1, 2, 0, 5, 1, 6, 1, 1, 1, 0]  (7, 14)
300_3___23__    10   1  [1, 1, 0, 0, 3, 1, 1, 10, 1, 0]  (9, 14)
100_5___23__    9   2  [3, 0, 5, 1, 5, 2, 1, 1, 0]  (11, 14)
200_1___23__    9   1  [4, 0, 4, 0, 1, 4, 5, 1, 0]  (9, 14)
200_2___23__    9   1  [1, 2, 0, 5, 1, 4, 1, 3, 2]  (14, 14)
300_4___23__    9   1  [1, 2, 0, 5, 1, 4, 5, 1, 0]  (9, 14)
100_2___23__    8   3  [2, 0, 7, 4, 1, 3, 1, 0]  (13, 14)
200_4___23__    8   1  [4, 0, 5, 1, 6, 1, 1, 2]  (8, 14)
100_1___23__    7   6  [0, 7, 4, 1, 3, 1, 0]  (9, 14)
100_4___23__    7   6  [0, 1, 5, 8, 1, 1, 0]  (9, 14)
200_3___23__    6   1  [4, 0, 5, 1, 10, 2]  (11, 14)
part_in:(7, 12), all_in:(13, 14), all_out:(7, 14)
