30
red1
more
('30_1___1__', 17, 1, [0, 0, 1, 0, 0, 0, 2, 0, 0, 0, 2, 1, 0, 2, 2, 1, 0]) (6, 22)
('3_1___1__', 16, 2, [0, 0, 0, 0, 0, 0, 0, 1, 0, 0, 0, 4, 0, 5, 1, 0]) (2, 22)
('7_1___1__', 16, 2, [1, 0, 0, 0, 0, 0, 1, 0, 0, 0, 2, 1, 3, 2, 1, 0]) (4, 22)
('17_6___1__', 16, 1, [0, 1, 0, 0, 1, 3, 0, 0, 2, 1, 0, 1, 0, 2, 1, 0]) (2, 22)
('11_7___1__', 15, 4, [0, 0, 0, 0, 1, 1, 0, 0, 4, 0, 1, 0, 3, 0, 0]) (3, 22)
('14_8___1__', 15, 2, [0, 0, 0, 0, 1, 3, 0, 0, 3, 0, 0, 1, 0, 4, 0]) (2, 22)
('17_7___1__', 15, 1, [2, 0, 0, 1, 3, 0, 0, 2, 1, 0, 1, 0, 2, 1, 0]) (3, 22)
('26_1___1__', 15, 1, [1, 0, 0, 0, 0, 0, 2, 0, 0, 0, 5, 2, 2, 1, 0]) (3, 22)
('31_6___1__', 15, 2, [0, 1, 0, 1, 3, 0, 0, 2, 1, 0, 2, 2, 0, 0, 0]) (0, 22)
('36_2___1__', 15, 1, [0, 1, 0, 0, 1, 0, 1, 0, 0, 0, 4, 0, 5, 1, 0]) (5, 22)
less
('33_7___1__', 6, 8, [3, 0, 0, 8, 4, 0]) (1, 22)
('9_4___1__', 7, 4, [1, 1, 3, 1, 8, 4, 0]) (5, 22)
('4_8___1__', 8, 2, [1, 1, 5, 0, 0, 5, 7, 0]) (1, 22)
('23_6___1__', 8, 2, [3, 5, 1, 2, 1, 3, 4, 0]) (2, 22)
('32_3___1__', 8, 4, [1, 1, 3, 1, 4, 6, 1, 0]) (4, 22)
('41_6___1__', 8, 6, [0, 4, 1, 7, 0, 2, 1, 0]) (3, 22)
('43_4___1__', 8, 4, [1, 1, 3, 1, 8, 2, 1, 0]) (5, 22)
('49_10___1__', 8, 2, [1, 1, 1, 3, 1, 5, 7, 0]) (2, 22)
('1_4___1__', 9, 4, [1, 1, 3, 1, 4, 3, 2, 1, 0]) (4, 22)
('1_5___1__', 9, 4, [1, 1, 3, 1, 4, 3, 2, 1, 0]) (4, 22)
part_in:(0, 5), all_in:(6, 22), all_out:(0, 22)
red2
more
('4_9___2__', 15, 1, [0, 1, 0, 1, 0, 4, 1, 0, 1, 1, 1, 0, 0, 3, 0]) (4, 26)
('11_7___2__', 15, 1, [0, 1, 0, 1, 2, 2, 2, 0, 0, 3, 0, 0, 2, 0, 0]) (6, 26)
('21_7___2__', 15, 1, [0, 2, 1, 0, 4, 2, 1, 1, 1, 0, 0, 1, 0, 0, 0]) (6, 26)
('24_9___2__', 15, 1, [0, 1, 0, 1, 0, 1, 2, 2, 1, 1, 1, 0, 0, 3, 0]) (6, 26)
('32_9___2__', 15, 1, [0, 2, 1, 0, 4, 1, 0, 0, 0, 1, 1, 0, 0, 3, 0]) (7, 26)
('43_6___2__', 15, 1, [0, 2, 1, 0, 1, 2, 2, 1, 1, 1, 0, 0, 2, 0, 0]) (5, 26)
('2_9___2__', 14, 1, [0, 2, 1, 0, 1, 2, 1, 0, 1, 1, 1, 0, 0, 4]) (4, 26)
('8_9___2__', 14, 1, [0, 2, 1, 2, 2, 1, 0, 1, 1, 1, 0, 0, 3, 0]) (5, 26)
('11_6___2__', 14, 1, [0, 2, 1, 0, 4, 2, 0, 0, 1, 1, 0, 0, 3, 0]) (6, 26)
('12_9___2__', 14, 1, [0, 1, 0, 1, 0, 4, 2, 1, 1, 1, 0, 0, 3, 0]) (7, 26)
less
('32_1___2__', 7, 1, [0, 4, 5, 2, 5, 5, 0]) (6, 26)
('1_4___2__', 8, 1, [0, 2, 1, 8, 1, 3, 1, 4]) (8, 26)
('3_3___2__', 8, 1, [0, 4, 5, 2, 1, 3, 1, 4]) (8, 26)
('3_7___2__', 8, 1, [5, 5, 2, 1, 1, 1, 1, 4]) (6, 26)
('17_5___2__', 8, 1, [0, 2, 1, 5, 2, 5, 1, 4]) (9, 26)
('18_3___2__', 8, 1, [0, 4, 8, 1, 3, 1, 3, 0]) (9, 26)
('18_4___2__', 8, 1, [0, 2, 1, 8, 1, 3, 1, 4]) (10, 26)
('18_5___2__', 8, 1, [0, 2, 1, 5, 2, 5, 1, 4]) (9, 26)
('19_3___2__', 8, 1, [0, 4, 8, 1, 3, 1, 3, 0]) (7, 26)
('21_4___2__', 8, 1, [0, 2, 1, 8, 1, 3, 1, 4]) (8, 26)
part_in:(4, 9), all_in:(10, 26), all_out:(4, 26)
red3
more
('37_9___3__', 16, 2, [0, 0, 1, 0, 0, 1, 0, 1, 2, 0, 0, 0, 2, 0, 0, 4]) (6, 29)
('8_1___3__', 15, 2, [0, 2, 0, 5, 1, 0, 0, 0, 0, 2, 0, 0, 1, 1, 0]) (12, 29)
('20_2___3__', 15, 2, [1, 0, 0, 0, 1, 1, 1, 2, 0, 0, 0, 2, 1, 3, 0]) (13, 29)
('31_7___3__', 15, 1, [1, 0, 0, 0, 1, 0, 1, 1, 2, 0, 0, 0, 4, 3, 0]) (8, 29)
('33_6___3__', 15, 1, [2, 0, 1, 0, 0, 0, 0, 1, 2, 1, 0, 3, 0, 2, 1]) (8, 29)
('40_9___3__', 15, 2, [0, 0, 1, 0, 0, 2, 1, 1, 0, 1, 0, 2, 0, 0, 4]) (9, 29)
('1_9___3__', 14, 2, [0, 0, 1, 1, 2, 1, 2, 1, 0, 2, 0, 0, 1, 2]) (10, 29)
('4_1___3__', 14, 2, [0, 3, 1, 3, 1, 0, 1, 0, 2, 1, 0, 0, 1, 0]) (9, 29)
('4_7___3__', 14, 1, [2, 1, 0, 0, 2, 1, 2, 0, 0, 0, 3, 0, 3, 0]) (10, 29)
('6_2___3__', 14, 1, [0, 1, 0, 0, 0, 1, 3, 2, 1, 0, 2, 1, 3, 0]) (14, 29)
less
('5_4___3__', 6, 4, [11, 1, 0, 2, 1, 4]) (13, 29)
('16_5___3__', 6, 2, [1, 11, 2, 2, 1, 4]) (14, 29)
('21_9___3__', 6, 8, [2, 4, 2, 3, 0, 4]) (8, 29)
('34_5___3__', 6, 2, [1, 11, 2, 2, 1, 4]) (14, 29)
('38_6___3__', 6, 11, [4, 1, 0, 3, 0, 4]) (8, 29)
('40_3___3__', 6, 7, [8, 1, 0, 2, 1, 4]) (15, 29)
('43_5___3__', 6, 2, [1, 11, 2, 2, 1, 4]) (14, 29)
('1_3___3__', 7, 2, [1, 11, 1, 0, 2, 1, 4]) (12, 29)
('1_4___3__', 7, 2, [1, 11, 1, 0, 2, 1, 4]) (13, 29)
('1_5___3__', 7, 2, [1, 8, 2, 2, 2, 1, 4]) (14, 29)
part_in:(6, 14), all_in:(15, 29), all_out:(6, 29)
red4
more
('28_2___4__', 16, 1, [0, 1, 1, 0, 0, 0, 3, 1, 2, 0, 3, 0, 1, 0, 0, 0]) (18, 30)
('4_8___4__', 15, 1, [0, 1, 1, 2, 1, 1, 1, 2, 0, 1, 1, 0, 1, 0, 1]) (15, 30)
('5_7___4__', 15, 1, [0, 1, 1, 0, 3, 3, 2, 0, 1, 1, 0, 1, 0, 0, 0]) (17, 30)
('19_7___4__', 15, 1, [0, 1, 1, 0, 1, 4, 0, 2, 0, 1, 1, 0, 1, 0, 1]) (10, 30)
('31_7___4__', 15, 1, [0, 1, 0, 0, 2, 1, 3, 1, 0, 0, 3, 0, 1, 0, 1]) (11, 30)
('37_2___4__', 15, 1, [0, 1, 1, 1, 0, 3, 1, 2, 0, 3, 0, 1, 0, 0, 0]) (19, 30)
('37_8___4__', 15, 1, [0, 1, 1, 1, 0, 1, 3, 2, 0, 1, 1, 0, 1, 0, 1]) (8, 30)
('39_7___4__', 15, 1, [0, 1, 0, 0, 0, 3, 3, 1, 0, 0, 1, 2, 1, 0, 1]) (11, 30)
('42_7___4__', 15, 1, [0, 1, 1, 0, 0, 0, 5, 1, 0, 0, 1, 1, 0, 2, 1]) (11, 30)
('44_7___4__', 15, 1, [0, 1, 1, 1, 0, 1, 3, 2, 0, 1, 1, 0, 1, 0, 1]) (12, 30)
less
('1_6___4__', 8, 1, [0, 1, 3, 9, 0, 4, 2, 1]) (15, 30)
('6_6___4__', 8, 1, [0, 1, 2, 10, 0, 3, 0, 4]) (15, 30)
('9_6___4__', 8, 1, [0, 1, 2, 10, 0, 4, 2, 1]) (11, 30)
('12_6___4__', 8, 1, [0, 1, 3, 9, 0, 4, 2, 1]) (14, 30)
('25_1___4__', 8, 2, [10, 1, 2, 0, 3, 0, 3, 0]) (20, 30)
('33_1___4__', 8, 1, [0, 10, 1, 2, 0, 4, 3, 0]) (21, 30)
('1_1___4__', 9, 2, [1, 1, 6, 1, 3, 4, 1, 1, 0]) (16, 30)
('1_4___4__', 9, 2, [1, 1, 1, 6, 2, 0, 4, 2, 1]) (17, 30)
('1_5___4__', 9, 2, [1, 1, 1, 6, 2, 0, 4, 2, 1]) (18, 30)
('2_4___4__', 9, 2, [1, 1, 1, 6, 2, 0, 4, 2, 1]) (17, 30)
part_in:(8, 20), all_in:(21, 30), all_out:(8, 30)
red5
more
('12_8___5__', 16, 1, [0, 0, 1, 1, 0, 0, 1, 3, 0, 1, 0, 3, 1, 1, 0, 0]) (14, 32)
('24_9___5__', 16, 1, [0, 0, 1, 0, 0, 0, 0, 5, 0, 1, 0, 3, 1, 1, 0, 0]) (15, 32)
('41_7___5__', 16, 1, [0, 0, 1, 1, 0, 0, 1, 2, 0, 0, 1, 0, 3, 1, 2, 0]) (17, 32)
('44_7___5__', 16, 1, [0, 0, 1, 1, 0, 0, 1, 2, 0, 0, 1, 0, 3, 1, 2, 0]) (13, 32)
('44_8___5__', 16, 1, [0, 0, 1, 1, 0, 0, 1, 2, 0, 0, 1, 0, 3, 1, 2, 0]) (13, 32)
('5_10___5__', 15, 1, [0, 0, 1, 1, 0, 0, 5, 0, 1, 0, 3, 1, 1, 0, 0]) (15, 32)
('10_7___5__', 15, 1, [0, 0, 1, 0, 0, 0, 0, 5, 0, 1, 0, 3, 1, 2, 0]) (17, 32)
('12_10___5__', 15, 1, [0, 0, 1, 1, 0, 5, 0, 0, 1, 0, 3, 1, 1, 0, 0]) (18, 32)
('23_6___5__', 15, 1, [0, 0, 1, 0, 0, 1, 4, 0, 0, 1, 0, 3, 1, 2, 0]) (14, 32)
('23_7___5__', 15, 1, [0, 0, 1, 1, 0, 0, 4, 0, 0, 1, 0, 3, 1, 2, 0]) (16, 32)
less
('6_1___5__', 7, 3, [3, 4, 2, 2, 0, 5, 3]) (17, 32)
('32_1___5__', 7, 3, [1, 1, 7, 0, 2, 5, 3]) (26, 32)
('1_1___5__', 8, 2, [2, 1, 1, 5, 0, 2, 5, 3]) (18, 32)
('1_6___5__', 8, 1, [0, 0, 3, 0, 9, 0, 5, 3]) (17, 32)
('3_1___5__', 8, 2, [3, 0, 1, 5, 0, 2, 5, 3]) (17, 32)
('23_1___5__', 8, 3, [1, 1, 1, 5, 0, 2, 5, 3]) (24, 32)
('5_1___5__', 9, 3, [1, 1, 7, 0, 1, 0, 3, 1, 3]) (17, 32)
('11_8___5__', 9, 1, [0, 0, 3, 7, 0, 1, 0, 5, 3]) (16, 32)
('15_1___5__', 9, 1, [1, 1, 1, 7, 0, 1, 0, 5, 3]) (26, 32)
('26_1___5__', 9, 3, [1, 1, 7, 0, 1, 0, 3, 1, 3]) (26, 32)
part_in:(13, 25), all_in:(26, 32), all_out:(13, 32)
red6
more
('6_9___6__', 15, 2, [0, 1, 0, 1, 0, 2, 1, 3, 0, 1, 2, 1, 0, 0, 0]) (21, 33)
('23_7___6__', 15, 1, [1, 0, 0, 0, 2, 1, 2, 0, 2, 0, 1, 2, 1, 0, 1]) (21, 33)
('31_9___6__', 15, 2, [0, 1, 0, 1, 0, 1, 0, 1, 0, 2, 0, 1, 2, 2, 1]) (24, 33)
('43_9___6__', 15, 2, [0, 1, 0, 1, 0, 1, 2, 0, 0, 1, 0, 1, 2, 2, 1]) (25, 33)
('3_7___6__', 14, 3, [0, 0, 0, 0, 1, 1, 0, 2, 2, 0, 1, 2, 2, 1]) (24, 33)
('17_2___6__', 14, 2, [0, 1, 0, 2, 2, 0, 0, 0, 2, 0, 1, 2, 2, 1]) (32, 33)
('30_7___6__', 14, 1, [1, 1, 0, 1, 2, 0, 1, 0, 2, 0, 1, 2, 2, 1]) (26, 33)
('30_8___6__', 14, 1, [0, 0, 1, 0, 1, 0, 1, 2, 3, 0, 1, 2, 2, 1]) (25, 33)
('33_9___6__', 14, 2, [0, 1, 0, 0, 0, 0, 1, 2, 3, 0, 1, 2, 2, 1]) (22, 33)
('35_10___6__', 14, 2, [0, 1, 0, 1, 0, 1, 0, 1, 3, 0, 1, 2, 2, 1]) (24, 33)
less
('7_6___6__', 7, 5, [0, 2, 5, 3, 1, 2, 4]) (30, 33)
('8_9___6__', 7, 3, [1, 0, 4, 7, 1, 2, 4]) (22, 33)
('11_6___6__', 7, 5, [0, 2, 5, 3, 4, 1, 2]) (30, 33)
('17_8___6__', 7, 5, [0, 2, 9, 1, 2, 2, 1]) (25, 33)
('27_8___6__', 7, 5, [0, 7, 4, 1, 2, 2, 1]) (22, 33)
('29_6___6__', 7, 2, [2, 0, 12, 1, 2, 2, 1]) (21, 33)
('36_6___6__', 7, 3, [1, 0, 11, 0, 1, 2, 4]) (24, 33)
('41_1___6__', 7, 3, [1, 3, 9, 1, 2, 2, 1]) (26, 33)
('43_10___6__', 7, 5, [0, 11, 0, 1, 2, 2, 1]) (23, 33)
('1_1___6__', 8, 2, [2, 0, 2, 9, 1, 2, 2, 1]) (22, 33)
part_in:(21, 31), all_in:(32, 33), all_out:(21, 33)
