predict number: 1
('12_10&0%19_2&0%7_7&0%10_7&0%11_8&0%20_6&0%2_6&0%6_1&0%6_9&0', 4)
len:19 predict: {4, 5, 8, 9, 10, 12, 14, 15, 16, 17, 18, 19, 20, 21, 22, 23, 24, 25, 27}:
predict number: 2
('12_10&0%7_7&0%10_7&0%11_8&0%2_6&0%3_2&0%6_1&0%3_6&0%5_10&0', 4)
len:22 predict: {4, 5, 7, 8, 9, 10, 11, 12, 14, 15, 16, 17, 18, 19, 20, 21, 22, 23, 24, 25, 26, 28}:
predict number: 3
('12_10&0%7_7&0%10_7&0%11_8&0%2_6&0%3_2&0%3_6&0%5_10&0%6_9&0', 4)
len:20 predict: {5, 7, 8, 9, 10, 11, 12, 14, 15, 16, 17, 18, 19, 20, 21, 23, 24, 25, 26, 28}:
predict number: 4
('12_10&0%7_7&0%10_7&0%11_8&0%2_6&0%3_2&0%3_6&0%5_10&0%10_2&0', 4)
len:21 predict: {5, 7, 8, 9, 10, 11, 12, 14, 15, 16, 17, 18, 19, 20, 21, 22, 23, 24, 25, 26, 28}:
predict number: 5
('12_10&0%7_7&0%10_7&0%20_6&0%2_6&0%1_2&0%2_9&0%6_9&0%14_2&0', 4)
len:18 predict: {5, 8, 9, 10, 12, 14, 15, 16, 17, 18, 19, 20, 21, 22, 23, 24, 25, 27}:

len:16 intersection:{5, 8, 9, 10, 12, 14, 15, 16, 17, 18, 19, 20, 21, 23, 24, 25}
