red1
1:[0.0, 219.1, 0.0, 133.2, 0.0, 47.6]
2:[219.1, 0.0, 133.2, 0.0, 47.6, 0.0]
3:[205.1, 14.0, 130.2, 3.0, 55.9, -8.3]
4:[162.8, 56.3, 102.2, 31.0, 41.8, 5.8]
5:[145.8, 73.3, 93.4, 39.8, 41.0, 6.6]
6:[134.4, 84.7, 90.9, 42.3, 47.3, 0.3]
7:[60.7, 158.4, 43.0, 90.2, 25.1, 22.5]
8:[37.2, 181.9, 25.7, 107.5, 13.8, 33.8]
9:[26.8, 192.3, 17.0, 116.2, 7.1, 40.5]
10:[18.6, 200.5, 14.5, 118.7, 10.6, 37.0]
11:[6.1, 213.0, 4.3, 128.9, 2.5, 45.1]
12:[0.0, 219.1, 0.0, 133.2, 0.0, 47.6]

0: -9.4|43.4|98.2
1: -10.2|59.7|129.6
2: -40.0|-1.2|38.1
3: -36.0|19.3|74.6
4: -88.5|-30.1|27.1
5: -89.2|-23.6|41.8

red2
4:[0.0, 135.7, 0.0, 33.3, 0.0, -70.0]
5:[0.2, 135.5, -2.3, 35.6, -5.0, -65.0]
6:[135.7, 0.0, 33.3, 0.0, -70.0, 0.0]
7:[129.7, 6.0, 33.8, -0.5, -62.3, -7.7]
8:[128.9, 6.8, 34.8, -1.5, -59.3, -10.7]
9:[119.0, 16.7, 33.4, -0.1, -52.4, -17.6]
10:[116.4, 19.3, 36.5, -3.2, -43.3, -26.7]
11:[105.6, 30.1, 33.1, 0.2, -39.8, -30.2]
12:[90.2, 45.5, 33.2, 0.1, -24.5, -45.5]
13:[66.0, 69.7, 29.0, 4.3, -8.5, -61.5]
14:[29.8, 105.9, 9.9, 23.4, -10.2, -59.8]
15:[8.7, 127.0, -0.1, 33.4, -8.8, -61.2]
16:[2.4, 133.3, 0.5, 32.8, -1.5, -68.5]
17:[2.4, 133.3, 0.5, 32.8, -1.5, -68.5]
18:[0.0, 135.7, 0.0, 33.3, 0.0, -70.0]

0: -23.8|30.7|83.0
1: -1.1|59.0|117.1
2: -40.3|-5.7|28.8
3: -60.8|-6.9|42.7
4: -95.7|-38.3|13.9
5: -153.3|-74.8|0.7

red3
6:[0.0, 111.4, 0.0, 27.2, 0.0, -57.0]
7:[4.6, 106.8, 2.3, 24.9, 0.3, -57.3]
8:[4.6, 106.8, 2.3, 24.9, 0.3, -57.3]
9:[4.6, 106.8, 2.3, 24.9, 0.3, -57.3]
10:[10.0, 101.4, 4.6, 22.6, -0.8, -56.2]
11:[15.7, 95.7, 8.3, 18.9, 1.1, -58.1]
12:[111.4, 0.0, 27.2, 0.0, -57.0, 0.0]
13:[84.2, 27.2, 16.8, 10.4, -50.7, -6.3]
14:[79.8, 31.6, 18.9, 8.3, -42.4, -14.6]
15:[73.9, 37.5, 17.5, 9.7, -39.4, -17.6]
16:[60.5, 50.9, 10.4, 16.8, -39.8, -17.2]
17:[59.2, 52.2, 13.0, 14.2, -33.3, -23.7]
18:[24.4, 87.0, 0.4, 26.8, -24.0, -33.0]
19:[16.6, 94.8, -0.2, 27.4, -17.7, -39.3]
20:[15.0, 96.4, 2.6, 24.6, -10.1, -46.9]
21:[12.5, 98.9, 6.0, 21.2, -0.7, -56.3]
22:[11.6, 99.8, 7.1, 20.1, 2.5, -59.5]
23:[5.4, 106.0, 3.3, 23.9, 1.1, -58.1]
24:[0.0, 111.4, 0.0, 27.2, 0.0, -57.0]

0: -27.7|23.2|70.0
1: -2.3|36.2|76.3
2: -35.8|-3.9|26.1
3: -37.5|-10.4|17.7
4: -107.6|-48.6|10.4
5: -122.0|-55.0|11.1

red4
10:[0.0, 189.0, 0.0, 102.5, 0.0, 18.0]
11:[9.6, 179.4, 6.1, 96.4, 2.3, 15.7]
12:[9.6, 179.4, 6.1, 96.4, 2.3, 15.7]
13:[9.6, 179.4, 6.1, 96.4, 2.3, 15.7]
14:[20.2, 168.8, 12.7, 89.8, 5.0, 13.0]
15:[34.9, 154.1, 23.1, 79.4, 11.0, 7.0]
16:[53.5, 135.5, 33.7, 68.8, 13.8, 4.2]
17:[61.1, 127.9, 36.8, 65.7, 12.9, 5.1]
18:[65.2, 123.8, 38.8, 63.7, 13.1, 4.9]
19:[84.0, 105.0, 46.5, 56.0, 9.8, 8.2]
20:[119.0, 70.0, 66.0, 36.5, 14.5, 3.5]
21:[148.2, 40.8, 84.0, 18.5, 21.3, -3.3]
22:[161.6, 27.4, 90.3, 12.2, 20.9, -2.9]
23:[178.5, 10.5, 97.8, 4.7, 19.3, -1.3]
24:[179.9, 9.1, 97.3, 5.2, 17.0, 1.0]
25:[183.9, 5.1, 99.3, 3.2, 16.8, 1.2]
26:[189.0, 0.0, 102.5, 0.0, 18.0, 0.0]
27:[189.0, 0.0, 102.5, 0.0, 18.0, 0.0]
28:[189.0, 0.0, 102.5, 0.0, 18.0, 0.0]
29:[189.0, 0.0, 102.5, 0.0, 18.0, 0.0]
30:[0.0, 189.0, 0.0, 102.5, 0.0, 18.0]

0: -41.7|15.5|71.6
1: 7.5|52.8|100.0
2: -38.9|-3.5|32.2
3: -29.6|-0.3|28.6
4: -81.2|-26.6|25.2
5: -125.0|-62.7|-7.1

red5
16:[0.0, 148.3, 0.0, 51.6, 0.0, -44.9]
17:[5.6, 142.7, 1.6, 50.0, -2.3, -42.6]
18:[16.2, 132.1, 8.3, 43.3, 0.5, -45.4]
19:[21.5, 126.8, 11.0, 40.6, 0.5, -45.4]
20:[33.5, 114.8, 15.2, 36.4, -2.6, -42.3]
21:[41.4, 106.9, 18.8, 32.8, -3.3, -41.6]
22:[54.1, 94.2, 21.1, 30.5, -11.0, -33.9]
23:[62.6, 85.7, 22.0, 29.6, -18.1, -26.8]
24:[71.3, 77.0, 24.1, 27.5, -23.0, -21.9]
25:[108.7, 39.6, 37.5, 14.1, -34.6, -10.3]
26:[135.6, 12.7, 46.6, 5.0, -42.8, -2.1]
27:[143.6, 4.7, 49.1, 2.5, -45.3, 0.4]
28:[143.6, 4.7, 49.1, 2.5, -45.3, 0.4]
29:[148.3, 0.0, 51.6, 0.0, -44.9, 0.0]
30:[148.3, 0.0, 51.6, 0.0, -44.9, 0.0]
31:[0.0, 148.3, 0.0, 51.6, 0.0, -44.9]

0: -7.6|43.2|99.8
1: -2.7|62.0|120.7
2: -21.5|13.7|49.3
3: -51.6|-6.0|40.5
4: -69.4|-14.3|41.1
5: -131.7|-66.8|-0.2

red6
20:[0.0, 28.8, 0.0, -62.3, 0.0, -154.1]
21:[0.8, 28.0, -1.1, -61.2, -3.1, -151.0]
22:[2.8, 26.0, -1.4, -60.9, -5.8, -148.3]
23:[2.8, 26.0, -1.4, -60.9, -5.8, -148.3]
24:[4.6, 24.2, -2.2, -60.1, -9.2, -144.9]
25:[4.8, 24.0, -10.7, -51.6, -26.7, -127.4]
26:[4.9, 23.9, -13.3, -49.0, -31.7, -122.4]
27:[8.6, 20.2, -16.9, -45.4, -42.0, -112.1]
28:[12.1, 16.7, -27.0, -35.3, -65.5, -88.6]
29:[15.4, 13.4, -37.7, -24.6, -90.9, -63.2]
30:[25.2, 3.6, -50.4, -11.9, -126.6, -27.5]
31:[28.8, 0.0, -62.3, 0.0, -154.1, 0.0]
32:[2.0, 26.8, -4.5, -57.8, -11.3, -142.8]
33:[0.0, 28.8, 0.0, -62.3, 0.0, -154.1]

0: -30.0|24.8|77.2
1: 10.0|65.1|119.3
2: -32.2|2.9|40.9
3: -44.5|-3.9|39.0
4: -68.0|-13.2|40.0
5: -135.6|-75.4|-13.1

red_sum_all
76:[0.0, 131.9, 0.0, 34.4, 0.0, -64.1]
77:[0.3, 131.6, -1.6, 36.0, -3.6, -60.5]
78:[0.3, 131.6, -1.6, 36.0, -3.6, -60.5]
79:[0.3, 131.6, -1.6, 36.0, -3.6, -60.5]
80:[0.3, 131.6, -1.6, 36.0, -3.6, -60.5]
81:[0.3, 131.6, -1.6, 36.0, -3.6, -60.5]
82:[0.3, 131.6, -1.6, 36.0, -3.6, -60.5]
83:[0.3, 131.6, -1.6, 36.0, -3.6, -60.5]
84:[0.3, 131.6, -1.6, 36.0, -3.6, -60.5]
85:[0.3, 131.6, -1.6, 36.0, -3.6, -60.5]
86:[0.3, 131.6, -1.6, 36.0, -3.6, -60.5]
87:[0.3, 131.6, -1.6, 36.0, -3.6, -60.5]
88:[9.8, 122.1, 5.7, 28.7, 1.5, -65.6]
89:[9.8, 122.1, 5.7, 28.7, 1.5, -65.6]
90:[9.8, 122.1, 5.7, 28.7, 1.5, -65.6]
91:[9.7, 122.2, 3.1, 31.3, -3.6, -60.5]
92:[9.7, 122.2, 3.1, 31.3, -3.6, -60.5]
93:[9.7, 122.2, 3.1, 31.3, -3.6, -60.5]
94:[9.7, 122.2, 3.1, 31.3, -3.6, -60.5]
95:[15.4, 116.5, 4.3, 30.1, -7.0, -57.1]
96:[15.4, 116.5, 4.3, 30.1, -7.0, -57.1]
97:[22.3, 109.6, 9.3, 25.1, -3.9, -60.2]
98:[31.3, 100.6, 16.0, 18.4, 0.6, -64.7]
99:[31.3, 100.6, 16.0, 18.4, 0.6, -64.7]
100:[30.5, 101.4, 12.4, 22.0, -5.8, -58.3]
101:[40.5, 91.4, 20.4, 14.0, 0.2, -64.3]
102:[41.9, 90.0, 18.7, 15.7, -4.5, -59.6]
103:[46.9, 85.0, 21.7, 12.7, -3.7, -60.4]
104:[62.1, 69.8, 29.6, 4.8, -3.1, -61.0]
105:[63.3, 68.6, 28.3, 6.1, -6.8, -57.3]
106:[63.2, 68.7, 25.9, 8.5, -11.4, -52.7]
107:[77.6, 54.3, 32.7, 1.7, -12.5, -51.6]
108:[77.6, 54.3, 32.7, 1.7, -12.5, -51.6]
109:[80.9, 51.0, 31.5, 2.9, -18.3, -45.8]
110:[131.9, 0.0, 34.4, 0.0, -64.1, 0.0]
111:[51.0, 80.9, 2.9, 31.5, -45.8, -18.3]
112:[49.5, 82.4, 4.4, 30.0, -41.1, -23.0]
113:[49.5, 82.4, 6.5, 27.9, -36.9, -27.2]
114:[49.5, 82.4, 6.5, 27.9, -36.9, -27.2]
115:[43.4, 88.5, 2.5, 31.9, -38.7, -25.4]
116:[33.5, 98.4, -5.2, 39.6, -44.3, -19.8]
117:[31.4, 100.5, -4.4, 38.8, -40.6, -23.5]
118:[26.7, 105.2, -0.8, 35.2, -28.6, -35.5]
119:[15.9, 116.0, -7.2, 41.6, -30.5, -33.6]
120:[15.9, 116.0, -7.2, 41.6, -30.5, -33.6]
121:[15.9, 116.0, -7.2, 41.6, -30.5, -33.6]
122:[14.6, 117.3, -5.8, 40.2, -26.2, -37.9]
123:[13.6, 118.3, -3.8, 38.2, -21.3, -42.8]
124:[4.2, 127.7, -11.2, 45.6, -26.9, -37.2]
125:[2.3, 129.6, -7.4, 41.8, -17.5, -46.6]
126:[1.4, 130.5, -3.1, 37.5, -8.0, -56.1]
127:[1.3, 130.6, -1.2, 35.6, -4.1, -60.0]
128:[1.3, 130.6, -1.2, 35.6, -4.1, -60.0]
129:[1.3, 130.6, -1.2, 35.6, -4.1, -60.0]
130:[0.0, 131.9, 0.0, 34.4, 0.0, -64.1]

0: -17.6|34.9|91.6
1: 6.3|59.6|110.1
2: -19.4|12.3|46.1
3: -50.9|-6.1|40.2
4: -81.7|-22.6|39.5
5: -159.6|-83.1|-6.3

red_sum16
26:[0.0, 150.4, 0.0, 50.5, 0.0, -49.5]
27:[6.4, 144.0, 3.2, 47.3, -0.1, -49.4]
28:[13.6, 136.8, 2.6, 47.9, -8.4, -41.1]
29:[17.1, 133.3, 3.9, 46.6, -9.5, -40.0]
30:[18.2, 132.2, 2.5, 48.0, -13.1, -36.4]
31:[21.4, 129.0, 3.2, 47.3, -14.8, -34.7]
32:[36.4, 114.0, 10.2, 40.3, -15.6, -33.9]
33:[150.4, 0.0, 50.5, 0.0, -49.5, 0.0]
34:[96.9, 53.5, 40.7, 9.8, -16.1, -33.4]
35:[93.6, 56.8, 47.6, 2.9, 0.6, -50.1]
36:[74.3, 76.1, 38.4, 12.1, 1.1, -50.6]
37:[54.8, 95.6, 26.7, 23.8, -2.4, -47.1]
38:[31.5, 118.9, 13.2, 37.3, -5.7, -43.8]
39:[13.0, 137.4, 2.4, 48.1, -8.4, -41.1]
40:[11.0, 139.4, 6.8, 43.7, 2.5, -52.0]
41:[2.9, 147.5, 0.7, 49.8, -1.5, -48.0]
42:[2.9, 147.5, 0.7, 49.8, -1.5, -48.0]
43:[2.9, 147.5, 0.7, 49.8, -1.5, -48.0]
44:[2.9, 147.5, 0.7, 49.8, -1.5, -48.0]
45:[0.0, 150.4, 0.0, 50.5, 0.0, -49.5]

0: -15.0|42.5|100.7
1: 6.6|75.3|145.2
2: -21.7|16.2|56.2
3: -38.7|9.0|64.7
4: -62.8|-12.8|42.0
5: -125.8|-63.2|6.5

red_gap16
17:[0.0, 81.1, 0.0, -11.7, 0.0, -104.2]
18:[1.4, 79.7, -0.8, -10.9, -3.0, -101.2]
19:[4.7, 76.4, -1.5, -10.2, -7.4, -96.8]
20:[7.9, 73.2, -2.8, -8.9, -13.3, -90.9]
21:[13.9, 67.2, -7.7, -4.0, -28.9, -75.3]
22:[22.5, 58.6, -6.9, -4.8, -36.5, -67.7]
23:[25.6, 55.5, -12.8, 1.1, -51.6, -52.6]
24:[53.6, 27.5, -2.1, -9.6, -58.3, -45.9]
25:[74.2, 6.9, -3.6, -8.1, -82.1, -22.1]
26:[76.7, 4.4, -5.9, -5.8, -89.1, -15.1]
27:[80.5, 0.6, -9.7, -2.0, -99.6, -4.6]
28:[80.5, 0.6, -9.7, -2.0, -99.6, -4.6]
29:[81.1, 0.0, -11.7, 0.0, -104.2, 0.0]
30:[0.0, 81.1, 0.0, -11.7, 0.0, -104.2]

0: -24.5|35.1|98.3
1: 4.7|70.8|132.6
2: -29.0|9.0|46.4
3: -54.5|-1.9|45.0
4: -60.1|-12.8|35.0
5: -136.3|-72.9|-10.4

red_sum25
25:[0.0, 71.1, 0.0, -26.4, 0.0, -124.4]
26:[10.3, 60.8, 3.9, -30.3, -2.5, -121.9]
27:[10.3, 60.8, 3.9, -30.3, -2.5, -121.9]
28:[10.3, 60.8, 3.9, -30.3, -2.5, -121.9]
29:[10.3, 60.8, 3.9, -30.3, -2.5, -121.9]
30:[27.7, 43.4, 6.8, -33.2, -14.4, -110.0]
31:[31.2, 39.9, 8.2, -34.6, -15.3, -109.1]
32:[33.2, 37.9, 7.1, -33.5, -19.6, -104.8]
33:[34.7, 36.4, 5.3, -31.7, -25.0, -99.4]
34:[45.5, 25.6, 6.0, -32.4, -33.6, -90.8]
35:[47.8, 23.3, 4.0, -30.4, -39.9, -84.5]
36:[71.1, 0.0, -26.4, 0.0, -124.4, 0.0]
37:[20.6, 50.5, -26.8, 0.4, -74.8, -49.6]
38:[19.2, 51.9, -21.7, -4.7, -63.2, -61.2]
39:[10.6, 60.5, -13.8, -12.6, -38.0, -86.4]
40:[8.0, 63.1, -11.5, -14.9, -31.0, -93.4]
41:[1.6, 69.5, -3.4, -23.0, -8.4, -116.0]
42:[0.9, 70.2, -1.0, -25.4, -2.9, -121.5]
43:[0.9, 70.2, -1.0, -25.4, -2.9, -121.5]
44:[0.9, 70.2, -1.0, -25.4, -2.9, -121.5]
45:[0.0, 71.1, 0.0, -26.4, 0.0, -124.4]

0: -29.1|22.7|74.4
1: -6.6|56.6|121.4
2: -50.2|-12.2|26.1
3: -69.0|-16.5|36.8
4: -101.7|-41.3|21.6
5: -164.1|-97.7|-20.7

red_gap25
7:[0.0, 154.5, 0.0, 51.8, 0.0, -52.1]
8:[6.2, 148.3, 0.3, 51.5, -5.7, -46.4]
9:[7.9, 146.6, -1.0, 52.8, -10.0, -42.1]
10:[36.0, 118.5, 7.2, 44.6, -21.6, -30.5]
11:[67.6, 86.9, 19.1, 32.7, -29.4, -22.7]
12:[93.1, 61.4, 28.7, 23.1, -36.6, -15.5]
13:[104.5, 50.0, 34.6, 17.2, -36.4, -15.7]
14:[123.4, 31.1, 41.4, 10.4, -41.3, -10.8]
15:[129.6, 24.9, 41.6, 10.2, -46.8, -5.3]
16:[130.5, 24.0, 39.8, 12.0, -51.3, -0.8]
17:[137.8, 16.7, 42.3, 9.5, -54.1, 2.0]
18:[148.5, 6.0, 48.3, 3.5, -53.2, 1.1]
19:[154.5, 0.0, 51.8, 0.0, -52.1, 0.0]
20:[154.5, 0.0, 51.8, 0.0, -52.1, 0.0]
21:[154.5, 0.0, 51.8, 0.0, -52.1, 0.0]
22:[154.5, 0.0, 51.8, 0.0, -52.1, 0.0]
23:[154.5, 0.0, 51.8, 0.0, -52.1, 0.0]
24:[154.5, 0.0, 51.8, 0.0, -52.1, 0.0]
25:[0.0, 154.5, 0.0, 51.8, 0.0, -52.1]

0: -40.6|17.5|78.0
1: -5.0|57.0|126.2
2: -43.9|-5.7|33.0
3: -65.2|-10.0|52.6
4: -93.4|-44.8|4.3
5: -154.5|-86.5|-20.0

red_sum34
22:[0.0, 32.5, 0.0, -64.1, 0.0, -160.3]
23:[0.5, 32.0, -1.8, -62.3, -4.2, -156.1]
24:[0.6, 31.9, -4.2, -59.9, -9.0, -151.3]
25:[0.6, 31.9, -4.2, -59.9, -9.0, -151.3]
26:[1.0, 31.5, -5.6, -58.5, -12.3, -148.0]
27:[1.0, 31.5, -5.6, -58.5, -12.3, -148.0]
28:[1.0, 31.5, -5.6, -58.5, -12.3, -148.0]
29:[2.4, 30.1, -8.6, -55.5, -19.7, -140.6]
30:[5.7, 26.8, -12.1, -52.0, -29.5, -130.8]
31:[6.4, 26.1, -13.3, -50.8, -32.5, -127.8]
32:[8.8, 23.7, -18.3, -45.8, -45.1, -115.2]
33:[9.0, 23.5, -20.4, -43.7, -49.6, -110.7]
34:[9.3, 23.2, -24.4, -39.7, -57.7, -102.6]
35:[10.8, 21.7, -26.9, -37.2, -64.3, -96.0]
36:[12.2, 20.3, -32.7, -31.4, -77.3, -83.0]
37:[12.8, 19.7, -34.1, -30.0, -80.7, -79.6]
38:[15.5, 17.0, -39.3, -24.8, -93.7, -66.6]
39:[18.7, 13.8, -43.8, -20.3, -106.1, -54.2]
40:[23.0, 9.5, -49.1, -15.0, -120.7, -39.6]
41:[32.5, 0.0, -64.1, 0.0, -160.3, 0.0]
42:[6.6, 25.9, -11.5, -52.6, -29.7, -130.6]
43:[4.2, 28.3, -8.2, -55.9, -20.7, -139.6]
44:[3.1, 29.4, -7.5, -56.6, -18.2, -142.1]
45:[2.8, 29.7, -5.1, -59.0, -13.1, -147.2]
46:[2.8, 29.7, -5.1, -59.0, -13.1, -147.2]
47:[2.8, 29.7, -5.1, -59.0, -13.1, -147.2]
48:[0.1, 32.4, -2.0, -62.1, -4.6, -155.7]
49:[0.0, 32.5, 0.0, -64.1, 0.0, -160.3]

0: -33.7|31.2|93.5
1: -14.4|36.2|86.1
2: -52.0|-17.3|18.1
3: -44.2|-5.6|32.9
4: -134.5|-73.4|-10.3
5: -128.2|-48.0|33.4

red_gap12
-3:[0.0, 79.7, 0.0, -9.3, 0.0, -99.6]
-2:[0.7, 79.0, -1.6, -7.7, -4.1, -95.5]
-1:[1.5, 78.2, -2.5, -6.8, -6.8, -92.8]
0:[1.5, 78.2, -2.5, -6.8, -6.8, -92.8]
1:[7.0, 72.7, -5.1, -4.2, -17.1, -82.5]
2:[12.0, 67.7, -4.9, -4.4, -21.9, -77.7]
3:[20.6, 59.1, -5.7, -3.6, -32.3, -67.3]
4:[79.7, 0.0, -9.3, 0.0, -99.6, 0.0]
5:[49.6, 30.1, -2.7, -6.6, -56.1, -43.5]
6:[36.6, 43.1, -4.5, -4.8, -46.6, -53.0]
7:[27.2, 52.5, -5.0, -4.3, -38.0, -61.6]
8:[22.2, 57.5, -1.6, -7.7, -26.4, -73.2]
9:[19.8, 59.9, 0.7, -10.0, -19.2, -80.4]
10:[13.9, 65.8, -3.2, -6.1, -20.9, -78.7]
11:[12.3, 67.4, -0.9, -8.4, -14.4, -85.2]
12:[4.9, 74.8, -3.9, -5.4, -13.0, -86.6]
13:[3.8, 75.9, -3.0, -6.3, -9.9, -89.7]
14:[3.8, 75.9, -3.0, -6.3, -9.9, -89.7]
15:[3.0, 76.7, -1.5, -7.8, -6.0, -93.6]
16:[0.0, 79.7, 0.0, -9.3, 0.0, -99.6]

0: -12.1|35.5|85.8
1: -0.9|45.1|88.4
2: -36.8|-5.9|24.9
3: -40.0|-8.1|25.4
4: -88.3|-41.0|6.1
5: -120.1|-66.0|-8.4

red_gap23
-2:[0.0, 44.1, 0.0, -56.1, 0.0, -156.1]
-1:[0.3, 43.8, -1.9, -54.2, -4.0, -152.1]
0:[0.3, 43.8, -1.9, -54.2, -4.0, -152.1]
1:[0.3, 43.8, -1.9, -54.2, -4.0, -152.1]
2:[7.9, 36.2, -12.9, -43.2, -33.2, -122.9]
3:[20.0, 24.1, -21.5, -34.6, -62.0, -94.1]
4:[30.9, 13.2, -33.0, -23.1, -95.8, -60.3]
5:[37.5, 6.6, -53.1, -3.0, -143.1, -13.0]
6:[44.1, 0.0, -56.1, 0.0, -156.1, 0.0]
7:[1.8, 42.3, -0.4, -55.7, -2.5, -153.6]
8:[1.8, 42.3, -0.4, -55.7, -2.5, -153.6]
9:[0.0, 44.1, 0.0, -56.1, 0.0, -156.1]

0: -14.9|49.7|112.1
1: -47.0|29.9|99.7
2: -62.8|-18.3|27.1
3: -84.7|-25.2|29.9
4: -130.5|-65.7|-2.7
5: -134.8|-57.6|14.2

red_gap34
-1:[0.0, 129.1, 0.0, 40.6, 0.0, -48.1]
0:[4.4, 124.7, 0.1, 40.5, -4.1, -44.0]
1:[6.0, 123.1, -0.0, 40.6, -5.9, -42.2]
2:[16.1, 113.0, 1.8, 38.8, -12.8, -35.3]
3:[45.4, 83.7, 8.3, 32.3, -28.8, -19.3]
4:[81.0, 48.1, 20.7, 19.9, -39.8, -8.3]
5:[90.1, 39.0, 24.9, 15.7, -40.2, -7.9]
6:[108.9, 20.2, 31.4, 9.2, -46.5, -1.6]
7:[112.8, 16.3, 33.2, 7.4, -46.4, -1.7]
8:[121.9, 7.2, 37.9, 2.7, -46.2, -1.9]
9:[129.1, 0.0, 40.6, 0.0, -48.1, 0.0]
10:[129.1, 0.0, 40.6, 0.0, -48.1, 0.0]
11:[129.1, 0.0, 40.6, 0.0, -48.1, 0.0]
12:[129.1, 0.0, 40.6, 0.0, -48.1, 0.0]
13:[129.1, 0.0, 40.6, 0.0, -48.1, 0.0]
14:[129.1, 0.0, 40.6, 0.0, -48.1, 0.0]
15:[129.1, 0.0, 40.6, 0.0, -48.1, 0.0]
16:[129.1, 0.0, 40.6, 0.0, -48.1, 0.0]
17:[129.1, 0.0, 40.6, 0.0, -48.1, 0.0]
18:[0.0, 129.1, 0.0, 40.6, 0.0, -48.1]

0: -18.1|43.8|105.2
1: -41.6|9.0|63.0
2: -58.5|-18.8|18.3
3: -55.0|-18.8|16.8
4: -144.7|-79.5|-14.8
5: -111.7|-53.1|4.2

red_gap45
-1:[0.0, 109.9, 0.0, 23.6, 0.0, -63.7]
0:[5.2, 104.7, -1.1, 24.7, -7.3, -56.4]
1:[109.9, 0.0, 23.6, 0.0, -63.7, 0.0]
2:[104.7, 5.2, 24.7, -1.1, -56.4, -7.3]
3:[81.5, 28.4, 14.0, 9.6, -54.7, -9.0]
4:[72.5, 37.4, 12.7, 10.9, -48.2, -15.5]
5:[47.5, 62.4, 0.6, 23.0, -47.3, -16.4]
6:[27.4, 82.5, 2.3, 21.3, -23.9, -39.8]
7:[10.2, 99.7, 2.2, 21.4, -6.6, -57.1]
8:[8.0, 101.9, 2.3, 21.3, -4.0, -59.7]
9:[4.9, 105.0, 1.0, 22.6, -3.3, -60.4]
10:[4.9, 105.0, 1.0, 22.6, -3.3, -60.4]
11:[0.0, 109.9, 0.0, 23.6, 0.0, -63.7]

0: -25.7|22.1|72.8
1: -3.8|39.3|85.7
2: -37.3|-10.4|17.0
3: -44.2|-15.4|14.5
4: -99.1|-52.0|-8.9
5: -112.5|-60.3|-7.5

red_gap56
0:[0.0, 77.2, 0.0, 1.6, 0.0, -74.4]
1:[77.2, 0.0, 1.6, 0.0, -74.4, 0.0]
2:[75.0, 2.2, 3.4, -1.8, -68.7, -5.7]
3:[63.6, 13.6, 0.3, 1.3, -63.3, -11.1]
4:[47.7, 29.5, 1.5, 0.1, -45.2, -29.2]
5:[38.2, 39.0, 2.3, -0.7, -33.9, -40.5]
6:[20.5, 56.7, 0.0, 1.6, -20.5, -53.9]
7:[14.8, 62.4, 3.1, -1.5, -8.6, -65.8]
8:[5.0, 72.2, 1.4, 0.2, -2.3, -72.1]
9:[3.3, 73.9, 1.4, 0.2, -0.4, -74.0]
10:[0.0, 77.2, 0.0, 1.6, 0.0, -74.4]

0: -31.6|25.3|80.7
1: -6.4|50.2|105.4
2: -36.0|-0.5|36.1
3: -49.1|-5.0|38.6
4: -68.9|-24.8|21.2
5: -105.5|-47.3|13.2

red_blue
3:[0.0, 49.3, 0.0, -42.6, 0.0, -134.1]
4:[1.0, 48.3, -2.2, -40.4, -5.4, -128.7]
5:[1.0, 48.3, -2.2, -40.4, -5.4, -128.7]
6:[1.9, 47.4, -3.7, -38.9, -9.2, -124.9]
7:[23.7, 25.6, -0.2, -42.4, -24.0, -110.1]
8:[38.5, 10.8, -9.4, -33.2, -57.2, -76.9]
9:[36.1, 13.2, -22.6, -20.0, -81.0, -53.1]
10:[49.3, 0.0, -42.6, 0.0, -134.1, 0.0]
11:[13.2, 36.1, -20.0, -22.6, -53.1, -81.0]
12:[6.8, 42.5, -10.0, -32.6, -26.8, -107.3]
13:[4.7, 44.6, -8.1, -34.5, -21.1, -113.0]
14:[2.2, 47.1, -0.9, -41.7, -4.2, -129.9]
15:[0.0, 49.3, 0.0, -42.6, 0.0, -134.1]

0: -38.4|21.8|83.0
1: 16.1|76.7|143.6
2: -28.9|4.4|40.5
3: -35.6|9.9|58.6
4: -68.4|-16.4|37.8
5: -128.0|-57.9|7.9


