continues1
1_3: 23: [4, 10, 15, 20, 26, 29]: [1, 1, 3, 1, 1, 1, 2, 2, 2, 2, 1, 1, 1, 1, 1, 1, 3, 2, 3, 2, 1, 3, 3]: 1
15_3: 18: [6, 8, 11, 17, 23, 28]: [2, 2, 1, 1, 1, 1, 1, 1, 1, 2, 2, 1, 1, 1, 1, 1, 2, 3]: 1
18_10: 15: [4, 7, 13, 15, 21, 28]: [2, 1, 1, 2, 1, 1, 1, 1, 1, 2, 2, 1, 3, 3, 1]: 1
11_8: 12: [7, 9, 15, 17, 25, 31]: [2, 2, 1, 1, 1, 1, 1, 1, 1, 2, 3, 1]: 1
12_3: 12: [4, 8, 14, 20, 26, 30]: [1, 1, 2, 1, 1, 1, 2, 2, 1, 1, 1, 1]: 1
18_3: 11: [6, 9, 14, 18, 22, 28]: [1, 1, 2, 1, 1, 1, 1, 1, 1, 1, 1]: 1
3_3: 10: [5, 10, 16, 20, 25, 29]: [1, 1, 2, 1, 1, 1, 2, 1, 1, 1]: 1
13_2: 10: [5, 8, 13, 18, 26, 31]: [1, 3, 2, 1, 1, 1, 1, 2, 1, 2]: 1
12_9: 9: [2, 2, 12, 14, 25, 27]: [2, 1, 1, 1, 2, 1, 3, 1, 1]: 0
17_7: 9: [4, 7, 9, 15, 22, 26]: [2, 1, 1, 1, 1, 2, 1, 2, 1]: 2
14_1: 8: [5, 9, 16, 14, 17, 28]: [1, 1, 2, 2, 1, 1, 3, 1]: 0
4_10: 8: [3, 2, 10, 15, 23, 29]: [1, 1, 1, 1, 2, 1, 2, 3]: 1
1_2: 7: [3, 7, 12, 16, 26, 29]: [1, 1, 1, 2, 1, 1, 2]: 1
10_2: 7: [6, 9, 14, 20, 27, 32]: [1, 1, 1, 1, 1, 1, 2]: 1
19_6: 7: [1, 6, 13, 18, 24, 27]: [1, 1, 2, 2, 2, 2, 1]: 1
9_10: 7: [3, 4, 11, 16, 24, 28]: [2, 1, 1, 2, 1, 1, 1]: 1
1_6: 6: [2, 9, 16, 16, 24, 29]: [1, 2, 1, 2, 1, 2]: 1
4_2: 6: [4, 9, 12, 18, 24, 31]: [1, 1, 1, 1, 1, 1]: 1
4_3: 6: [5, 9, 13, 18, 26, 30]: [1, 2, 1, 2, 2, 1]: 0
4_8: 6: [3, 2, 12, 16, 24, 30]: [1, 1, 4, 1, 2, 3]: 1
continues0
18_8: 3: [5, 9, 16, 16, 23, 30]: [0, 0, 0, 2, 1, 0, 1, 1, 3, 1, 2]: 0
16_10: 3: [2, 6, 12, 17, 24, 31]: [0, 0, 0, 1, 1, 1, 0, 1, 0, 1, 4]: 1
1_1: 2: [3, 9, 14, 17, 25, 28]: [0, 0, 2, 1, 3, 1, 1, 1, 0, 1, 1]: 0
1_8: 2: [2, 7, 14, 15, 23, 27]: [0, 0, 3, 1, 2, 0, 0, 1, 1, 1, 0]: 1
1_9: 2: [1, 6, 14, 18, 25, 28]: [0, 0, 1, 1, 2, 0, 3, 1, 2, 1, 0]: 0
2_8: 2: [1, 8, 14, 17, 24, 26]: [0, 0, 1, 1, 2, 1, 1, 1, 2, 3, 1]: 2
3_8: 2: [2, 5, 14, 13, 22, 28]: [0, 0, 1, 3, 0, 1, 2, 2, 1, 1, 2]: 1
10_3: 2: [6, 8, 13, 20, 26, 30]: [0, 0, 3, 2, 0, 1, 2, 2, 2, 2, 0]: 1
15_6: 2: [6, 7, 15, 18, 23, 29]: [0, 0, 2, 3, 1, 1, 0, 1, 0, 2, 2]: 1
16_9: 2: [2, 8, 14, 18, 24, 30]: [0, 0, 2, 0, 2, 1, 3, 1, 2, 2, 2]: 2
17_1: 2: [2, 6, 12, 19, 24, 31]: [0, 0, 2, 0, 1, 2, 2, 2, 4, 0, 2]: 1
17_2: 2: [3, 6, 9, 17, 26, 30]: [0, 0, 2, 0, 1, 0, 1, 0, 1, 1, 2]: 0
18_6: 2: [6, 9, 16, 17, 26, 30]: [0, 0, 1, 2, 1, 0, 2, 1, 1, 2, 2]: 0
1_7: 1: [3, 9, 15, 14, 20, 27]: [0, 2, 0, 1, 1, 1, 1, 1, 0, 1, 2]: 0
2_6: 1: [1, 12, 18, 22, 24, 28]: [0, 1, 1, 2, 1, 0, 1, 0, 1, 2, 2]: 2
2_9: 1: [0, 3, 9, 11, 19, 21]: [0, 2, 0, 0, 1, 0, 1, 0, 1, 1, 1]: 0
4_7: 1: [4, 6, 14, 16, 24, 31]: [0, 1, 2, 0, 1, 1, 2, 2, 0, 1, 0]: 1
5_1: 1: [3, 8, 13, 18, 19, 29]: [0, 3, 1, 0, 0, 1, 2, 0, 2, 1, 2]: 1
5_3: 1: [5, 9, 13, 19, 24, 28]: [0, 2, 1, 1, 0, 1, 2, 1, 1, 2, 2]: 1
5_7: 1: [5, 6, 12, 16, 24, 27]: [0, 2, 3, 1, 0, 1, 0, 1, 3, 0, 3]: 1
