bravo2.D3_1    131_[4, 11, 0, 1, 3, 6, 4, 0, 6, 5, 0, 0, 0, 4, 17]    (4)
bravo3.A5_6    131_[1, 11, 0, 2, 0, 1, 0, 1, 9, 5, 2, 8, 0, 8, 5]    (26)
bravo3.D3_8    126_[20, 6, 4, 5, 2, 0, 1, 0, 0, 8, 4, 0, 3, 0, 4]    (10)
bravo3.A3_6    124_[3, 1, 2, 11, 2, 1, 7, 1, 3, 1, 8, 2, 4, 3, 3]    (5)
bravo2.A4_2    124_[2, 3, 2, 1, 0, 4, 0, 9, 3, 0, 3, 0, 2, 0, 2]    (7)
bravo1.D3_11    123_[5, 0, 1, 2, 0, 27, 1, 4, 8, 0, 4, 3, 0, 0, 14]    (25)
bravo1.D4_1    123_[4, 2, 3, 0, 2, 5, 6, 0, 2, 0, 3, 2, 1, 13, 0]    (5)
bravo1.D2_15    123_[2, 20, 2, 0, 1, 0, 14, 7, 1, 5, 2, 5, 0, 0, 8]    (-1)
bravo3.A4_2    122_[6, 4, 0, 4, 0, 9, 3, 5, 6, 0, 4, 21, 20, 2, 0]    (18)
bravo2.D2_2    122_[4, 2, 22, 2, 2, 7, 0, 7, 1, 3, 10, 4, 3, 0, 2]    (10)
bravo1.D2_13    122_[1, 2, 1, 6, 8, 2, 11, 10, 16, 1, 0, 5, 4, 1, 5]    (-1)
bravo1.A3_6    121_[8, 4, 0, 0, 4, 6, 5, 3, 14, 0, 1, 0, 4, 8, 1]    (10)
bravo2.A3_6    121_[3, 1, 5, 8, 2, 0, 3, 0, 3, 0, 0, 1, 3, 2, 11]    (11)
bravo3.D3_5    121_[0, 0, 2, 2, 4, 14, 0, 2, 7, 8, 3, 0, 1, 3, 3]    (18)
bravo1.D2_8    120_[10, 2, 23, 2, 2, 2, 2, 0, 0, 2, 6, 1, 5, 5, 14]    (3)
bravo1.A3_16    120_[3, 1, 2, 3, 9, 1, 9, 0, 3, 2, 3, 4, 3, 2, 3]    (22)
bravo2.D2_3    120_[3, 0, 4, 1, 9, 5, 0, 5, 1, 2, 3, 0, 7, 1, 1]    (8)
bravo3.A2_8    119_[9, 4, 7, 3, 0, 8, 13, 0, 2, 4, 4, 6, 0, 2, 5]    (11)
bravo2.D5_4    119_[8, 0, 3, 0, 2, 4, 4, 8, 0, 0, 3, 8, 3, 5, 0]    (21)
bravo1.A2_15    119_[6, 4, 3, 5, 3, 3, 7, 4, 8, 2, 0, 5, 3, 3, 5]    (-1)
bravo1.A3_14    119_[6, 3, 8, 3, 2, 6, 4, 0, 0, 14, 2, 1, 4, 3, 8]    (16)
bravo2.A5_4    119_[6, 1, 3, 5, 2, 0, 5, 3, 3, 4, 5, 12, 0, 10, 5]    (31)
bravo2.A1_4    119_[4, 13, 1, 3, 3, 2, 1, 0, 14, 6, 1, 0, 1, 0, 3]    (3)
bravo2.D1_1    119_[3, 1, 1, 5, 0, 0, 2, 4, 2, 5, 3, 5, 11, 9, 3]    (8)
bravo1.A4_8    119_[1, 1, 7, 0, 7, 9, 2, 0, 11, 7, 10, 5, 1, 1, 0]    (14)
bravo1.D4_3    119_[1, 8, 3, 1, 10, 6, 4, 2, 2, 1, 2, 4, 15, 0, 1]    (31)
bravo3.D2_6    119_[1, 1, 10, 2, 8, 0, 13, 4, 0, 2, 0, 4, 8, 9, 10]    (7)
bravo1.D2_11    118_[14, 1, 6, 5, 2, 2, 9, 4, 1, 0, 1, 0, 1, 3, 1]    (7)
bravo2.D2_1    118_[12, 7, 1, 0, 0, 5, 4, 0, 6, 2, 0, 4, 1, 2, 9]    (11)
bravo3.D4_8    118_[7, 3, 1, 3, 2, 3, 3, 12, 7, 3, 0, 4, 1, 2, 2]    (22)
bravo1.D3_15    118_[4, 1, 3, 8, 1, 1, 2, 6, 4, 0, 2, 12, 2, 1, 8]    (16)
bravo1.A2_12    118_[2, 7, 4, 2, 11, 1, 12, 3, 0, 1, 3, 1, 1, 3, 0]    (17)
bravo3.D1_3    117_[27, 1, 0, 10, 5, 2, 0, 1, 0, 3, 2, 9, 8, 0, 0]    (6)
bravo1.D3_8    117_[22, 3, 1, 0, 1, 5, 0, 3, 5, 1, 3, 1, 2, 0, 9]    (23)
bravo2.A1_9    117_[15, 0, 0, 0, 1, 6, 1, 6, 4, 1, 12, 0, 1, 4, 3]    (-1)
bravo1.A5_2    117_[6, 2, 0, 7, 1, 10, 4, 8, 2, 4, 8, 8, 1, 0, 11]    (25)
bravo1.D5_7    117_[6, 9, 0, 9, 3, 0, 2, 1, 6, 9, 1, 21, 4, 15, 6]    (16)
bravo3.A5_4    117_[6, 3, 0, 0, 8, 0, 4, 0, 3, 3, 4, 5, 12, 0, 10]    (17)
bravo3.A6_2    117_[5, 12, 1, 4, 6, 1, 4, 2, 1, 9, 4, 4, 1, 6, 1]    (31)
bravo3.A5_1    117_[2, 2, 2, 9, 1, 2, 8, 1, 4, 5, 3, 1, 2, 4, 4]    (32)
bravo2.A1_1    117_[1, 13, 7, 0, 1, 0, 3, 4, 3, 5, 1, 0, 8, 12, 4]    (1)
bravo2.A5_6    117_[1, 8, 3, 2, 2, 0, 0, 0, 9, 5, 7, 3, 0, 8, 0]    (15)
bravo3.A3_5    117_[1, 2, 1, 4, 3, 12, 1, 0, 2, 12, 4, 3, 8, 1, 2]    (11)
bravo2.D1_4    117_[0, 4, 21, 11, 6, 6, 2, 3, 5, 2, 7, 2, 5, 1, 1]    (3)
bravo2.D2_6    116_[13, 4, 10, 2, 0, 4, 0, 2, 17, 5, 0, 10, 1, 1, 2]    (2)
bravo2.A3_3    116_[11, 2, 1, 0, 3, 4, 0, 1, 0, 2, 2, 4, 0, 5, 10]    (8)
bravo2.D1_3    116_[7, 3, 1, 0, 18, 3, 9, 0, 0, 1, 7, 0, 1, 2, 13]    (6)
bravo3.D2_4    116_[7, 5, 1, 14, 8, 2, 0, 0, 11, 1, 0, 0, 3, 1, 6]    (3)
bravo3.A1_4    116_[4, 15, 7, 2, 1, 0, 18, 2, 1, 0, 1, 0, 4, 1, 8]    (3)
bravo3.D4_2    116_[4, 0, 7, 1, 8, 6, 1, 3, 0, 3, 3, 4, 8, 2, 6]    (23)
bravo2.A2_7    116_[3, 10, 3, 0, 6, 1, 0, 8, 2, 0, 14, 10, 9, 5, 3]    (10)
bravo3.A1_1    116_[1, 13, 7, 0, 1, 0, 3, 4, 3, 5, 1, 0, 8, 12, 4]    (1)
bravo3.D3_10    116_[1, 1, 4, 4, 13, 1, 6, 4, 2, 3, 4, 22, 2, 3, 5]    (6)
bravo1.A4_2    116_[0, 5, 1, 3, 4, 17, 1, 8, 1, 1, 8, 0, 5, 9, 0]    (11)
bravo2.A3_10    116_[0, 2, 2, 0, 5, 0, 6, 2, 1, 2, 5, 4, 14, 8, 3]    (13)
bravo2.A5_2    116_[0, 1, 4, 10, 0, 3, 1, 2, 8, 1, 4, 0, 0, 0, 1]    (20)
bravo3.D1_4    116_[0, 0, 11, 1, 0, 1, 0, 6, 1, 6, 7, 8, 3, 0, 0]    (3)
bravo3.D4_6    116_[0, 1, 0, 5, 0, 1, 6, 19, 2, 3, 8, 0, 1, 3, 9]    (12)
bravo2.D1_9    115_[13, 2, 2, 21, 2, 5, 6, 0, 3, 8, 2, 13, 0, 4, 2]    (-1)
bravo3.D3_3    115_[10, 0, 8, 7, 3, 0, 1, 2, 11, 0, 5, 5, 0, 15, 3]    (13)
bravo1.D3_12    115_[7, 4, 6, 4, 4, 1, 7, 2, 1, 6, 12, 2, 4, 9, 0]    (3)
bravo2.A6_2    115_[5, 12, 1, 4, 6, 1, 4, 2, 1, 9, 4, 4, 1, 6, 1]    (20)
bravo2.D4_1    115_[4, 1, 14, 5, 2, 2, 1, 2, 1, 1, 4, 0, 1, 6, 3]    (23)
bravo1.A3_13    115_[3, 0, 1, 9, 2, 0, 0, 0, 1, 12, 4, 2, 3, 1, 1]    (15)
bravo3.A2_5    115_[3, 11, 0, 0, 3, 5, 1, 1, 7, 0, 2, 14, 3, 6, 0]    (3)
bravo1.A2_9    115_[2, 10, 4, 4, 1, 1, 1, 0, 9, 1, 7, 13, 5, 8, 1]    (12)
bravo1.D4_5    115_[1, 0, 7, 2, 4, 1, 3, 8, 2, 4, 6, 10, 0, 1, 9]    (30)
bravo3.D1_1    115_[1, 3, 1, 7, 1, 9, 5, 8, 13, 9, 5, 1, 0, 1, 8]    (8)
bravo2.A4_6    115_[0, 4, 1, 2, 2, 2, 5, 9, 1, 2, 0, 2, 10, 0, 7]    (6)
bravo2.D3_4    115_[0, 13, 6, 6, 4, 4, 9, 2, 1, 2, 6, 3, 4, 7, 4]    (17)
bravo2.D4_4    115_[0, 2, 0, 5, 2, 1, 12, 4, 0, 6, 2, 0, 0, 1, 1]    (12)
bravo3.A1_3    115_[0, 9, 3, 4, 1, 2, 0, 9, 8, 3, 0, 3, 17, 3, 11]    (5)
bravo3.A3_9    115_[0, 2, 11, 2, 0, 2, 3, 0, 10, 1, 5, 1, 4, 11, 2]    (13)
bravo2.A6_5    114_[8, 1, 0, 0, 5, 1, 3, 7, 2, 0, 0, 1, 6, 0, 22]    (17)
bravo2.D4_7    114_[7, 8, 3, 1, 8, 9, 4, 3, 5, 4, 2, 2, 0, 4, 1]    (25)
bravo1.A3_8    114_[6, 1, 2, 6, 2, 9, 0, 1, 13, 1, 3, 0, 6, 9, 0]    (5)
bravo3.D6_5    114_[4, 4, 2, 5, 16, 6, 3, 2, 2, 10, 0, 1, 6, 0, 0]    (31)
bravo1.A1_2    114_[3, 0, 7, 12, 2, 3, 3, 10, 4, 6, 1, 0, 0, 1, 0]    (2)
bravo1.D4_18    114_[3, 15, 6, 4, 2, 0, 2, 12, 1, 0, 3, 0, 0, 2, 21]    (13)
bravo3.D2_3    114_[1, 1, 5, 1, 1, 0, 3, 17, 7, 8, 11, 0, 8, 4, 1]    (8)
bravo1.D3_2    114_[0, 14, 4, 2, 7, 0, 1, 18, 7, 1, 0, 0, 9, 0, 0]    (30)
bravo1.D5_4    114_[0, 4, 8, 2, 1, 5, 2, 0, 4, 4, 9, 7, 1, 0, 1]    (13)
bravo1.A3_7    113_[15, 0, 2, 14, 10, 1, 1, 11, 1, 16, 1, 1, 9, 9, 4]    (18)
bravo2.D2_7    113_[13, 0, 1, 9, 0, 4, 4, 3, 4, 0, 25, 16, 5, 0, 0]    (6)
bravo3.D4_7    113_[12, 6, 2, 12, 5, 8, 5, 4, 1, 9, 1, 0, 1, 1, 11]    (15)
bravo3.A2_1    113_[10, 1, 6, 5, 3, 4, 2, 6, 3, 4, 4, 1, 1, 0, 3]    (6)
bravo3.D6_1    113_[5, 8, 2, 12, 2, 2, 1, 8, 0, 3, 1, 4, 17, 5, 2]    (26)
bravo2.A2_1    113_[3, 8, 6, 14, 2, 6, 3, 4, 4, 1, 1, 0, 3, 4, 0]    (5)
bravo1.A4_3    113_[2, 13, 0, 8, 3, 0, 0, 0, 4, 3, 2, 0, 4, 0, 15]    (12)
bravo1.D3_5    113_[2, 9, 8, 0, 12, 8, 0, 18, 18, 13, 3, 4, 1, 7, 1]    (28)
bravo3.A4_7    113_[2, 10, 2, 0, 16, 1, 0, 3, 0, 5, 4, 5, 3, 2, 1]    (7)
bravo2.D4_5    113_[1, 1, 8, 2, 3, 2, 4, 18, 3, 8, 1, 1, 2, 6, 1]    (22)
bravo3.A1_5    113_[0, 0, 1, 9, 1, 0, 1, 7, 7, 5, 0, 11, 3, 0, 7]    (6)
bravo1.A2_6    112_[11, 5, 1, 0, 0, 9, 8, 3, 2, 5, 3, 2, 20, 1, 2]    (4)
bravo1.A4_11    112_[7, 0, 6, 10, 0, 1, 2, 2, 3, 14, 1, 2, 0, 1, 4]    (15)
bravo3.A3_13    112_[4, 6, 0, 8, 2, 2, 11, 3, 2, 4, 0, 3, 4, 18, 3]    (-1)
bravo1.A2_4    112_[3, 7, 1, 1, 0, 10, 0, 4, 9, 5, 18, 3, 0, 6, 1]    (2)
bravo1.A4_6    112_[2, 1, 9, 2, 4, 21, 0, 14, 2, 7, 0, 1, 5, 4, 9]    (25)
bravo1.A2_3    112_[0, 0, 5, 3, 1, 1, 0, 1, 4, 0, 3, 1, 7, 0, 1]    (5)
bravo3.D3_4    112_[0, 3, 0, 2, 5, 8, 0, 21, 9, 6, 3, 4, 9, 7, 1]    (17)
bravo2.D3_2    111_[11, 10, 1, 3, 3, 0, 1, 10, 1, 7, 0, 3, 2, 4, 10]    (14)
bravo1.D5_3    111_[7, 4, 0, 3, 3, 2, 1, 12, 0, 14, 7, 1, 1, 4, 9]    (12)
bravo1.D2_9    111_[5, 9, 1, 0, 2, 3, 3, 4, 3, 1, 1, 6, 1, 0, 5]    (2)
bravo2.A3_8    111_[4, 3, 4, 4, 0, 7, 4, 5, 0, 10, 9, 6, 7, 6, 0]    (3)
bravo3.A6_4    111_[4, 5, 9, 0, 13, 0, 2, 3, 10, 8, 8, 4, 0, 14, 2]    (20)
bravo1.D5_6    111_[3, 5, 2, 6, 0, 4, 0, 0, 2, 6, 12, 4, 4, 1, 2]    (15)
bravo2.A1_6    111_[3, 3, 3, 1, 1, 0, 22, 8, 4, 8, 10, 21, 0, 0, 0]    (7)
bravo3.D5_3    111_[2, 5, 2, 4, 9, 1, 7, 3, 19, 0, 2, 8, 2, 5, 0]    (21)
bravo1.D1_2    111_[0, 3, 21, 0, 9, 11, 3, 2, 3, 4, 2, 4, 12, 1, 5]    (4)
bravo1.D2_2    111_[0, 5, 3, 6, 3, 2, 6, 0, 0, 3, 3, 8, 9, 11, 0]    (18)
bravo1.D4_4    111_[0, 18, 0, 2, 0, 3, 15, 1, 5, 3, 12, 3, 0, 5, 6]    (7)
bravo1.A3_21    110_[22, 3, 1, 0, 1, 5, 0, 11, 3, 1, 2, 0, 9, 2, 6]    (23)
bravo1.A1_6    110_[12, 3, 11, 0, 0, 1, 9, 4, 4, 4, 3, 6, 0, 5, 0]    (4)
bravo1.D1_3    110_[11, 3, 0, 2, 3, 0, 0, 1, 1, 4, 7, 2, 0, 21, 1]    (6)
bravo2.D4_10    110_[6, 2, 4, 5, 2, 4, 3, 15, 2, 5, 1, 8, 1, 6, 0]    (13)
bravo1.A6_2    110_[5, 12, 1, 3, 6, 1, 4, 14, 4, 4, 1, 6, 1, 1, 3]    (32)
bravo3.D5_5    110_[5, 3, 9, 0, 1, 4, 1, 0, 1, 3, 0, 37, 5, 0, 17]    (23)
bravo2.D3_10    110_[3, 0, 24, 1, 3, 2, 4, 4, 4, 2, 1, 6, 12, 3, 0]    (8)
bravo1.A1_3    110_[1, 1, 6, 0, 7, 0, 3, 2, 5, 0, 4, 8, 1, 1, 15]    (5)
bravo1.D4_10    110_[1, 2, 12, 5, 1, 6, 2, 4, 7, 7, 4, 3, 5, 9, 5]    (24)
bravo2.D3_3    110_[1, 2, 0, 2, 1, 12, 3, 3, 3, 2, 6, 0, 8, 7, 0]    (13)
bravo2.D4_2    110_[1, 2, 0, 2, 4, 5, 4, 1, 4, 5, 13, 0, 3, 3, 1]    (26)
bravo2.D1_6    110_[0, 1, 3, 3, 4, 2, 10, 8, 4, 7, 0, 1, 11, 8, 7]    (2)
bravo2.D5_3    109_[24, 1, 0, 0, 27, 0, 3, 2, 4, 2, 3, 4, 1, 0, 2]    (12)
bravo3.D3_2    109_[17, 4, 6, 5, 0, 0, 0, 4, 4, 5, 6, 2, 4, 3, 1]    (3)
bravo1.A3_19    109_[14, 2, 2, 0, 20, 3, 1, 2, 6, 4, 7, 1, 0, 1, 8]    (21)
bravo1.A4_10    109_[14, 4, 0, 0, 0, 5, 5, 3, 1, 3, 4, 0, 2, 4, 0]    (13)
bravo3.A2_12    109_[13, 7, 8, 0, 4, 9, 3, 1, 2, 0, 2, 0, 5, 0, 12]    (-1)
bravo1.A2_2    109_[12, 1, 1, 3, 6, 2, 1, 1, 12, 4, 4, 3, 8, 1, 1]    (7)
bravo1.D3_10    109_[7, 0, 5, 2, 2, 22, 2, 4, 0, 5, 12, 2, 1, 15, 1]    (21)
bravo2.D3_14    109_[7, 3, 4, 3, 11, 1, 0, 3, 1, 15, 1, 0, 0, 0, 10]    (-1)
bravo3.D2_1    109_[7, 4, 8, 0, 0, 9, 2, 9, 0, 0, 3, 1, 1, 0, 0]    (11)
bravo1.A3_17    109_[6, 5, 6, 9, 1, 7, 2, 0, 7, 12, 2, 4, 10, 3, 0]    (3)
bravo3.A5_8    109_[5, 8, 13, 1, 3, 1, 3, 4, 2, 7, 2, 6, 2, 5, 6]    (22)
bravo1.A2_8    109_[4, 0, 0, 0, 0, 17, 1, 16, 2, 6, 5, 2, 5, 0, 0]    (11)
bravo3.A5_3    109_[4, 1, 1, 13, 1, 10, 1, 0, 0, 3, 1, 6, 1, 24, 6]    (20)
bravo3.D3_1    109_[4, 11, 2, 1, 1, 4, 1, 4, 10, 4, 0, 2, 1, 27, 0]    (14)
bravo1.A4_13    109_[3, 6, 1, 0, 2, 1, 0, 15, 0, 0, 11, 1, 0, 9, 1]    (16)
bravo1.D2_6    109_[3, 2, 0, 2, 1, 2, 4, 2, 8, 9, 2, 0, 7, 12, 5]    (8)
bravo1.D3_13    109_[3, 18, 11, 0, 3, 6, 4, 1, 1, 2, 11, 1, 4, 0, 4]    (22)
bravo2.A1_2    109_[3, 8, 16, 4, 2, 2, 6, 0, 11, 1, 0, 0, 7, 0, 7]    (2)
bravo3.A4_9    109_[3, 3, 2, 0, 2, 13, 6, 0, 5, 7, 7, 0, 4, 3, 3]    (25)
bravo1.A6_1    109_[2, 0, 1, 18, 16, 6, 5, 2, 5, 2, 10, 0, 3, 4, 3]    (33)
bravo2.D1_5    109_[1, 13, 0, 0, 1, 6, 0, 2, 0, 4, 4, 1, 10, 2, 12]    (5)
bravo2.D6_4    109_[0, 5, 1, 4, 2, 0, 3, 1, 4, 1, 3, 5, 0, 9, 1]    (21)
bravo3.D2_9    109_[0, 4, 7, 14, 0, 1, 8, 1, 10, 3, 11, 3, 1, 10, 3]    (-1)
bravo1.D4_14    108_[25, 12, 5, 4, 1, 1, 7, 4, 0, 1, 0, 4, 2, 5, 7]    (19)
bravo3.D5_8    108_[13, 0, 2, 0, 15, 0, 3, 12, 1, 1, 3, 5, 3, 1, 4]    (26)
bravo1.D4_17    108_[8, 1, 9, 1, 4, 1, 0, 2, 1, 13, 0, 5, 5, 5, 8]    (15)
bravo3.A1_6    108_[7, 3, 1, 1, 0, 2, 0, 8, 1, 1, 5, 3, 4, 2, 6]    (7)
bravo2.A2_8    108_[5, 3, 12, 0, 2, 4, 9, 8, 0, 7, 4, 7, 2, 4, 0]    (11)
bravo2.A5_1    108_[5, 2, 9, 1, 11, 1, 4, 5, 8, 4, 4, 8, 1, 1, 3]    (17)
bravo1.A4_5    108_[4, 9, 3, 3, 2, 1, 23, 1, 0, 3, 1, 0, 6, 13, 5]    (20)
bravo1.D3_14    108_[4, 1, 3, 14, 3, 2, 0, 1, 4, 14, 6, 2, 2, 2, 2]    (20)
bravo2.D6_6    108_[4, 5, 0, 6, 0, 4, 10, 1, 0, 6, 9, 11, 2, 1, 0]    (11)
bravo2.A2_5    108_[3, 13, 13, 7, 2, 0, 6, 2, 0, 3, 3, 6, 0, 3, 1]    (7)
bravo1.D2_10    108_[2, 16, 12, 1, 1, 5, 7, 5, 1, 1, 12, 12, 1, 2, 2]    (5)
bravo2.A2_4    108_[1, 4, 4, 1, 2, 1, 1, 0, 2, 4, 4, 5, 15, 0, 3]    (3)
bravo2.A2_9    108_[1, 2, 2, 7, 1, 0, 1, 6, 1, 20, 0, 10, 2, 9, 1]    (-1)
bravo3.D2_10    108_[1, 13, 0, 0, 6, 2, 1, 11, 8, 7, 5, 13, 4, 3, 1]    (-1)
bravo1.A1_1    108_[0, 0, 13, 6, 0, 2, 3, 4, 3, 5, 0, 0, 0, 8, 12]    (1)
bravo2.D3_5    108_[0, 6, 4, 0, 13, 11, 19, 20, 1, 8, 2, 0, 8, 3, 2]    (3)
bravo2.D2_9    108_[0, 1, 8, 2, 1, 0, 0, 2, 4, 2, 0, 1, 10, 7, 1]    (-1)
bravo3.D6_2    108_[0, 5, 1, 18, 0, 3, 1, 2, 2, 4, 1, 6, 7, 6, 30]    (27)
bravo3.D2_2    107_[20, 2, 2, 1, 1, 0, 0, 6, 5, 4, 2, 0, 0, 10, 3]    (10)
bravo1.A1_5    107_[13, 1, 0, 2, 1, 3, 2, 4, 22, 0, 2, 0, 6, 6, 3]    (6)
bravo1.A3_25    107_[8, 3, 14, 4, 16, 0, 0, 7, 5, 1, 1, 8, 14, 12, 1]    (27)
bravo3.D4_4    107_[8, 6, 0, 10, 0, 9, 0, 1, 0, 7, 4, 10, 1, 0, 0]    (26)
bravo1.D2_1    107_[7, 6, 6, 0, 3, 17, 2, 6, 0, 2, 5, 2, 1, 12, 2]    (17)
bravo1.A4_1    107_[6, 1, 4, 4, 4, 16, 0, 8, 2, 8, 4, 0, 4, 17, 4]    (18)
bravo1.D3_17    107_[4, 5, 2, 3, 17, 6, 0, 2, 13, 3, 4, 9, 9, 4, 0]    (13)
bravo1.D4_9    107_[4, 1, 1, 6, 0, 4, 7, 0, 3, 8, 0, 4, 3, 0, 0]    (9)
bravo1.D3_3    107_[3, 1, 6, 1, 1, 10, 2, 0, 2, 1, 0, 9, 8, 3, 1]    (29)
bravo2.A6_1    107_[2, 0, 1, 3, 15, 23, 5, 2, 5, 2, 10, 0, 3, 4, 3]    (33)
bravo3.A6_1    107_[2, 0, 1, 3, 15, 23, 5, 2, 5, 2, 10, 0, 3, 4, 3]    (33)
bravo3.D1_2    107_[2, 3, 4, 2, 1, 0, 6, 4, 2, 5, 0, 1, 1, 2, 3]    (7)
bravo2.A2_6    107_[1, 3, 1, 5, 0, 0, 0, 0, 8, 0, 3, 4, 3, 7, 22]    (8)
bravo3.A2_7    107_[1, 15, 0, 0, 6, 11, 1, 0, 0, 14, 22, 3, 3, 5, 1]    (10)
bravo3.A3_3    107_[1, 5, 6, 2, 0, 0, 1, 4, 1, 4, 2, 13, 3, 4, 2]    (8)
bravo2.D4_8    107_[0, 6, 3, 5, 1, 3, 2, 0, 0, 0, 5, 3, 1, 3, 8]    (21)
bravo3.A2_2    106_[15, 0, 7, 9, 0, 6, 16, 4, 6, 14, 0, 0, 10, 10, 7]    (5)
bravo1.A4_16    106_[8, 2, 9, 1, 0, 0, 0, 3, 7, 0, 0, 10, 9, 2, 7]    (10)
bravo2.A4_4    106_[5, 5, 2, 15, 29, 0, 0, 10, 1, 1, 2, 2, 2, 10, 0]    (10)
bravo2.D6_1    106_[5, 2, 3, 9, 13, 0, 10, 5, 4, 0, 8, 5, 1, 5, 6]    (8)
bravo3.D6_3    106_[5, 0, 17, 5, 3, 4, 1, 3, 1, 3, 2, 5, 2, 8, 6]    (20)
bravo3.A1_2    106_[3, 8, 16, 4, 2, 2, 6, 0, 11, 1, 0, 0, 7, 0, 7]    (2)
bravo1.D3_7    106_[2, 1, 0, 8, 2, 0, 9, 1, 3, 8, 5, 12, 7, 9, 2]    (19)
bravo1.D6_1    106_[2, 5, 3, 10, 2, 0, 10, 0, 8, 1, 0, 1, 7, 7, 6]    (19)
bravo1.A3_2    106_[1, 5, 3, 1, 3, 7, 1, 0, 3, 3, 0, 12, 8, 1, 4]    (8)
bravo2.D2_14    106_[1, 11, 0, 4, 0, 8, 5, 8, 5, 5, 5, 0, 6, 12, 3]    (-1)
bravo3.D4_3    106_[1, 18, 5, 6, 0, 12, 0, 3, 3, 0, 0, 0, 5, 1, 5]    (6)
bravo3.D4_5    106_[1, 1, 0, 2, 0, 4, 1, 3, 0, 1, 4, 8, 2, 4, 5]    (14)
bravo2.D3_6    106_[0, 2, 16, 2, 2, 2, 6, 2, 0, 3, 1, 0, 6, 0, 4]    (18)
bravo3.A6_5    106_[0, 11, 11, 7, 2, 1, 0, 7, 6, 15, 8, 7, 11, 2, 5]    (27)
bravo1.D3_4    105_[27, 4, 16, 0, 0, 7, 7, 1, 10, 8, 3, 12, 1, 0, 6]    (27)
bravo2.A6_4    105_[4, 16, 0, 12, 2, 0, 3, 1, 8, 22, 0, 7, 6, 2, 3]    (32)
bravo3.D3_7    105_[3, 6, 0, 0, 5, 7, 2, 6, 3, 2, 0, 7, 0, 5, 8]    (11)
bravo2.A6_3    105_[2, 4, 1, 8, 0, 3, 4, 8, 4, 4, 1, 1, 2, 8, 10]    (31)
bravo1.A2_5    105_[1, 2, 10, 1, 2, 4, 0, 6, 3, 1, 0, 11, 3, 13, 20]    (3)
bravo1.D4_15    105_[1, 4, 6, 4, 0, 1, 9, 5, 16, 4, 2, 6, 11, 0, 3]    (16)
bravo2.A2_12    105_[1, 11, 0, 14, 7, 1, 4, 8, 4, 2, 4, 6, 2, 1, 6]    (-1)
bravo2.A3_13    105_[1, 6, 2, 24, 8, 0, 2, 1, 0, 0, 1, 17, 4, 1, 1]    (-1)
bravo3.A3_7    105_[1, 0, 10, 6, 3, 4, 4, 4, 15, 3, 1, 6, 6, 0, 1]    (18)
bravo3.A4_3    105_[1, 3, 2, 5, 2, 11, 0, 1, 2, 0, 24, 7, 4, 3, 4]    (10)
bravo1.A5_4    105_[0, 7, 1, 30, 4, 5, 6, 0, 6, 1, 8, 5, 0, 4, 5]    (26)
bravo3.A3_10    105_[0, 0, 5, 26, 9, 0, 9, 2, 5, 2, 0, 3, 0, 16, 7]    (3)
bravo3.D1_6    105_[0, 15, 9, 6, 6, 0, 1, 0, 4, 1, 7, 2, 8, 4, 3]    (2)
bravo1.A1_4    104_[13, 4, 3, 5, 1, 0, 1, 4, 1, 6, 4, 4, 6, 5, 12]    (3)
bravo1.D1_1    104_[13, 0, 2, 1, 8, 1, 4, 18, 4, 11, 0, 3, 8, 1, 0]    (7)
bravo1.D3_23    104_[12, 0, 0, 0, 4, 4, 1, 5, 3, 5, 11, 0, 4, 8, 1]    (10)
bravo1.A3_18    104_[11, 35, 4, 3, 0, 8, 0, 13, 1, 0, 17, 2, 8, 0, 5]    (25)
bravo1.D4_16    104_[10, 1, 13, 7, 0, 0, 0, 1, 0, 3, 5, 1, 11, 2, 5]    (23)
bravo3.D6_4    104_[7, 0, 1, 3, 8, 3, 0, 3, 9, 10, 2, 13, 14, 7, 2]    (32)
bravo2.A3_1    104_[6, 0, 3, 1, 0, 1, 0, 0, 0, 22, 19, 23, 10, 0, 2]    (7)
bravo2.D2_4    104_[6, 11, 4, 2, 5, 1, 6, 0, 4, 1, 5, 0, 4, 2, 0]    (7)
bravo3.A3_1    104_[6, 0, 1, 1, 1, 0, 1, 0, 0, 22, 0, 19, 23, 5, 4]    (7)
bravo3.A3_12    104_[6, 1, 1, 9, 8, 1, 0, 3, 10, 6, 16, 5, 0, 3, 5]    (-1)
bravo1.D3_1    104_[4, 3, 1, 0, 4, 10, 8, 3, 2, 16, 14, 2, 9, 3, 2]    (26)
bravo2.D2_12    104_[3, 1, 7, 1, 1, 10, 1, 0, 9, 6, 10, 1, 7, 0, 11]    (-1)
bravo1.A1_7    104_[2, 12, 0, 3, 5, 5, 6, 5, 9, 8, 0, 9, 4, 9, 9]    (7)
bravo1.A2_14    104_[2, 7, 2, 11, 8, 3, 7, 4, 0, 5, 4, 3, 1, 1, 9]    (-1)
bravo2.A3_5    104_[1, 4, 6, 1, 2, 5, 3, 5, 4, 3, 3, 2, 2, 16, 2]    (10)
bravo2.D1_7    104_[1, 2, 9, 1, 0, 2, 4, 1, 0, 0, 11, 8, 1, 3, 2]    (1)
bravo2.D2_10    104_[1, 1, 1, 4, 12, 1, 5, 6, 1, 9, 6, 4, 1, 1, 8]    (-1)
bravo3.A2_4    104_[1, 4, 4, 1, 4, 1, 3, 4, 4, 15, 2, 2, 0, 3, 0]    (2)
bravo3.A2_3    104_[0, 2, 0, 2, 7, 0, 3, 7, 0, 1, 1, 7, 6, 13, 7]    (7)
bravo3.A4_1    104_[0, 3, 1, 1, 2, 1, 0, 3, 2, 2, 1, 0, 5, 5, 1]    (17)
bravo2.A3_14    103_[20, 6, 3, 6, 4, 12, 2, 1, 1, 8, 4, 1, 4, 8, 1]    (-1)
bravo2.A4_9    103_[14, 8, 4, 3, 3, 9, 3, 7, 0, 0, 3, 3, 5, 7, 3]    (13)
bravo3.A3_11    103_[13, 13, 16, 6, 1, 2, 3, 3, 3, 13, 1, 2, 6, 0, 1]    (14)
bravo2.A2_2    103_[10, 4, 0, 7, 0, 3, 4, 0, 23, 4, 6, 15, 0, 0, 9]    (6)
bravo2.D2_8    103_[7, 5, 1, 3, 0, 5, 0, 12, 0, 9, 4, 1, 6, 15, 12]    (5)
bravo1.D2_4    103_[6, 1, 4, 8, 2, 3, 5, 2, 3, 12, 11, 9, 2, 9, 1]    (12)
bravo2.A4_8    103_[6, 6, 4, 0, 2, 12, 0, 0, 7, 6, 2, 3, 3, 1, 2]    (11)
bravo2.D6_5    103_[6, 0, 0, 2, 8, 11, 12, 3, 6, 3, 5, 7, 3, 14, 22]    (10)
bravo2.A5_8    103_[5, 3, 4, 2, 0, 1, 7, 1, 3, 6, 0, 2, 2, 10, 6]    (18)
bravo1.A3_10    103_[4, 1, 3, 2, 6, 1, 0, 3, 15, 9, 0, 1, 18, 3, 8]    (17)
bravo1.D2_3    103_[2, 0, 8, 3, 8, 3, 0, 4, 1, 0, 10, 1, 1, 2, 0]    (10)
bravo2.A3_7    103_[2, 17, 10, 2, 17, 0, 1, 3, 2, 2, 0, 1, 5, 1, 6]    (18)
bravo1.A3_5    103_[1, 0, 0, 1, 5, 0, 3, 7, 0, 0, 2, 14, 0, 3, 1]    (12)
bravo1.D3_20    103_[1, 4, 1, 12, 2, 0, 0, 10, 1, 5, 7, 0, 1, 0, 9]    (9)
bravo2.A3_2    103_[1, 3, 3, 0, 4, 0, 0, 13, 6, 2, 9, 2, 3, 2, 0]    (6)
bravo2.A4_5    103_[1, 12, 2, 2, 2, 5, 17, 6, 8, 5, 2, 11, 5, 1, 5]    (18)
bravo2.D2_11    103_[1, 2, 10, 0, 10, 1, 6, 13, 1, 0, 21, 2, 1, 12, 5]    (-1)
bravo2.D3_7    103_[1, 2, 6, 22, 2, 6, 0, 6, 6, 1, 5, 0, 3, 3, 7]    (11)
bravo2.D5_2    103_[1, 0, 0, 6, 1, 3, 6, 6, 8, 6, 5, 3, 1, 0, 1]    (7)
bravo3.D5_6    103_[1, 5, 4, 9, 19, 2, 1, 6, 1, 2, 2, 15, 2, 3, 7]    (22)
bravo2.A1_3    103_[0, 9, 3, 4, 1, 2, 0, 9, 8, 3, 4, 21, 12, 10, 12]    (5)
bravo2.A1_5    103_[0, 0, 11, 1, 0, 3, 5, 7, 5, 0, 11, 3, 0, 10, 0]    (6)
bravo2.D5_5    103_[0, 2, 1, 5, 0, 16, 0, 1, 4, 2, 1, 16, 0, 8, 3]    (11)
bravo1.A3_1    102_[14, 1, 0, 0, 11, 7, 1, 17, 2, 6, 13, 1, 0, 2, 7]    (7)
bravo3.A5_5    102_[8, 1, 11, 6, 5, 6, 4, 5, 7, 1, 4, 1, 2, 3, 0]    (27)
bravo2.D5_6    102_[5, 3, 12, 18, 0, 4, 6, 20, 2, 2, 0, 2, 14, 3, 2]    (23)
bravo2.A5_3    102_[4, 1, 4, 10, 1, 10, 1, 0, 4, 8, 1, 22, 1, 6, 9]    (32)
bravo2.D5_1    102_[4, 3, 0, 9, 0, 5, 6, 5, 6, 1, 14, 6, 12, 3, 3]    (14)
bravo1.A3_26    102_[3, 0, 9, 1, 10, 2, 0, 2, 1, 0, 5, 3, 8, 3, 2]    (29)
bravo1.A3_24    102_[2, 2, 16, 12, 9, 7, 8, 1, 15, 2, 5, 7, 8, 1, 0]    (28)
bravo2.D4_6    102_[2, 9, 7, 18, 15, 0, 0, 0, 10, 4, 1, 1, 1, 0, 0]    (27)
bravo3.D2_5    102_[2, 10, 4, 7, 10, 8, 4, 0, 7, 21, 0, 6, 7, 2, 12]    (2)
bravo2.A2_13    102_[1, 4, 23, 12, 0, 1, 1, 0, 4, 0, 5, 3, 1, 4, 6]    (-1)
bravo2.D3_8    102_[1, 4, 1, 3, 5, 1, 6, 13, 4, 9, 1, 7, 1, 11, 2]    (10)
bravo3.A2_11    102_[1, 0, 10, 12, 10, 6, 1, 0, 5, 4, 1, 14, 3, 0, 12]    (-1)
bravo3.A4_6    102_[0, 4, 1, 2, 11, 3, 11, 2, 3, 1, 4, 8, 0, 5, 0]    (11)
bravo3.A5_2    102_[0, 6, 10, 0, 5, 2, 8, 6, 1, 0, 6, 8, 2, 8, 1]    (31)
bravo3.D3_6    102_[0, 5, 6, 9, 3, 8, 8, 0, 0, 8, 10, 0, 11, 10, 3]    (5)
bravo3.D5_7    102_[0, 21, 0, 4, 3, 1, 3, 2, 6, 4, 0, 4, 13, 1, 1]    (25)
bravo2.A1_7    101_[16, 0, 1, 7, 0, 12, 0, 0, 30, 1, 3, 8, 5, 3, 1]    (8)
bravo1.D2_17    101_[15, 0, 0, 1, 0, 10, 15, 1, 6, 23, 2, 3, 3, 8, 0]    (-1)
bravo2.D5_9    101_[14, 1, 0, 10, 13, 2, 27, 0, 2, 7, 0, 0, 5, 0, 2]    (25)
bravo2.A2_11    101_[13, 12, 11, 2, 1, 1, 0, 0, 6, 4, 0, 31, 17, 2, 17]    (-1)
bravo2.A4_3    101_[8, 7, 0, 17, 0, 5, 8, 9, 16, 22, 2, 8, 1, 3, 1]    (17)
bravo2.D3_11    101_[7, 5, 0, 3, 2, 3, 1, 4, 3, 4, 0, 24, 0, 7, 0]    (6)
bravo3.A4_8    101_[6, 15, 0, 4, 3, 4, 8, 8, 4, 3, 0, 13, 6, 0, 2]    (21)
bravo1.A3_12    101_[4, 5, 2, 3, 3, 13, 8, 1, 13, 3, 0, 2, 0, 11, 3]    (13)
bravo1.A5_3    101_[4, 1, 5, 8, 1, 12, 0, 3, 0, 1, 1, 18, 10, 0, 5]    (31)
bravo1.A2_1    101_[3, 6, 8, 8, 4, 2, 10, 11, 1, 0, 0, 7, 3, 4, 3]    (6)
bravo1.A5_1    101_[2, 2, 3, 8, 0, 0, 3, 8, 4, 11, 2, 4, 4, 8, 3]    (32)
bravo2.D3_13    101_[2, 3, 3, 2, 6, 5, 2, 4, 12, 4, 1, 5, 14, 6, 3]    (-1)
bravo3.A6_3    101_[2, 4, 1, 8, 0, 3, 4, 8, 4, 2, 1, 1, 1, 2, 19]    (32)
bravo1.A4_14    101_[1, 19, 9, 0, 4, 0, 15, 4, 1, 8, 7, 5, 4, 16, 2]    (19)
bravo2.A5_9    101_[0, 10, 0, 19, 4, 2, 14, 0, 3, 8, 11, 3, 5, 4, 11]    (10)
bravo3.A3_8    101_[0, 9, 3, 12, 4, 1, 6, 1, 0, 0, 11, 1, 0, 6, 7]    (17)
bravo2.D6_2    100_[27, 0, 1, 3, 7, 9, 1, 13, 4, 11, 1, 12, 3, 3, 14]    (12)
bravo2.D3_9    100_[15, 20, 5, 12, 27, 4, 1, 7, 0, 7, 1, 8, 12, 2, 2]    (5)
bravo2.D4_3    100_[15, 2, 14, 2, 1, 0, 2, 1, 13, 0, 5, 4, 5, 1, 6]    (14)
bravo3.A4_12    100_[15, 3, 0, 5, 0, 3, 10, 7, 7, 32, 2, 1, 9, 1, 7]    (15)
bravo1.A2_11    100_[14, 6, 12, 20, 0, 5, 2, 2, 4, 5, 8, 8, 4, 2, 12]    (18)
bravo3.A4_4    100_[14, 1, 14, 2, 16, 0, 1, 5, 0, 0, 12, 4, 1, 3, 5]    (8)
bravo1.D3_21    100_[11, 6, 12, 0, 1, 15, 3, 0, 7, 8, 0, 6, 12, 9, 0]    (5)
bravo1.A3_15    100_[8, 1, 18, 2, 0, 1, 19, 12, 2, 2, 1, 0, 12, 1, 1]    (20)
bravo3.D1_7    100_[3, 8, 6, 0, 0, 2, 0, 3, 1, 21, 3, 27, 2, 5, 10]    (1)
bravo2.A2_10    100_[2, 8, 1, 7, 5, 2, 21, 0, 2, 14, 1, 6, 9, 7, 1]    (-1)
bravo2.D5_7    100_[1, 5, 11, 2, 5, 3, 1, 1, 8, 0, 6, 0, 4, 17, 0]    (22)
bravo3.A2_9    100_[1, 5, 3, 3, 1, 0, 1, 6, 15, 7, 2, 7, 2, 7, 3]    (-1)
bravo2.A6_6    100_[0, 5, 4, 2, 13, 16, 1, 4, 0, 6, 12, 4, 0, 24, 2]    (27)
bravo3.D1_5    99_[10, 2, 1, 0, 3, 10, 16, 9, 5, 1, 2, 3, 18, 2, 3]    (5)
bravo2.D3_12    99_[9, 9, 4, 1, 1, 5, 9, 1, 3, 2, 5, 1, 12, 0, 6]    (7)
bravo1.D4_8    99_[7, 11, 7, 15, 5, 0, 4, 2, 8, 20, 0, 3, 0, 22, 5]    (27)
bravo1.D3_22    99_[5, 9, 0, 2, 14, 10, 1, 1, 2, 8, 22, 2, 6, 22, 5]    (18)
bravo3.D4_1    99_[4, 1, 11, 2, 5, 2, 4, 4, 1, 1, 0, 2, 1, 6, 3]    (13)
bravo1.D4_13    99_[3, 7, 3, 0, 6, 0, 6, 0, 10, 12, 1, 5, 7, 6, 10]    (21)
bravo3.A4_10    99_[2, 0, 14, 4, 0, 16, 13, 5, 3, 1, 1, 0, 2, 1, 0]    (27)
bravo2.A3_12    99_[1, 8, 1, 7, 11, 1, 9, 2, 8, 11, 7, 5, 7, 1, 2]    (4)
bravo2.D1_8    99_[1, 0, 0, 9, 2, 4, 4, 2, 0, 0, 0, 2, 4, 2, 6]    (-1)
bravo2.A4_1    99_[0, 3, 1, 1, 2, 1, 0, 3, 2, 2, 1, 0, 11, 3, 3]    (8)
bravo2.D5_8    98_[11, 1, 9, 10, 0, 12, 0, 1, 0, 1, 11, 1, 1, 7, 16]    (13)
bravo1.D3_19    98_[10, 2, 6, 1, 0, 3, 20, 5, 1, 5, 10, 8, 2, 4, 6]    (17)
bravo2.A3_4    98_[7, 7, 9, 0, 23, 1, 4, 3, 5, 10, 1, 6, 0, 10, 15]    (5)
bravo1.A2_17    98_[6, 10, 14, 12, 21, 5, 0, 5, 4, 1, 9, 7, 1, 29, 19]    (-1)
bravo1.D4_2    98_[6, 1, 4, 5, 6, 6, 4, 4, 17, 8, 0, 3, 0, 3, 0]    (6)
bravo1.A5_6    98_[4, 3, 13, 4, 0, 2, 0, 0, 0, 0, 14, 3, 3, 1, 4]    (18)
bravo1.D4_11    98_[4, 6, 5, 3, 4, 12, 11, 17, 9, 5, 0, 10, 17, 7, 14]    (26)
bravo3.D5_2    98_[3, 6, 12, 6, 2, 12, 1, 3, 5, 0, 1, 4, 2, 22, 0]    (12)
bravo3.D2_7    98_[2, 1, 2, 11, 6, 0, 8, 3, 0, 20, 8, 5, 2, 0, 2]    (5)
bravo1.A2_10    98_[1, 9, 1, 0, 1, 11, 8, 4, 7, 1, 0, 9, 0, 0, 1]    (10)
bravo1.D3_9    98_[1, 17, 1, 1, 0, 4, 6, 5, 20, 2, 18, 4, 5, 3, 2]    (4)
bravo2.A4_10    98_[0, 1, 0, 4, 7, 10, 13, 13, 1, 1, 1, 2, 0, 4, 2]    (15)
bravo2.D1_2    97_[13, 1, 1, 15, 7, 4, 11, 8, 4, 9, 9, 2, 2, 5, 15]    (7)
bravo2.A4_7    97_[7, 16, 1, 1, 2, 2, 6, 5, 0, 7, 21, 4, 3, 1, 3]    (20)
bravo3.A2_6    97_[5, 1, 5, 0, 11, 1, 12, 6, 16, 9, 4, 22, 3, 4, 0]    (8)
bravo1.D5_5    97_[3, 0, 4, 1, 1, 3, 3, 1, 11, 2, 4, 7, 6, 10, 9]    (14)
bravo1.D6_2    97_[3, 1, 15, 6, 2, 7, 1, 2, 11, 1, 0, 17, 4, 4, 3]    (20)
bravo3.D5_4    97_[3, 1, 5, 0, 4, 19, 13, 3, 5, 5, 0, 0, 0, 12, 1]    (18)
bravo1.A3_11    97_[2, 1, 20, 2, 4, 1, 2, 3, 7, 8, 0, 3, 1, 0, 10]    (14)
bravo1.A4_19    97_[1, 6, 8, 5, 5, 4, 0, 7, 5, 17, 5, 1, 0, 6, 7]    (9)
bravo1.D1_6    97_[1, 0, 9, 1, 0, 5, 3, 11, 2, 8, 4, 0, 5, 2, 4]    (2)
bravo1.D1_7    97_[1, 13, 0, 3, 5, 2, 9, 2, 10, 21, 3, 1, 8, 19, 1]    (1)
bravo1.A3_4    97_[0, 6, 5, 1, 1, 8, 3, 2, 6, 2, 8, 17, 3, 0, 10]    (6)
bravo3.D3_11    96_[19, 1, 5, 4, 1, 19, 1, 3, 15, 0, 4, 2, 8, 7, 4]    (7)
bravo1.D1_5    96_[14, 3, 11, 7, 3, 12, 2, 0, 3, 0, 1, 1, 14, 2, 7]    (5)
bravo1.D4_19    96_[13, 0, 3, 1, 6, 0, 0, 13, 12, 2, 8, 0, 1, 5, 0]    (22)
bravo1.A2_13    96_[12, 4, 1, 3, 0, 4, 2, 1, 0, 0, 5, 6, 4, 3, 0]    (-1)
bravo3.D5_9    96_[8, 5, 2, 6, 3, 4, 2, 12, 1, 34, 14, 15, 2, 11, 9]    (27)
bravo1.A5_5    96_[7, 5, 0, 6, 21, 2, 4, 15, 9, 4, 6, 18, 10, 0, 9]    (27)
bravo1.A2_19    96_[3, 2, 5, 8, 0, 12, 2, 17, 5, 4, 7, 14, 1, 17, 4]    (-1)
bravo3.D4_9    96_[2, 15, 0, 3, 2, 1, 8, 13, 2, 2, 0, 1, 3, 18, 1]    (27)
bravo3.D3_13    96_[1, 0, 1, 1, 7, 0, 0, 1, 1, 5, 6, 13, 10, 0, 1]    (-1)
bravo1.D5_10    95_[12, 16, 1, 0, 1, 0, 3, 4, 0, 5, 6, 12, 4, 9, 3]    (21)
bravo1.D3_16    95_[3, 0, 11, 2, 0, 0, 0, 14, 7, 3, 1, 1, 1, 3, 5]    (15)
bravo1.D1_8    95_[2, 13, 3, 1, 26, 0, 1, 2, 4, 1, 19, 2, 2, 19, 3]    (-1)
bravo1.D2_5    95_[1, 15, 1, 1, 13, 4, 7, 19, 5, 0, 11, 2, 1, 8, 1]    (11)
bravo3.D2_8    95_[1, 9, 3, 0, 0, 0, 1, 0, 7, 8, 4, 4, 10, 1, 7]    (6)
bravo1.A4_4    95_[0, 6, 6, 6, 3, 2, 7, 9, 0, 7, 2, 8, 9, 4, 2]    (17)
bravo2.A3_9    95_[0, 21, 5, 3, 8, 3, 0, 1, 5, 3, 0, 0, 0, 13, 1]    (17)
bravo3.D4_11    95_[0, 9, 12, 8, 1, 3, 12, 16, 0, 13, 9, 3, 18, 2, 0]    (21)
bravo3.D3_9    94_[15, 8, 0, 8, 4, 2, 13, 1, 8, 0, 13, 0, 3, 1, 1]    (8)
bravo3.A4_5    94_[9, 10, 2, 13, 9, 1, 4, 1, 6, 3, 15, 0, 15, 8, 5]    (20)
bravo2.A5_5    94_[8, 2, 1, 13, 1, 5, 17, 7, 8, 2, 3, 0, 18, 11, 2]    (8)
bravo1.A4_12    94_[6, 3, 14, 5, 2, 0, 8, 24, 8, 4, 2, 2, 2, 1, 6]    (23)
bravo1.D3_25    94_[6, 6, 1, 1, 8, 3, 2, 32, 1, 1, 3, 0, 3, 2, 5]    (6)
bravo2.A1_8    94_[6, 0, 18, 2, 1, 1, 4, 12, 1, 4, 3, 6, 1, 0, 1]    (-1)
bravo1.A4_9    94_[5, 4, 1, 0, 3, 0, 7, 0, 1, 1, 4, 0, 5, 1, 5]    (22)
bravo3.A3_2    94_[5, 5, 3, 0, 0, 13, 6, 3, 5, 2, 6, 2, 0, 6, 2]    (6)
bravo1.A4_15    94_[4, 10, 23, 3, 5, 0, 1, 3, 1, 7, 2, 2, 6, 9, 19]    (21)
bravo1.D5_2    94_[4, 3, 2, 3, 14, 9, 0, 6, 4, 0, 1, 15, 0, 4, 1]    (11)
bravo1.A4_20    94_[3, 12, 2, 2, 4, 5, 9, 11, 1, 0, 5, 2, 5, 1, 12]    (27)
bravo1.D3_6    94_[1, 19, 6, 0, 2, 5, 7, 2, 2, 1, 2, 6, 4, 3, 5]    (24)
bravo2.D6_3    94_[1, 3, 26, 0, 7, 4, 0, 6, 20, 5, 3, 14, 0, 6, 4]    (13)
bravo2.A3_11    94_[0, 3, 10, 11, 8, 7, 13, 5, 0, 1, 0, 3, 3, 1, 9]    (14)
bravo3.D2_12    93_[24, 3, 0, 3, 5, 13, 2, 0, 4, 4, 2, 1, 0, 2, 0]    (-1)
bravo1.D4_7    93_[2, 8, 3, 6, 0, 16, 2, 3, 14, 1, 2, 2, 16, 0, 4]    (28)
bravo1.D5_1    93_[1, 1, 0, 1, 1, 6, 0, 5, 0, 13, 3, 0, 1, 5, 1]    (10)
bravo3.D3_15    93_[1, 3, 5, 4, 1, 4, 0, 6, 0, 5, 0, 1, 10, 17, 4]    (-1)
bravo2.D4_12    92_[34, 1, 4, 0, 8, 0, 1, 14, 0, 6, 1, 13, 1, 2, 20]    (20)
bravo1.D1_4    92_[10, 2, 3, 5, 12, 8, 10, 14, 1, 2, 2, 13, 16, 4, 1]    (3)
bravo1.D4_12    92_[8, 5, 23, 0, 9, 4, 6, 10, 4, 0, 11, 6, 12, 6, 1]    (10)
bravo2.D2_5    92_[7, 7, 8, 21, 1, 3, 2, 10, 6, 3, 4, 12, 16, 1, 0]    (3)
bravo1.A4_21    92_[6, 35, 0, 11, 6, 5, 1, 16, 6, 27, 1, 0, 7, 15, 4]    (28)
bravo1.A3_3    92_[6, 4, 1, 0, 0, 2, 4, 6, 15, 0, 9, 9, 4, 2, 0]    (11)
bravo3.D4_10    92_[6, 4, 2, 1, 12, 1, 5, 7, 2, 10, 8, 3, 5, 0, 4]    (25)
bravo2.A5_7    92_[5, 4, 3, 1, 0, 14, 1, 33, 6, 4, 2, 0, 2, 2, 4]    (27)
bravo3.A6_6    92_[5, 0, 7, 8, 3, 0, 23, 7, 2, 6, 7, 0, 17, 10, 0]    (26)
bravo2.A4_12    92_[4, 10, 15, 13, 4, 7, 11, 2, 1, 11, 3, 3, 0, 11, 9]    (25)
bravo3.D5_10    92_[4, 1, 4, 2, 5, 0, 5, 4, 2, 5, 0, 20, 10, 2, 1]    (17)
bravo1.A3_22    92_[2, 11, 2, 0, 2, 6, 1, 3, 14, 2, 17, 8, 3, 3, 7]    (19)
bravo1.A5_7    92_[2, 1, 3, 13, 2, 0, 0, 2, 7, 1, 6, 3, 6, 16, 4]    (23)
bravo1.D2_12    92_[2, 8, 0, 0, 0, 3, 5, 3, 1, 3, 24, 3, 0, 0, 2]    (6)
bravo2.D2_13    92_[2, 3, 10, 2, 10, 7, 17, 11, 1, 0, 0, 1, 1, 2, 2]    (-1)
bravo2.D4_11    92_[1, 14, 1, 5, 5, 3, 2, 0, 3, 6, 4, 4, 32, 4, 18]    (11)
bravo3.D4_13    92_[1, 3, 10, 18, 5, 4, 13, 1, 9, 2, 22, 1, 3, 25, 0]    (11)
bravo2.A2_3    92_[0, 3, 2, 7, 4, 7, 4, 7, 6, 13, 7, 3, 1, 10, 0]    (2)
bravo2.D5_11    91_[6, 3, 1, 1, 2, 3, 2, 12, 0, 3, 0, 12, 5, 0, 13]    (10)
bravo1.D1_10    91_[2, 9, 0, 18, 12, 5, 0, 4, 3, 3, 4, 4, 5, 1, 22]    (-1)
bravo2.D6_7    91_[2, 9, 1, 2, 10, 6, 7, 5, 2, 9, 0, 14, 6, 5, 8]    (18)
bravo3.A1_7    91_[2, 13, 9, 0, 1, 12, 11, 19, 1, 3, 14, 2, 15, 11, 3]    (8)
bravo1.A3_20    91_[1, 2, 0, 13, 3, 5, 6, 5, 0, 18, 22, 3, 0, 8, 0]    (4)
bravo1.A1_9    91_[1, 0, 20, 3, 6, 2, 11, 0, 2, 1, 2, 2, 1, 17, 1]    (-1)
bravo1.D2_7    91_[1, 9, 7, 16, 15, 2, 3, 6, 3, 1, 5, 2, 5, 7, 15]    (4)
bravo1.D2_18    91_[1, 1, 7, 0, 0, 1, 0, 1, 7, 1, 4, 3, 19, 1, 10]    (-1)
bravo1.A5_10    90_[22, 3, 2, 3, 1, 3, 3, 0, 4, 5, 0, 4, 7, 13, 0]    (30)
bravo3.A3_4    90_[13, 1, 0, 7, 1, 2, 7, 3, 8, 6, 12, 2, 6, 7, 23]    (10)
bravo1.A5_11    90_[10, 5, 0, 12, 0, 4, 22, 0, 10, 0, 5, 1, 2, 1, 0]    (29)
bravo1.A4_18    90_[6, 4, 5, 31, 6, 4, 25, 0, 8, 1, 2, 4, 2, 8, 2]    (24)
bravo1.A6_3    90_[2, 7, 7, 0, 0, 15, 7, 3, 1, 20, 46, 0, 0, 4, 6]    (25)
bravo2.A6_7    90_[1, 3, 0, 6, 3, 5, 3, 6, 10, 6, 9, 0, 5, 5, 18]    (26)
bravo1.D4_6    90_[0, 2, 1, 0, 9, 12, 15, 6, 2, 4, 3, 26, 2, 5, 2]    (29)
bravo1.A2_7    89_[12, 9, 3, 18, 9, 3, 6, 4, 11, 2, 0, 20, 3, 3, 0]    (8)
bravo2.D6_8    89_[5, 8, 2, 5, 8, 3, 0, 7, 1, 4, 3, 1, 0, 15, 1]    (22)
bravo3.D6_6    89_[2, 11, 3, 2, 13, 0, 0, 5, 8, 2, 8, 2, 9, 0, 0]    (33)
bravo1.D3_24    89_[1, 0, 0, 7, 4, 9, 2, 15, 3, 1, 0, 5, 16, 0, 13]    (12)
bravo2.A1_10    89_[1, 3, 9, 11, 1, 13, 3, 3, 2, 15, 4, 3, 0, 2, 0]    (-1)
bravo3.D5_1    89_[1, 2, 4, 4, 11, 18, 17, 0, 5, 12, 3, 3, 1, 2, 0]    (11)
bravo2.A2_15    88_[12, 21, 0, 0, 2, 16, 10, 2, 11, 1, 5, 4, 11, 26, 11]    (-1)
bravo1.D5_8    88_[6, 7, 3, 8, 1, 3, 4, 7, 7, 4, 14, 8, 1, 0, 6]    (17)
bravo2.D1_12    88_[3, 8, 7, 5, 7, 5, 12, 2, 1, 0, 11, 9, 3, 1, 1]    (-1)
bravo3.A2_10    88_[3, 0, 8, 30, 0, 7, 2, 26, 12, 3, 0, 9, 4, 3, 7]    (-1)
bravo1.D3_18    88_[2, 3, 1, 19, 4, 1, 2, 11, 8, 0, 3, 2, 7, 3, 1]    (14)
bravo1.A2_18    88_[1, 8, 2, 2, 2, 1, 1, 25, 0, 2, 1, 3, 14, 18, 7]    (-1)
bravo1.A3_9    88_[1, 24, 10, 1, 5, 8, 1, 0, 9, 3, 13, 7, 3, 2, 21]    (9)
bravo3.A1_8    88_[1, 4, 13, 3, 5, 7, 2, 1, 12, 0, 1, 21, 1, 0, 9]    (-1)
bravo3.A4_13    88_[1, 6, 4, 2, 10, 0, 9, 1, 21, 5, 3, 13, 4, 16, 12]    (12)
bravo1.D1_11    87_[22, 5, 0, 2, 2, 3, 7, 0, 3, 4, 12, 2, 1, 4, 28]    (-1)
bravo2.D1_11    87_[20, 2, 7, 1, 6, 6, 14, 24, 7, 16, 4, 0, 4, 6, 9]    (-1)
bravo1.A5_8    87_[18, 8, 1, 1, 2, 1, 3, 10, 4, 2, 2, 0, 8, 1, 2]    (20)
bravo1.A4_17    87_[14, 0, 0, 27, 26, 6, 0, 2, 5, 1, 6, 3, 15, 11, 10]    (26)
bravo2.D4_9    87_[8, 1, 26, 15, 4, 0, 8, 0, 25, 1, 2, 19, 0, 13, 14]    (15)
bravo1.A5_12    87_[3, 4, 3, 1, 23, 5, 0, 5, 2, 3, 2, 10, 1, 1, 9]    (28)
bravo2.D4_14    87_[2, 7, 3, 1, 0, 1, 3, 2, 16, 1, 0, 5, 19, 1, 19]    (18)
bravo2.D5_10    87_[2, 1, 9, 2, 0, 1, 11, 0, 1, 5, 14, 3, 11, 18, 17]    (26)
bravo1.D1_9    86_[13, 1, 0, 1, 8, 6, 7, 4, 8, 4, 2, 0, 0, 9, 2]    (-1)
bravo1.A1_10    86_[1, 11, 0, 8, 3, 1, 12, 12, 0, 14, 1, 0, 0, 3, 8]    (-1)
bravo3.A3_15    86_[1, 10, 0, 9, 8, 2, 0, 1, 7, 5, 10, 6, 22, 4, 1]    (-1)
bravo1.D5_12    85_[11, 2, 13, 2, 1, 0, 1, 0, 5, 0, 6, 3, 0, 12, 6]    (28)
bravo1.D5_14    85_[8, 9, 3, 12, 11, 6, 1, 5, 4, 6, 3, 11, 1, 8, 12]    (30)
bravo3.D3_12    85_[7, 1, 16, 4, 2, 0, 5, 4, 4, 5, 7, 10, 19, 4, 0]    (-1)
bravo1.D2_16    85_[4, 6, 3, 1, 2, 5, 12, 5, 6, 7, 3, 1, 4, 4, 6]    (-1)
bravo3.D2_11    85_[3, 2, 3, 2, 0, 0, 0, 8, 5, 2, 0, 12, 13, 8, 2]    (-1)
bravo1.D2_20    85_[1, 12, 5, 6, 10, 22, 4, 2, 9, 0, 8, 21, 16, 3, 7]    (-1)
bravo1.D2_14    84_[21, 6, 10, 15, 8, 0, 4, 14, 2, 11, 9, 3, 5, 5, 2]    (-1)
bravo3.D4_12    84_[17, 12, 5, 0, 16, 4, 10, 3, 2, 14, 2, 2, 5, 1, 8]    (7)
bravo1.A2_21    84_[2, 11, 14, 0, 0, 0, 0, 1, 1, 17, 1, 14, 0, 3, 4]    (-1)
bravo1.D4_23    84_[2, 11, 1, 0, 0, 8, 17, 12, 1, 0, 5, 5, 23, 1, 3]    (20)
bravo1.A4_26    84_[1, 6, 1, 2, 0, 4, 18, 4, 1, 1, 7, 5, 8, 9, 9]    (6)
bravo1.D6_4    83_[27, 1, 14, 12, 11, 1, 12, 5, 10, 1, 5, 1, 11, 8, 0]    (24)
bravo2.A1_11    83_[13, 0, 8, 6, 0, 14, 7, 10, 7, 0, 15, 25, 19, 6, 0]    (-1)
bravo3.D3_14    83_[7, 5, 1, 4, 9, 3, 15, 8, 0, 1, 6, 1, 1, 0, 0]    (-1)
bravo3.A3_14    83_[4, 22, 10, 9, 6, 3, 0, 8, 2, 9, 10, 8, 0, 7, 3]    (-1)
bravo3.A4_14    83_[4, 3, 1, 4, 3, 10, 2, 14, 7, 2, 3, 9, 6, 3, 0]    (14)
bravo1.A1_11    83_[2, 11, 0, 0, 0, 17, 0, 12, 4, 4, 0, 9, 5, 8, 8]    (-1)
bravo2.A5_10    83_[2, 6, 16, 9, 0, 0, 3, 2, 6, 3, 1, 0, 16, 6, 8]    (26)
bravo3.A5_9    83_[2, 24, 4, 4, 17, 2, 0, 0, 1, 17, 4, 10, 1, 3, 13]    (23)
bravo2.A1_13    83_[1, 1, 0, 0, 7, 22, 0, 8, 1, 1, 0, 7, 0, 16, 2]    (-1)
bravo2.A4_13    82_[15, 10, 0, 0, 13, 5, 36, 0, 4, 12, 3, 7, 25, 4, 2]    (27)
bravo1.A4_7    82_[4, 6, 15, 1, 6, 0, 2, 6, 0, 8, 11, 8, 0, 6, 1]    (8)
bravo1.D2_21    82_[3, 19, 4, 1, 1, 1, 12, 9, 3, 0, 0, 6, 1, 1, 1]    (-1)
bravo1.D5_9    82_[2, 5, 5, 2, 6, 1, 9, 8, 5, 8, 16, 8, 5, 0, 3]    (19)
bravo3.D1_8    82_[1, 21, 9, 14, 0, 3, 2, 1, 1, 1, 0, 7, 3, 0, 1]    (-1)
bravo1.A4_23    81_[13, 1, 0, 1, 1, 11, 0, 8, 2, 9, 4, 1, 1, 7, 1]    (30)
bravo1.A4_25    81_[6, 16, 0, 1, 0, 0, 5, 34, 1, 0, 1, 4, 3, 11, 9]    (31)
bravo2.A3_15    81_[4, 7, 24, 0, 7, 1, 20, 0, 0, 17, 1, 1, 6, 0, 3]    (-1)
bravo2.A4_15    81_[4, 15, 0, 11, 1, 1, 1, 10, 5, 1, 1, 11, 8, 3, 2]    (12)
bravo1.A3_23    81_[1, 10, 8, 6, 0, 2, 5, 7, 2, 4, 2, 6, 3, 0, 14]    (24)
bravo1.A4_24    81_[1, 0, 7, 8, 1, 2, 8, 2, 2, 6, 9, 2, 0, 10, 8]    (7)
bravo1.D3_27    81_[1, 9, 1, 3, 9, 0, 3, 3, 0, 12, 8, 1, 7, 4, 10]    (8)
bravo1.D4_21    81_[1, 9, 0, 8, 0, 2, 1, 1, 2, 9, 20, 4, 2, 7, 19]    (8)
bravo2.A4_11    81_[1, 1, 6, 0, 3, 1, 2, 2, 18, 7, 0, 10, 4, 0, 7]    (21)
bravo2.A4_14    81_[1, 2, 14, 0, 9, 2, 0, 3, 1, 15, 0, 1, 8, 1, 5]    (22)
bravo2.D3_15    81_[1, 3, 9, 0, 1, 9, 2, 0, 0, 7, 8, 0, 19, 0, 2]    (-1)
bravo2.D4_13    81_[0, 4, 7, 18, 2, 0, 10, 12, 1, 0, 8, 0, 1, 22, 1]    (6)
bravo1.D4_22    80_[11, 10, 2, 4, 2, 2, 0, 9, 3, 5, 14, 3, 3, 20, 3]    (25)
bravo2.A2_14    80_[2, 0, 10, 8, 3, 4, 0, 2, 10, 7, 0, 3, 16, 1, 7]    (-1)
bravo2.D1_10    80_[1, 13, 12, 19, 4, 16, 2, 6, 5, 1, 0, 4, 16, 7, 12]    (-1)
bravo1.A2_20    79_[17, 11, 5, 1, 0, 12, 2, 5, 10, 6, 0, 3, 6, 3, 2]    (-1)
bravo1.D2_19    79_[10, 0, 1, 2, 11, 4, 18, 19, 0, 5, 20, 16, 5, 2, 10]    (-1)
bravo1.D4_20    79_[10, 1, 4, 16, 1, 0, 6, 0, 0, 8, 18, 8, 1, 2, 6]    (14)
bravo1.A2_16    79_[1, 1, 15, 0, 1, 13, 9, 1, 17, 3, 1, 2, 3, 10, 0]    (-1)
bravo2.A6_8    78_[12, 1, 2, 10, 3, 8, 41, 6, 4, 4, 9, 1, 2, 0, 5]    (23)
bravo2.A1_12    78_[1, 0, 10, 3, 8, 5, 8, 8, 5, 3, 6, 23, 40, 2, 0]    (-1)
bravo3.D1_9    77_[15, 4, 3, 2, 6, 1, 0, 2, 7, 4, 16, 6, 2, 0, 2]    (-1)
bravo3.A5_7    77_[5, 3, 4, 2, 14, 1, 6, 39, 1, 0, 5, 4, 4, 7, 3]    (25)
bravo3.A3_16    76_[16, 11, 4, 1, 0, 19, 2, 3, 9, 6, 25, 0, 7, 2, 3]    (-1)
bravo1.A1_8    76_[15, 2, 1, 21, 2, 5, 12, 0, 0, 3, 0, 0, 15, 11, 9]    (-1)
bravo3.A4_15    76_[4, 7, 6, 0, 0, 11, 0, 0, 1, 0, 5, 0, 0, 3, 5]    (26)
bravo3.A4_11    76_[1, 2, 6, 3, 1, 24, 7, 0, 5, 1, 15, 0, 10, 1, 0]    (22)
bravo3.D2_13    76_[1, 1, 8, 1, 4, 0, 13, 9, 3, 13, 0, 7, 8, 14, 17]    (-1)
bravo1.A3_27    75_[15, 4, 2, 7, 0, 1, 26, 2, 10, 0, 6, 4, 34, 2, 0]    (30)
bravo3.D6_7    75_[5, 3, 13, 1, 2, 3, 6, 4, 0, 1, 1, 8, 0, 10, 7]    (-1)
bravo1.D1_12    75_[3, 16, 2, 4, 1, 0, 20, 4, 5, 7, 0, 2, 1, 11, 5]    (-1)
bravo1.D6_3    75_[2, 2, 0, 28, 0, 0, 0, 0, 2, 4, 0, 5, 10, 0, 5]    (21)
bravo3.A5_10    74_[11, 0, 13, 9, 0, 4, 9, 3, 7, 11, 6, 9, 7, 2, 1]    (18)
bravo1.A5_14    74_[6, 11, 5, 3, 0, 4, 2, 8, 32, 14, 2, 10, 7, 22, 1]    (21)
bravo1.D4_26    73_[2, 3, 1, 8, 27, 0, 20, 15, 0, 12, 8, 0, 8, 2, 1]    (11)
bravo1.D3_26    72_[11, 1, 0, 0, 2, 4, 6, 15, 0, 9, 9, 4, 3, 28, 13]    (11)
bravo2.D3_17    72_[6, 4, 5, 5, 0, 14, 18, 14, 6, 17, 2, 5, 0, 3, 5]    (-1)
bravo3.D3_16    71_[15, 0, 11, 4, 5, 10, 6, 12, 1, 0, 0, 0, 25, 6, 15]    (-1)
bravo2.A3_16    71_[13, 2, 10, 8, 2, 11, 7, 0, 2, 5, 3, 6, 3, 0, 12]    (-1)
bravo2.D3_16    71_[13, 1, 0, 7, 2, 0, 1, 6, 0, 9, 1, 1, 3, 0, 11]    (-1)
bravo1.D4_25    71_[6, 7, 13, 7, 1, 7, 0, 7, 36, 0, 0, 10, 1, 6, 4]    (12)
bravo2.D4_15    71_[4, 0, 5, 1, 0, 6, 6, 8, 0, 8, 8, 5, 35, 3, 1]    (10)
bravo2.A5_11    71_[1, 1, 9, 10, 5, 33, 3, 3, 3, 14, 6, 5, 3, 16, 0]    (25)
bravo2.D1_13    70_[27, 6, 1, 11, 4, 4, 3, 8, 3, 0, 1, 1, 15, 16, 17]    (-1)
bravo1.A5_9    70_[11, 2, 10, 6, 4, 5, 3, 9, 2, 8, 53, 1, 4, 7, 4]    (22)
bravo1.D5_11    70_[10, 5, 0, 4, 20, 14, 0, 0, 0, 7, 7, 29, 17, 2, 3]    (24)
bravo1.A5_15    70_[6, 9, 0, 5, 11, 1, 0, 5, 11, 2, 19, 12, 8, 0, 2]    (19)
bravo1.A5_13    70_[1, 1, 10, 2, 8, 8, 9, 8, 12, 18, 3, 6, 2, 2, 3]    (24)
bravo2.A6_9    69_[5, 4, 3, 3, 11, 2, 0, 6, 17, 10, 4, 1, 7, 14, 0]    (15)
bravo2.A3_17    69_[1, 2, 9, 8, 4, 4, 1, 3, 8, 14, 16, 1, 15, 7, 4]    (-1)
bravo3.D4_14    68_[10, 2, 9, 2, 7, 1, 6, 1, 1, 4, 10, 30, 3, 5, 3]    (20)
bravo3.A6_7    68_[6, 1, 36, 1, 4, 42, 4, 3, 5, 5, 3, 0, 0, 14, 0]    (-1)
bravo1.A1_12    67_[26, 15, 3, 9, 9, 6, 5, 6, 2, 19, 12, 6, 5, 22, 1]    (-1)
bravo2.A2_16    67_[20, 7, 3, 1, 1, 15, 2, 1, 8, 15, 0, 25, 17, 0, 5]    (-1)
bravo2.D2_16    67_[3, 24, 0, 23, 8, 9, 0, 21, 15, 1, 4, 0, 8, 2, 3]    (-1)
bravo1.A4_22    67_[2, 8, 8, 2, 5, 14, 2, 16, 4, 4, 1, 8, 16, 5, 0]    (29)
bravo2.D6_9    67_[2, 2, 3, 17, 6, 12, 16, 14, 8, 31, 0, 3, 8, 6, 1]    (25)
bravo1.A5_16    66_[11, 0, 6, 0, 0, 17, 3, 11, 2, 3, 4, 1, 8, 4, 25]    (17)
bravo3.D5_11    66_[2, 2, 0, 1, 1, 26, 1, 2, 0, 1, 29, 3, 1, 18, 1]    (20)
bravo3.A5_11    66_[1, 1, 4, 0, 1, 5, 2, 2, 6, 16, 22, 14, 5, 0, 0]    (21)
bravo1.D4_24    65_[14, 11, 4, 14, 4, 6, 1, 17, 11, 0, 7, 3, 2, 1, 5]    (17)
bravo2.D2_15    65_[12, 1, 19, 13, 9, 3, 11, 6, 5, 29, 10, 3, 11, 31, 12]    (-1)
bravo3.A1_9    64_[5, 9, 0, 10, 13, 4, 0, 3, 1, 12, 10, 8, 1, 14, 5]    (-1)
bravo3.D2_14    64_[4, 15, 13, 23, 0, 10, 10, 12, 0, 16, 4, 0, 14, 10, 6]    (-1)
bravo2.A5_13    63_[9, 4, 2, 1, 7, 8, 5, 14, 1, 2, 5, 18, 4, 2, 1]    (22)
bravo3.D4_15    63_[4, 3, 5, 5, 0, 6, 9, 8, 14, 10, 28, 10, 6, 1, 16]    (8)
bravo2.D5_12    63_[0, 4, 0, 3, 0, 8, 2, 3, 9, 9, 4, 22, 24, 0, 0]    (18)
bravo1.D5_13    62_[38, 22, 1, 8, 11, 37, 10, 9, 8, 7, 1, 4, 15, 0, 3]    (29)
bravo1.D3_28    62_[14, 1, 0, 0, 11, 7, 19, 2, 22, 12, 9, 20, 1, 40, 10]    (7)
bravo1.A6_4    62_[6, 3, 1, 1, 12, 8, 8, 37, 22, 2, 4, 1, 16, 9, 1]    (31)
bravo1.A1_13    61_[13, 16, 6, 33, 0, 1, 13, 27, 18, 8, 4, 5, 13, 5, 30]    (-1)
bravo2.A2_17    61_[4, 18, 0, 7, 13, 0, 10, 1, 5, 8, 2, 1, 1, 0, 5]    (-1)
bravo1.D2_22    60_[19, 7, 2, 2, 2, 10, 9, 3, 9, 3, 8, 3, 5, 40, 1]    (-1)
bravo3.A2_13    60_[2, 0, 8, 1, 8, 4, 10, 8, 17, 15, 2, 5, 21, 36, 7]    (-1)
bravo1.D1_13    60_[1, 1, 11, 10, 1, 7, 2, 7, 0, 12, 8, 3, 41, 0, 4]    (-1)
bravo1.A3_28    59_[10, 0, 4, 10, 8, 23, 31, 2, 12, 9, 1, 40, 2, 2, 8]    (26)
bravo2.A1_14    59_[2, 27, 0, 18, 1, 0, 8, 3, 16, 53, 10, 1, 8, 4, 8]    (-1)
bravo3.D6_8    59_[2, 2, 14, 4, 11, 39, 1, 3, 4, 3, 14, 1, 2, 4, 3]    (-1)
bravo2.A3_18    58_[5, 5, 18, 4, 10, 9, 0, 22, 4, 23, 8, 36, 0, 0, 0]    (-1)
bravo2.A4_16    57_[10, 1, 5, 5, 13, 5, 1, 1, 7, 2, 3, 16, 4, 1, 10]    (14)
bravo3.D5_12    57_[10, 1, 5, 2, 1, 13, 8, 0, 4, 11, 27, 4, 4, 0, 5]    (31)
bravo1.D5_15    57_[2, 5, 13, 36, 7, 15, 0, 9, 2, 2, 1, 0, 3, 1, 11]    (22)
bravo3.A6_8    56_[5, 8, 12, 0, 3, 1, 4, 0, 0, 3, 1, 0, 10, 2, 20]    (-1)
bravo1.D1_14    55_[30, 2, 12, 0, 2, 8, 19, 4, 9, 33, 14, 1, 6, 8, 0]    (-1)
bravo2.A6_10    55_[16, 4, 10, 4, 2, 15, 3, 7, 38, 0, 0, 3, 2, 14, 10]    (25)
bravo1.A2_22    55_[12, 13, 20, 10, 8, 1, 19, 7, 16, 0, 0, 0, 17, 66]    (-1)
bravo3.A2_14    55_[1, 21, 6, 2, 2, 21, 7, 7, 0, 0, 0, 4, 6, 49, 5]    (-1)
bravo2.D1_14    54_[29, 7, 8, 1, 0, 10, 12, 10, 5, 20, 15, 3, 0, 0, 1]    (-1)
bravo1.D5_16    54_[14, 6, 9, 10, 0, 3, 10, 31, 0, 5, 8, 1, 5, 5, 11]    (20)
bravo2.D4_16    54_[6, 1, 8, 2, 12, 29, 45, 2, 0, 6, 26, 7, 2, 9, 14]    (17)
bravo3.D4_16    54_[5, 0, 7, 2, 9, 4, 0, 18, 3, 6, 48, 0, 9, 19, 1]    (10)
bravo2.D2_17    54_[1, 2, 28, 0, 13, 22, 2, 1, 8, 3, 22, 5, 25, 14, 4]    (-1)
bravo2.D5_13    53_[21, 10, 3, 2, 24, 14, 23, 4, 0, 2, 17, 24, 26, 9, 19]    (27)
bravo1.A5_18    53_[17, 1, 1, 20, 11, 7, 0, 39, 3, 2, 4, 5, 22, 10, 27]    (15)
bravo2.A1_15    53_[1, 12, 34, 2, 1, 3, 17, 8, 4, 22, 15, 1, 3, 15, 7]    (-1)
bravo3.D3_17    52_[1, 4, 6, 3, 1, 28, 1, 5, 1, 3, 35, 2, 6, 9, 34]    (-1)
bravo2.D6_10    50_[3, 6, 1, 0, 0, 3, 2, 17, 24, 5, 7, 28, 1, 7, 2]    (15)
bravo1.A1_14    49_[17, 11, 23, 22, 11, 5, 32, 5, 1, 0, 0, 7, 15, 2, 5]    (-1)
bravo3.A4_16    49_[12, 0, 5, 4, 2, 8, 2, 8, 7, 2, 19, 31, 3, 37, 1]    (6)
bravo1.D6_5    49_[6, 6, 0, 9, 8, 35, 4, 2, 22, 7, 3, 7, 39, 3, 1]    (23)
bravo2.A4_17    49_[5, 0, 1, 3, 0, 5, 7, 5, 5, 4, 17, 0, 15, 0, 24]    (26)
bravo3.A3_17    49_[4, 0, 5, 2, 5, 2, 11, 3, 6, 1, 1, 6, 5, 16, 17]    (-1)
bravo1.D6_7    48_[45, 17, 14, 22, 18, 0, 22, 10, 27, 0, 26]    (28)
bravo1.D5_17    48_[8, 4, 9, 9, 2, 9, 22, 8, 12, 1, 13, 0, 10, 1, 0]    (23)
bravo2.A5_12    48_[4, 6, 11, 2, 19, 0, 16, 20, 7, 1, 8, 10, 6, 1, 19]    (13)
bravo3.A5_12    48_[4, 7, 3, 2, 6, 19, 17, 30, 7, 13, 2, 0, 1, 46, 13]    (12)
bravo1.A5_17    48_[3, 9, 0, 2, 21, 52, 8, 3, 9, 5, 2, 16, 2, 9, 27]    (16)
bravo2.D1_15    48_[1, 12, 9, 6, 1, 0, 13, 4, 8, 4, 17, 60, 7, 3, 6]    (-1)
bravo3.A1_10    47_[17, 14, 10, 18, 7, 4, 4, 1, 21, 17, 15, 14, 3, 15, 9]    (-1)
bravo1.A6_7    46_[8, 18, 0, 6, 20, 12, 8, 29, 12, 19, 42, 6, 1, 2, 15]    (29)
bravo1.D4_27    46_[8, 3, 0, 3, 0, 16, 1, 21, 0, 1, 27, 6, 1, 0, 19]    (18)
bravo2.A2_18    46_[4, 28, 18, 6, 7, 9, 4, 25, 41, 13, 0, 12, 9, 9, 30]    (-1)
bravo1.A6_5    44_[8, 14, 18, 1, 32, 23, 6, 6, 3, 0, 1, 29, 9, 49]    (27)
bravo3.A6_9    44_[8, 8, 12, 2, 0, 1, 0, 9, 8, 13, 6, 7, 26, 13, 4]    (-1)
bravo2.A5_14    44_[3, 12, 10, 14, 27, 14, 7, 21, 1, 3, 1, 34, 19, 15, 10]    (23)
bravo1.A4_27    42_[29, 26, 13, 29, 9, 0, 19, 15, 4, 5, 20, 7, 21]    (5)
bravo1.A6_6    42_[6, 14, 4, 2, 7, 9, 3, 7, 18, 24, 16, 9, 1, 50, 25]    (30)
bravo3.D1_10    42_[3, 0, 9, 11, 4, 2, 5, 5, 0, 0, 13, 22, 1, 35, 14]    (-1)
bravo1.D5_18    41_[10, 10, 14, 0, 8, 56, 2, 8, 3, 32, 1, 1, 10, 28, 3]    (18)
bravo2.D5_14    41_[8, 2, 1, 4, 15, 12, 11, 19, 0, 11, 11, 0, 3, 2, 0]    (15)
bravo1.D5_19    41_[6, 5, 25, 5, 1, 24, 12, 1, 14, 14, 3, 4, 27, 0, 36]    (27)
bravo2.D3_18    41_[1, 12, 0, 1, 15, 25, 2, 7, 6, 7, 59, 45, 13]    (-1)
bravo3.A3_18    40_[17, 6, 3, 1, 25, 28, 22, 12, 36, 1, 5, 21, 15]    (-1)
bravo3.D4_17    40_[6, 1, 2, 5, 0, 5, 7, 46, 0, 20, 7, 2, 40, 1, 2]    (18)
bravo1.D1_15    39_[1, 26, 3, 0, 23, 7, 0, 17, 9, 12, 29, 15, 3, 10, 1]    (-1)
bravo2.D6_11    38_[9, 22, 6, 2, 3, 0, 15, 15, 12, 12, 7, 16, 29, 23, 0]    (23)
bravo2.D1_16    38_[4, 19, 33, 7, 4, 4, 0, 0, 48, 0, 22, 7, 12, 29]    (-1)
bravo1.D6_6    37_[17, 45, 14, 27, 9, 5, 5, 1, 10, 0, 21, 25, 1, 3, 36]    (22)
bravo3.D5_13    37_[8, 9, 13, 6, 4, 0, 1, 15, 40, 2, 12, 1, 7, 23, 27]    (32)
bravo2.A3_19    36_[17, 1, 8, 4, 1, 10, 3, 1, 4, 22, 27, 38, 11, 17, 13]    (-1)
bravo2.A6_11    36_[17, 12, 16, 0, 31, 23, 25, 79]    (22)
bravo1.D6_8    36_[8, 3, 1, 21, 0, 65, 2, 1, 10, 0, 0, 55, 8, 13]    (26)
bravo3.A4_17    36_[5, 0, 13, 18, 7, 4, 4, 12, 9, 4, 21, 12, 35, 21, 35]    (23)
bravo3.A5_13    36_[3, 29, 11, 2, 10, 25, 1, 9, 6, 8, 1, 0, 25, 2, 32]    (11)
bravo3.D3_18    34_[11, 2, 2, 6, 3, 8, 21, 2, 22, 26, 20, 11, 20, 38]    (-1)
bravo1.A5_19    34_[8, 2, 0, 0, 3, 5, 31, 63, 20, 15, 2, 0, 22, 58]    (14)
bravo2.D4_17    34_[6, 4, 5, 0, 5, 2, 4, 46, 21, 11, 29, 10, 30, 8, 28]    (7)
bravo2.A1_16    33_[33, 32, 10, 0, 3, 12, 41, 27, 32, 10]    (-1)
bravo1.A6_8    33_[17, 6, 44, 7, 16, 11, 13, 0, 22, 14, 0, 29, 1, 7]    (26)
bravo1.D5_20    33_[6, 3, 7, 1, 24, 16, 0, 33, 21, 12, 7, 14, 21, 7, 41]    (26)
bravo2.D6_12    31_[8, 9, 1, 21, 1, 47, 12, 1, 4, 7, 1, 7, 47, 12, 20]    (26)
bravo3.D6_9    31_[3, 30, 4, 52, 20, 7, 9, 16, 18, 29, 4]    (-1)
bravo3.A2_15    30_[20, 11, 6, 16, 0, 12, 11, 12, 12, 0, 37, 76]    (-1)
bravo1.A5_20    30_[8, 6, 6, 1, 12, 18, 54, 7, 3, 17, 35, 35]    (13)
bravo2.A5_15    29_[8, 3, 0, 19, 8, 5, 38, 23, 30, 14, 0, 26, 2, 40]    (11)
bravo3.D3_19    29_[5, 5, 5, 18, 25, 44, 36, 11, 31, 2, 1, 43]    (-1)
bravo3.A4_18    28_[18, 20, 16, 5, 7, 30, 4, 13, 36, 19, 12, 23]    (13)
bravo1.A1_15    28_[14, 34, 9, 5, 13, 8, 8, 9, 25, 40, 27]    (-1)
bravo2.D1_17    26_[49, 32, 12, 12, 28, 16, 16, 30]    (-1)
bravo2.D2_18    26_[24, 9, 2, 21, 2, 4, 7, 89, 21, 17]    (-1)
bravo2.D4_18    26_[8, 2, 2, 3, 17, 43, 20, 19, 69, 9]    (8)
bravo3.D2_15    25_[37, 22, 1, 9, 12, 25, 77, 12]    (-1)
bravo3.A3_19    25_[19, 32, 4, 17, 9, 35, 11, 43, 13, 40]    (-1)
bravo2.A1_17    25_[14, 18, 33, 14, 25, 19, 5, 65]    (-1)
bravo2.A4_18    24_[36, 9, 5, 53, 2, 10, 1, 22, 11, 19, 0, 11, 23]    (23)
bravo2.D2_19    24_[1, 56, 1, 15, 56, 16, 2, 53]    (-1)
bravo1.A4_28    23_[11, 0, 15, 8, 19, 6, 35, 3, 50, 1, 88]    (-1)
bravo3.D4_18    23_[11, 2, 3, 17, 64, 89, 24]    (17)
bravo2.A6_12    23_[8, 10, 0, 15, 5, 9, 34, 38, 18, 45, 140]    (18)
bravo2.D3_19    23_[5, 5, 5, 1, 16, 25, 93, 36, 43]    (-1)
bravo1.D4_28    22_[23, 109, 29, 45]    (-1)
bravo1.D5_21    22_[18, 0, 0, 83, 1, 4, 8, 63, 43]    (31)
bravo3.A2_16    22_[14, 31, 0, 4, 27, 69, 0, 13, 0, 36]    (-1)
bravo1.A6_9    22_[13, 0, 21, 63, 22, 31, 80]    (28)
bravo1.D6_9    22_[10, 7, 17, 40, 46, 58, 7, 4, 30]    (29)
bravo2.D5_15    22_[8, 35, 0, 6, 10, 43, 14, 20, 11, 26, 1, 50]    (8)
bravo1.D1_16    22_[4, 28, 41, 3, 126]    (-1)
bravo2.A4_19    21_[13, 32, 0, 9, 12, 41, 7, 34, 0, 97]    (-1)
bravo3.D1_11    20_[78, 16, 21, 36, 2, 14, 22, 11]    (-1)
bravo1.A2_23    20_[64, 12, 54, 32, 0, 19, 38]    (-1)
bravo2.A3_20    20_[23, 0, 31, 18, 32, 24, 10, 21, 11, 51]    (-1)
bravo2.D6_13    20_[18, 6, 13, 108, 81]    (27)
bravo2.D3_20    20_[13, 0, 47, 44, 36, 43, 40]    (-1)
bravo2.A5_16    20_[10, 41, 10, 40, 51, 34, 42]    (21)
bravo2.A6_13    20_[8, 4, 32, 9, 13, 14, 37, 21, 38, 38]    (11)
bravo1.A5_21    20_[6, 8, 0, 27, 49, 9, 16, 19, 48, 38]    (12)
bravo2.A2_19    19_[32, 20, 12, 41, 24, 32, 36]    (-1)
bravo1.D6_12    19_[19, 0, 3, 13, 39, 37, 3, 106]    (31)
bravo1.D6_10    19_[8, 1, 7, 85, 3, 10, 0, 90]    (30)
bravo1.A1_16    19_[4, 23, 25, 75, 6, 61]    (-1)
bravo2.A2_20    18_[30, 21, 105, 6, 60]    (-1)
bravo3.A3_20    18_[23, 4, 3, 3, 0, 8, 62, 1, 45, 20, 50]    (-1)
bravo2.D5_16    18_[12, 5, 26, 1, 37, 18, 2, 12, 21, 42, 43]    (31)
bravo1.A6_10    17_[61, 16, 24, 4, 7, 5, 0, 31, 55]    (22)
bravo2.D6_14    17_[25, 44, 14, 23, 0, 10, 102]    (17)
bravo2.A5_17    17_[20, 18, 6, 9, 23, 39, 1, 19, 42, 93]    (12)
bravo2.D5_17    17_[18, 1, 4, 13, 6, 23, 49, 0, 112]    (32)
bravo3.D6_10    16_[19, 0, 11, 45, 30, 20, 60, 40]    (-1)
bravo3.A1_11    16_[14, 2, 15, 16, 1, 3, 100, 44]    (-1)
bravo1.A6_11    16_[12, 24, 0, 30, 39, 9, 23, 39, 41]    (23)
bravo3.A5_14    16_[10, 52, 47, 10, 126]    (-1)
bravo3.D2_16    15_[75, 74, 73]    (-1)
bravo3.D5_14    15_[34, 24, 10, 36, 4, 30, 68]    (-1)
bravo1.D6_11    15_[20, 3, 79, 4, 33, 3, 11, 33, 102]    (27)
bravo1.D2_23    15_[12, 62, 1, 38, 69, 41]    (-1)
bravo3.D4_19    14_[46, 0, 4, 54, 0, 11, 0, 69, 9]    (-1)
bravo2.D1_18    14_[24, 6, 119, 15, 39]    (-1)
bravo2.D2_20    14_[24, 28, 97, 7, 42]    (-1)
bravo3.A4_19    14_[13, 30, 1, 10, 5, 45, 2, 32, 59]    (-1)
bravo2.D5_18    14_[8, 10, 19, 67, 4, 8, 56, 70]    (20)
bravo3.D3_20    13_[13, 0, 144, 69]    (-1)
bravo2.A3_21    12_[32, 3, 74, 46, 70]    (-1)
bravo3.D5_15    12_[19, 0, 4, 21, 4, 32, 92, 73]    (-1)
bravo2.A5_18    12_[8, 3, 26, 6, 9, 13, 235]    (7)
bravo2.D4_19    11_[47, 4, 54, 0, 11, 70, 51]    (-1)
bravo2.A6_14    11_[12, 14, 57, 70, 34, 42]    (10)
bravo2.A1_18    10_[226]    (-1)
bravo2.A1_19    10_[32, 99, 38, 85]    (-1)
bravo3.A6_10    10_[32, 52, 239]    (-1)
bravo3.A3_21    9_[108, 24, 95]    (-1)
bravo3.A1_12    9_[50, 36, 68, 21, 57]    (-1)
bravo3.D1_12    9_[34, 41, 5, 95, 23]    (-1)
bravo2.A2_21    9_[24, 5, 127, 44]    (-1)
bravo2.A4_20    9_[19, 19, 16, 23, 39, 109]    (-1)
bravo2.A5_19    9_[19, 60, 103, 58]    (14)
bravo3.A5_15    9_[14, 55, 16, 34, 61, 187]    (-1)
bravo1.A6_14    9_[8, 30, 103, 107]    (20)
bravo2.D2_21    8_[71, 94, 0, 62]    (-1)
bravo2.D6_15    8_[19, 0, 100, 130]    (32)
bravo1.A6_12    8_[14, 168, 45]    (24)
bravo2.D4_20    8_[12, 0, 93, 121]    (-1)
bravo2.A4_21    7_[70, 158]    (-1)
bravo1.A1_17    7_[30, 58, 39, 44, 31]    (-1)
bravo1.D1_17    7_[30, 46, 128]    (-1)
bravo1.D6_13    7_[14, 175, 38]    (25)
bravo3.A6_11    7_[14, 15, 21, 68, 277]    (-1)
bravo2.D5_19    6_[243]    (17)
bravo2.D3_21    6_[159, 6, 383]    (-1)
bravo3.D6_11    6_[85, 35, 8, 81]    (-1)
bravo3.A4_21    6_[70, 84, 74]    (-1)
bravo1.D2_24    6_[59, 126, 19]    (-1)
bravo1.A6_13    6_[38, 184]    (21)
bravo3.D4_20    6_[12, 0, 93, 195]    (-1)
bravo2.D1_19    6_[1, 74, 386]    (-1)
bravo3.A2_17    5_[255]    (-1)
bravo2.A2_22    5_[151, 14, 0, 123]    (-1)
bravo3.D5_16    5_[107, 13, 203]    (-1)
bravo1.A5_22    5_[61, 35, 402]    (11)
bravo2.D3_22    4_[229]    (-1)
bravo3.D3_22    4_[229]    (-1)
bravo3.D3_21    4_[166, 396]    (-1)
bravo2.A6_15    4_[122, 126]    (21)
bravo1.D6_15    4_[116, 179]    (33)
bravo3.A4_20    4_[70, 159]    (-1)
bravo3.A5_16    4_[52, 253]    (-1)
bravo1.A6_15    4_[39, 76, 387]    (19)
bravo1.D5_22    4_[24, 59, 35, 463]    (25)
bravo2.A3_22    4_[23, 261]    (-1)
bravo3.D4_22    3_[249]    (-1)
bravo3.D2_17    3_[245]    (-1)
bravo3.A6_12    3_[224]    (-1)
bravo2.D1_22    3_[207]    (-1)
bravo3.A1_14    3_[207]    (-1)
bravo1.A2_24    3_[186, 22]    (-1)
bravo2.A1_21    3_[128, 78]    (-1)
bravo3.D5_17    3_[121, 130]    (-1)
bravo1.D6_14    3_[108, 0, 113]    (32)
bravo2.D4_22    3_[39, 209]    (-1)
bravo1.A1_18    2_[398]    (-1)
bravo2.D5_20    2_[372]    (-1)
bravo3.A2_18    2_[353]    (-1)
bravo3.A4_22    2_[249]    (-1)
bravo3.D1_14    2_[207]    (-1)
bravo3.D1_13    2_[202]    (-1)
bravo2.D1_20    2_[151, 201]    (-1)
bravo2.A1_20    2_[134, 361]    (-1)
bravo2.D6_16    2_[109, 81, 406]    (31)
bravo1.A6_16    2_[39, 382]    (-1)
bravo2.A6_16    2_[8, 182, 406]    (13)
bravo3.D6_13    2_[]    (-1)
bravo1.D1_18    1_[538]    (-1)
bravo1.D1_19    1_[534]    (-1)
bravo2.A4_23    1_[249]    (-1)
bravo2.A5_22    1_[249]    (-1)
bravo2.A3_23    1_[230]    (-1)
bravo2.A5_20    1_[184, 413]    (-1)
bravo2.A1_22    1_[166, 431]    (-1)
bravo2.A1_23    1_[166, 431]    (-1)
bravo2.A6_17    1_[121, 476]    (12)
bravo2.A5_21    1_[70, 527]    (-1)
bravo2.D6_18    1_[]    (33)
bravo2.D4_23    1_[554]    (-1)
bravo3.A2_19    1_[533]    (-1)
bravo2.D1_23    1_[496]    (-1)
bravo3.A1_13    1_[398]    (-1)
bravo3.A6_13    1_[398]    (-1)
bravo3.A3_22    1_[352]    (-1)
bravo2.D2_22    1_[291]    (-1)
bravo3.A4_24    1_[249]    (-1)
bravo3.A3_23    1_[230]    (-1)
bravo3.D2_19    1_[230]    (-1)
bravo2.D1_21    1_[207]    (-1)
bravo2.D6_17    1_[121, 476]    (20)
bravo3.A5_18    1_[70, 527]    (-1)
bravo2.D4_21    1_[46, 551]    (-1)
bravo3.D4_21    1_[39, 558]    (-1)
