continues1
1_7: 26: [12, 20, 20, 23, 27, 29]: [1, 1, 1, 1, 2, 1, 2, 1, 1, 1, 1, 2, 1, 2, 1, 4, 1, 1, 2, 3, 2, 2, 1, 1, 2, 1]: 0
8_2: 15: [9, 17, 20, 24, 29, 32]: [1, 2, 1, 1, 1, 3, 1, 1, 1, 1, 2, 3, 2, 2, 2]: 1
14_8: 15: [15, 15, 16, 19, 22, 27]: [1, 1, 3, 1, 3, 2, 1, 2, 2, 1, 2, 1, 1, 2, 3]: 0
19_2: 14: [11, 17, 19, 22, 29, 32]: [1, 2, 2, 1, 1, 1, 2, 2, 3, 2, 1, 1, 2, 1]: 1
2_8: 11: [11, 14, 15, 20, 25, 26]: [1, 1, 3, 2, 3, 2, 1, 2, 1, 1, 1]: 2
3_7: 11: [16, 18, 22, 25, 29, 30]: [1, 2, 2, 1, 2, 1, 1, 1, 2, 2, 1]: 2
16_6: 10: [3, 9, 14, 18, 26, 29]: [2, 2, 3, 2, 1, 1, 2, 2, 2, 1]: 1
9_2: 9: [12, 19, 22, 26, 30, 31]: [1, 1, 2, 2, 2, 1, 2, 1, 1]: 2
15_6: 9: [8, 12, 15, 15, 21, 28]: [2, 2, 1, 1, 2, 1, 3, 1, 1]: 0
2_3: 8: [3, 15, 21, 23, 28, 30]: [1, 1, 1, 1, 2, 2, 2, 1]: 1
10_3: 8: [2, 14, 19, 24, 29, 31]: [1, 1, 1, 1, 2, 1, 2, 1]: 2
7_6: 7: [5, 10, 16, 19, 24, 29]: [2, 2, 3, 1, 1, 1, 3]: 0
11_3: 7: [4, 14, 18, 24, 29, 31]: [2, 2, 4, 2, 2, 2, 2]: 2
15_3: 7: [1, 14, 19, 23, 29, 32]: [1, 2, 2, 1, 1, 2, 1]: 1
17_3: 7: [3, 14, 19, 24, 27, 29]: [2, 2, 2, 2, 2, 1, 1]: 1
16_7: 6: [5, 9, 13, 16, 28, 32]: [1, 2, 1, 3, 1, 2]: 1
5_10: 6: [10, 18, 18, 21, 26, 32]: [1, 1, 1, 2, 2, 1]: 0
19_10: 6: [9, 13, 17, 18, 28, 30]: [1, 1, 1, 1, 1, 1]: 3
2_2: 5: [8, 13, 20, 22, 28, 31]: [2, 2, 1, 2, 2]: 2
7_2: 5: [8, 13, 20, 22, 27, 30]: [1, 3, 1, 2, 1]: 2
continues0
9_6: 3: [12, 16, 20, 21, 27, 27]: [0, 0, 0, 2, 1, 2, 2, 2, 0, 1, 2]: 0
14_6: 3: [11, 13, 12, 18, 23, 29]: [0, 0, 0, 2, 1, 1, 1, 1, 2, 1, 1]: 1
7_3: 2: [2, 11, 18, 22, 28, 31]: [0, 0, 1, 1, 0, 1, 1, 2, 0, 1, 0]: 1
11_6: 2: [8, 9, 16, 23, 24, 29]: [0, 0, 1, 1, 0, 0, 1, 1, 1, 1, 0]: 0
13_6: 2: [2, 12, 16, 26, 25, 28]: [0, 0, 1, 0, 2, 1, 3, 1, 2, 1, 2]: 1
15_2: 2: [11, 12, 20, 24, 29, 32]: [0, 0, 1, 1, 0, 1, 0, 1, 0, 1, 0]: 0
17_6: 2: [10, 10, 14, 18, 24, 30]: [0, 0, 1, 1, 2, 0, 0, 1, 2, 0, 4]: 2
17_9: 2: [11, 12, 18, 18, 28, 31]: [0, 0, 1, 2, 2, 0, 0, 2, 1, 0, 2]: 1
3_10: 2: [10, 19, 20, 23, 26, 30]: [0, 0, 1, 0, 1, 1, 2, 2, 2, 0, 0]: 1
1_1: 1: [14, 16, 23, 24, 27, 30]: [0, 3, 1, 0, 2, 0, 1, 2, 2, 1, 0]: 2
1_6: 1: [10, 15, 18, 21, 24, 31]: [0, 1, 1, 3, 1, 1, 3, 1, 1, 1, 1]: 1
1_9: 1: [11, 19, 18, 23, 26, 30]: [0, 1, 1, 1, 0, 2, 1, 2, 2, 1, 2]: 1
2_6: 1: [10, 14, 18, 20, 23, 28]: [0, 1, 1, 2, 2, 0, 1, 0, 1, 0, 0]: 1
3_6: 1: [15, 14, 17, 21, 25, 28]: [0, 2, 2, 1, 3, 0, 1, 1, 0, 2, 1]: 3
3_8: 1: [15, 19, 21, 22, 28, 30]: [0, 2, 0, 2, 2, 1, 1, 2, 2, 1, 1]: 1
4_2: 1: [10, 13, 16, 17, 25, 29]: [0, 3, 1, 0, 1, 1, 1, 1, 0, 0, 2]: 3
4_8: 1: [12, 15, 22, 23, 29, 32]: [0, 2, 0, 3, 2, 2, 1, 1, 1, 0, 2]: 0
5_6: 1: [7, 13, 15, 18, 22, 28]: [0, 1, 0, 1, 1, 0, 1, 0, 0, 1, 0]: 1
6_1: 1: [9, 14, 17, 20, 25, 32]: [0, 2, 1, 0, 2, 2, 1, 1, 0, 1, 1]: 3
6_3: 1: [3, 14, 19, 23, 28, 30]: [0, 2, 2, 0, 2, 2, 2, 0, 0, 1, 1]: 2
6_6: 1: [5, 9, 13, 20, 25, 31]: [0, 1, 1, 2, 1, 1, 3, 1, 1, 0, 2]: 3
8_8: 1: [13, 17, 18, 21, 27, 30]: [0, 1, 1, 0, 2, 3, 0, 1, 2, 0, 1]: 3
9_8: 1: [13, 17, 21, 23, 24, 28]: [0, 1, 1, 0, 1, 2, 0, 0, 1, 1, 3]: 2
11_8: 1: [9, 15, 18, 24, 26, 32]: [0, 1, 4, 1, 1, 0, 0, 3, 2, 1, 1]: 0
12_8: 1: [12, 18, 23, 20, 28, 29]: [0, 1, 2, 0, 0, 1, 2, 1, 2, 0, 0]: 0
13_2: 1: [9, 17, 20, 24, 29, 31]: [0, 1, 1, 3, 2, 0, 0, 2, 1, 0, 1]: 2
13_3: 1: [2, 15, 20, 24, 29, 30]: [0, 1, 0, 2, 0, 0, 2, 2, 0, 2, 1]: 1
15_8: 1: [10, 16, 16, 20, 25, 28]: [0, 2, 2, 1, 0, 0, 0, 0, 1, 1, 1]: 1
16_8: 1: [8, 18, 18, 22, 29, 31]: [0, 2, 1, 0, 1, 2, 1, 1, 0, 1, 1]: 1
16_9: 1: [10, 16, 16, 20, 28, 30]: [0, 2, 1, 0, 0, 2, 1, 2, 0, 2, 1]: 1
17_2: 1: [11, 17, 19, 22, 25, 30]: [0, 3, 2, 2, 1, 2, 1, 0, 0, 1, 1]: 3
17_8: 1: [13, 15, 18, 19, 25, 28]: [0, 1, 0, 1, 1, 0, 0, 2, 0, 2, 2]: 2
18_3: 1: [2, 14, 20, 25, 29, 30]: [0, 1, 1, 0, 1, 2, 1, 0, 0, 0, 1]: 3
19_3: 1: [4, 14, 20, 24, 30, 32]: [0, 1, 1, 2, 2, 1, 1, 2, 0, 4, 2]: 2
19_8: 1: [11, 19, 21, 22, 27, 29]: [0, 1, 0, 0, 1, 0, 2, 0, 1, 1, 1]: 0
19_9: 1: [11, 17, 19, 19, 27, 29]: [0, 3, 1, 1, 1, 1, 2, 0, 1, 0, 1]: 1
20_1: 1: [12, 14, 19, 22, 26, 30]: [0, 1, 1, 0, 2, 2, 1, 1, 1, 2, 1]: 2
20_2: 1: [10, 13, 18, 23, 27, 31]: [0, 2, 2, 1, 1, 0, 1, 2, 1, 1, 1]: 2
20_6: 1: [8, 14, 18, 20, 24, 28]: [0, 1, 1, 0, 2, 2, 1, 0, 1, 1, 1]: 1
20_7: 1: [10, 21, 22, 23, 26, 30]: [0, 2, 0, 3, 2, 2, 1, 1, 3, 3, 0]: 1
6_10: 1: [11, 18, 20, 24, 28, 31]: [0, 1, 0, 1, 0, 1, 2, 1, 1, 2, 0]: 1
7_10: 1: [12, 18, 21, 23, 29, 31]: [0, 2, 1, 2, 2, 0, 1, 0, 3, 1, 1]: 1
13_10: 1: [14, 19, 22, 24, 29, 30]: [0, 1, 1, 2, 0, 1, 1, 0, 2, 1, 1]: 2
16_10: 1: [10, 15, 17, 22, 26, 30]: [0, 2, 1, 1, 3, 0, 2, 1, 1, 2, 1]: 2
17_10: 1: [11, 14, 18, 21, 29, 32]: [0, 1, 0, 2, 0, 1, 1, 0, 2, 0, 1]: 1
20_10: 1: [12, 17, 19, 19, 26, 30]: [0, 1, 0, 1, 4, 0, 1, 1, 3, 1, 2]: 2
1_0: 0: [10, 19, 18, 22, 26, 30]: [1, 1, 1, 0, 0, 0, 1, 1, 3, 1, 2]: 1
1_2: 0: [12, 15, 20, 22, 27, 31]: [1, 2, 0, 1, 1, 0, 1, 1, 1, 2, 0]: 1
1_3: 0: [5, 15, 20, 24, 28, 30]: [1, 1, 1, 1, 0, 1, 0, 1, 0, 1, 1]: 1
1_4: 0: [4, 9, 15, 21, 25, 29]: [0, 0, 3, 2, 0, 0, 2, 1, 1, 1, 1]: 1
1_5: 0: [4, 9, 14, 19, 23, 28]: [2, 0, 0, 1, 1, 0, 1, 0, 1, 2, 0]: 1
1_7: 0: [12, 20, 20, 23, 27, 29]: [1, 1, 1, 1, 2, 1, 2, 1, 1, 1, 1]: 0
1_8: 0: [13, 18, 18, 24, 27, 30]: [1, 0, 1, 2, 1, 1, 1, 1, 3, 1, 1]: 2
2_0: 0: [14, 21, 18, 23, 27, 30]: [1, 0, 1, 0, 2, 1, 3, 1, 2, 2, 2]: 2
2_1: 0: [6, 9, 20, 21, 26, 29]: [1, 0, 4, 0, 1, 2, 1, 1, 0, 2, 2]: 0
2_2: 0: [8, 13, 20, 22, 28, 31]: [2, 2, 1, 2, 2, 0, 1, 1, 1, 1, 1]: 2
2_3: 0: [3, 15, 21, 23, 28, 30]: [1, 1, 1, 1, 2, 2, 2, 1, 0, 2, 1]: 1
2_4: 0: [4, 10, 17, 21, 25, 28]: [1, 1, 1, 2, 2, 0, 1, 0, 2, 1, 2]: 2
2_5: 0: [4, 9, 14, 19, 24, 28]: [2, 0, 1, 1, 2, 0, 1, 0, 2, 1, 0]: 1
2_7: 0: [9, 16, 18, 22, 27, 28]: [1, 0, 0, 0, 2, 0, 2, 2, 1, 1, 2]: 0
2_8: 0: [11, 14, 15, 20, 25, 26]: [1, 1, 3, 2, 3, 2, 1, 2, 1, 1, 1]: 2
2_9: 0: [13, 18, 16, 21, 26, 28]: [2, 1, 0, 1, 1, 1, 2, 2, 1, 1, 2]: 1
3_0: 0: [10, 19, 20, 23, 26, 30]: [0, 0, 1, 0, 1, 1, 2, 2, 2, 0, 0]: 1
3_1: 0: [10, 13, 21, 23, 27, 30]: [2, 3, 0, 1, 1, 1, 1, 1, 1, 1, 1]: 2
3_2: 0: [10, 15, 21, 24, 28, 31]: [3, 1, 1, 1, 0, 1, 1, 1, 1, 1, 0]: 1
3_3: 0: [3, 15, 19, 22, 28, 31]: [1, 1, 1, 0, 0, 1, 2, 0, 1, 3, 1]: 1
3_4: 0: [3, 8, 13, 20, 25, 29]: [2, 0, 3, 2, 1, 0, 2, 0, 1, 1, 1]: 2
3_5: 0: [4, 9, 14, 19, 24, 28]: [2, 0, 0, 1, 2, 0, 1, 0, 2, 2, 0]: 1
3_7: 0: [16, 18, 22, 25, 29, 30]: [1, 2, 2, 1, 2, 1, 1, 1, 2, 2, 1]: 2
3_9: 0: [13, 20, 22, 24, 28, 31]: [1, 0, 2, 1, 2, 1, 2, 0, 2, 0, 1]: 2
4_0: 0: [11, 17, 20, 19, 27, 29]: [1, 1, 2, 1, 1, 0, 1, 1, 2, 2, 0]: 1
4_1: 0: [14, 16, 22, 24, 27, 31]: [1, 1, 2, 0, 0, 3, 0, 2, 1, 1, 2]: 2
4_3: 0: [0, 12, 17, 20, 27, 31]: [1, 2, 2, 0, 0, 1, 2, 1, 0, 0, 3]: 2
4_4: 0: [3, 10, 16, 22, 25, 29]: [2, 0, 3, 2, 2, 0, 0, 0, 1, 1, 0]: 1
4_5: 0: [4, 9, 14, 19, 24, 28]: [2, 0, 0, 2, 2, 0, 2, 0, 2, 1, 0]: 1
4_6: 0: [10, 15, 16, 24, 27, 30]: [1, 0, 0, 1, 2, 0, 1, 0, 2, 2, 1]: 1
4_7: 0: [8, 12, 15, 19, 28, 32]: [2, 1, 0, 1, 2, 2, 1, 0, 2, 4, 2]: 0
4_9: 0: [13, 16, 20, 19, 27, 29]: [1, 0, 2, 1, 2, 1, 0, 1, 1, 1, 1]: 1
5_0: 0: [10, 18, 18, 21, 26, 32]: [1, 1, 1, 2, 2, 1, 0, 2, 2, 1, 1]: 0
5_1: 0: [12, 19, 23, 25, 29, 32]: [1, 1, 1, 0, 0, 1, 1, 2, 0, 3, 1]: 1
5_2: 0: [12, 14, 21, 25, 29, 32]: [2, 1, 1, 0, 2, 2, 2, 2, 0, 0, 1]: 2
5_3: 0: [2, 13, 19, 24, 27, 31]: [1, 0, 2, 1, 1, 0, 3, 0, 1, 1, 2]: 2
5_4: 0: [4, 11, 16, 20, 24, 29]: [0, 0, 3, 1, 1, 0, 2, 0, 0, 2, 0]: 0
5_5: 0: [4, 9, 14, 19, 24, 29]: [1, 0, 0, 2, 2, 0, 1, 0, 1, 2, 0]: 1
5_7: 0: [11, 17, 18, 20, 24, 29]: [1, 0, 1, 3, 1, 0, 2, 1, 1, 1, 0]: 1
5_8: 0: [12, 19, 21, 23, 27, 30]: [1, 1, 1, 1, 0, 1, 1, 0, 1, 0, 1]: 1
5_9: 0: [12, 21, 21, 23, 26, 31]: [1, 0, 1, 0, 0, 0, 0, 2, 2, 1, 2]: 1
6_0: 0: [11, 18, 20, 24, 28, 31]: [0, 1, 0, 1, 0, 1, 2, 1, 1, 2, 0]: 1
6_2: 0: [11, 15, 20, 22, 27, 32]: [2, 1, 0, 2, 1, 1, 2, 2, 1, 1, 1]: 0
6_4: 0: [5, 11, 17, 22, 26, 29]: [1, 1, 3, 1, 1, 1, 2, 0, 1, 0, 0]: 1
6_5: 0: [5, 10, 15, 20, 25, 29]: [2, 0, 0, 1, 2, 0, 1, 0, 1, 1, 1]: 1
6_7: 0: [7, 12, 16, 24, 28, 32]: [1, 0, 0, 0, 0, 1, 3, 3, 0, 1, 0]: 0
6_8: 0: [6, 13, 16, 22, 27, 31]: [1, 0, 2, 0, 0, 1, 0, 1, 2, 1, 2]: 2
6_9: 0: [12, 18, 19, 24, 28, 30]: [1, 1, 0, 0, 1, 2, 2, 1, 2, 1, 0]: 1
7_0: 0: [12, 18, 21, 23, 29, 31]: [0, 2, 1, 2, 2, 0, 1, 0, 3, 1, 1]: 1
7_1: 0: [9, 12, 19, 25, 28, 31]: [2, 1, 1, 0, 3, 2, 1, 0, 1, 3, 0]: 2
7_2: 0: [8, 13, 20, 22, 27, 30]: [1, 3, 1, 2, 1, 0, 1, 2, 0, 2, 2]: 2
7_4: 0: [4, 9, 15, 21, 25, 29]: [1, 0, 1, 2, 1, 0, 2, 0, 1, 1, 1]: 1
7_5: 0: [4, 9, 13, 19, 24, 29]: [1, 0, 1, 2, 2, 0, 1, 1, 1, 1, 0]: 1
7_6: 0: [5, 10, 16, 19, 24, 29]: [2, 2, 3, 1, 1, 1, 3, 0, 1, 2, 0]: 0
7_7: 0: [11, 16, 20, 24, 28, 30]: [1, 1, 1, 1, 0, 1, 1, 1, 2, 0, 1]: 1
7_8: 0: [10, 15, 19, 22, 28, 30]: [1, 2, 1, 1, 2, 0, 1, 0, 2, 2, 2]: 1
7_9: 0: [11, 17, 20, 23, 29, 31]: [1, 1, 0, 0, 0, 0, 1, 2, 3, 2, 2]: 2
8_0: 0: [11, 16, 19, 22, 28, 32]: [1, 0, 1, 0, 1, 0, 3, 1, 1, 1, 2]: 0
8_1: 0: [8, 20, 23, 25, 30, 32]: [1, 1, 1, 0, 1, 1, 2, 2, 1, 1, 1]: 2
8_2: 0: [9, 17, 20, 24, 29, 32]: [1, 2, 1, 1, 1, 3, 1, 1, 1, 1, 2]: 1
8_3: 0: [2, 15, 19, 25, 30, 31]: [3, 1, 1, 1, 4, 0, 2, 3, 0, 0, 3]: 3
8_4: 0: [5, 12, 17, 22, 25, 30]: [1, 1, 3, 1, 3, 2, 2, 1, 1, 1, 2]: 3
8_5: 0: [4, 9, 14, 19, 24, 29]: [2, 0, 0, 2, 2, 0, 1, 0, 1, 2, 0]: 1
8_6: 0: [10, 12, 17, 21, 26, 30]: [1, 1, 0, 0, 2, 1, 1, 1, 2, 1, 1]: 2
8_7: 0: [12, 14, 18, 21, 26, 30]: [2, 2, 0, 0, 0, 2, 1, 0, 0, 1, 1]: 2
8_9: 0: [12, 16, 19, 21, 27, 31]: [1, 1, 2, 1, 1, 0, 0, 1, 1, 1, 2]: 1
9_0: 0: [11, 15, 20, 22, 25, 29]: [2, 2, 0, 0, 0, 0, 2, 1, 2, 2, 1]: 1
9_1: 0: [13, 17, 22, 22, 29, 31]: [3, 2, 1, 0, 0, 1, 3, 1, 0, 2, 1]: 3
9_2: 0: [12, 19, 22, 26, 30, 31]: [1, 1, 2, 2, 2, 1, 2, 1, 1, 0, 0]: 2
9_3: 0: [3, 13, 17, 24, 28, 30]: [2, 0, 0, 1, 1, 0, 1, 0, 0, 1, 1]: 3
9_4: 0: [4, 10, 15, 21, 25, 29]: [1, 2, 2, 1, 1, 0, 1, 1, 0, 1, 0]: 1
9_5: 0: [4, 9, 14, 19, 24, 28]: [1, 0, 0, 2, 3, 0, 1, 0, 1, 1, 0]: 1
9_7: 0: [11, 15, 22, 24, 24, 28]: [1, 1, 1, 1, 0, 1, 1, 1, 2, 2, 2]: 0
9_9: 0: [13, 16, 21, 23, 26, 30]: [2, 1, 0, 1, 1, 0, 0, 2, 1, 2, 3]: 2
10_0: 0: [10, 19, 24, 23, 29, 31]: [1, 0, 0, 2, 1, 0, 0, 2, 1, 1, 1]: 1
10_1: 0: [11, 18, 25, 26, 29, 31]: [2, 1, 1, 0, 1, 0, 1, 2, 0, 3, 2]: 2
10_2: 0: [12, 16, 22, 25, 28, 32]: [1, 1, 1, 1, 1, 0, 1, 3, 3, 0, 1]: 1
10_3: 0: [2, 14, 19, 24, 29, 31]: [1, 1, 1, 1, 2, 1, 2, 1, 0, 1, 0]: 2
10_4: 0: [4, 11, 16, 22, 26, 29]: [0, 0, 3, 2, 1, 0, 1, 2, 1, 2, 1]: 0
10_5: 0: [4, 9, 14, 19, 24, 28]: [1, 0, 0, 2, 1, 0, 1, 0, 2, 2, 0]: 1
10_6: 0: [9, 14, 21, 22, 26, 32]: [1, 1, 1, 0, 2, 1, 1, 1, 2, 3, 1]: 1
10_7: 0: [11, 16, 21, 23, 28, 33]: [2, 3, 1, 0, 1, 0, 0, 0, 2, 2, 0]: 0
10_8: 0: [9, 18, 22, 21, 27, 29]: [2, 1, 0, 1, 2, 1, 0, 1, 1, 1, 0]: 0
10_9: 0: [9, 19, 24, 22, 28, 30]: [1, 1, 2, 1, 1, 0, 1, 4, 2, 2, 2]: 1
11_0: 0: [9, 15, 16, 22, 28, 30]: [1, 0, 0, 0, 0, 1, 2, 1, 2, 2, 1]: 1
11_1: 0: [9, 13, 18, 21, 26, 31]: [2, 0, 1, 0, 3, 2, 1, 1, 1, 1, 1]: 2
11_2: 0: [10, 14, 20, 22, 28, 32]: [1, 1, 0, 1, 0, 2, 1, 2, 2, 1, 0]: 1
11_3: 0: [4, 14, 18, 24, 29, 31]: [2, 2, 4, 2, 2, 2, 2, 0, 0, 2, 1]: 2
11_4: 0: [5, 12, 16, 22, 26, 30]: [1, 0, 2, 2, 1, 0, 2, 1, 1, 1, 1]: 1
11_5: 0: [4, 10, 14, 19, 24, 29]: [2, 0, 0, 1, 2, 0, 1, 0, 2, 1, 0]: 1
11_7: 0: [8, 10, 13, 24, 27, 31]: [1, 3, 1, 2, 0, 1, 0, 1, 1, 0, 1]: 2
11_9: 0: [12, 17, 17, 22, 27, 31]: [1, 1, 2, 1, 0, 2, 2, 1, 2, 2, 2]: 2
12_0: 0: [9, 16, 19, 22, 29, 31]: [2, 1, 2, 2, 0, 0, 3, 1, 1, 1, 2]: 1
12_1: 0: [12, 15, 21, 23, 29, 32]: [1, 2, 1, 0, 0, 2, 1, 2, 1, 1, 2]: 0
12_2: 0: [9, 12, 19, 22, 26, 32]: [2, 1, 1, 1, 1, 0, 0, 1, 1, 2, 1]: 0
12_3: 0: [3, 12, 17, 23, 29, 31]: [2, 1, 1, 0, 1, 0, 1, 3, 1, 0, 1]: 2
12_4: 0: [4, 10, 14, 21, 24, 29]: [1, 0, 2, 2, 0, 0, 2, 1, 0, 2, 1]: 1
12_5: 0: [4, 9, 14, 19, 24, 28]: [2, 0, 0, 2, 1, 0, 1, 0, 1, 2, 1]: 1
12_6: 0: [9, 16, 16, 21, 29, 32]: [2, 0, 1, 2, 1, 1, 1, 1, 2, 2, 1]: 0
12_7: 0: [13, 18, 20, 21, 27, 30]: [2, 1, 2, 2, 0, 1, 2, 2, 1, 2, 1]: 2
12_9: 0: [12, 19, 24, 23, 29, 30]: [1, 3, 0, 1, 1, 2, 0, 2, 0, 1, 1]: 1
13_0: 0: [14, 19, 22, 24, 29, 30]: [0, 1, 1, 2, 0, 1, 1, 0, 2, 1, 1]: 2
13_1: 0: [13, 19, 22, 24, 28, 30]: [1, 1, 0, 1, 0, 2, 1, 2, 0, 2, 0]: 2
13_4: 0: [3, 10, 15, 21, 25, 29]: [1, 0, 1, 1, 1, 0, 1, 1, 2, 2, 0]: 1
13_5: 0: [4, 9, 14, 19, 24, 28]: [1, 0, 0, 2, 2, 0, 1, 0, 1, 2, 1]: 1
13_7: 0: [9, 15, 20, 22, 28, 31]: [2, 1, 0, 1, 1, 1, 0, 2, 3, 1, 1]: 1
13_8: 0: [8, 13, 19, 22, 25, 29]: [2, 0, 1, 1, 1, 1, 2, 2, 1, 1, 0]: 2
13_9: 0: [15, 19, 23, 24, 29, 30]: [1, 0, 1, 2, 1, 0, 1, 2, 2, 1, 2]: 1
14_0: 0: [11, 16, 18, 22, 27, 29]: [1, 3, 2, 1, 0, 0, 1, 2, 3, 1, 1]: 0
14_1: 0: [13, 13, 19, 23, 27, 32]: [2, 0, 2, 0, 0, 1, 0, 2, 2, 3, 3]: 1
14_2: 0: [14, 14, 19, 23, 27, 32]: [1, 1, 2, 2, 1, 0, 1, 0, 0, 0, 1]: 1
14_3: 0: [3, 16, 18, 23, 27, 30]: [1, 0, 1, 1, 1, 0, 1, 2, 3, 1, 1]: 1
14_4: 0: [4, 11, 16, 21, 25, 28]: [0, 1, 2, 2, 2, 0, 2, 1, 1, 1, 0]: 1
14_5: 0: [4, 9, 14, 19, 24, 28]: [1, 0, 0, 1, 1, 0, 1, 1, 2, 2, 0]: 1
14_7: 0: [14, 14, 14, 16, 23, 29]: [1, 1, 1, 3, 1, 0, 2, 0, 0, 3, 1]: 1
14_8: 0: [15, 15, 16, 19, 22, 27]: [1, 1, 3, 1, 3, 2, 1, 2, 2, 1, 2]: 0
14_9: 0: [13, 15, 16, 21, 26, 28]: [1, 1, 3, 1, 1, 0, 0, 1, 0, 0, 2]: 1
15_0: 0: [9, 15, 17, 20, 25, 30]: [2, 1, 0, 1, 1, 0, 1, 2, 0, 2, 2]: 3
15_1: 0: [10, 13, 21, 26, 28, 31]: [1, 0, 2, 0, 0, 1, 1, 1, 1, 1, 0]: 2
15_3: 0: [1, 14, 19, 23, 29, 32]: [1, 2, 2, 1, 1, 2, 1, 0, 1, 0, 2]: 1
15_4: 0: [4, 10, 15, 21, 26, 30]: [2, 0, 1, 1, 3, 0, 1, 0, 1, 1, 1]: 1
15_5: 0: [4, 9, 14, 19, 24, 29]: [2, 0, 0, 1, 1, 0, 1, 0, 1, 2, 0]: 1
15_6: 0: [8, 12, 15, 15, 21, 28]: [2, 2, 1, 1, 2, 1, 3, 1, 1, 0, 0]: 0
15_7: 0: [8, 14, 16, 17, 25, 29]: [1, 2, 1, 2, 2, 0, 1, 2, 1, 1, 2]: 3
15_9: 0: [11, 16, 17, 20, 26, 29]: [1, 3, 2, 0, 2, 0, 2, 2, 2, 1, 1]: 1
16_0: 0: [10, 15, 17, 22, 26, 30]: [0, 2, 1, 1, 3, 0, 2, 1, 1, 2, 1]: 2
16_1: 0: [14, 18, 22, 23, 27, 32]: [1, 1, 0, 2, 2, 2, 1, 2, 2, 0, 2]: 1
16_2: 0: [9, 17, 20, 24, 29, 33]: [1, 0, 1, 1, 2, 0, 1, 2, 2, 0, 0]: 1
16_3: 0: [3, 16, 21, 25, 28, 31]: [1, 0, 2, 0, 1, 0, 1, 0, 0, 1, 1]: 2
16_4: 0: [4, 10, 15, 21, 24, 28]: [1, 0, 2, 1, 1, 0, 2, 2, 1, 2, 0]: 0
16_5: 0: [4, 9, 14, 19, 24, 28]: [2, 0, 0, 1, 1, 0, 2, 0, 1, 2, 1]: 1
16_6: 0: [3, 9, 14, 18, 26, 29]: [2, 2, 3, 2, 1, 1, 2, 2, 2, 1, 0]: 1
16_7: 0: [5, 9, 13, 16, 28, 32]: [1, 2, 1, 3, 1, 2, 0, 2, 3, 0, 2]: 1
17_0: 0: [11, 14, 18, 21, 29, 32]: [0, 1, 0, 2, 0, 1, 1, 0, 2, 0, 1]: 1
17_1: 0: [12, 17, 21, 22, 25, 30]: [1, 2, 0, 0, 1, 0, 1, 0, 2, 2, 1]: 3
17_3: 0: [3, 14, 19, 24, 27, 29]: [2, 2, 2, 2, 2, 1, 1, 0, 2, 1, 2]: 1
17_4: 0: [4, 10, 15, 21, 25, 29]: [2, 1, 2, 2, 1, 1, 0, 1, 1, 1, 1]: 1
17_5: 0: [4, 9, 14, 19, 24, 28]: [2, 0, 0, 1, 1, 0, 1, 0, 1, 2, 1]: 1
17_7: 0: [14, 14, 16, 18, 26, 29]: [2, 0, 1, 1, 2, 1, 1, 1, 2, 1, 2]: 1
18_0: 0: [9, 13, 17, 20, 25, 29]: [2, 2, 0, 1, 2, 1, 1, 1, 0, 1, 2]: 3
18_1: 0: [9, 15, 21, 23, 30, 32]: [2, 2, 0, 1, 1, 2, 1, 2, 0, 2, 0]: 1
18_2: 0: [11, 13, 20, 25, 28, 31]: [1, 1, 0, 1, 2, 0, 1, 1, 2, 0, 1]: 3
18_4: 0: [4, 10, 16, 21, 25, 29]: [1, 0, 3, 2, 0, 0, 1, 1, 1, 1, 2]: 1
18_5: 0: [4, 9, 14, 19, 24, 28]: [2, 0, 0, 1, 2, 0, 1, 1, 2, 2, 0]: 1
18_6: 0: [10, 17, 20, 26, 29, 28]: [1, 0, 1, 1, 1, 1, 1, 1, 1, 0, 1]: 1
18_7: 0: [10, 15, 17, 21, 28, 28]: [1, 2, 2, 0, 2, 0, 2, 1, 3, 0, 2]: 1
18_8: 0: [13, 15, 17, 19, 27, 27]: [1, 0, 0, 1, 1, 1, 0, 0, 0, 1, 3]: 2
18_9: 0: [12, 13, 17, 18, 26, 28]: [1, 2, 0, 1, 2, 0, 1, 0, 2, 1, 1]: 2
19_0: 0: [9, 13, 17, 18, 28, 30]: [1, 1, 1, 1, 1, 1, 0, 1, 1, 1, 2]: 3
19_1: 0: [12, 15, 19, 22, 29, 32]: [1, 0, 1, 1, 0, 2, 2, 1, 1, 2, 0]: 0
19_2: 0: [11, 17, 19, 22, 29, 32]: [1, 2, 2, 1, 1, 1, 2, 2, 3, 2, 1]: 1
19_4: 0: [3, 9, 16, 21, 25, 29]: [0, 1, 2, 1, 2, 0, 0, 1, 1, 2, 0]: 1
19_5: 0: [4, 9, 15, 19, 24, 29]: [1, 0, 0, 2, 2, 0, 2, 0, 2, 2, 0]: 0
19_6: 0: [6, 7, 11, 15, 21, 31]: [1, 1, 1, 1, 1, 0, 1, 1, 2, 2, 1]: 1
19_7: 0: [8, 14, 18, 18, 25, 29]: [2, 0, 0, 1, 2, 0, 3, 1, 2, 1, 0]: 2
20_0: 0: [12, 17, 19, 19, 26, 30]: [0, 1, 0, 1, 4, 0, 1, 1, 3, 1, 2]: 2
20_3: 0: [3, 13, 17, 22, 28, 31]: [1, 0, 3, 1, 1, 0, 1, 1, 0, 1, 1]: 3
20_4: 0: [4, 10, 15, 20, 24, 28]: [1, 0, 2, 1, 3, 1, 2, 1, 0, 2, 1]: 0
20_5: 0: [4, 9, 14, 19, 24, 28]: [1, 0, 0, 2, 2, 0, 1, 0, 1, 2, 0]: 1
20_8: 0: [14, 19, 20, 22, 24, 29]: [1, 2, 2, 1, 1, 0, 0, 2, 3, 2, 2]: 1
20_9: 0: [13, 16, 18, 20, 26, 30]: [1, 2, 2, 0, 1, 1, 0, 1, 1, 3, 1]: 2
1_10: 0: [10, 19, 18, 22, 26, 30]: [1, 1, 1, 0, 0, 0, 1, 1, 3, 1, 2]: 1
2_10: 0: [14, 21, 18, 23, 27, 30]: [1, 0, 1, 0, 2, 1, 3, 1, 2, 2, 2]: 2
4_10: 0: [11, 17, 20, 19, 27, 29]: [1, 1, 2, 1, 1, 0, 1, 1, 2, 2, 0]: 1
5_10: 0: [10, 18, 18, 21, 26, 32]: [1, 1, 1, 2, 2, 1, 0, 2, 2, 1, 1]: 0
8_10: 0: [11, 16, 19, 22, 28, 32]: [1, 0, 1, 0, 1, 0, 3, 1, 1, 1, 2]: 0
9_10: 0: [11, 15, 20, 22, 25, 29]: [2, 2, 0, 0, 0, 0, 2, 1, 2, 2, 1]: 1
10_10: 0: [10, 19, 24, 23, 29, 31]: [1, 0, 0, 2, 1, 0, 0, 2, 1, 1, 1]: 1
11_10: 0: [9, 15, 16, 22, 28, 30]: [1, 0, 0, 0, 0, 1, 2, 1, 2, 2, 1]: 1
12_10: 0: [9, 16, 19, 22, 29, 31]: [2, 1, 2, 2, 0, 0, 3, 1, 1, 1, 2]: 1
14_10: 0: [11, 16, 18, 22, 27, 29]: [1, 3, 2, 1, 0, 0, 1, 2, 3, 1, 1]: 0
15_10: 0: [9, 15, 17, 20, 25, 30]: [2, 1, 0, 1, 1, 0, 1, 2, 0, 2, 2]: 3
18_10: 0: [9, 13, 17, 20, 25, 29]: [2, 2, 0, 1, 2, 1, 1, 1, 0, 1, 2]: 3
19_10: 0: [9, 13, 17, 18, 28, 30]: [1, 1, 1, 1, 1, 1, 0, 1, 1, 1, 2]: 3
