29
red1
more
18_8___1__    13   4  [0, 1, 0, 3, 0, 1, 1, 1, 1, 1, 3, 0]  (6, 7)
18_9___1__    13   4  [0, 1, 0, 1, 1, 0, 1, 1, 1, 1, 3, 2]  (7, 7)
3_8___1__    12   5  [0, 1, 3, 0, 0, 0, 1, 3, 3, 1, 0]  (5, 7)
6_6___1__    12   1  [0, 1, 0, 1, 0, 4, 2, 0, 3, 1, 4]  (5, 7)
15_8___1__    12   3  [0, 3, 3, 0, 1, 0, 0, 3, 1, 3, 0]  (3, 7)
18_6___1__    12   1  [0, 1, 0, 7, 1, 0, 0, 3, 1, 3, 0]  (5, 7)
20_6___1__    12   4  [1, 0, 0, 0, 3, 2, 0, 3, 1, 3, 0]  (3, 7)
25_6___1__    12   1  [2, 3, 3, 0, 1, 1, 2, 0, 1, 1, 2]  (4, 7)
27_6___1__    12   5  [1, 0, 4, 1, 0, 0, 1, 1, 1, 1, 2]  (7, 10)
27_8___1__    12   1  [3, 0, 1, 3, 0, 1, 1, 1, 1, 1, 4]  (5, 7)
37_6___1__    12   1  [2, 0, 2, 3, 0, 2, 0, 2, 0, 1, 3, 0]  (5, 7)
less
30_3___1__    3   13  [3, 3, 6]  (3, 7)
1_5___1__    4   13  [1, 1, 3, 6]  (4, 7)
1_8___1__    4   5  [7, 3, 5, 4]  (5, 7)
2_3___1__    4   4  [8, 3, 3, 6]  (3, 7)
2_5___1__    4   13  [1, 1, 3, 6]  (4, 7)
4_5___1__    4   13  [1, 1, 3, 6]  (4, 7)
5_5___1__    4   13  [1, 1, 3, 6]  (4, 7)
6_5___1__    4   13  [1, 1, 3, 6]  (4, 7)
7_5___1__    4   13  [1, 1, 3, 6]  (4, 7)
8_5___1__    4   13  [1, 1, 3, 6]  (4, 7)
9_5___1__    4   13  [1, 1, 3, 6]  (4, 7)
part_in:(3, 10), all_in:(7, 7), all_out:(3, 10)
red2
more
2_6___2__    16   0  [0, 2, 0, 0, 1, 0, 3, 1, 0, 0, 0, 2, 1, 2, 1]  (7, 9)
24_6___2__    16   1  [1, 0, 0, 0, 1, 0, 3, 1, 1, 0, 1, 0, 1, 2, 1]  (9, 11)
25_8___2__    16   0  [0, 2, 0, 3, 0, 2, 0, 1, 0, 0, 2, 1, 1, 0, 1]  (7, 9)
47_2___2__    16   0  [0, 2, 1, 1, 0, 3, 2, 0, 0, 0, 0, 0, 1, 2, 1]  (6, 9)
2_7___2__    15   1  [2, 0, 2, 0, 3, 1, 0, 0, 0, 0, 1, 1, 2, 1]  (8, 9)
6_6___2__    15   1  [1, 0, 0, 0, 1, 0, 3, 2, 1, 1, 0, 1, 2, 1]  (9, 12)
6_7___2__    15   1  [1, 0, 0, 0, 1, 0, 3, 2, 1, 1, 0, 1, 2, 1]  (9, 11)
9_7___2__    15   0  [3, 1, 1, 0, 3, 0, 0, 0, 0, 0, 2, 1, 2, 1]  (7, 9)
10_9___2__    15   0  [0, 2, 1, 0, 0, 4, 1, 2, 0, 0, 0, 1, 2, 1]  (5, 9)
13_2___2__    15   0  [0, 2, 1, 1, 0, 3, 2, 0, 0, 1, 0, 1, 2, 1]  (5, 9)
17_6___2__    15   1  [2, 0, 0, 1, 3, 0, 1, 1, 0, 1, 0, 1, 2, 1]  (9, 11)
less
1_9___2__    7   4  [1, 6, 4, 4, 2, 1]  (9, 10)
19_3___2__    7   4  [8, 6, 0, 1, 2, 1]  (8, 9)
28_7___2__    7   4  [3, 8, 3, 1, 2, 1]  (9, 10)
31_8___2__    7   4  [1, 6, 7, 1, 2, 1]  (9, 9)
45_3___2__    7   4  [1, 6, 6, 2, 2, 1]  (8, 9)
1_7___2__    8   4  [3, 4, 4, 0, 3, 2, 1]  (9, 10)
1_8___2__    8   4  [1, 6, 2, 1, 4, 2, 1]  (9, 12)
5_3___2__    8   4  [8, 3, 2, 0, 1, 2, 1]  (9, 10)
6_3___2__    8   1  [2, 8, 6, 0, 1, 2, 1]  (9, 9)
8_3___2__    8   4  [1, 6, 3, 3, 1, 2, 1]  (8, 9)
8_10___2__    8   4  [1, 1, 4, 7, 1, 2, 1]  (9, 9)
part_in:(5, 12), all_in:(9, 9), all_out:(5, 12)
red3
more
2_7___3__    17   1  [0, 0, 0, 1, 2, 2, 0, 1, 0, 1, 1, 0, 0, 2, 0, 1]  (11, 15)
26_7___3__    17   0  [0, 0, 0, 0, 1, 2, 2, 0, 2, 1, 1, 0, 0, 2, 0, 1]  (15, 17)
30_1___3__    16   2  [0, 2, 1, 0, 2, 0, 0, 0, 0, 0, 0, 1, 1, 2, 0, 1]  (12, 15)
2_8___3__    15   1  [0, 0, 0, 4, 2, 0, 1, 0, 1, 1, 0, 0, 2, 0, 1]  (11, 15)
2_9___3__    15   2  [0, 0, 1, 2, 2, 0, 1, 0, 1, 0, 0, 1, 2, 0, 1]  (11, 15)
2_10___3__    15   2  [0, 0, 1, 2, 2, 0, 1, 0, 1, 1, 0, 0, 2, 0, 1]  (13, 15)
5_1___3__    15   2  [0, 2, 1, 0, 2, 0, 0, 0, 0, 0, 0, 2, 0, 3, 1]  (14, 15)
6_8___3__    15   1  [0, 0, 0, 1, 2, 2, 0, 2, 0, 0, 2, 0, 2, 0, 1]  (14, 15)
17_6___3__    15   1  [0, 0, 0, 1, 2, 2, 0, 1, 0, 1, 2, 0, 2, 0, 1]  (14, 15)
18_1___3__    15   2  [0, 2, 1, 0, 2, 0, 1, 0, 0, 0, 1, 0, 0, 3, 1]  (14, 15)
22_6___3__    15   2  [0, 0, 1, 2, 2, 0, 1, 0, 0, 0, 2, 0, 2, 0, 1]  (10, 15)
less
1_8___3__    7   2  [3, 5, 0, 2, 5, 3, 1]  (15, 15)
14_3___3__    8   2  [3, 2, 2, 0, 2, 5, 3, 1]  (15, 15)
22_3___3__    8   2  [0, 2, 2, 2, 0, 2, 5, 5]  (13, 15)
23_7___3__    8   2  [3, 2, 2, 0, 7, 0, 3, 1]  (12, 15)
49_10___3__    8   2  [3, 2, 2, 0, 4, 3, 3, 1]  (8, 15)
1_2___3__    9   1  [0, 3, 2, 3, 2, 1, 3, 3, 1]  (10, 15)
1_3___3__    9   2  [3, 2, 2, 0, 2, 1, 3, 3, 1]  (12, 15)
2_5___3__    9   2  [0, 2, 2, 2, 0, 4, 3, 3, 1]  (14, 15)
3_3___3__    9   2  [1, 1, 2, 2, 0, 2, 5, 3, 1]  (12, 15)
4_3___3__    9   2  [1, 1, 2, 2, 0, 7, 0, 3, 1]  (14, 15)
9_3___3__    9   2  [3, 2, 2, 0, 2, 1, 3, 3, 1]  (13, 15)
part_in:(8, 17), all_in:(15, 15), all_out:(8, 17)
red4
more
37_8___4__    17   0  [1, 1, 1, 2, 1, 0, 1, 1, 1, 1, 0, 0, 0, 0, 0, 2]  (16, 21)
3_7___4__    16   0  [0, 0, 1, 1, 5, 1, 1, 1, 1, 0, 0, 0, 0, 0, 2]  (16, 21)
5_1___4__    16   1  [0, 3, 2, 4, 0, 0, 0, 0, 1, 0, 0, 0, 0, 0, 2]  (16, 18)
9_9___4__    16   0  [0, 0, 1, 1, 2, 2, 1, 1, 1, 1, 0, 0, 0, 0, 0, 2]  (16, 21)
30_1___4__    16   1  [0, 0, 0, 1, 2, 4, 0, 0, 1, 1, 1, 0, 0, 0, 2]  (16, 18)
44_1___4__    16   0  [0, 0, 0, 2, 2, 4, 1, 0, 0, 1, 1, 0, 0, 0, 2]  (16, 22)
2_1___4__    15   1  [0, 0, 2, 2, 4, 1, 1, 1, 0, 0, 0, 0, 0, 2]  (16, 20)
9_8___4__    15   0  [1, 1, 1, 2, 4, 1, 1, 1, 0, 0, 0, 0, 0, 2]  (16, 22)
17_1___4__    15   1  [0, 3, 2, 4, 1, 0, 0, 1, 0, 0, 0, 0, 0, 2]  (16, 16)
18_1___4__    15   1  [0, 0, 2, 2, 4, 1, 0, 0, 1, 1, 0, 0, 0, 2]  (16, 16)
19_1___4__    15   1  [0, 0, 2, 2, 4, 1, 0, 0, 1, 1, 0, 0, 0, 2]  (16, 19)
less
16_4___4__    8   2  [3, 7, 3, 3, 0, 0, 0, 2]  (16, 17)
34_7___4__    8   6  [7, 1, 4, 0, 0, 0, 0, 2]  (16, 18)
38_6___4__    8   4  [1, 7, 3, 3, 0, 0, 0, 2]  (16, 19)
1_6___4__    9   4  [1, 4, 2, 1, 5, 0, 0, 0, 2]  (16, 20)
3_4___4__    9   2  [3, 2, 4, 1, 5, 0, 0, 0, 2]  (16, 18)
4_4___4__    9   2  [3, 2, 4, 3, 3, 0, 0, 0, 2]  (16, 18)
5_6___4__    9   12  [1, 1, 1, 2, 0, 0, 0, 0, 2]  (16, 17)
5_10___4__    9   2  [3, 2, 4, 1, 5, 0, 0, 0, 2]  (16, 19)
9_4___4__    9   2  [3, 2, 4, 3, 3, 0, 0, 0, 2]  (16, 18)
12_3___4__    9   6  [2, 4, 1, 1, 3, 0, 0, 0, 2]  (16, 20)
13_4___4__    9   6  [2, 4, 1, 3, 1, 0, 0, 0, 2]  (16, 17)
part_in:(18, 22), all_in:(16, 17), all_out:(16, 22)
red5
more
19_9___5__    17   0  [1, 0, 0, 0, 1, 1, 0, 1, 0, 1, 0, 1, 1, 1, 1, 1, 1]  (17, 27)
4_6___5__    15   0  [0, 0, 0, 0, 2, 2, 1, 0, 2, 1, 1, 1, 1, 1, 1]  (17, 27)
6_8___5__    15   0  [1, 0, 5, 0, 0, 0, 0, 1, 1, 0, 1, 1, 1, 1, 1]  (17, 30)
16_9___5__    15   0  [1, 0, 0, 2, 2, 1, 0, 1, 0, 1, 1, 1, 1, 1, 1]  (17, 27)
19_6___5__    15   0  [2, 0, 0, 1, 2, 1, 0, 1, 0, 1, 1, 1, 1, 1, 1]  (17, 29)
33_9___5__    15   0  [1, 0, 1, 1, 1, 0, 1, 0, 2, 1, 1, 1, 1, 1, 1]  (17, 26)
37_7___5__    15   0  [1, 0, 3, 2, 1, 0, 1, 0, 0, 0, 1, 1, 1, 1, 1]  (17, 30)
38_9___5__    15   0  [1, 0, 0, 2, 1, 0, 1, 0, 1, 2, 1, 1, 1, 1, 1]  (17, 29)
40_1___5__    15   2  [0, 1, 3, 0, 1, 0, 1, 0, 0, 0, 1, 1, 1, 1, 1]  (17, 25)
42_8___5__    15   0  [1, 0, 3, 1, 0, 1, 0, 1, 0, 1, 1, 1, 1, 1, 1]  (17, 29)
47_6___5__    15   0  [1, 0, 0, 2, 2, 0, 0, 0, 3, 0, 1, 1, 1, 1, 1]  (17, 32)
less
2_5___5__    6   10  [2, 4, 3, 1, 1, 1]  (17, 24)
4_5___5__    6   10  [2, 4, 3, 1, 1, 1]  (17, 24)
5_5___5__    6   10  [2, 4, 3, 1, 1, 1]  (17, 24)
11_5___5__    6   10  [2, 4, 3, 1, 1, 1]  (17, 24)
20_5___5__    6   10  [2, 4, 3, 1, 1, 1]  (17, 24)
32_2___5__    6   10  [2, 4, 3, 1, 1, 1]  (17, 23)
1_2___5__    7   10  [1, 0, 4, 3, 1, 1, 1]  (17, 19)
1_5___5__    7   3  [6, 2, 4, 3, 1, 1, 1]  (17, 24)
2_3___5__    7   2  [7, 2, 4, 3, 1, 1, 1]  (17, 24)
3_5___5__    7   3  [6, 2, 4, 3, 1, 1, 1]  (17, 24)
4_2___5__    7   10  [1, 0, 4, 3, 1, 1, 1]  (17, 23)
part_in:(20, 32), all_in:(17, 19), all_out:(17, 32)
red6
more
2_1___6__    18   0  [1, 0, 0, 1, 0, 3, 0, 0, 0, 0, 1, 0, 2, 0, 2, 0, 0, 0]  (26, 31)
14_1___6__    18   0  [2, 0, 0, 0, 0, 4, 0, 0, 2, 0, 1, 0, 0, 1, 0, 0, 0, 0]  (26, 31)
21_1___6__    18   0  [0, 0, 0, 0, 1, 4, 0, 0, 0, 0, 1, 0, 2, 0, 2, 0, 0, 0]  (26, 29)
1_1___6__    17   0  [1, 0, 0, 1, 4, 0, 0, 0, 2, 0, 2, 0, 1, 0, 0, 0, 0]  (26, 30)
7_1___6__    17   0  [1, 0, 0, 6, 0, 0, 0, 2, 0, 0, 1, 0, 1, 0, 0, 0, 0]  (26, 29)
8_1___6__    17   0  [0, 0, 0, 0, 7, 0, 0, 0, 1, 0, 1, 0, 0, 2, 0, 0, 0]  (26, 29)
12_1___6__    17   0  [0, 0, 0, 0, 1, 4, 0, 2, 1, 0, 2, 0, 1, 0, 0, 0, 0]  (26, 30)
18_2___6__    17   0  [1, 0, 0, 1, 4, 0, 0, 0, 2, 0, 0, 1, 0, 2, 0, 0, 0]  (26, 29)
19_2___6__    17   0  [1, 0, 0, 1, 0, 3, 0, 0, 0, 2, 0, 2, 0, 2, 0, 0, 0]  (26, 30)
19_10___6__    17   0  [2, 0, 1, 0, 1, 1, 0, 0, 0, 0, 2, 2, 0, 2, 0, 0, 0]  (26, 28)
20_1___6__    17   0  [0, 0, 0, 0, 1, 4, 1, 0, 2, 0, 1, 0, 0, 2, 0, 0, 0]  (26, 28)
less
7_8___6__    8   0  [2, 0, 16, 0, 2, 0, 0, 0]  (26, 29)
1_7___6__    9   0  [3, 9, 5, 0, 0, 2, 0, 0, 0]  (26, 28)
4_7___6__    9   0  [2, 0, 6, 9, 0, 2, 0, 0, 0]  (26, 30)
15_9___6__    9   4  [2, 5, 4, 2, 0, 2, 0, 0, 0]  (26, 26)
1_8___6__    10   0  [3, 2, 6, 3, 2, 0, 2, 0, 0, 0]  (26, 28)
2_7___6__    10   0  [2, 0, 9, 3, 2, 0, 2, 0, 0, 0]  (26, 29)
4_8___6__    10   0  [2, 0, 2, 1, 11, 0, 2, 0, 0, 0]  (26, 30)
7_7___6__    10   0  [2, 0, 13, 1, 0, 0, 2, 0, 0, 0]  (26, 29)
15_7___6__    10   0  [3, 8, 0, 5, 0, 0, 2, 0, 0, 0]  (26, 27)
16_6___6__    10   0  [2, 0, 2, 6, 6, 0, 2, 0, 0, 0]  (26, 30)
18_9___6__    10   0  [2, 0, 7, 1, 6, 0, 2, 0, 0, 0]  (26, 27)
part_in:(28, 31), all_in:(26, 27), all_out:(26, 31)
