sorted balls
[31, 18, 6, 11, 13, 20, 27, 8, 19, 5, 32, 16, 7, 28, 26, 23, 10, 12, 22, 2, 1, 21, 3, 33, 30, 29, 25, 24, 17, 15, 14, 9, 4]
[(31, 1), (18, 2), (6, 3), (11, 4), (13, 5), (20, 6), (27, 7), (8, 8), (19, 9), (5, 10), (32, 11), (16, 12), (7, 13), (28, 14), (26, 15), (23, 16), (10, 17), (12, 18), (22, 19), (2, 20), (1, 21), (21, 22), (3, 23), (33, 24), (30, 25), (29, 26), (25, 27), (24, 28), (17, 29), (15, 30), (14, 31), (9, 32), (4, 33)]
[2, 7, 9, 10, 11, 14, 17, 22, 23, 27, 28, 30]
ball:31
average: 8.25
bravos:
bravo2.A5_4    114_[5, 3, 3, 4, 5, 12, 0, 10, 5, 19]    (31)
bravo3.A5_4    112_[4, 0, 3, 3, 4, 5, 12, 0, 10, 4]    (31)
bravo2.D4_5    108_[4, 18, 3, 8, 1, 1, 2, 6, 1, 4]    (31)
bravo3.D5_6    100_[19, 2, 1, 6, 1, 2, 2, 15, 2, 3]    (31)
bravo2.D5_6    100_[18, 0, 4, 6, 20, 2, 2, 0, 2, 14]    (31)
bravo3.A4_8    100_[0, 4, 3, 4, 8, 8, 4, 3, 0, 13]    (31)
bravo2.A4_8    99_[12, 0, 0, 7, 6, 2, 3, 3, 1, 2]    (31)
bravo3.D4_5    97_[4, 8, 2, 4, 5, 5, 2, 1, 8, 11]    (31)
ball:20
average: 5.33
bravos:
bravo3.A5_3    106_[1, 10, 1, 0, 0, 3, 1, 6, 1, 24]    (20)
bravo2.D6_1    103_[13, 0, 10, 5, 4, 0, 8, 5, 1, 5]    (20)
bravo2.A6_4    103_[12, 2, 0, 3, 1, 8, 22, 0, 7, 6]    (20)
bravo3.D5_7    101_[0, 4, 3, 1, 3, 2, 6, 4, 0, 4]    (20)
bravo2.A5_3    99_[1, 10, 1, 0, 4, 8, 1, 22, 1, 6]    (20)
bravo2.D5_7    97_[5, 3, 1, 1, 8, 0, 6, 0, 4, 17]    (20)
ball:19
average: 4.08
bravos:
bravo3.A2_8    117_[3, 0, 8, 13, 0, 2, 4, 4, 6, 0]    (19)
bravo2.D2_1    116_[0, 0, 5, 4, 0, 6, 2, 0, 4, 1]    (19)
bravo2.D5_4    114_[4, 8, 0, 0, 3, 8, 3, 5, 0, 4]    (19)
bravo3.D4_7    111_[12, 5, 8, 5, 4, 1, 9, 1, 0, 1]    (19)
bravo2.D4_7    111_[8, 9, 4, 3, 5, 4, 2, 2, 0, 4]    (19)
bravo2.A5_6    111_[0, 9, 5, 7, 3, 0, 8, 0, 0, 3]    (19)
bravo2.A4_6    109_[9, 1, 2, 0, 2, 10, 0, 7, 0, 3]    (19)
bravo3.D5_5    106_[4, 1, 0, 1, 3, 0, 37, 5, 0, 17]    (19)
bravo2.A2_8    106_[0, 2, 4, 9, 8, 0, 7, 4, 7, 2]    (19)
bravo3.D2_1    106_[0, 9, 2, 9, 0, 0, 3, 1, 1, 0]    (19)
bravo3.A5_5    100_[6, 5, 6, 4, 5, 7, 1, 4, 1, 2]    (19)
bravo3.A4_6    98_[3, 11, 2, 3, 1, 4, 8, 0, 5, 0]    (19)
ball:23
average: 3.75
bravos:
bravo3.A3_9    110_[3, 0, 10, 1, 5, 1, 4, 11, 2, 9]    (23)
bravo2.D3_2    110_[1, 3, 3, 0, 1, 10, 1, 7, 0, 3]    (23)
bravo3.D3_2    107_[6, 5, 0, 0, 0, 4, 4, 5, 6, 2]    (23)
bravo2.A3_9    94_[5, 3, 8, 3, 0, 1, 5, 3, 0, 0]    (23)
ball:25
average: -1
bravos:
ball:17
average: -1
bravos:

index begin
index: 1
ball:31
average: 8.25
bravos:
bravo2.A5_4    114_[5, 3, 3, 4, 5, 12, 0, 10, 5, 19]    (31)
bravo3.A5_4    112_[4, 0, 3, 3, 4, 5, 12, 0, 10, 4]    (31)
bravo2.D4_5    108_[4, 18, 3, 8, 1, 1, 2, 6, 1, 4]    (31)
bravo3.D5_6    100_[19, 2, 1, 6, 1, 2, 2, 15, 2, 3]    (31)
bravo2.D5_6    100_[18, 0, 4, 6, 20, 2, 2, 0, 2, 14]    (31)
bravo3.A4_8    100_[0, 4, 3, 4, 8, 8, 4, 3, 0, 13]    (31)
bravo2.A4_8    99_[12, 0, 0, 7, 6, 2, 3, 3, 1, 2]    (31)
bravo3.D4_5    97_[4, 8, 2, 4, 5, 5, 2, 1, 8, 11]    (31)

index: 2
ball:18
average: 7.88
bravos:
bravo3.A5_6    124_[0, 9, 5, 2, 8, 0, 8, 5, 1, 5]    (18)
bravo3.D4_6    109_[16, 2, 3, 8, 0, 1, 3, 9, 1, 0]    (18)
bravo3.A4_7    109_[11, 1, 0, 3, 0, 5, 4, 5, 3, 2]    (18)
bravo2.D4_6    99_[16, 15, 0, 0, 0, 10, 4, 1, 1, 1]    (18)
bravo2.A5_8    97_[5, 1, 3, 6, 0, 2, 2, 10, 6, 2]    (18)
bravo2.D5_2    97_[0, 6, 8, 6, 5, 3, 1, 0, 1, 2]    (18)
bravo2.A4_7    96_[1, 1, 1, 2, 2, 6, 5, 0, 7, 21]    (18)
bravo3.D5_4    92_[14, 13, 3, 5, 5, 0, 0, 0, 12, 1]    (18)

index: 3
ball:6
average: 6.1
bravos:
bravo3.D1_3    117_[4, 1, 0, 10, 5, 2, 0, 1, 0, 3]    (6)
bravo2.D1_3    112_[10, 3, 9, 0, 0, 1, 7, 0, 1, 2]    (6)
bravo1.D3_2    111_[0, 7, 0, 1, 18, 7, 1, 0, 0, 9]    (6)
bravo3.D2_3    107_[13, 7, 8, 11, 0, 8, 4, 1, 0, 1]    (6)
bravo2.A2_5    106_[8, 7, 2, 0, 6, 2, 0, 3, 3, 6]    (6)
bravo2.A1_6    105_[16, 8, 4, 8, 10, 21, 0, 0, 0, 8]    (6)
bravo2.D2_4    102_[0, 2, 5, 1, 6, 0, 4, 1, 5, 0]    (6)
bravo3.A1_6    101_[6, 1, 1, 5, 3, 4, 2, 6, 3, 8]    (6)
bravo1.A3_5    96_[1, 0, 0, 2, 14, 0, 3, 1, 6, 17]    (6)
bravo3.A2_6    93_[3, 1, 12, 6, 16, 9, 4, 22, 3, 4]    (6)

index: 4
ball:11
average: 5.83
bravos:
bravo3.D3_10    112_[4, 1, 6, 4, 2, 3, 4, 22, 2, 3]    (11)
bravo2.D3_10    108_[6, 1, 3, 2, 4, 4, 4, 2, 1, 6]    (11)
bravo1.A2_6    106_[8, 8, 3, 2, 5, 3, 2, 20, 1, 2]    (11)
bravo1.A4_5    105_[2, 1, 23, 1, 0, 3, 1, 0, 6, 13]    (11)
bravo1.D2_1    104_[3, 17, 2, 6, 0, 2, 5, 2, 1, 12]    (11)
bravo2.A4_4    103_[7, 29, 0, 0, 10, 1, 1, 2, 2, 2]    (11)
bravo1.D3_3    101_[4, 2, 0, 2, 1, 0, 9, 8, 3, 1]    (11)
bravo3.D2_5    99_[3, 10, 8, 4, 0, 7, 21, 0, 6, 7]    (11)
bravo2.A2_4    99_[1, 4, 4, 5, 15, 0, 3, 0, 6, 2]    (11)
bravo3.A4_4    98_[8, 2, 16, 0, 1, 5, 0, 0, 12, 4]    (11)
bravo3.A2_4    98_[1, 4, 4, 15, 2, 2, 0, 3, 0, 6]    (11)
bravo2.A3_1    95_[19, 19, 23, 10, 0, 2, 2, 8, 10, 6]    (11)
bravo3.A3_1    95_[18, 0, 19, 23, 5, 4, 0, 2, 2, 8]    (11)
bravo1.D4_2    94_[3, 6, 4, 4, 17, 8, 0, 3, 0, 3]    (11)
bravo3.D4_9    93_[0, 2, 1, 8, 13, 2, 2, 0, 1, 3]    (11)
bravo1.A3_4    92_[3, 3, 2, 6, 2, 8, 17, 3, 0, 10]    (11)
bravo2.D2_5    89_[1, 21, 1, 3, 2, 10, 6, 3, 4, 12]    (11)
bravo2.D4_9    85_[14, 15, 4, 0, 8, 0, 25, 1, 2, 19]    (11)

index: 5
ball:13
average: 5.38
bravos:
bravo1.D4_1    117_[5, 0, 2, 0, 3, 2, 1, 13, 0, 6]    (13)
bravo1.A3_6    116_[4, 5, 3, 14, 0, 1, 0, 4, 8, 1]    (13)
bravo3.D3_3    112_[5, 3, 0, 1, 2, 11, 0, 5, 5, 0]    (13)
bravo2.D5_3    109_[1, 1, 0, 0, 27, 0, 3, 2, 4, 2]    (13)
bravo1.A4_6    108_[21, 0, 14, 2, 7, 0, 1, 5, 4, 9]    (13)
bravo3.A5_8    107_[5, 1, 3, 1, 3, 4, 2, 7, 2, 6]    (13)
bravo2.D4_10    106_[0, 4, 3, 15, 2, 5, 1, 8, 1, 6]    (13)
bravo2.A3_8    105_[4, 4, 5, 0, 10, 9, 6, 7, 6, 0]    (13)
bravo2.D3_3    105_[0, 3, 3, 3, 2, 6, 0, 8, 7, 0]    (13)
bravo3.A4_3    100_[6, 0, 1, 2, 0, 24, 7, 4, 3, 4]    (13)
bravo1.D3_1    99_[4, 8, 3, 2, 16, 14, 2, 9, 3, 2]    (13)
bravo2.A4_3    98_[12, 0, 5, 8, 9, 16, 22, 2, 8, 1]    (13)
bravo3.A3_8    98_[4, 4, 1, 6, 1, 0, 0, 11, 1, 0]    (13)
bravo3.D5_2    96_[0, 6, 2, 12, 1, 3, 5, 0, 1, 4]    (13)
bravo3.D4_10    88_[6, 1, 5, 7, 2, 10, 8, 3, 5, 0]    (13)
bravo2.A5_7    87_[9, 1, 33, 6, 4, 2, 0, 2, 2, 4]    (13)

index: 6
ball:20
average: 5.33
bravos:
bravo3.A5_3    106_[1, 10, 1, 0, 0, 3, 1, 6, 1, 24]    (20)
bravo2.D6_1    103_[13, 0, 10, 5, 4, 0, 8, 5, 1, 5]    (20)
bravo2.A6_4    103_[12, 2, 0, 3, 1, 8, 22, 0, 7, 6]    (20)
bravo3.D5_7    101_[0, 4, 3, 1, 3, 2, 6, 4, 0, 4]    (20)
bravo2.A5_3    99_[1, 10, 1, 0, 4, 8, 1, 22, 1, 6]    (20)
bravo2.D5_7    97_[5, 3, 1, 1, 8, 0, 6, 0, 4, 17]    (20)

index: 7
ball:27
average: 5.0
bravos:
bravo3.D4_2    112_[1, 6, 1, 3, 0, 3, 3, 4, 8, 2]    (27)
bravo2.D4_2    104_[1, 1, 4, 5, 13, 0, 3, 3, 1, 4]    (27)
bravo2.A5_9    98_[9, 4, 2, 14, 0, 3, 8, 11, 3, 5]    (27)
bravo2.D5_1    97_[3, 6, 5, 6, 1, 14, 6, 12, 3, 3]    (27)
bravo3.D5_1    85_[3, 18, 17, 0, 5, 12, 3, 3, 1, 2]    (27)
bravo3.A5_9    82_[4, 4, 4, 17, 2, 0, 0, 1, 17, 4]    (27)
bravo2.A4_11    74_[0, 18, 7, 0, 10, 4, 0, 7, 10, 1]    (27)
bravo3.A4_11    71_[19, 7, 0, 5, 1, 15, 0, 10, 1, 0]    (27)

index: 8
ball:8
average: 4.25
bravos:
bravo3.D3_8    125_[4, 4, 5, 2, 0, 1, 0, 0, 8, 4]    (8)
bravo3.D2_6    115_[3, 0, 13, 4, 0, 2, 0, 4, 8, 9]    (8)
bravo2.D2_6    114_[6, 2, 0, 4, 0, 2, 17, 5, 0, 10]    (8)
bravo2.A3_3    111_[3, 0, 1, 0, 2, 2, 4, 0, 5, 10]    (8)
bravo3.D1_2    101_[1, 4, 2, 5, 0, 1, 1, 2, 3, 8]    (8)
bravo3.A3_3    100_[3, 1, 4, 2, 13, 3, 4, 2, 11, 20]    (8)
bravo2.A1_7    98_[4, 0, 12, 0, 0, 30, 1, 3, 8, 5]    (8)
bravo3.A2_3    97_[5, 0, 1, 1, 7, 6, 13, 7, 17, 0]    (8)
bravo2.D3_8    96_[4, 13, 4, 9, 1, 7, 1, 11, 2, 5]    (8)
bravo2.D1_2    94_[10, 7, 4, 11, 8, 4, 9, 9, 2, 2]    (8)
bravo3.A1_7    89_[3, 0, 1, 12, 11, 19, 1, 3, 14, 2]    (8)
bravo2.A2_3    87_[5, 4, 7, 6, 13, 7, 3, 1, 10, 0]    (8)

index: 9
ball:19
average: 4.08
bravos:
bravo3.A2_8    117_[3, 0, 8, 13, 0, 2, 4, 4, 6, 0]    (19)
bravo2.D2_1    116_[0, 0, 5, 4, 0, 6, 2, 0, 4, 1]    (19)
bravo2.D5_4    114_[4, 8, 0, 0, 3, 8, 3, 5, 0, 4]    (19)
bravo3.D4_7    111_[12, 5, 8, 5, 4, 1, 9, 1, 0, 1]    (19)
bravo2.D4_7    111_[8, 9, 4, 3, 5, 4, 2, 2, 0, 4]    (19)
bravo2.A5_6    111_[0, 9, 5, 7, 3, 0, 8, 0, 0, 3]    (19)
bravo2.A4_6    109_[9, 1, 2, 0, 2, 10, 0, 7, 0, 3]    (19)
bravo3.D5_5    106_[4, 1, 0, 1, 3, 0, 37, 5, 0, 17]    (19)
bravo2.A2_8    106_[0, 2, 4, 9, 8, 0, 7, 4, 7, 2]    (19)
bravo3.D2_1    106_[0, 9, 2, 9, 0, 0, 3, 1, 1, 0]    (19)
bravo3.A5_5    100_[6, 5, 6, 4, 5, 7, 1, 4, 1, 2]    (19)
bravo3.A4_6    98_[3, 11, 2, 3, 1, 4, 8, 0, 5, 0]    (19)

index: 10
ball:5
average: 4.07
bravos:
bravo1.A1_2    111_[2, 2, 3, 3, 10, 4, 6, 1, 0, 0]    (5)
bravo2.A2_1    110_[11, 2, 6, 3, 4, 4, 1, 1, 0, 3]    (5)
bravo3.A2_1    110_[2, 3, 4, 2, 6, 3, 4, 4, 1, 1]    (5)
bravo3.A1_3    110_[1, 0, 9, 8, 3, 0, 3, 17, 3, 11]    (5)
bravo1.D3_5    109_[12, 8, 0, 18, 18, 13, 3, 4, 1, 7]    (5)
bravo1.D1_2    108_[3, 0, 9, 11, 3, 2, 3, 4, 2, 4]    (5)
bravo2.D1_6    104_[6, 8, 4, 7, 0, 1, 11, 8, 7, 0]    (5)
bravo3.D1_6    103_[3, 6, 6, 0, 1, 0, 4, 1, 7, 2]    (5)
bravo1.D2_6    102_[0, 8, 9, 2, 0, 7, 12, 5, 0, 4]    (5)
bravo1.A3_2    101_[2, 1, 0, 3, 3, 0, 12, 8, 1, 4]    (5)
bravo1.A2_1    98_[5, 4, 2, 10, 11, 1, 0, 0, 7, 3]    (5)
bravo2.D2_8    98_[3, 0, 12, 0, 9, 4, 1, 6, 15, 12]    (5)
bravo2.A1_3    98_[1, 0, 9, 8, 3, 4, 21, 12, 10, 12]    (5)
bravo3.D2_8    87_[6, 8, 4, 4, 10, 1, 7, 2, 7, 12]    (5)

index: 11
ball:32
average: 4.0
bravos:
bravo3.A6_2    114_[2, 6, 1, 4, 2, 1, 9, 4, 4, 1]    (32)
bravo2.A6_2    112_[2, 6, 1, 4, 2, 1, 9, 4, 4, 1]    (32)
bravo3.A5_1    112_[0, 8, 1, 4, 5, 3, 1, 2, 4, 4]    (32)
bravo3.D6_2    105_[4, 0, 3, 1, 2, 2, 4, 1, 6, 7]    (32)
bravo2.A5_1    104_[9, 1, 4, 5, 8, 4, 4, 8, 1, 1]    (32)
bravo2.D5_9    98_[5, 13, 2, 27, 0, 2, 7, 0, 0, 5]    (32)
bravo1.A5_1    95_[1, 8, 4, 11, 2, 4, 4, 8, 3, 1]    (32)
bravo3.D5_9    93_[1, 3, 4, 2, 12, 1, 34, 14, 15, 2]    (32)
bravo2.D6_3    92_[9, 0, 7, 4, 0, 6, 20, 5, 3, 14]    (32)
bravo1.D5_2    90_[7, 9, 0, 6, 4, 0, 1, 15, 0, 4]    (32)

index: 12
ball:16
average: 4.0
bravos:
bravo3.A3_5    112_[5, 1, 0, 2, 12, 4, 3, 8, 1, 2]    (16)
bravo3.D5_3    107_[3, 1, 7, 3, 19, 0, 2, 8, 2, 5]    (16)
bravo2.D3_6    103_[0, 2, 2, 6, 2, 0, 3, 1, 0, 6]    (16)
bravo2.A3_5    99_[1, 3, 5, 4, 3, 3, 2, 2, 16, 2]    (16)
bravo3.D3_6    99_[0, 3, 8, 8, 0, 0, 8, 10, 0, 11]    (16)
bravo2.D5_5    98_[6, 0, 1, 4, 2, 1, 16, 0, 8, 3]    (16)
bravo3.A4_1    95_[1, 1, 0, 5, 5, 1, 1, 3, 4, 1]    (16)
bravo2.D4_12    92_[11, 1, 4, 0, 8, 0, 1, 14, 0, 6]    (16)
bravo2.A5_5    91_[4, 1, 5, 17, 7, 8, 2, 3, 0, 18]    (16)
bravo2.A4_1    90_[1, 1, 0, 11, 3, 3, 3, 0, 1, 19]    (16)
bravo3.D4_12    83_[7, 5, 0, 16, 4, 10, 3, 2, 14, 2]    (16)
bravo3.A5_7    73_[9, 1, 6, 39, 1, 0, 5, 4, 4, 7]    (16)

index: 13
ball:7
average: 3.94
bravos:
bravo2.D1_4    114_[4, 11, 6, 6, 2, 3, 5, 2, 7, 2]    (7)
bravo1.A4_2    111_[12, 1, 8, 1, 1, 8, 0, 5, 9, 0]    (7)
bravo2.D2_7    110_[3, 0, 4, 4, 3, 4, 0, 25, 16, 5]    (7)
bravo1.D4_5    109_[1, 8, 2, 4, 6, 10, 0, 1, 9, 0]    (7)
bravo3.D1_4    108_[3, 1, 6, 7, 8, 3, 0, 0, 8, 1]    (7)
bravo3.A1_5    106_[3, 7, 5, 0, 11, 3, 0, 7, 2, 0]    (7)
bravo1.D2_2    106_[1, 6, 0, 0, 3, 3, 8, 9, 11, 0]    (7)
bravo1.D3_4    105_[4, 4, 16, 0, 0, 7, 7, 1, 10, 8]    (7)
bravo3.A2_2    104_[1, 9, 0, 6, 16, 4, 6, 14, 0, 0]    (7)
bravo2.A2_2    100_[1, 0, 3, 4, 0, 23, 4, 6, 15, 0]    (7)
bravo2.D3_9    99_[13, 5, 12, 27, 4, 1, 7, 0, 7, 1]    (7)
bravo1.A2_5    99_[2, 0, 6, 3, 1, 0, 11, 3, 13, 20]    (7)
bravo2.A1_5    97_[3, 7, 5, 0, 11, 3, 0, 10, 0, 0]    (7)
bravo2.A3_2    96_[8, 6, 2, 9, 2, 3, 2, 0, 6, 3]    (7)
bravo3.D2_7    94_[3, 0, 8, 3, 0, 20, 8, 5, 2, 0]    (7)
bravo3.D3_9    93_[1, 0, 8, 4, 2, 13, 1, 8, 0, 13]    (7)
bravo3.A3_2    89_[8, 6, 3, 5, 2, 6, 2, 0, 6, 2]    (7)
bravo1.A3_3    86_[0, 6, 15, 0, 9, 9, 4, 2, 0, 2]    (7)

index: 14
ball:28
average: 3.88
bravos:
bravo1.A5_2    112_[8, 4, 8, 2, 4, 8, 8, 1, 0, 11]    (28)
bravo3.D4_3    104_[3, 6, 0, 12, 0, 3, 3, 0, 0, 0]    (28)
bravo1.A4_1    103_[0, 16, 0, 8, 2, 8, 4, 0, 4, 17]    (28)
bravo2.D4_3    98_[10, 2, 1, 0, 2, 1, 13, 0, 5, 4]    (28)
bravo3.A4_10    96_[0, 0, 16, 13, 5, 3, 1, 1, 0, 2]    (28)
bravo2.A4_10    93_[4, 13, 13, 1, 1, 1, 2, 0, 4, 2]    (28)
bravo1.D5_1    86_[0, 13, 3, 0, 1, 5, 1, 0, 4, 2]    (28)
bravo1.D4_6    84_[6, 15, 6, 2, 4, 3, 26, 2, 5, 2]    (28)

index: 15
ball:26
average: 3.88
bravos:
bravo2.D3_1    126_[0, 6, 4, 0, 6, 5, 0, 0, 0, 4]    (26)
bravo2.D4_1    112_[4, 2, 2, 1, 2, 1, 1, 4, 0, 1]    (26)
bravo2.A3_10    109_[1, 1, 2, 5, 4, 14, 8, 3, 15, 4]    (26)
bravo3.D3_1    105_[0, 4, 1, 4, 10, 4, 0, 2, 1, 27]    (26)
bravo3.A3_10    101_[11, 9, 0, 9, 2, 5, 2, 0, 3, 0]    (26)
bravo3.A4_12    97_[3, 0, 3, 10, 7, 7, 32, 2, 1, 9]    (26)
bravo3.D4_1    95_[4, 2, 4, 4, 1, 1, 0, 2, 1, 6]    (26)
bravo2.A4_12    90_[8, 13, 4, 7, 11, 2, 1, 11, 3, 3]    (26)

index: 16
ball:23
average: 3.75
bravos:
bravo3.A3_9    110_[3, 0, 10, 1, 5, 1, 4, 11, 2, 9]    (23)
bravo2.D3_2    110_[1, 3, 3, 0, 1, 10, 1, 7, 0, 3]    (23)
bravo3.D3_2    107_[6, 5, 0, 0, 0, 4, 4, 5, 6, 2]    (23)
bravo2.A3_9    94_[5, 3, 8, 3, 0, 1, 5, 3, 0, 0]    (23)

index: 17
ball:10
average: 3.41
bravos:
bravo2.D2_3    115_[4, 0, 5, 1, 2, 3, 0, 7, 1, 1]    (10)
bravo3.D4_8    113_[1, 3, 12, 7, 3, 0, 4, 1, 2, 2]    (10)
bravo3.D2_4    112_[7, 8, 2, 0, 0, 11, 1, 0, 0, 3]    (10)
bravo2.D1_1    112_[0, 2, 5, 3, 5, 11, 9, 3, 8, 0]    (10)
bravo3.D1_1    110_[4, 5, 8, 13, 9, 5, 1, 0, 1, 8]    (10)
bravo1.A4_3    110_[3, 3, 0, 0, 0, 4, 3, 2, 0, 4]    (10)
bravo3.A2_5    109_[4, 1, 1, 7, 0, 2, 14, 3, 6, 0]    (10)
bravo1.D4_4    108_[0, 0, 3, 15, 1, 5, 3, 12, 3, 0]    (10)
bravo1.A2_2    105_[4, 2, 1, 1, 12, 4, 4, 3, 8, 1]    (10)
bravo2.D4_8    102_[0, 2, 0, 0, 0, 5, 3, 1, 3, 8]    (10)
bravo2.D3_7    100_[11, 2, 6, 0, 6, 6, 1, 5, 0, 3]    (10)
bravo3.D3_7    100_[3, 2, 6, 3, 2, 0, 7, 0, 5, 8]    (10)
bravo2.A2_6    99_[3, 0, 3, 4, 3, 7, 22, 3, 1, 2]    (10)
bravo2.A4_5    99_[0, 5, 17, 6, 8, 5, 2, 11, 5, 1]    (10)
bravo1.A3_1    98_[7, 7, 1, 17, 2, 6, 13, 1, 0, 2]    (10)
bravo2.A3_4    96_[2, 0, 23, 1, 4, 3, 5, 10, 1, 6]    (10)
bravo2.A1_8    92_[3, 2, 1, 1, 4, 12, 1, 4, 3, 6]    (10)
bravo3.A4_5    92_[0, 13, 9, 1, 4, 1, 6, 3, 15, 0]    (10)
bravo1.D2_5    91_[12, 4, 7, 19, 5, 0, 11, 2, 1, 8]    (10)
bravo1.D3_6    91_[5, 0, 2, 5, 7, 2, 2, 1, 2, 6]    (10)
bravo3.A3_4    87_[1, 1, 2, 7, 3, 8, 6, 12, 2, 6]    (10)
bravo3.A1_8    85_[1, 5, 7, 2, 1, 12, 0, 1, 21, 1]    (10)

index: 18
ball:12
average: 3.3
bravos:
bravo2.D2_2    120_[7, 2, 2, 7, 0, 7, 1, 3, 10, 4]    (12)
bravo1.D4_3    115_[4, 6, 4, 2, 2, 1, 2, 4, 15, 0]    (12)
bravo2.D3_4    112_[5, 4, 4, 9, 2, 1, 2, 6, 3, 4]    (12)
bravo2.A2_7    112_[3, 1, 0, 8, 2, 0, 14, 10, 9, 5]    (12)
bravo3.D3_4    107_[0, 0, 21, 9, 6, 3, 4, 9, 7, 1]    (12)
bravo3.D2_2    106_[0, 2, 1, 1, 0, 0, 6, 5, 4, 2]    (12)
bravo3.A2_7    103_[3, 11, 1, 0, 0, 14, 22, 3, 3, 5]    (12)
bravo2.A3_7    101_[8, 2, 17, 0, 1, 3, 2, 2, 0, 1]    (12)
bravo3.A3_7    101_[1, 4, 4, 4, 15, 3, 1, 6, 6, 0]    (12)
bravo1.A4_4    91_[2, 2, 7, 9, 0, 7, 2, 8, 9, 4]    (12)

index: 19
ball:22
average: 2.92
bravos:
bravo2.A4_2    117_[5, 3, 0, 3, 0, 2, 0, 2, 0, 2]    (22)
bravo3.A4_2    117_[5, 3, 5, 6, 0, 4, 21, 20, 2, 0]    (22)
bravo2.A5_2    111_[0, 1, 2, 8, 1, 4, 0, 0, 0, 1]    (22)
bravo3.D6_1    110_[7, 2, 2, 1, 8, 0, 3, 1, 4, 17]    (22)
bravo3.D5_8    104_[11, 0, 3, 12, 1, 1, 3, 5, 3, 1]    (22)
bravo2.D6_2    100_[4, 0, 1, 3, 7, 9, 1, 13, 4, 11]    (22)
bravo2.A6_3    100_[0, 4, 8, 4, 4, 1, 1, 2, 8, 10]    (22)
bravo3.A5_2    98_[2, 2, 8, 6, 1, 0, 6, 8, 2, 8]    (22)
bravo2.D5_8    96_[0, 10, 0, 12, 0, 1, 0, 1, 11, 1]    (22)
bravo3.A6_3    96_[0, 4, 8, 4, 2, 1, 1, 1, 2, 19]    (22)
bravo3.D4_11    93_[0, 8, 1, 3, 12, 16, 0, 13, 9, 3]    (22)
bravo2.D4_11    89_[1, 5, 3, 2, 0, 3, 6, 4, 4, 32]    (22)

index: 20
ball:2
average: 2.83
bravos:
bravo2.A1_2    107_[6, 4, 2, 2, 6, 0, 11, 1, 0, 0]    (2)
bravo3.A1_2    104_[6, 4, 2, 2, 6, 0, 11, 1, 0, 0]    (2)
bravo1.A2_3    104_[0, 0, 3, 1, 7, 0, 1, 15, 3, 4]    (2)
bravo1.D2_4    100_[2, 3, 5, 2, 3, 12, 11, 9, 2, 9]    (2)
bravo2.D1_7    98_[2, 1, 0, 0, 11, 8, 1, 3, 2, 7]    (2)
bravo3.D1_7    95_[1, 0, 3, 1, 21, 3, 27, 2, 5, 10]    (2)

index: 21
ball:1
average: 2.83
bravos:
bravo2.A1_4    115_[1, 3, 2, 1, 0, 14, 6, 1, 0, 1]    (1)
bravo3.A1_4    113_[5, 2, 1, 0, 18, 2, 1, 0, 1, 0]    (1)
bravo1.D1_3    106_[0, 0, 0, 1, 1, 4, 7, 2, 0, 21]    (1)
bravo1.A1_1    105_[0, 2, 3, 4, 3, 5, 0, 0, 0, 8]    (1)
bravo2.D1_5    104_[3, 0, 2, 0, 4, 4, 1, 10, 2, 12]    (1)
bravo3.D1_5    94_[8, 16, 9, 5, 1, 2, 3, 18, 2, 3]    (1)

index: 22
ball:21
average: 2.75
bravos:
bravo3.A3_6    120_[0, 1, 7, 1, 3, 1, 8, 2, 4, 3]    (21)
bravo2.A3_6    117_[0, 0, 3, 0, 3, 0, 0, 1, 3, 2]    (21)
bravo3.D3_5    116_[4, 0, 2, 7, 8, 3, 0, 1, 3, 3]    (21)
bravo2.D4_4    109_[5, 4, 0, 6, 2, 0, 0, 1, 1, 4]    (21)
bravo3.A4_9    104_[5, 6, 0, 5, 7, 7, 0, 4, 3, 3]    (21)
bravo3.D4_4    104_[4, 0, 9, 0, 1, 0, 7, 4, 10, 1]    (21)
bravo2.D3_5    103_[4, 11, 19, 20, 1, 8, 2, 0, 8, 3]    (21)
bravo2.A4_9    102_[0, 4, 3, 3, 9, 3, 7, 0, 0, 3]    (21)

index: 23
ball:3
average: 1.88
bravos:
bravo2.A1_1    115_[0, 0, 1, 0, 3, 4, 3, 5, 1, 0]    (3)
bravo3.A1_1    114_[0, 0, 1, 0, 3, 4, 3, 5, 1, 0]    (3)
bravo1.A2_4    107_[4, 0, 4, 9, 5, 18, 3, 0, 6, 1]    (3)
bravo1.A1_3    104_[1, 2, 5, 0, 4, 8, 1, 1, 15, 1]    (3)
bravo1.D1_1    100_[5, 1, 4, 18, 4, 11, 0, 3, 8, 1]    (3)
bravo1.D2_3    99_[2, 3, 0, 4, 1, 0, 10, 1, 1, 2]    (3)
bravo2.D1_8    93_[3, 2, 0, 0, 0, 2, 4, 2, 6, 0]    (3)
bravo3.D1_8    81_[0, 9, 14, 0, 3, 2, 1, 1, 1, 0]    (3)

index: 24
ball:33
average: 1.0
bravos:
bravo1.A6_1    105_[1, 16, 6, 5, 2, 5, 2, 10, 0, 3]    (33)
bravo3.D6_3    104_[1, 5, 3, 4, 1, 3, 1, 3, 2, 5]    (33)
bravo1.D6_1    103_[0, 2, 0, 10, 0, 8, 1, 0, 1, 7]    (33)
bravo2.A6_1    102_[2, 23, 5, 2, 5, 2, 10, 0, 3, 4]    (33)
bravo3.A6_1    102_[2, 23, 5, 2, 5, 2, 10, 0, 3, 4]    (33)
bravo2.D6_4    102_[0, 4, 1, 3, 5, 0, 9, 1, 26, 5]    (33)

index: 25
ball:30
average: -1
bravos:

index: 26
ball:29
average: -1
bravos:

index: 27
ball:25
average: -1
bravos:

index: 28
ball:24
average: -1
bravos:

index: 29
ball:17
average: -1
bravos:

index: 30
ball:15
average: -1
bravos:

index: 31
ball:14
average: -1
bravos:

index: 32
ball:9
average: -1
bravos:

index: 33
ball:4
average: -1
bravos:

